/*--------------------------------*- C++ -*----------------------------------*\
  =========                 |
  \\      /  F ield         | OpenFOAM: The Open Source CFD Toolbox
   \\    /   O peration     | Website:  https://openfoam.org
    \\  /    A nd           | Version:  10
     \\/     M anipulation  |
\*---------------------------------------------------------------------------*/
FoamFile
{
    format      ascii;
    class       volScalarField;
    location    "57";
    object      p;
}
// * * * * * * * * * * * * * * * * * * * * * * * * * * * * * * * * * * * * * //

dimensions      [0 2 -2 0 0 0 0];

internalField   nonuniform List<scalar> 
8800
(
0.856083
0.808295
0.769606
0.740612
0.719749
0.70492
0.694328
0.686853
0.682041
0.679995
0.681276
0.685477
0.69213
0.701451
0.714234
0.731971
0.756749
0.790691
0.833242
0.891944
0.687332
0.695011
0.702486
0.705795
0.704292
0.699216
0.692731
0.686658
0.681941
0.679108
0.678841
0.681359
0.685857
0.691809
0.698583
0.704866
0.708508
0.707773
0.702354
0.693665
0.665736
0.671895
0.676022
0.678967
0.681017
0.681623
0.680519
0.678419
0.676412
0.675517
0.676493
0.678886
0.681693
0.683879
0.68449
0.683293
0.680953
0.677561
0.673003
0.669242
0.659927
0.662578
0.665329
0.667732
0.669367
0.67053
0.671274
0.671397
0.67111
0.671074
0.671841
0.673023
0.673871
0.673941
0.673335
0.672247
0.670432
0.667862
0.66546
0.663956
0.654549
0.655973
0.657752
0.659783
0.661567
0.662909
0.6639
0.664703
0.665328
0.665907
0.666575
0.667083
0.667191
0.666909
0.666215
0.664969
0.663275
0.661428
0.660121
0.659289
0.649475
0.650395
0.651636
0.653201
0.654833
0.656358
0.657646
0.658718
0.659693
0.660603
0.66131
0.661652
0.661619
0.661185
0.660308
0.65911
0.657784
0.656525
0.655703
0.655151
0.644573
0.645242
0.646203
0.647504
0.648912
0.650369
0.65181
0.653138
0.654348
0.655473
0.656314
0.656697
0.656622
0.656119
0.655316
0.654371
0.653359
0.652436
0.651852
0.651446
0.639794
0.64031
0.641092
0.642221
0.643496
0.644869
0.646315
0.647792
0.649231
0.650586
0.651614
0.6521
0.652085
0.651706
0.651106
0.650383
0.64961
0.648927
0.648493
0.648176
0.635069
0.635479
0.636133
0.637137
0.63834
0.639665
0.64111
0.64267
0.644302
0.645919
0.647187
0.64786
0.648034
0.64787
0.647489
0.646974
0.646404
0.645912
0.645589
0.645331
0.630311
0.630646
0.631211
0.632134
0.633287
0.634596
0.636076
0.637731
0.639547
0.641448
0.643029
0.643991
0.644435
0.644519
0.644364
0.64407
0.643691
0.643357
0.643118
0.642902
0.625433
0.625711
0.626214
0.627091
0.628225
0.629558
0.631108
0.632901
0.634941
0.637171
0.639145
0.64048
0.64125
0.641616
0.641707
0.641633
0.641443
0.641248
0.641077
0.64089
0.620348
0.620581
0.621045
0.621906
0.623061
0.624459
0.626123
0.628105
0.630435
0.633073
0.63553
0.637312
0.638462
0.639152
0.639519
0.639671
0.639669
0.639602
0.639486
0.639321
0.614965
0.615163
0.615607
0.616481
0.617698
0.619206
0.621038
0.623278
0.625976
0.629128
0.632171
0.634483
0.636078
0.637136
0.637809
0.638201
0.638407
0.638456
0.638387
0.638235
0.609184
0.609354
0.609795
0.610711
0.612031
0.613701
0.615769
0.618345
0.621512
0.625301
0.629054
0.632
0.634116
0.635597
0.636619
0.6373
0.637706
0.63787
0.63784
0.637698
0.60289
0.603036
0.60349
0.604477
0.605947
0.607838
0.610217
0.613224
0.616983
0.621555
0.626168
0.629872
0.632606
0.634585
0.636001
0.636994
0.63763
0.637914
0.637921
0.637783
0.595946
0.596067
0.596548
0.597639
0.599311
0.601492
0.604271
0.607825
0.612319
0.617851
0.623506
0.628116
0.631583
0.634148
0.63603
0.637381
0.638273
0.638679
0.63872
0.638583
0.588177
0.588275
0.588799
0.590029
0.59196
0.594511
0.597801
0.602045
0.607453
0.614158
0.621069
0.626763
0.631095
0.634348
0.636788
0.638559
0.639735
0.640269
0.640342
0.640202
0.579355
0.579456
0.580034
0.58142
0.583682
0.586713
0.590654
0.595767
0.60231
0.610452
0.618873
0.625851
0.631205
0.635267
0.638368
0.640627
0.642123
0.642795
0.642898
0.642752
0.569176
0.569258
0.569927
0.571539
0.574232
0.57788
0.582646
0.588851
0.596807
0.606704
0.616936
0.62543
0.631983
0.636999
0.640856
0.643692
0.645554
0.64637
0.646501
0.646345
0.557274
0.55734
0.558108
0.560032
0.563282
0.567723
0.573545
0.581135
0.590851
0.602889
0.615283
0.625556
0.633506
0.639637
0.64437
0.647879
0.65014
0.651104
0.651257
0.651088
0.543104
0.543159
0.544069
0.546406
0.550391
0.555876
0.563075
0.572442
0.584362
0.599004
0.613958
0.626305
0.635858
0.643264
0.649021
0.653284
0.655974
0.657084
0.657252
0.657065
0.525905
0.525947
0.527071
0.529992
0.534984
0.541881
0.550916
0.562603
0.577307
0.595112
0.613056
0.627765
0.639132
0.647981
0.654877
0.659983
0.663117
0.664357
0.664529
0.664322
0.504534
0.504575
0.506044
0.509841
0.516286
0.525172
0.536725
0.55147
0.569679
0.591282
0.612676
0.630032
0.643417
0.653866
0.661987
0.66801
0.671569
0.672905
0.673064
0.672835
0.477275
0.477335
0.479387
0.484597
0.493285
0.505092
0.520192
0.539005
0.561596
0.587692
0.612979
0.633229
0.648779
0.660942
0.670399
0.677327
0.681243
0.682617
0.682741
0.68249
0.441097
0.441255
0.444508
0.452326
0.464806
0.481069
0.501222
0.525373
0.553333
0.584613
0.614179
0.637489
0.655297
0.669243
0.680067
0.68781
0.691946
0.693267
0.693333
0.693063
0.39024
0.391206
0.397669
0.410838
0.429909
0.453065
0.480188
0.511092
0.545386
0.58243
0.616511
0.64295
0.663026
0.678717
0.690849
0.699217
0.703363
0.704528
0.704519
0.704235
0.315829
0.323038
0.337989
0.361168
0.390074
0.422458
0.458097
0.496772
0.538092
0.581405
0.620365
0.650199
0.672753
0.690372
0.703853
0.712721
0.716773
0.717767
0.717711
0.717463
0.235784
0.252868
0.277105
0.310956
0.350069
0.391823
0.436067
0.482738
0.531526
0.581838
0.626618
0.66072
0.686394
0.706395
0.721538
0.730787
0.734466
0.735198
0.735158
0.735007
0.16908
0.189214
0.221135
0.264044
0.312186
0.362773
0.415358
0.469862
0.525958
0.583068
0.633425
0.671532
0.700124
0.722205
0.738437
0.74767
0.751065
0.751719
0.751726
0.751624
0.114444
0.136229
0.173648
0.22297
0.278244
0.336276
0.396247
0.457954
0.520942
0.584543
0.640201
0.682065
0.713305
0.737172
0.754444
0.763897
0.767365
0.768082
0.768112
0.768046
0.0689364
0.0919046
0.133106
0.187522
0.248535
0.312722
0.379043
0.447156
0.516447
0.586111
0.646784
0.692203
0.725943
0.751583
0.769902
0.780042
0.783768
0.784411
0.784476
0.78444
0.0302983
0.0539406
0.0980007
0.156461
0.222299
0.291719
0.363553
0.437357
0.512395
0.587709
0.653124
0.701935
0.738099
0.765489
0.784925
0.795757
0.799779
0.800478
0.800566
0.800557
-0.00348712
0.0206024
0.0669316
0.128718
0.19863
0.272603
0.349328
0.428274
0.508597
0.589193
0.659094
0.711133
0.749598
0.778652
0.799139
0.810629
0.815005
0.815854
0.815991
0.816004
-0.0339076
-0.00942254
0.0387574
0.10339
0.176817
0.254779
0.335889
0.419522
0.504746
0.590324
0.664496
0.71961
0.760236
0.79078
0.812272
0.824349
0.82906
0.830108
0.83024
0.83025
-0.0619188
-0.0370735
0.0126826
0.0797711
0.156293
0.23779
0.322841
0.41077
0.500579
0.5909
0.669193
0.727249
0.769898
0.801798
0.824154
0.836735
0.841727
0.842916
0.843049
0.843048
-0.0883146
-0.0630635
-0.0118064
0.05735
0.136639
0.221286
0.309902
0.401785
0.495896
0.590767
0.673089
0.734024
0.778609
0.811784
0.834807
0.847759
0.852931
0.85421
0.854341
0.854325
-0.113465
-0.0877907
-0.0353351
0.0358242
0.11755
0.205026
0.296872
0.392395
0.49055
0.58982
0.67613
0.739948
0.786431
0.820775
0.844377
0.857531
0.862784
0.864107
0.86421
0.864169
-0.13778
-0.111549
-0.0580665
0.0149255
0.0988265
0.188839
0.283617
0.382489
0.484443
0.587971
0.678279
0.745047
0.793467
0.82892
0.85299
0.866224
0.8715
0.872822
0.872901
0.872836
-0.161388
-0.134761
-0.0801059
-0.00550606
0.0803413
0.17263
0.270058
0.372005
0.477515
0.585163
0.679505
0.749359
0.799827
0.836415
0.860876
0.874093
0.879285
0.880545
0.880614
0.880528
-0.184422
-0.157272
-0.101594
-0.0255514
0.0620399
0.15636
0.256169
0.360914
0.469733
0.581343
0.679766
0.752915
0.805621
0.843422
0.868208
0.881279
0.8863
0.887461
0.887471
0.887359
-0.20701
-0.179283
-0.122609
-0.0452432
0.0438941
0.140025
0.241961
0.349231
0.461095
0.576481
0.679019
0.755708
0.810942
0.850096
0.875126
0.887895
0.892595
0.893591
0.893539
0.893404
-0.229168
-0.200781
-0.143179
-0.0645836
0.025932
0.123652
0.227477
0.336997
0.451626
0.570552
0.677204
0.757697
0.815844
0.85661
0.881828
0.894056
0.898248
0.899003
0.898892
0.898738
-0.250743
-0.221731
-0.16324
-0.0835522
0.00818448
0.107304
0.212772
0.324282
0.441381
0.563577
0.674255
0.758807
0.820321
0.863122
0.888607
0.90003
0.903388
0.903762
0.90358
0.903427
-0.271714
-0.242108
-0.182779
-0.102102
-0.00929439
0.0910364
0.197935
0.31116
0.430433
0.555582
0.67012
0.758914
0.82429
0.869718
0.895856
0.90633
0.908336
0.907962
0.907657
0.907555
-0.292149
-0.261876
-0.201774
-0.120203
-0.0264438
0.0749302
0.18305
0.297732
0.418872
0.546627
0.66475
0.757869
0.827566
0.876306
0.903925
0.913829
0.913995
0.912003
0.911262
0.911441
-0.311877
-0.281015
-0.220168
-0.137795
-0.043206
0.0590671
0.168211
0.284109
0.406813
0.536805
0.65813
0.755499
0.829865
0.882522
0.912781
0.923512
0.922343
0.917911
0.915208
0.914741
-0.330993
-0.299514
-0.237979
-0.154908
-0.059614
0.0434044
0.153363
0.270234
0.394189
0.526042
0.650124
0.75153
0.830869
0.887834
0.921766
0.935632
0.935773
0.929451
0.921152
0.907058
-0.349422
-0.317359
-0.255324
-0.171742
-0.0759507
0.0276145
0.138097
0.255631
0.380473
0.513713
0.640097
0.745191
0.830013
0.891509
0.92915
0.947952
0.95011
0.937643
0.917915
0.906153
-0.36699
-0.334685
-0.272009
-0.188091
-0.0918691
0.0120384
0.122636
0.240624
0.365967
0.500071
0.628107
0.735999
0.826459
0.89239
0.930703
0.94932
0.954249
0.931058
0.863338
0.832932
-0.383028
-0.352734
-0.287703
-0.203455
-0.106588
-0.00282365
0.107294
0.225438
0.350885
0.485234
0.614081
0.723631
0.818778
0.889812
0.921446
0.934593
0.924066
0.869922
0.800821
0.758304
-0.438695
-0.368662
-0.301959
-0.21895
-0.121719
-0.0184293
0.092004
0.209792
0.334856
0.468738
0.597413
0.707428
0.803106
0.880684
0.885547
0.888277
0.838693
0.768343
0.691654
0.648967
-0.400112
-0.384048
-0.323262
-0.239359
-0.144067
-0.0408449
0.068566
0.185691
0.309737
0.442155
0.568848
0.677103
0.764813
0.846989
0.833849
0.720441
0.615084
0.541759
0.468269
0.498765
-0.431131
-0.40173
-0.340005
-0.256907
-0.161622
-0.0585429
0.0511288
0.167608
0.290569
0.421158
0.545016
0.649047
0.727468
0.771271
0.722768
0.573711
0.445696
0.354163
0.255317
0.305358
-0.455038
-0.422697
-0.35972
-0.276449
-0.181059
-0.0780798
0.0315077
0.147147
0.268695
0.396857
0.516977
0.614837
0.684413
0.693876
0.587317
0.414324
0.261499
0.142569
0.0113532
0.0441206
-0.478451
-0.444562
-0.380387
-0.296188
-0.200696
-0.0978583
0.0112104
0.125882
0.245825
0.371185
0.486644
0.576728
0.631028
0.609231
0.450748
0.254443
0.0641262
-0.103803
-0.292396
-0.310829
-0.501278
-0.466927
-0.401845
-0.316859
-0.221201
-0.118571
-0.0101444
0.10344
0.221523
0.343686
0.453777
0.536091
0.571135
0.513241
0.320885
0.110504
-0.106657
-0.295844
-0.537781
-0.836033
-0.524411
-0.490045
-0.424404
-0.338912
-0.243047
-0.14057
-0.0327103
0.0797546
0.195872
0.31458
0.418987
0.493102
0.5073
0.398326
0.20797
-0.00174018
-0.205866
-0.378032
-0.447125
-0.526315
-0.54881
-0.514368
-0.448412
-0.362669
-0.266732
-0.164497
-0.0572947
0.0538813
0.167717
0.282449
0.380825
0.443994
0.433392
0.290808
0.107707
-0.0829864
-0.245602
-0.338331
-0.362351
-0.378268
-0.574784
-0.540206
-0.474044
-0.388213
-0.292388
-0.190563
-0.0842542
0.0253347
0.136475
0.246592
0.338427
0.387635
0.35946
0.191071
0.016889
-0.148713
-0.275049
-0.313965
-0.326832
-0.328158
-0.602538
-0.567738
-0.501365
-0.415539
-0.319964
-0.218773
-0.113606
-0.00593185
0.102082
0.207017
0.291369
0.326294
0.278916
0.0990096
-0.0660759
-0.214337
-0.290384
-0.307395
-0.308666
-0.308463
-0.632137
-0.59703
-0.530401
-0.444648
-0.349477
-0.249114
-0.145353
-0.0399307
0.0645518
0.163791
0.239773
0.263227
0.179895
0.014943
-0.141769
-0.2639
-0.300469
-0.298753
-0.297733
-0.297096
-0.663298
-0.627899
-0.561049
-0.475451
-0.380839
-0.28153
-0.17946
-0.0766311
0.0239276
0.117018
0.184438
0.190947
0.0896239
-0.063326
-0.201746
-0.27676
-0.287212
-0.289993
-0.290737
-0.290431
-0.695473
-0.659914
-0.593057
-0.507721
-0.413865
-0.315864
-0.215772
-0.115896
-0.0195998
0.067047
0.125813
0.117135
0.00825703
-0.12937
-0.244974
-0.276035
-0.284482
-0.286057
-0.28594
-0.285688
-0.728196
-0.692517
-0.625986
-0.541065
-0.448213
-0.351795
-0.254006
-0.157433
-0.0657407
0.0145533
0.0628846
0.0465585
-0.0673046
-0.182593
-0.274676
-0.290627
-0.282944
-0.282132
-0.282166
-0.282013
-0.760575
-0.724982
-0.658941
-0.574901
-0.483339
-0.388851
-0.293712
-0.200752
-0.114019
-0.0398196
-0.00132187
-0.0192888
-0.135557
-0.223089
-0.273412
-0.285589
-0.282699
-0.281123
-0.280509
-0.280288
-0.791036
-0.756137
-0.690968
-0.608308
-0.518483
-0.426336
-0.334237
-0.245156
-0.163611
-0.0954333
-0.0603375
-0.09281
-0.19587
-0.262403
-0.258924
-0.278436
-0.28371
-0.28192
-0.281065
-0.280582
-0.817985
-0.784184
-0.72094
-0.640087
-0.552613
-0.463326
-0.37472
-0.289787
-0.213346
-0.151343
-0.116779
-0.163802
-0.256977
-0.303789
-0.305272
-0.301144
-0.295043
-0.29083
-0.289231
-0.288385
-0.839303
-0.807229
-0.746867
-0.66885
-0.584468
-0.49868
-0.414084
-0.333616
-0.262019
-0.206075
-0.174415
-0.21965
-0.312906
-0.413593
-0.413001
-0.365356
-0.330057
-0.316853
-0.311483
-0.308897
-0.852758
-0.823399
-0.766755
-0.692755
-0.612559
-0.531114
-0.451125
-0.375449
-0.308547
-0.257582
-0.228
-0.257436
-0.332266
-0.486538
-0.4551
-0.380739
-0.352879
-0.339911
-0.33261
-0.330575
-0.855728
-0.830444
-0.778726
-0.709979
-0.635214
-0.559242
-0.484572
-0.414082
-0.351721
-0.303845
-0.26799
-0.255105
-0.241538
-0.343968
-0.320344
-0.30263
-0.300949
-0.29964
-0.299481
-0.299411
-0.846033
-0.825667
-0.780611
-0.718937
-0.650985
-0.581637
-0.513185
-0.448286
-0.39039
-0.344809
-0.295405
-0.22283
-0.0446827
0.157831
0.0155182
-0.138153
-0.221232
-0.253117
-0.266288
-0.269564
-0.821631
-0.806282
-0.770587
-0.718423
-0.658906
-0.597288
-0.535834
-0.476989
-0.424275
-0.382312
-0.32627
-0.249184
-0.0154818
0.247039
0.0321877
-0.192049
-0.301635
-0.343731
-0.360511
-0.367319
-0.785032
-0.775131
-0.749426
-0.708569
-0.65893
-0.605911
-0.551879
-0.499285
-0.452641
-0.417013
-0.387321
-0.462962
-0.720724
-1.07456
-1.14636
-0.91591
-0.736679
-0.659292
-0.641295
-0.638586
-0.742906
-0.737314
-0.721967
-0.692129
-0.652869
-0.60814
-0.561164
-0.51443
-0.472285
-0.444428
-0.43584
-0.67571
-1.11196
-1.53824
-1.48548
-1.11619
-0.903683
-0.81763
-0.776401
-0.764257
-0.705029
-0.701705
-0.694395
-0.674489
-0.643514
-0.605652
-0.564259
-0.521105
-0.480484
-0.449199
-0.44525
-0.495136
-0.506861
-0.482066
-0.424146
-0.463322
-0.5546
-0.536547
-0.503002
-0.49972
-0.67808
-0.676057
-0.672481
-0.659969
-0.635101
-0.601427
-0.562726
-0.520043
-0.475855
-0.433323
-0.414597
-0.379792
-0.33344
-0.302269
-0.329957
-0.423037
-0.509884
-0.48464
-0.405962
-0.363914
-0.657607
-0.656852
-0.655764
-0.64958
-0.63016
-0.598639
-0.559321
-0.514581
-0.464871
-0.416318
-0.380978
-0.35912
-0.215457
-0.0331561
0.130745
0.2161
0.237424
0.244818
0.261174
0.275312
-0.645892
-0.645515
-0.644927
-0.642343
-0.628299
-0.597592
-0.555416
-0.505642
-0.450732
-0.388341
-0.327114
-0.264546
-0.0732885
0.187133
0.426299
0.594302
0.670641
0.71787
0.742027
0.749638
-0.638846
-0.63858
-0.637995
-0.637732
-0.62922
-0.598772
-0.552281
-0.496872
-0.431676
-0.355334
-0.274796
-0.177821
0.0406222
0.303044
0.537591
0.712433
0.843608
0.95298
1.0279
1.05837
-0.635033
-0.635248
-0.635796
-0.637314
-0.631865
-0.601766
-0.551052
-0.489173
-0.41469
-0.329224
-0.229017
-0.126514
0.111623
0.404886
0.689532
0.938434
1.13349
1.2746
1.35922
1.38983
-0.62884
-0.629789
-0.632048
-0.634771
-0.630461
-0.602137
-0.551466
-0.485019
-0.403136
-0.305266
-0.199834
-0.107594
0.116394
0.417928
0.751456
1.04867
1.28205
1.4313
1.503
1.52394
-0.623676
-0.622806
-0.617735
-0.609194
-0.604901
-0.594657
-0.556393
-0.487719
-0.398442
-0.294025
-0.186223
-0.0802483
0.082015
0.390499
0.686657
0.952129
1.16341
1.29139
1.34936
1.36456
-0.651961
-0.646383
-0.628316
-0.604201
-0.598703
-0.609258
-0.577821
-0.499065
-0.398421
-0.287321
-0.180059
-0.0741963
0.0537769
0.284918
0.541338
0.760314
0.929063
1.02679
1.06917
1.07896
-0.734179
-0.734165
-0.738942
-0.75115
-0.746354
-0.725886
-0.63442
-0.518122
-0.399212
-0.283075
-0.177678
-0.0813477
0.0125297
0.175847
0.380148
0.548545
0.680061
0.752012
0.781644
0.78603
-0.853915
-0.872442
-0.910319
-0.936563
-0.92557
-0.853218
-0.692921
-0.530918
-0.394157
-0.275737
-0.178992
-0.0993348
-0.03435
0.0820534
0.233057
0.359431
0.455347
0.505584
0.524691
0.525677
-0.871855
-0.892224
-0.92734
-0.952565
-0.937827
-0.847894
-0.671227
-0.504664
-0.37002
-0.260134
-0.176274
-0.112877
-0.0664607
0.0110972
0.116494
0.205111
0.268077
0.300745
0.311404
0.312259
-0.681289
-0.702091
-0.735447
-0.762495
-0.752437
-0.668749
-0.540459
-0.419375
-0.316622
-0.230742
-0.164493
-0.116283
-0.0798735
-0.030047
0.0314085
0.0840735
0.120339
0.136781
0.142593
0.141725
-0.355023
-0.367072
-0.38888
-0.412839
-0.421553
-0.397151
-0.350807
-0.296442
-0.243238
-0.190951
-0.146003
-0.11075
-0.0830728
-0.0518219
-0.0219721
-0.000625725
0.0109013
0.0146274
0.0152207
0.0147768
-0.067508
-0.0726888
-0.0866361
-0.110912
-0.140493
-0.165823
-0.17925
-0.179725
-0.168523
-0.148496
-0.126233
-0.104413
-0.0840295
-0.0701864
-0.0604709
-0.0564279
-0.0587785
-0.0624499
-0.0635757
-0.0638245
0.0905902
0.0879909
0.0778317
0.0542512
0.0161211
-0.0275799
-0.0654737
-0.0926765
-0.10755
-0.111886
-0.109923
-0.103494
-0.0940284
-0.0910035
-0.0900109
-0.091601
-0.0961822
-0.0992769
-0.0999616
-0.100146
0.144034
0.142199
0.134225
0.114532
0.0811349
0.0398379
-0.00138511
-0.0366808
-0.0635514
-0.0831388
-0.10007
-0.116317
-0.12543
-0.118514
-0.109509
-0.107335
-0.107496
-0.108818
-0.109042
-0.109406
0.146424
0.14504
0.139251
0.124886
0.10006
0.0677967
0.0324219
-0.00152439
-0.0319249
-0.0600214
-0.0921521
-0.136089
-0.159804
-0.141423
-0.12117
-0.109965
-0.105686
-0.104582
-0.104244
-0.104477
0.130996
0.130052
0.126159
0.116417
0.0992062
0.0758075
0.0483037
0.019898
-0.00795643
-0.0368872
-0.0727463
-0.121675
-0.146561
-0.120907
-0.0987591
-0.0895496
-0.0872024
-0.0872028
-0.087186
-0.0873362
0.112108
0.111537
0.109085
0.102811
0.0914005
0.0752889
0.0554889
0.03404
0.0121914
-0.0101439
-0.0369867
-0.0694971
-0.0778729
-0.0611938
-0.0512611
-0.050568
-0.0537924
-0.0562126
-0.0567921
-0.0567641
0.0944542
0.0941785
0.0927641
0.0889606
0.0817717
0.0712923
0.0580791
0.0436041
0.0294966
0.0171531
0.00834965
0.00215035
0.00914297
0.0164532
0.0110454
0.00263966
-0.00470502
-0.00819306
-0.00892322
-0.00897658
0.0790012
0.0788787
0.0781675
0.0760545
0.0718598
0.0655735
0.057656
0.0494417
0.0430682
0.0422054
0.0521954
0.0723429
0.0983904
0.0911639
0.0740594
0.0595718
0.0510959
0.0489031
0.0472473
0.0468237
0.0652116
0.0652185
0.0649625
0.0639804
0.0618528
0.0585872
0.0546705
0.051423
0.0514642
0.0599126
0.0838886
0.120325
0.152756
0.141961
0.120597
0.105133
0.097994
0.0955905
0.0947793
0.0939967
0.0522814
0.0523688
0.0523919
0.0521389
0.0513757
0.0501208
0.0489385
0.0491141
0.0533986
0.0673752
0.0980661
0.139328
0.171107
0.161074
0.142233
0.131992
0.128041
0.127048
0.125678
0.124457
0.0396647
0.0397827
0.0399495
0.0401042
0.0401253
0.0401057
0.040513
0.0425342
0.0486316
0.0640951
0.0943889
0.131783
0.155951
0.147002
0.135273
0.130875
0.131765
0.13247
0.131126
0.129895
0.0270441
0.0271381
0.0273132
0.0276527
0.0280748
0.0286361
0.0296615
0.0321125
0.0378778
0.0510847
0.0758034
0.103767
0.118665
0.110425
0.10602
0.107398
0.112222
0.113404
0.112101
0.110947
0.0146106
0.0146667
0.0148071
0.0151313
0.0155966
0.016185
0.0170671
0.0187906
0.0224889
0.0305654
0.0456266
0.0626524
0.0697841
0.0640708
0.0642876
0.0680314
0.072405
0.0745388
0.0733577
0.0721287
0.00260655
0.00262545
0.00262131
0.00270892
0.003021
0.00321875
0.0033832
0.0036013
0.00393653
0.00461752
0.00633013
0.00937581
0.0138158
0.018386
0.0188498
0.0198014
0.0190505
0.0126206
0.0117268
0.0119081
-0.0639922
0.102776
0.297494
0.467426
0.603187
0.710073
0.798445
0.873678
0.907954
0.884682
0.238414
0.359024
0.488786
0.600918
0.695408
0.773579
0.836871
0.881813
0.904311
0.91642
0.457055
0.539792
0.628488
0.706807
0.774156
0.830505
0.875326
0.908085
0.931783
0.949788
0.617717
0.67694
0.738514
0.795555
0.845168
0.887308
0.921931
0.949564
0.97234
0.990655
0.743064
0.786144
0.832077
0.875849
0.914525
0.948316
0.977247
1.00134
1.02171
1.03956
0.847328
0.880187
0.918282
0.953808
0.986425
1.01567
1.04123
1.06272
1.08057
1.09792
0.939844
0.968528
1.00249
1.03462
1.06456
1.09173
1.11548
1.1352
1.15071
1.16778
1.02842
1.05761
1.09162
1.12366
1.15326
1.17985
1.20271
1.2212
1.23457
1.2516
1.12372
1.15693
1.19357
1.22714
1.25719
1.28337
1.30533
1.32261
1.33447
1.35187
1.23871
1.27654
1.31518
1.34943
1.37877
1.40352
1.42389
1.43978
1.45125
1.46932
1.38365
1.42219
1.45833
1.48902
1.5147
1.53679
1.55585
1.57138
1.5838
1.6018
1.55873
1.59035
1.61653
1.63897
1.65895
1.67767
1.69539
1.71187
1.72721
1.74528
1.74734
1.76454
1.77958
1.79581
1.81171
1.82625
1.83945
1.85338
1.87092
1.89107
1.92906
1.93859
1.95014
1.96095
1.97023
1.97981
1.9906
2.00196
2.01332
2.02868
2.13629
2.13996
2.12501
2.1102
2.10392
2.1096
2.12808
2.15839
2.19056
2.21722
2.44261
2.30775
2.23111
2.18873
2.1713
2.17527
2.20267
2.25908
2.3617
2.58607
0.746681
0.744553
0.740069
0.731445
0.719221
0.707092
0.696864
0.68897
0.683355
0.680105
0.679754
0.682497
0.687603
0.694827
0.704216
0.715755
0.728406
0.739441
0.745553
0.748607
0.671134
0.676981
0.683314
0.687806
0.690276
0.689952
0.687215
0.683406
0.679899
0.677643
0.6775
0.679702
0.683367
0.687657
0.691464
0.693347
0.692411
0.688929
0.683766
0.677145
0.662707
0.665003
0.668407
0.671402
0.673477
0.674973
0.675729
0.675414
0.674391
0.673512
0.673691
0.675122
0.676939
0.678245
0.678425
0.677534
0.675985
0.673648
0.670384
0.667464
0.657194
0.65828
0.660112
0.66249
0.664513
0.66594
0.666961
0.667714
0.668118
0.668345
0.66884
0.66965
0.670249
0.670315
0.669902
0.669053
0.667582
0.665497
0.663411
0.662028
0.651987
0.65265
0.653758
0.655461
0.657242
0.658873
0.660168
0.661185
0.66207
0.662865
0.663598
0.664152
0.664346
0.664178
0.66361
0.662554
0.661124
0.65958
0.658261
0.657481
0.647007
0.647468
0.648253
0.64955
0.651036
0.652551
0.654015
0.655313
0.656451
0.657511
0.658431
0.659
0.659145
0.658869
0.658169
0.657177
0.65605
0.654916
0.654
0.653483
0.642174
0.642518
0.643128
0.644195
0.645487
0.646859
0.648296
0.649741
0.651115
0.652399
0.653513
0.654205
0.65438
0.654102
0.653499
0.652719
0.651866
0.650997
0.650324
0.649946
0.637433
0.6377
0.638193
0.639099
0.640266
0.641559
0.642951
0.644438
0.645979
0.647501
0.648852
0.64972
0.650018
0.649893
0.649496
0.648932
0.648279
0.647638
0.647146
0.646857
0.632702
0.632915
0.633324
0.63412
0.635206
0.636451
0.637832
0.639364
0.641034
0.64279
0.644424
0.645549
0.646082
0.646194
0.646023
0.645676
0.645228
0.644777
0.644423
0.644197
0.627896
0.628067
0.628418
0.62914
0.630179
0.631401
0.632808
0.634422
0.636246
0.638253
0.640224
0.641699
0.642548
0.642941
0.643018
0.642896
0.642658
0.642377
0.642139
0.641959
0.622926
0.623064
0.623373
0.62405
0.625072
0.626316
0.627789
0.629526
0.631557
0.633869
0.636252
0.638164
0.639393
0.640113
0.640469
0.640586
0.640556
0.640439
0.640298
0.640153
0.617703
0.617815
0.618096
0.618753
0.619792
0.621105
0.622686
0.6246
0.626904
0.629604
0.632496
0.634932
0.63661
0.637706
0.63838
0.638758
0.638935
0.638985
0.63893
0.638812
0.612134
0.612223
0.612488
0.61315
0.614242
0.615664
0.617409
0.619569
0.622223
0.625415
0.628933
0.631999
0.634206
0.635738
0.636766
0.637447
0.637862
0.638066
0.638085
0.637989
0.606112
0.60618
0.606438
0.607128
0.608311
0.609891
0.611862
0.614346
0.617449
0.621257
0.625539
0.629362
0.632198
0.634241
0.635677
0.636696
0.637369
0.63774
0.63783
0.637751
0.59951
0.599558
0.599818
0.600557
0.601872
0.603665
0.605937
0.608835
0.612507
0.617075
0.622289
0.627024
0.630609
0.633256
0.63517
0.636563
0.637537
0.638087
0.638248
0.638183
0.592176
0.592207
0.59247
0.593283
0.594774
0.596845
0.599502
0.602929
0.607314
0.612819
0.619165
0.624996
0.62947
0.632829
0.635309
0.637149
0.638463
0.639207
0.639437
0.639383
0.58392
0.583937
0.584203
0.585114
0.586835
0.589251
0.592403
0.596501
0.601776
0.608437
0.616158
0.6233
0.628829
0.633024
0.636173
0.638553
0.64025
0.641203
0.641504
0.641458
0.574432
0.574419
0.574746
0.575795
0.577804
0.580672
0.584459
0.589403
0.595794
0.603882
0.613269
0.621971
0.628745
0.633924
0.637856
0.640862
0.643001
0.644191
0.644564
0.644523
0.563432
0.563393
0.563765
0.565009
0.567387
0.570843
0.575435
0.581452
0.589242
0.599088
0.610489
0.621043
0.629275
0.635611
0.640464
0.644192
0.646843
0.648284
0.648727
0.648688
0.550442
0.550377
0.550827
0.552322
0.555185
0.559407
0.565044
0.57244
0.581996
0.594012
0.607833
0.620569
0.630497
0.638167
0.644094
0.648654
0.651878
0.653584
0.654094
0.654051
0.534821
0.534726
0.5353
0.537145
0.540658
0.545901
0.552925
0.562123
0.573934
0.588637
0.605352
0.620626
0.632494
0.641679
0.648839
0.654338
0.658192
0.660166
0.66073
0.660678
0.515631
0.51551
0.516284
0.518644
0.523073
0.52974
0.538659
0.550263
0.56498
0.583
0.603138
0.621315
0.635366
0.646253
0.654761
0.661313
0.665829
0.668054
0.668651
0.668583
0.491483
0.491344
0.492449
0.495603
0.501412
0.510158
0.521762
0.536635
0.555103
0.577183
0.601312
0.622747
0.639198
0.651942
0.661905
0.669602
0.674765
0.677191
0.677791
0.677697
0.460069
0.459951
0.461664
0.466196
0.474298
0.486276
0.501819
0.521181
0.544449
0.571408
0.600088
0.625087
0.644092
0.658802
0.670313
0.679168
0.684883
0.687415
0.687972
0.687846
0.417261
0.417303
0.420352
0.427752
0.440098
0.457353
0.478723
0.504132
0.533387
0.566053
0.59976
0.628521
0.650149
0.666865
0.679932
0.689868
0.695945
0.698428
0.69889
0.69873
0.355343
0.356531
0.363986
0.377782
0.397879
0.423524
0.453097
0.486205
0.522538
0.561556
0.600583
0.633184
0.657425
0.67608
0.690587
0.701372
0.707556
0.709752
0.710046
0.709861
0.28186
0.283595
0.297864
0.321557
0.352523
0.388073
0.426601
0.467928
0.511865
0.55792
0.60314
0.64051
0.668161
0.689315
0.705627
0.717349
0.723546
0.725552
0.725811
0.72572
0.205995
0.212127
0.233206
0.267084
0.308414
0.353582
0.401038
0.450648
0.502287
0.555498
0.607101
0.649417
0.680597
0.704418
0.722725
0.735209
0.741035
0.742613
0.742802
0.742772
0.143933
0.152357
0.177993
0.218859
0.268299
0.321678
0.377179
0.434531
0.493517
0.553625
0.611361
0.658348
0.692803
0.718966
0.738713
0.751689
0.757482
0.758892
0.759143
0.759175
0.0934412
0.10246
0.131635
0.177721
0.233294
0.293291
0.355606
0.419812
0.485518
0.552086
0.615625
0.667036
0.704532
0.732864
0.754106
0.767677
0.773483
0.775236
0.775574
0.775651
0.05115
0.060453
0.0920765
0.142156
0.202763
0.268257
0.33635
0.406542
0.478282
0.550802
0.619793
0.675398
0.715807
0.746241
0.768887
0.783348
0.78966
0.791713
0.792082
0.792168
0.0147071
0.0241265
0.0575954
0.110875
0.175639
0.245819
0.318945
0.39444
0.471651
0.549676
0.623794
0.683385
0.726578
0.759037
0.783097
0.798479
0.80541
0.80763
0.80805
0.808119
-0.0175518
-0.00808913
0.0267981
0.0827803
0.15103
0.225248
0.302831
0.383102
0.465325
0.548471
0.627432
0.690809
0.736649
0.770991
0.79638
0.812633
0.820153
0.82257
0.823024
0.823089
-0.0469008
-0.03739
-0.00133709
0.0569876
0.128221
0.205976
0.287518
0.372119
0.458964
0.546929
0.63051
0.697515
0.745856
0.781927
0.808502
0.825469
0.833562
0.836164
0.836635
0.836683
-0.0742042
-0.0646379
-0.0275437
0.0327672
0.106674
0.18756
0.272641
0.361181
0.452318
0.544845
0.632884
0.703413
0.754143
0.791853
0.819453
0.837005
0.84548
0.848222
0.848716
0.848742
-0.100018
-0.0903872
-0.052323
0.00967705
0.0859985
0.169669
0.25794
0.350075
0.445198
0.542062
0.634447
0.708465
0.761544
0.800793
0.829319
0.847333
0.855959
0.858809
0.85931
0.859304
-0.124845
-0.115046
-0.0761311
-0.0125244
0.0659245
0.15208
0.24323
0.338646
0.437478
0.538472
0.63513
0.712663
0.768117
0.808865
0.8382
0.856512
0.86522
0.868075
0.868578
0.868549
-0.148914
-0.138888
-0.0992218
-0.0340643
0.046269
0.134646
0.228392
0.326802
0.429072
0.534005
0.634876
0.715998
0.773928
0.816206
0.846278
0.864796
0.873485
0.876294
0.876757
0.876697
-0.172333
-0.162095
-0.121621
-0.0550925
0.0269272
0.117298
0.21337
0.314497
0.41994
0.528597
0.633629
0.718475
0.779051
0.822968
0.853774
0.87239
0.880947
0.883646
0.884051
0.883973
-0.19526
-0.184718
-0.143484
-0.0756761
0.00785468
0.100001
0.198149
0.301724
0.410071
0.522229
0.631343
0.720074
0.783545
0.829288
0.860837
0.879414
0.887738
0.890246
0.890559
0.890445
-0.217658
-0.206835
-0.164862
-0.0958509
-0.0109561
0.0827641
0.182758
0.288514
0.399487
0.514892
0.627976
0.720742
0.787435
0.835292
0.867643
0.886013
0.89389
0.896109
0.896305
0.896168
-0.239584
-0.228451
-0.185688
-0.115604
-0.0294865
0.0656203
0.167238
0.274926
0.38824
0.506607
0.623491
0.720411
0.790695
0.841081
0.87441
0.892414
0.899555
0.901302
0.901351
0.901191
-0.260864
-0.24949
-0.205957
-0.134894
-0.0476898
0.0486393
0.151654
0.26103
0.376402
0.497428
0.617868
0.718993
0.793243
0.846688
0.881393
0.899009
0.90503
0.905955
0.905754
0.905585
-0.281638
-0.269915
-0.225658
-0.153701
-0.0655351
0.0318592
0.136096
0.246904
0.364058
0.487435
0.611113
0.716383
0.794928
0.852024
0.888778
0.906377
0.910979
0.910414
0.909589
0.909409
-0.301741
-0.2897
-0.24476
-0.17198
-0.0829438
0.0153645
0.120645
0.23267
0.351318
0.476691
0.603265
0.712476
0.795547
0.856839
0.89649
0.91513
0.918715
0.915899
0.913373
0.912392
-0.321234
-0.308887
-0.263207
-0.18968
-0.099879
-0.000775801
0.105384
0.218406
0.338292
0.465333
0.59439
0.707173
0.794863
0.860721
0.903996
0.92531
0.92978
0.925565
0.919042
0.910547
-0.340033
-0.327433
-0.281094
-0.206954
-0.116548
-0.0168331
0.0899844
0.203719
0.324538
0.452865
0.583962
0.699921
0.792378
0.863289
0.910603
0.936153
0.944434
0.940587
0.930332
0.924836
-0.35809
-0.345262
-0.298406
-0.223773
-0.132956
-0.0328021
0.0744581
0.188589
0.310011
0.439168
0.571781
0.690332
0.787303
0.863741
0.914298
0.943279
0.953951
0.95423
0.916468
0.864592
-0.375111
-0.361593
-0.315001
-0.240064
-0.149202
-0.048836
0.0587531
0.17313
0.294763
0.424296
0.557769
0.678156
0.778524
0.861468
0.912845
0.937423
0.947989
0.929642
0.87306
0.810865
-0.391421
-0.376995
-0.330748
-0.255115
-0.164807
-0.0644746
0.0426451
0.157396
0.278941
0.408415
0.541947
0.663155
0.7648
0.857037
0.90375
0.942313
0.906629
0.857778
0.786427
0.719408
-0.377414
-0.359202
-0.308865
-0.228857
-0.132443
-0.0291276
0.0833245
0.200902
0.325667
0.459149
0.587448
0.697352
0.791537
0.888152
0.923216
0.841299
0.788546
0.721275
0.647434
0.599102
-0.401725
-0.385414
-0.349224
-0.278707
-0.188778
-0.0895299
0.0178935
0.13208
0.252983
0.381411
0.513434
0.633433
0.733271
0.817612
0.891581
0.879461
0.75414
0.667478
0.602539
0.51963
-0.421662
-0.406017
-0.364211
-0.292374
-0.201937
-0.103075
0.00324489
0.116526
0.236495
0.363568
0.494002
0.612088
0.708758
0.781686
0.807664
0.727368
0.585116
0.487521
0.411118
0.323225
-0.442101
-0.4295
-0.383196
-0.310206
-0.219692
-0.120399
-0.0141056
0.0988878
0.21798
0.343576
0.47124
0.584827
0.672111
0.731165
0.70738
0.57397
0.420641
0.302183
0.203459
0.0677123
-0.465713
-0.45271
-0.404257
-0.330039
-0.23934
-0.13994
-0.033768
0.0786664
0.196672
0.320389
0.444661
0.552694
0.630903
0.668622
0.609043
0.425301
0.24373
0.0908665
-0.0495055
-0.245497
-0.488359
-0.475668
-0.426026
-0.350516
-0.259362
-0.160007
-0.0542261
0.0573722
0.174029
0.295465
0.415854
0.51758
0.588478
0.590859
0.481777
0.284205
0.0718375
-0.127487
-0.30179
-0.691705
-0.511117
-0.498757
-0.448584
-0.372135
-0.280598
-0.181212
-0.0758332
0.0349035
0.15008
0.268961
0.385049
0.479523
0.539063
0.50898
0.358175
0.158564
-0.0577195
-0.268128
-0.44609
-0.719652
-0.534836
-0.522611
-0.472186
-0.395151
-0.303354
-0.203928
-0.0989098
0.0109818
0.124606
0.240728
0.352202
0.439082
0.483658
0.43687
0.247674
0.0552372
-0.141084
-0.306943
-0.378445
-0.417027
-0.560014
-0.54791
-0.497224
-0.419867
-0.328009
-0.228722
-0.124222
-0.0154093
0.0963267
0.209185
0.315375
0.394097
0.422166
0.340797
0.149385
-0.0309019
-0.194186
-0.299683
-0.337235
-0.346355
-0.586864
-0.574768
-0.52387
-0.446303
-0.354512
-0.25555
-0.151788
-0.0443217
0.0651513
0.17423
0.27439
0.344754
0.346406
0.23577
0.0596707
-0.106812
-0.245098
-0.299978
-0.311931
-0.316819
-0.615584
-0.603387
-0.552211
-0.47448
-0.382863
-0.284415
-0.181614
-0.0757971
0.0310455
0.135888
0.229316
0.290432
0.267652
0.13764
-0.0235837
-0.180021
-0.278292
-0.306823
-0.302875
-0.302871
-0.645883
-0.633876
-0.582213
-0.504365
-0.413029
-0.315273
-0.213686
-0.10982
-0.00597161
0.0941784
0.180449
0.230108
0.198636
0.047514
-0.0991182
-0.235824
-0.275941
-0.288404
-0.293338
-0.293522
-0.67761
-0.665604
-0.613667
-0.535792
-0.444877
-0.348022
-0.24791
-0.146309
-0.0458335
0.0492791
0.127973
0.166618
0.129234
-0.0293638
-0.165317
-0.259234
-0.30371
-0.291065
-0.28847
-0.288218
-0.710249
-0.698215
-0.646251
-0.568433
-0.478122
-0.382412
-0.284055
-0.185048
-0.0883231
0.00154064
0.0723127
0.102123
0.0440254
-0.096225
-0.217527
-0.26687
-0.282542
-0.283813
-0.284197
-0.284096
-0.743067
-0.731067
-0.679157
-0.601734
-0.512308
-0.418027
-0.321761
-0.225674
-0.133058
-0.0486349
0.0147941
0.0294101
-0.0381742
-0.15379
-0.247819
-0.272321
-0.277768
-0.28117
-0.281263
-0.28127
-0.774801
-0.763254
-0.711473
-0.635009
-0.54674
-0.454256
-0.360458
-0.267625
-0.179386
-0.100714
-0.0428647
-0.0423978
-0.112142
-0.20591
-0.26507
-0.316905
-0.292583
-0.282888
-0.280587
-0.280147
-0.804004
-0.792957
-0.742177
-0.666858
-0.580468
-0.490255
-0.399375
-0.31016
-0.226429
-0.153674
-0.100414
-0.104877
-0.18321
-0.25532
-0.281189
-0.275424
-0.284744
-0.285389
-0.284329
-0.283805
-0.828981
-0.818625
-0.769329
-0.696136
-0.612254
-0.524919
-0.437506
-0.352333
-0.273163
-0.206042
-0.158337
-0.161236
-0.242916
-0.324311
-0.33334
-0.333976
-0.316936
-0.304901
-0.299461
-0.297522
-0.847365
-0.837938
-0.790956
-0.720923
-0.640618
-0.557023
-0.473669
-0.393001
-0.318518
-0.256365
-0.214478
-0.211335
-0.28332
-0.39863
-0.484417
-0.411125
-0.361951
-0.341656
-0.331196
-0.3255
-0.857102
-0.848504
-0.804982
-0.739311
-0.663779
-0.585048
-0.506616
-0.430886
-0.361289
-0.303391
-0.264393
-0.246849
-0.280846
-0.359054
-0.422922
-0.375158
-0.34357
-0.330393
-0.323819
-0.320812
-0.853878
-0.846837
-0.809761
-0.749426
-0.680037
-0.607485
-0.534971
-0.464831
-0.400292
-0.346099
-0.304939
-0.26066
-0.198693
-0.0875795
-0.175895
-0.200714
-0.244527
-0.265604
-0.274248
-0.277262
-0.836309
-0.831492
-0.802388
-0.749919
-0.688111
-0.623065
-0.557503
-0.493602
-0.434563
-0.384265
-0.341398
-0.277146
-0.10887
0.17463
0.28975
0.00776056
-0.179476
-0.256719
-0.282431
-0.291613
-0.804933
-0.801459
-0.78164
-0.739856
-0.687569
-0.631201
-0.573408
-0.516252
-0.463016
-0.417543
-0.385237
-0.34679
-0.312265
-0.278772
-0.344058
-0.440609
-0.471149
-0.4705
-0.477814
-0.483744
-0.764363
-0.762161
-0.750853
-0.721347
-0.679414
-0.63235
-0.582524
-0.532211
-0.484591
-0.445899
-0.421731
-0.483676
-0.820302
-1.42761
-1.65164
-1.41981
-1.07018
-0.873627
-0.794868
-0.77336
-0.723094
-0.721812
-0.716228
-0.698786
-0.667284
-0.628011
-0.585583
-0.540918
-0.497507
-0.461074
-0.451066
-0.513328
-0.716154
-0.881998
-0.866855
-0.654298
-0.580636
-0.609216
-0.630102
-0.629273
-0.690172
-0.689504
-0.686829
-0.676692
-0.654139
-0.621828
-0.584248
-0.54289
-0.499952
-0.460576
-0.435694
-0.396548
-0.407482
-0.373097
-0.402854
-0.502051
-0.628011
-0.661
-0.614665
-0.555298
-0.667044
-0.666299
-0.664935
-0.660919
-0.64489
-0.617093
-0.581086
-0.539825
-0.494354
-0.447822
-0.405367
-0.391044
-0.337858
-0.219569
-0.122642
-0.0763198
-0.0973245
-0.110242
-0.0772287
-0.0216564
-0.65106
-0.650755
-0.650125
-0.648363
-0.639325
-0.614883
-0.578531
-0.534578
-0.485107
-0.42993
-0.378518
-0.350105
-0.243833
-0.0231926
0.205106
0.402786
0.496385
0.519719
0.533728
0.543876
-0.64191
-0.641759
-0.641282
-0.640514
-0.636626
-0.615321
-0.577067
-0.528611
-0.471574
-0.408131
-0.336137
-0.264425
-0.136952
0.11835
0.372046
0.574331
0.702217
0.795711
0.860982
0.895634
-0.636815
-0.636745
-0.636545
-0.636709
-0.635958
-0.618436
-0.57727
-0.522812
-0.458913
-0.384376
-0.296546
-0.20903
-0.0394837
0.230172
0.493476
0.725175
0.905056
1.0523
1.16328
1.22027
-0.632486
-0.632856
-0.634002
-0.636099
-0.636797
-0.62147
-0.578377
-0.520032
-0.449724
-0.363185
-0.265329
-0.165008
-0.020421
0.263552
0.579411
0.885476
1.14407
1.32827
1.44096
1.4894
-0.624177
-0.624959
-0.625442
-0.625367
-0.624068
-0.613185
-0.578672
-0.522076
-0.444503
-0.350473
-0.247807
-0.136508
-0.00448854
0.251179
0.579548
0.88138
1.14267
1.32911
1.42907
1.46638
-0.631325
-0.630864
-0.623288
-0.603907
-0.587219
-0.592921
-0.58611
-0.531818
-0.447232
-0.345685
-0.236653
-0.12545
-0.0253781
0.199904
0.483911
0.745341
0.966315
1.11776
1.1961
1.22396
-0.687217
-0.683565
-0.675461
-0.660985
-0.654356
-0.657627
-0.636628
-0.557321
-0.454326
-0.342257
-0.231072
-0.12668
-0.028952
0.118584
0.351094
0.56153
0.735744
0.852134
0.909158
0.928419
-0.799889
-0.798753
-0.817744
-0.849812
-0.857372
-0.833609
-0.740118
-0.596827
-0.459969
-0.338107
-0.227298
-0.133382
-0.0512852
0.042757
0.218351
0.380042
0.513667
0.599893
0.639982
0.652084
-0.88475
-0.892836
-0.925628
-0.960239
-0.967878
-0.927785
-0.78929
-0.605833
-0.450021
-0.325373
-0.222524
-0.141399
-0.0753851
-0.0155261
0.108782
0.227209
0.321178
0.380976
0.407202
0.414572
-0.800438
-0.809714
-0.840742
-0.874607
-0.885148
-0.83804
-0.697679
-0.540457
-0.403941
-0.294723
-0.207265
-0.141526
-0.0904415
-0.0510548
0.0283758
0.109483
0.168335
0.203922
0.218883
0.222879
-0.520612
-0.53075
-0.554095
-0.583275
-0.599008
-0.57169
-0.493196
-0.402771
-0.318817
-0.245586
-0.182236
-0.133448
-0.0943878
-0.0642192
-0.0199149
0.0204382
0.0502949
0.0659759
0.0719531
0.0728662
-0.194985
-0.200322
-0.212874
-0.234351
-0.258731
-0.271237
-0.266631
-0.248093
-0.220768
-0.187386
-0.152381
-0.120995
-0.0930898
-0.0716319
-0.0502697
-0.0349942
-0.028382
-0.0279903
-0.0296653
-0.0298377
0.0293903
0.0270668
0.0201841
0.00259163
-0.0282616
-0.0668961
-0.101607
-0.125282
-0.13551
-0.133573
-0.123884
-0.110248
-0.0936295
-0.0827593
-0.0788048
-0.0767532
-0.0789353
-0.0845166
-0.086625
-0.0866288
0.1276
0.12609
0.121401
0.106497
0.0767394
0.0347371
-0.00891368
-0.0465666
-0.0740597
-0.0911507
-0.101075
-0.10681
-0.107002
-0.104481
-0.101505
-0.0994402
-0.102081
-0.1051
-0.106448
-0.10658
0.14949
0.148504
0.144956
0.133545
0.110278
0.0763422
0.0377595
-3.31349e-05
-0.0327607
-0.0592574
-0.0834716
-0.111171
-0.138462
-0.140868
-0.125497
-0.113925
-0.109201
-0.108568
-0.108393
-0.108394
0.139989
0.139375
0.136866
0.128914
0.112521
0.0878593
0.0578358
0.02596
-0.00480658
-0.0337701
-0.0652418
-0.107748
-0.155347
-0.151162
-0.12505
-0.107522
-0.0998675
-0.0977494
-0.0972078
-0.0971042
0.121666
0.121337
0.119699
0.114498
0.103545
0.0865315
0.0647438
0.0401531
0.0149296
-0.0104334
-0.0387187
-0.0772699
-0.115278
-0.103829
-0.0836767
-0.0739386
-0.0718048
-0.0730709
-0.073965
-0.07403
0.103053
0.102928
0.101949
0.0987421
0.0917716
0.0805772
0.0657122
0.0483626
0.0302998
0.0124957
-0.00519935
-0.0248309
-0.0405669
-0.0279579
-0.0203374
-0.0226624
-0.0284918
-0.0330534
-0.0347324
-0.0348807
0.086451
0.0864264
0.0859297
0.08412
0.0799642
0.0730222
0.0635925
0.0525561
0.0415899
0.0326668
0.0297365
0.0339599
0.0445261
0.055585
0.0494948
0.038008
0.0269682
0.0209292
0.0196396
0.0190682
0.0719124
0.0719724
0.0717626
0.0708741
0.0686418
0.0647542
0.059443
0.0535583
0.0489426
0.0486287
0.0590833
0.0834764
0.114837
0.126944
0.10897
0.0912217
0.0794269
0.0754563
0.073686
0.072661
0.0586198
0.0587191
0.0587138
0.0584248
0.0574923
0.0557039
0.0533211
0.0512066
0.0512999
0.0572587
0.0767213
0.112508
0.152601
0.167206
0.144676
0.126221
0.117151
0.114098
0.112976
0.111753
0.0458968
0.046009
0.0461214
0.0461913
0.0460735
0.0455036
0.0450862
0.0453713
0.048267
0.0575382
0.0805085
0.118713
0.156942
0.169445
0.149773
0.137989
0.133993
0.13375
0.132818
0.131186
0.0332883
0.0333956
0.0335439
0.0337826
0.0340476
0.034326
0.0348378
0.0362397
0.0400828
0.0496179
0.0709792
0.104326
0.13341
0.138417
0.12527
0.121643
0.123229
0.125164
0.124757
0.123495
0.0207327
0.0208145
0.020933
0.0212023
0.0216132
0.022153
0.0229476
0.024432
0.0276749
0.0350268
0.0508602
0.0744912
0.0930984
0.0947146
0.0862042
0.0878472
0.092956
0.0962689
0.0959935
0.0946484
0.00262393
0.00262044
0.0026385
0.00285267
0.00312481
0.00330577
0.00348412
0.00376445
0.004126
0.00526927
0.00761008
0.0109296
0.0176093
0.0185219
0.0191063
0.0206071
0.0163527
0.0117181
0.0120748
0.0457229
-1.09914
-0.420596
0.0291222
0.288174
0.474542
0.617312
0.728076
0.817905
0.914205
1.00581
-0.0499473
0.144813
0.322529
0.472228
0.597354
0.699312
0.782327
0.850323
0.892548
0.896407
0.28269
0.398043
0.511041
0.611581
0.698024
0.770879
0.830557
0.875926
0.905147
0.922749
0.492987
0.57144
0.649259
0.720445
0.7825
0.835495
0.879126
0.913378
0.939454
0.958516
0.647168
0.700412
0.759244
0.812288
0.85872
0.89915
0.933486
0.961995
0.985349
1.00233
0.769153
0.809904
0.855562
0.895617
0.932783
0.965964
0.995033
1.01989
1.04069
1.05493
0.871655
0.906026
0.942972
0.977123
1.00927
1.03879
1.06506
1.08761
1.10624
1.11796
0.964695
0.995665
1.02955
1.06207
1.09274
1.12102
1.14609
1.16731
1.18424
1.19376
1.05554
1.08803
1.12328
1.15722
1.18847
1.2167
1.24122
1.2615
1.27694
1.28514
1.15739
1.19486
1.2331
1.26931
1.30131
1.32914
1.35255
1.37152
1.38564
1.39413
1.28424
1.32658
1.36574
1.40157
1.43194
1.45759
1.47912
1.49672
1.51022
1.52038
1.44572
1.48715
1.52084
1.55037
1.57488
1.59638
1.61595
1.63337
1.6481
1.66079
1.6361
1.66689
1.68811
1.70722
1.72527
1.74249
1.75869
1.7745
1.79101
1.80793
1.83393
1.84532
1.85635
1.87044
1.88471
1.89755
1.90891
1.91975
1.93265
1.94953
2.01972
2.02962
2.03826
2.0407
2.04156
2.04582
2.05661
2.07254
2.09016
2.09476
2.32075
2.26534
2.21451
2.17426
2.15187
2.14782
2.16131
2.19511
2.25155
2.3271
0.888895
0.830201
0.787721
0.753862
0.729204
0.71165
0.69914
0.69021
0.684098
0.680615
0.680225
0.683084
0.688523
0.696459
0.707381
0.722434
0.743444
0.772539
0.811303
0.859128
0.690447
0.699204
0.704737
0.705558
0.702074
0.696026
0.689589
0.684114
0.680273
0.678618
0.679789
0.683381
0.68866
0.695134
0.701901
0.707172
0.708798
0.705562
0.698223
0.690555
0.66748
0.669511
0.674114
0.677624
0.680133
0.681558
0.681266
0.679525
0.677329
0.675755
0.675766
0.677588
0.680306
0.682928
0.684409
0.684071
0.682217
0.679418
0.675369
0.670987
0.66057
0.661436
0.663918
0.66663
0.668638
0.669995
0.670975
0.671419
0.67127
0.671009
0.671354
0.672434
0.673525
0.674003
0.673699
0.672853
0.671445
0.669208
0.66657
0.664605
0.654918
0.655379
0.656774
0.658793
0.660729
0.6623
0.663437
0.664327
0.665038
0.665607
0.666232
0.666869
0.667188
0.667092
0.66662
0.665658
0.664152
0.662328
0.660683
0.659667
0.649734
0.650021
0.650937
0.652404
0.654025
0.655623
0.65704
0.658203
0.659216
0.660159
0.660988
0.661528
0.661679
0.661454
0.660794
0.659733
0.658445
0.657131
0.656045
0.655421
0.644767
0.644968
0.645655
0.646825
0.648203
0.649639
0.651102
0.652496
0.653757
0.654926
0.655938
0.656562
0.656713
0.656415
0.655741
0.654852
0.653872
0.652876
0.652092
0.651654
0.639945
0.640097
0.640642
0.641622
0.642845
0.644174
0.645587
0.647058
0.648523
0.649926
0.651152
0.651924
0.652146
0.651928
0.651425
0.650753
0.650002
0.649249
0.648672
0.648343
0.635187
0.635307
0.635754
0.636599
0.637721
0.63899
0.640374
0.64188
0.643484
0.645124
0.646609
0.647595
0.647997
0.647983
0.647699
0.647243
0.64669
0.646143
0.645724
0.64547
0.630405
0.630502
0.630879
0.631633
0.632692
0.633923
0.635316
0.636884
0.638625
0.640501
0.642295
0.643584
0.644266
0.644512
0.644464
0.644228
0.643882
0.643514
0.643222
0.643021
0.625508
0.625588
0.625915
0.626611
0.627637
0.628868
0.630306
0.631975
0.633894
0.636044
0.63821
0.639893
0.640923
0.641473
0.641688
0.641683
0.641544
0.641344
0.641156
0.640995
0.620407
0.620473
0.620766
0.621429
0.622454
0.623732
0.625256
0.627074
0.629231
0.631724
0.634348
0.636511
0.637954
0.638854
0.639369
0.639611
0.639681
0.639642
0.639545
0.639415
0.61501
0.615065
0.615336
0.615991
0.617051
0.618418
0.620078
0.622105
0.624572
0.627503
0.630692
0.633428
0.635359
0.636662
0.637513
0.638033
0.638327
0.638448
0.63843
0.638324
0.609216
0.609262
0.609522
0.610193
0.611324
0.612825
0.61468
0.61699
0.619854
0.623336
0.627216
0.630643
0.63315
0.634924
0.636157
0.637001
0.637536
0.637815
0.63787
0.637783
0.60291
0.602948
0.603205
0.603913
0.605155
0.606841
0.608959
0.611636
0.615006
0.619173
0.623898
0.628155
0.631348
0.633677
0.635354
0.636551
0.637357
0.637812
0.637939
0.637868
0.595951
0.595981
0.596242
0.597011
0.598405
0.600338
0.602797
0.605942
0.609949
0.61496
0.620712
0.62597
0.629979
0.632964
0.635164
0.636767
0.637887
0.638531
0.638728
0.63867
0.588175
0.588191
0.588465
0.589316
0.590909
0.593157
0.596052
0.599793
0.604596
0.610647
0.617647
0.624105
0.629084
0.632839
0.635658
0.637749
0.639227
0.640073
0.640341
0.640292
0.579331
0.579357
0.579662
0.580607
0.582454
0.585099
0.588557
0.59305
0.59885
0.606186
0.614699
0.622587
0.628715
0.633377
0.636923
0.639592
0.641479
0.642549
0.642889
0.642847
0.569135
0.56915
0.569497
0.570589
0.572764
0.575935
0.580107
0.585552
0.5926
0.601519
0.611864
0.621453
0.62893
0.63466
0.639058
0.642391
0.644757
0.646073
0.646486
0.646448
0.557212
0.557222
0.557608
0.558896
0.561504
0.565354
0.57044
0.577099
0.585717
0.59659
0.609145
0.620746
0.629797
0.63677
0.642167
0.646268
0.649179
0.650756
0.651239
0.6512
0.543016
0.543022
0.54347
0.545023
0.548204
0.552949
0.559236
0.567466
0.578075
0.59136
0.606564
0.620526
0.631397
0.639795
0.646351
0.651328
0.654841
0.656688
0.657233
0.657188
0.525785
0.525786
0.526329
0.528263
0.532236
0.538202
0.546102
0.556408
0.569577
0.585851
0.604207
0.620886
0.633822
0.64383
0.651684
0.657646
0.661811
0.663922
0.664513
0.664456
0.504368
0.504364
0.505073
0.507599
0.512736
0.520441
0.530584
0.543686
0.560155
0.580103
0.602164
0.621928
0.63716
0.648959
0.658216
0.665272
0.670105
0.672447
0.673059
0.67298
0.477044
0.47704
0.478033
0.481537
0.488511
0.498829
0.512206
0.52914
0.549863
0.574275
0.60061
0.623794
0.641511
0.655231
0.665995
0.674206
0.679658
0.68216
0.682753
0.682645
0.44076
0.440772
0.442387
0.447796
0.458043
0.47249
0.490664
0.512831
0.538938
0.56865
0.599792
0.626656
0.646976
0.66269
0.675031
0.684366
0.690306
0.692847
0.693369
0.693224
0.389728
0.389967
0.393651
0.403446
0.419771
0.44102
0.466172
0.49523
0.527902
0.563678
0.600019
0.630697
0.65365
0.671352
0.685226
0.695555
0.701763
0.704182
0.704582
0.704399
0.31636
0.318664
0.329467
0.348685
0.375156
0.405903
0.439946
0.477145
0.517218
0.559642
0.601593
0.636394
0.662218
0.682104
0.697656
0.708905
0.715256
0.717494
0.717786
0.717601
0.23821
0.244512
0.263711
0.293036
0.3302
0.370707
0.413721
0.459202
0.507001
0.556649
0.605083
0.644958
0.674414
0.697013
0.714639
0.726935
0.733168
0.735013
0.735206
0.7351
0.171207
0.177876
0.203649
0.241564
0.287829
0.337317
0.388926
0.442496
0.497864
0.554558
0.609258
0.65394
0.686795
0.711883
0.731134
0.743909
0.749904
0.751555
0.751746
0.751692
0.116447
0.12338
0.153151
0.197209
0.250259
0.307113
0.366152
0.427037
0.489465
0.552861
0.613538
0.662764
0.698765
0.726055
0.746717
0.760082
0.766155
0.767924
0.768115
0.768098
0.0709336
0.0781812
0.110429
0.159173
0.217616
0.280467
0.345767
0.413057
0.481853
0.551453
0.617756
0.671288
0.710255
0.739666
0.761719
0.775928
0.782511
0.784232
0.784465
0.784465
0.0322664
0.0396854
0.0736801
0.125959
0.188906
0.256824
0.3275
0.40041
0.474943
0.550264
0.621854
0.679476
0.721295
0.752771
0.776251
0.79133
0.798442
0.800264
0.800547
0.800567
-0.00155559
0.00597278
0.0412347
0.096447
0.163128
0.235391
0.3108
0.38874
0.468504
0.54913
0.625698
0.687204
0.731737
0.765167
0.789989
0.805955
0.813489
0.815601
0.815964
0.816006
-0.0320096
-0.0243736
0.0119213
0.069645
0.139491
0.215527
0.295137
0.37762
0.462196
0.547782
0.629074
0.694281
0.74139
0.776619
0.802669
0.819428
0.827391
0.829801
0.830219
0.830245
-0.0600395
-0.0523095
-0.0150995
0.0447598
0.117362
0.196723
0.280075
0.366686
0.455715
0.545988
0.631813
0.700588
0.750133
0.787038
0.814187
0.831588
0.839927
0.842563
0.843035
0.843047
-0.0863967
-0.0785476
-0.0404596
0.021115
0.0962851
0.1786
0.265308
0.355684
0.448849
0.543568
0.633791
0.706065
0.757969
0.796463
0.824549
0.842463
0.851056
0.853831
0.854329
0.854328
-0.111542
-0.103537
-0.064593
-0.00149512
0.0759327
0.160877
0.250618
0.344431
0.441438
0.54039
0.634919
0.710686
0.764946
0.804948
0.83391
0.852146
0.860874
0.863721
0.86421
0.864187
-0.135822
-0.127655
-0.0879882
-0.0233464
0.0560801
0.143374
0.235852
0.332799
0.433381
0.536368
0.635139
0.714454
0.771129
0.812636
0.84235
0.860816
0.869591
0.872435
0.872913
0.872868
-0.159405
-0.150988
-0.1107
-0.04462
0.0365867
0.125987
0.220922
0.320725
0.424614
0.531434
0.634392
0.717359
0.776586
0.819667
0.850114
0.868716
0.877411
0.880183
0.880627
0.880578
-0.182402
-0.173845
-0.132764
-0.0654246
0.0173817
0.108661
0.205797
0.308183
0.415113
0.525546
0.632631
0.719399
0.781387
0.826192
0.857371
0.875998
0.884495
0.88714
0.887512
0.887417
-0.204894
-0.196152
-0.154337
-0.0858066
-0.00156389
0.0913902
0.190487
0.295187
0.404875
0.518687
0.629806
0.720537
0.785577
0.832338
0.864278
0.882786
0.890933
0.893336
0.893601
0.89347
-0.226917
-0.217983
-0.17542
-0.105777
-0.0202453
0.0741948
0.175019
0.281775
0.393949
0.510876
0.625883
0.720715
0.789158
0.838225
0.871034
0.889244
0.89681
0.898835
0.898972
0.898814
-0.24841
-0.239276
-0.19595
-0.125306
-0.0386212
0.057116
0.15946
0.268017
0.382398
0.502135
0.62083
0.719854
0.792078
0.843923
0.877877
0.895679
0.902321
0.903729
0.903677
0.903501
-0.269312
-0.259975
-0.215922
-0.144363
-0.0566509
0.0402235
0.143878
0.253996
0.370293
0.492537
0.614635
0.717851
0.794218
0.849416
0.885048
0.902576
0.907912
0.908203
0.907773
0.907601
-0.28963
-0.280078
-0.235318
-0.162912
-0.0742908
0.0235868
0.128359
0.239805
0.357734
0.482152
0.607331
0.714605
0.795398
0.854534
0.892629
0.910572
0.91455
0.912935
0.911475
0.911279
-0.309291
-0.299529
-0.254095
-0.180912
-0.0914748
0.00725891
0.112985
0.225535
0.344832
0.471082
0.598951
0.71001
0.795399
0.858942
0.900339
0.9201
0.923818
0.920065
0.916257
0.91469
-0.328322
-0.318358
-0.272239
-0.198364
-0.108228
-0.00877482
0.0977362
0.211158
0.331559
0.459297
0.589426
0.70385
0.793923
0.862231
0.907521
0.93079
0.936842
0.932926
0.925208
0.909548
-0.346749
-0.336567
-0.289851
-0.215446
-0.124792
-0.0248183
0.0822354
0.196215
0.317373
0.44617
0.578098
0.695438
0.790252
0.863852
0.912985
0.940439
0.950667
0.945464
0.937197
0.89283
-0.36484
-0.353771
-0.306842
-0.232026
-0.141072
-0.0407751
0.0666528
0.18092
0.302492
0.431894
0.565019
0.684591
0.7835
0.862985
0.914414
0.942048
0.952243
0.949937
0.898543
0.838524
-0.383616
-0.368889
-0.32297
-0.247948
-0.157293
-0.0568682
0.0507259
0.165273
0.286899
0.416448
0.550053
0.671
0.772358
0.85945
0.909001
0.923132
0.93283
0.900658
0.83538
0.770977
-0.402178
-0.403969
-0.343854
-0.260751
-0.170283
-0.0702099
0.0350636
0.149933
0.271328
0.400607
0.533824
0.654924
0.756452
0.854998
0.869786
0.885832
0.866086
0.804275
0.730175
0.659987
-0.377825
-0.376602
-0.317964
-0.235246
-0.139645
-0.0363783
0.0736895
0.1911
0.315545
0.448556
0.576248
0.685619
0.777418
0.872459
0.884737
0.786286
0.702935
0.636025
0.563263
0.42112
-0.418794
-0.392415
-0.331015
-0.247449
-0.152201
-0.0490311
0.0604653
0.177292
0.300856
0.432453
0.557824
0.664253
0.746836
0.809303
0.7793
0.650316
0.531194
0.449477
0.36569
0.204338
-0.443286
-0.412127
-0.349713
-0.266683
-0.171321
-0.0683135
0.0413939
0.157469
0.279751
0.409165
0.531278
0.632381
0.706629
0.73417
0.656552
0.494519
0.356457
0.253887
0.139241
-0.0931326
-0.467205
-0.433698
-0.370013
-0.286275
-0.190834
-0.0879133
0.0214588
0.136628
0.257394
0.384196
0.502083
0.596136
0.658847
0.651877
0.518644
0.33323
0.163404
0.0224729
-0.136559
-0.516777
-0.490196
-0.455802
-0.391032
-0.306365
-0.210797
-0.108054
0.000690976
0.114831
0.233877
0.357682
0.470524
0.55663
0.601481
0.565329
0.384622
0.179306
-0.0322712
-0.209548
-0.455249
-1.001
-0.513003
-0.478529
-0.413027
-0.327722
-0.231951
-0.129408
-0.0212795
0.0917376
0.208845
0.329288
0.436543
0.514841
0.54032
0.455467
0.261992
0.0498875
-0.165113
-0.363973
-0.529543
-1.11895
-0.53678
-0.502208
-0.436273
-0.350581
-0.254645
-0.152267
-0.0447207
0.06714
0.182164
0.298963
0.40038
0.469244
0.470798
0.3432
0.156556
-0.0454225
-0.230594
-0.357581
-0.39012
-0.437035
-0.561958
-0.527294
-0.461094
-0.375238
-0.279318
-0.177268
-0.070478
0.0399449
0.152477
0.264977
0.360154
0.416409
0.396162
0.240005
0.0613361
-0.115846
-0.258739
-0.319293
-0.341937
-0.347693
-0.58889
-0.553985
-0.487586
-0.401681
-0.305943
-0.204406
-0.0986352
0.0100322
0.119665
0.227248
0.315461
0.35704
0.32223
0.143947
-0.0254438
-0.180867
-0.288817
-0.315104
-0.3162
-0.316582
-0.617679
-0.582425
-0.515797
-0.429899
-0.334488
-0.233686
-0.129191
-0.0226005
0.0836949
0.185835
0.266008
0.295282
0.229907
0.0560268
-0.104653
-0.241668
-0.287668
-0.301865
-0.302963
-0.302514
-0.648219
-0.612561
-0.545689
-0.459883
-0.364941
-0.26508
-0.162129
-0.0579565
0.0446012
0.140809
0.212332
0.228386
0.132768
-0.0254619
-0.171765
-0.279385
-0.292616
-0.292508
-0.2936
-0.293227
-0.680051
-0.644163
-0.577083
-0.491461
-0.397168
-0.298484
-0.197368
-0.0959707
0.00249775
0.0923716
0.155314
0.153856
0.0482603
-0.0976115
-0.225031
-0.261965
-0.284138
-0.287891
-0.288327
-0.288087
-0.712828
-0.676625
-0.609636
-0.524334
-0.430913
-0.333669
-0.23469
-0.136422
-0.0423809
0.0410485
0.0945712
0.0812547
-0.0307215
-0.156692
-0.259802
-0.29991
-0.287715
-0.284575
-0.284155
-0.284009
-0.745608
-0.709377
-0.642796
-0.558017
-0.465732
-0.370237
-0.273731
-0.17893
-0.0896737
-0.012436
0.0300822
0.0140496
-0.102748
-0.201623
-0.276966
-0.275412
-0.279924
-0.281145
-0.281287
-0.28122
-0.777368
-0.741631
-0.675375
-0.591783
-0.500977
-0.407612
-0.313941
-0.222889
-0.138743
-0.0675142
-0.0319713
-0.0551535
-0.166203
-0.242286
-0.26071
-0.284697
-0.283504
-0.281323
-0.280303
-0.279954
-0.806527
-0.771764
-0.706586
-0.624566
-0.535755
-0.444982
-0.354573
-0.267528
-0.188573
-0.123447
-0.0887961
-0.129828
-0.225672
-0.276419
-0.27407
-0.282248
-0.286026
-0.284815
-0.284029
-0.283445
-0.831397
-0.798091
-0.734753
-0.655065
-0.568921
-0.481316
-0.394645
-0.311899
-0.237919
-0.179019
-0.145699
-0.194143
-0.285887
-0.347787
-0.348786
-0.330153
-0.309907
-0.301524
-0.298271
-0.296735
-0.84965
-0.818505
-0.757831
-0.681639
-0.59911
-0.515366
-0.433002
-0.354887
-0.285639
-0.232472
-0.202759
-0.241914
-0.330466
-0.47051
-0.454396
-0.383423
-0.349256
-0.335714
-0.327714
-0.324429
-0.85896
-0.830524
-0.773946
-0.702402
-0.624683
-0.545839
-0.46841
-0.395267
-0.33062
-0.28142
-0.250169
-0.262665
-0.303691
-0.444544
-0.406709
-0.354841
-0.336053
-0.326532
-0.321921
-0.320508
-0.856434
-0.832277
-0.78127
-0.715558
-0.644049
-0.571259
-0.499595
-0.431843
-0.371685
-0.324783
-0.283591
-0.241444
-0.150182
-0.136383
-0.176828
-0.224148
-0.257636
-0.270861
-0.276257
-0.27746
-0.838517
-0.820522
-0.778078
-0.719785
-0.655944
-0.590367
-0.525334
-0.463433
-0.40807
-0.36394
-0.311411
-0.219689
0.0338034
0.405323
0.156166
-0.103598
-0.228053
-0.272458
-0.288421
-0.29283
-0.806833
-0.794395
-0.762777
-0.714561
-0.659761
-0.602499
-0.544724
-0.488987
-0.43934
-0.399855
-0.365362
-0.325642
-0.29315
-0.25847
-0.409038
-0.4624
-0.469696
-0.4738
-0.481321
-0.485729
-0.765994
-0.758262
-0.738324
-0.701351
-0.656305
-0.607759
-0.557396
-0.507905
-0.463736
-0.432177
-0.417787
-0.608643
-1.09255
-1.63731
-1.60645
-1.21947
-0.957383
-0.821561
-0.780323
-0.771026
-0.724339
-0.72003
-0.709277
-0.684423
-0.648328
-0.607365
-0.563408
-0.518953
-0.477924
-0.450453
-0.445169
-0.622358
-0.802605
-0.928579
-0.745416
-0.597587
-0.585281
-0.626164
-0.628064
-0.630039
-0.690934
-0.688703
-0.683137
-0.666863
-0.638996
-0.603448
-0.564038
-0.521375
-0.479805
-0.442399
-0.432972
-0.406921
-0.381928
-0.373296
-0.448903
-0.564491
-0.660323
-0.642965
-0.581231
-0.555801
-0.666711
-0.665718
-0.663782
-0.654564
-0.632234
-0.599857
-0.561171
-0.517813
-0.470552
-0.425161
-0.399034
-0.372871
-0.280661
-0.168913
-0.0871325
-0.0833781
-0.10744
-0.101493
-0.0426136
-0.0233915
-0.65097
-0.650441
-0.649736
-0.645461
-0.628858
-0.597971
-0.557508
-0.510277
-0.458329
-0.404063
-0.355951
-0.319231
-0.139876
0.092448
0.312926
0.464827
0.510915
0.527393
0.54
0.546482
-0.64187
-0.641553
-0.640926
-0.639751
-0.628456
-0.597945
-0.553513
-0.501103
-0.441654
-0.37095
-0.299318
-0.213819
-0.0183317
0.248742
0.482332
0.64505
0.75154
0.832278
0.882821
0.902058
-0.636788
-0.636655
-0.636441
-0.636881
-0.630312
-0.599998
-0.551271
-0.492797
-0.422461
-0.342389
-0.251742
-0.148718
0.0948322
0.362261
0.614831
0.820237
0.981892
1.11352
1.19921
1.23098
-0.632621
-0.633263
-0.63496
-0.637523
-0.632617
-0.602317
-0.550996
-0.486493
-0.408214
-0.315846
-0.211075
-0.116936
0.109616
0.418611
0.736232
1.02388
1.24531
1.39357
1.4724
1.49763
-0.624639
-0.625215
-0.625499
-0.625293
-0.621265
-0.598671
-0.553188
-0.485413
-0.399875
-0.298444
-0.192157
-0.0914666
0.107746
0.41322
0.735148
1.0187
1.24743
1.38894
1.45405
1.47187
-0.631573
-0.628405
-0.614846
-0.593167
-0.586351
-0.594398
-0.563981
-0.492242
-0.398217
-0.290372
-0.182308
-0.076578
0.0649681
0.342901
0.61799
0.86251
1.05231
1.16499
1.21492
1.22746
-0.685894
-0.680292
-0.668296
-0.656355
-0.654242
-0.655425
-0.601258
-0.507923
-0.398812
-0.285176
-0.178527
-0.0752585
0.035994
0.228837
0.461056
0.653297
0.802763
0.886793
0.922596
0.929752
-0.796577
-0.806189
-0.834653
-0.857377
-0.849837
-0.798837
-0.668878
-0.527324
-0.398226
-0.280053
-0.177972
-0.0901244
-0.0116741
0.126372
0.303127
0.450517
0.563727
0.624665
0.648542
0.652007
-0.884842
-0.906532
-0.944666
-0.968828
-0.955225
-0.8728
-0.695867
-0.524496
-0.385452
-0.269496
-0.178873
-0.107201
-0.0530825
0.0433146
0.170839
0.277177
0.356618
0.397051
0.412321
0.413697
-0.802228
-0.824066
-0.858535
-0.884573
-0.871107
-0.777266
-0.617548
-0.469299
-0.346823
-0.247167
-0.171416
-0.115958
-0.0751307
-0.0132753
0.0692321
0.141097
0.189506
0.213707
0.222051
0.221655
-0.524365
-0.540981
-0.568849
-0.594477
-0.592113
-0.536289
-0.448126
-0.359677
-0.281296
-0.211747
-0.155722
-0.114077
-0.0823012
-0.0421744
0.00113673
0.0368734
0.0599503
0.0694235
0.0728694
0.072227
-0.197322
-0.205455
-0.222589
-0.246872
-0.267433
-0.270253
-0.25892
-0.235219
-0.204869
-0.169445
-0.135971
-0.107342
-0.0831167
-0.0606137
-0.0414804
-0.0306763
-0.0272962
-0.0289864
-0.0298192
-0.030215
0.028071
0.0246201
0.0129593
-0.0112854
-0.0471759
-0.0853145
-0.114812
-0.131937
-0.135839
-0.129165
-0.117398
-0.102789
-0.087036
-0.0803008
-0.0773093
-0.0772592
-0.0820771
-0.085888
-0.0867297
-0.0868125
0.126712
0.124602
0.11555
0.0935406
0.056742
0.012588
-0.028677
-0.0614291
-0.0836542
-0.0966021
-0.104206
-0.10826
-0.10645
-0.103354
-0.100099
-0.100355
-0.103633
-0.106054
-0.106528
-0.106862
0.148978
0.147372
0.140504
0.123479
0.0943182
0.0573528
0.0184881
-0.0169952
-0.0465078
-0.071199
-0.0967383
-0.126289
-0.146096
-0.133338
-0.118495
-0.111313
-0.108645
-0.108468
-0.108344
-0.108632
0.139719
0.138559
0.133769
0.121855
0.101061
0.0733896
0.0418955
0.0104629
-0.0192625
-0.0487532
-0.0844879
-0.13341
-0.16211
-0.137603
-0.1145
-0.102572
-0.0984532
-0.0973949
-0.0970843
-0.0973
0.121549
0.120801
0.117684
0.109814
0.0957212
0.0761862
0.0526322
0.0276085
0.00241476
-0.0241572
-0.0565252
-0.0992111
-0.11653
-0.0945106
-0.0772845
-0.0720231
-0.0723492
-0.0736649
-0.0740352
-0.0741012
0.103036
0.102609
0.10072
0.0957891
0.0866705
0.0735794
0.0572377
0.0393396
0.0214402
0.00380405
-0.0147555
-0.0350281
-0.0379147
-0.0232819
-0.0212547
-0.0254054
-0.031124
-0.0342376
-0.034896
-0.0348529
0.0864645
0.0862818
0.0852547
0.0823811
0.0768279
0.0686006
0.0581886
0.0469701
0.0367983
0.030179
0.0310744
0.0382958
0.0585747
0.0549104
0.0436353
0.0317818
0.0233954
0.0200263
0.0192709
0.019042
0.0719638
0.0719083
0.0714421
0.0699608
0.0668971
0.0622552
0.0564826
0.0509566
0.0480389
0.0521906
0.0697885
0.099389
0.130235
0.120449
0.1001
0.0842962
0.0762663
0.0742823
0.07331
0.0724468
0.0586775
0.0587361
0.0586295
0.0580574
0.0567037
0.0545566
0.0521455
0.0508177
0.0532589
0.0649872
0.0931059
0.133228
0.165866
0.155909
0.13465
0.120637
0.115294
0.113419
0.112307
0.111497
0.0459568
0.0460631
0.0461666
0.0461675
0.0459272
0.0452813
0.0450572
0.0463342
0.0518287
0.0670743
0.0983525
0.138843
0.167681
0.157943
0.142588
0.135311
0.133717
0.133505
0.131981
0.130685
0.0333447
0.0334565
0.0336578
0.033906
0.0341815
0.0345288
0.0353587
0.0377417
0.0438748
0.0586459
0.0868624
0.120546
0.139647
0.130455
0.122227
0.122026
0.12444
0.125285
0.124134
0.123034
0.0207784
0.0208587
0.0210531
0.0213937
0.0218649
0.0224959
0.0235624
0.0257464
0.0306562
0.0417497
0.0623443
0.085122
0.095165
0.0886597
0.0860365
0.0901427
0.0950855
0.0963875
0.0953037
0.0941176
0.00854797
0.00860889
0.00868036
0.00884999
0.00906663
0.00946212
0.00993352
0.0107384
0.0123153
0.0155601
0.0224389
0.0328484
0.0416477
0.0417384
0.0381316
0.0411511
0.0448616
0.0472275
0.0465968
0.0451939
-0.714093
-0.149816
0.170503
0.385614
0.549841
0.675186
0.775612
0.861987
0.97085
0.968905
0.0929182
0.240151
0.400601
0.538022
0.651117
0.742799
0.818322
0.875967
0.899601
0.903845
0.356701
0.455926
0.563189
0.656545
0.73611
0.802375
0.855215
0.892402
0.915649
0.932779
0.54359
0.611978
0.686095
0.752605
0.810149
0.858495
0.897398
0.927255
0.950779
0.969505
0.683768
0.73489
0.786656
0.836286
0.879694
0.917066
0.948447
0.974219
0.995839
1.01421
0.797263
0.834497
0.875818
0.914686
0.949884
0.981008
1.00801
1.03072
1.0498
1.0676
0.894685
0.924894
0.960303
0.99348
1.0244
1.05236
1.07684
1.09737
1.11403
1.1314
0.984132
1.01261
1.04604
1.07766
1.10723
1.13399
1.15722
1.17631
1.19072
1.20786
1.0745
1.10547
1.14057
1.17318
1.20301
1.22946
1.25193
1.26985
1.2824
1.29966
1.17807
1.2138
1.25171
1.28582
1.31577
1.34141
1.36261
1.37919
1.39074
1.40858
1.30717
1.3462
1.38434
1.41739
1.44531
1.46884
1.48843
1.50391
1.51571
1.53396
1.46827
1.50429
1.53635
1.56311
1.58591
1.6064
1.62499
1.64101
1.6547
1.67257
1.65295
1.67799
1.69785
1.71635
1.734
1.75073
1.76659
1.78258
1.7997
1.81883
1.83962
1.85046
1.86318
1.87772
1.89133
1.9034
1.9143
1.92565
1.94105
1.96048
2.02151
2.03494
2.04
2.04102
2.04298
2.05034
2.06404
2.08164
2.09538
2.10672
2.29037
2.23979
2.19232
2.16074
2.14768
2.15223
2.17548
2.22053
2.28722
2.38134
0.745522
0.742513
0.736453
0.725527
0.713034
0.701722
0.692662
0.685903
0.681436
0.67954
0.680771
0.684758
0.690922
0.699208
0.70971
0.722029
0.734382
0.743094
0.747607
0.749772
0.673825
0.680472
0.685719
0.689335
0.690447
0.688811
0.685355
0.681561
0.678577
0.677265
0.678348
0.681389
0.68548
0.689708
0.692739
0.693271
0.690953
0.686576
0.680284
0.674459
0.663713
0.666674
0.670037
0.672526
0.674285
0.675467
0.675692
0.674943
0.67388
0.673428
0.674293
0.676036
0.677709
0.678501
0.678089
0.67684
0.674943
0.672075
0.668741
0.666454
0.657661
0.659085
0.661297
0.663568
0.665289
0.666482
0.667371
0.667956
0.668226
0.668539
0.669239
0.670006
0.670357
0.670162
0.669546
0.668411
0.666605
0.664385
0.662637
0.661553
0.652292
0.653111
0.654574
0.656347
0.658087
0.659561
0.660697
0.661637
0.662474
0.663245
0.663918
0.664298
0.664309
0.663955
0.663147
0.661875
0.660363
0.658849
0.657833
0.657166
0.647231
0.647785
0.648867
0.650279
0.65179
0.653294
0.654685
0.655894
0.656986
0.658007
0.658774
0.659125
0.659065
0.658571
0.657701
0.656627
0.655473
0.654403
0.653716
0.653247
0.642344
0.642759
0.643624
0.644833
0.646161
0.647569
0.649019
0.650436
0.651764
0.653
0.653929
0.654356
0.654294
0.653833
0.653127
0.652297
0.651416
0.65062
0.650117
0.64976
0.637566
0.637892
0.638605
0.639664
0.640898
0.64224
0.643682
0.645203
0.646743
0.648227
0.649367
0.649935
0.650001
0.649723
0.649232
0.64861
0.647946
0.647365
0.64699
0.646705
0.632808
0.633072
0.633678
0.634637
0.635811
0.637121
0.638577
0.640181
0.641903
0.643659
0.645074
0.64588
0.646183
0.646138
0.645868
0.64546
0.644994
0.644584
0.644305
0.644069
0.62798
0.6282
0.628732
0.629629
0.630766
0.632078
0.633586
0.635305
0.637227
0.639286
0.641053
0.642192
0.642794
0.643012
0.642977
0.642794
0.642514
0.642252
0.642048
0.641848
0.622992
0.623179
0.623662
0.624528
0.625665
0.62702
0.62862
0.630501
0.632678
0.635101
0.637305
0.638854
0.639808
0.640329
0.640552
0.640591
0.640502
0.640372
0.640229
0.640054
0.617754
0.617918
0.618371
0.619236
0.620414
0.621857
0.623596
0.625698
0.628202
0.631084
0.633819
0.635855
0.637221
0.638087
0.638601
0.638861
0.638975
0.638971
0.638879
0.638721
0.612172
0.612318
0.61276
0.613653
0.614914
0.616489
0.618429
0.620828
0.623747
0.627202
0.630583
0.633198
0.635045
0.636304
0.637143
0.637682
0.637989
0.638098
0.638048
0.637902
0.606138
0.60627
0.606718
0.607669
0.609055
0.610819
0.613031
0.615811
0.619259
0.623421
0.627583
0.630891
0.633306
0.635023
0.636229
0.637067
0.637593
0.637818
0.637806
0.637666
0.599523
0.599645
0.600113
0.601154
0.602714
0.60473
0.607297
0.610563
0.614671
0.619699
0.624809
0.628946
0.632036
0.634291
0.635919
0.637098
0.637868
0.638211
0.638235
0.638098
0.592176
0.59229
0.592791
0.593956
0.595744
0.598087
0.601105
0.604987
0.609915
0.616005
0.622259
0.627386
0.631273
0.634163
0.636295
0.63787
0.63891
0.639377
0.639433
0.639295
0.583905
0.584019
0.584555
0.585886
0.587961
0.590721
0.594317
0.598973
0.604919
0.612307
0.619939
0.626248
0.631073
0.634711
0.637448
0.639488
0.640823
0.641422
0.641508
0.641366
0.574398
0.574525
0.575156
0.576685
0.579133
0.582435
0.586765
0.592395
0.599609
0.608586
0.617873
0.625576
0.631509
0.636021
0.639471
0.642041
0.64372
0.64446
0.644575
0.644424
0.56338
0.563505
0.564254
0.566057
0.568983
0.572979
0.57824
0.585099
0.593888
0.604804
0.616071
0.625418
0.632651
0.638192
0.642461
0.645659
0.647719
0.648604
0.648744
0.648581
0.550367
0.550509
0.551417
0.55358
0.557129
0.562027
0.568492
0.576919
0.587676
0.600953
0.614574
0.625845
0.634575
0.641314
0.646533
0.650448
0.652922
0.653953
0.654112
0.653935
0.534718
0.534898
0.536034
0.538687
0.543065
0.549166
0.557217
0.56767
0.580904
0.597055
0.613448
0.626936
0.637372
0.645469
0.651779
0.656496
0.659409
0.660579
0.660747
0.660551
0.515493
0.515749
0.517232
0.520588
0.526129
0.533891
0.544087
0.557201
0.57356
0.59318
0.612794
0.628788
0.641143
0.650759
0.65826
0.663862
0.667213
0.668498
0.668661
0.668444
0.491301
0.491699
0.493733
0.498157
0.505422
0.515574
0.528752
0.545393
0.565678
0.589442
0.612729
0.631503
0.645954
0.657232
0.666016
0.672544
0.676293
0.677647
0.677787
0.677549
0.459835
0.46053
0.463532
0.46978
0.479818
0.493574
0.510992
0.532305
0.557457
0.586062
0.613451
0.635213
0.651885
0.664909
0.675067
0.682461
0.686501
0.687854
0.687948
0.687691
0.416982
0.418389
0.423457
0.433299
0.448169
0.467505
0.490899
0.518259
0.549282
0.583388
0.615194
0.640061
0.658998
0.673801
0.685312
0.693429
0.697564
0.698813
0.698842
0.698573
0.355079
0.359514
0.3701
0.38704
0.410126
0.437811
0.469175
0.503938
0.541687
0.581758
0.618143
0.64614
0.667303
0.683801
0.696487
0.705071
0.709048
0.710028
0.709974
0.709714
0.281372
0.28939
0.308701
0.336192
0.369839
0.406913
0.446842
0.489507
0.534571
0.581408
0.62331
0.655305
0.679396
0.698034
0.712129
0.721138
0.724935
0.725782
0.725777
0.725655
0.207371
0.220673
0.249054
0.286928
0.330592
0.376949
0.425473
0.476129
0.528619
0.582366
0.629972
0.666109
0.693253
0.714216
0.72984
0.738881
0.742158
0.742778
0.742791
0.742761
0.145899
0.163021
0.197069
0.242725
0.294562
0.349083
0.405509
0.46372
0.523336
0.583747
0.636794
0.676809
0.706738
0.729618
0.746154
0.755403
0.758486
0.759075
0.759162
0.759183
0.0954673
0.114636
0.153135
0.204579
0.262808
0.324075
0.387352
0.452369
0.518591
0.585283
0.643488
0.687152
0.719643
0.744349
0.76196
0.771402
0.774659
0.775484
0.775616
0.775679
0.0531522
0.0735734
0.1154
0.171456
0.23497
0.301886
0.371061
0.442104
0.514336
0.586878
0.649958
0.697095
0.732054
0.758525
0.777234
0.787369
0.791025
0.791981
0.79213
0.792218
0.0166713
0.0378965
0.0823816
0.142173
0.210128
0.281915
0.35627
0.432713
0.51045
0.588452
0.656142
0.706588
0.743916
0.772127
0.791929
0.802844
0.806868
0.807948
0.808093
0.80818
-0.0156311
0.00616384
0.0528096
0.115742
0.187474
0.263517
0.342501
0.423847
0.506668
0.58979
0.661851
0.715449
0.75501
0.784804
0.805698
0.817337
0.82175
0.822933
0.823063
0.823142
-0.044973
-0.0227541
0.0257093
0.0913549
0.166375
0.246168
0.329303
0.415135
0.50269
0.590669
0.666918
0.723517
0.765166
0.796381
0.818222
0.830511
0.835295
0.836537
0.836665
0.836722
-0.0723126
-0.0496496
0.000439799
0.0683897
0.146338
0.229462
0.316343
0.406294
0.498289
0.590911
0.671227
0.730725
0.77435
0.806893
0.829537
0.842226
0.847314
0.848613
0.848736
0.848766
-0.0981729
-0.0750363
-0.0235726
0.0464564
0.127004
0.213109
0.303382
0.397127
0.493294
0.590382
0.674702
0.737074
0.782606
0.816368
0.83966
0.852641
0.857866
0.859211
0.859317
0.859302
-0.122977
-0.0992961
-0.0467302
0.0252813
0.108122
0.196904
0.290258
0.387493
0.487577
0.588998
0.677302
0.742581
0.790025
0.824918
0.848749
0.861875
0.867141
0.868473
0.868582
0.868534
-0.146994
-0.122849
-0.0691242
0.00463598
0.0895337
0.180721
0.276859
0.377306
0.481068
0.586678
0.678997
0.747286
0.796709
0.832718
0.856976
0.870165
0.875382
0.876674
0.876736
0.87666
-0.170403
-0.145732
-0.0908969
-0.0155907
0.0711482
0.164484
0.263137
0.366522
0.473722
0.58337
0.679746
0.751219
0.802773
0.839952
0.864577
0.877707
0.882781
0.88399
0.884023
0.88392
-0.193267
-0.168033
-0.112157
-0.0354521
0.0529279
0.148183
0.24909
0.355134
0.465511
0.579031
0.679511
0.754395
0.808321
0.846772
0.871684
0.884614
0.889463
0.890534
0.890509
0.890377
-0.215576
-0.189854
-0.132957
-0.0549691
0.0348736
0.131827
0.234737
0.343171
0.456449
0.57364
0.678235
0.756793
0.813431
0.853345
0.878467
0.890985
0.895448
0.89632
0.896237
0.896099
-0.237392
-0.211135
-0.153277
-0.0741232
0.0170147
0.115457
0.220135
0.330685
0.446588
0.567189
0.675865
0.758357
0.818126
0.859843
0.885166
0.897013
0.900827
0.901409
0.901267
0.901123
-0.258622
-0.231842
-0.173076
-0.0928888
-0.000606367
0.0991434
0.205355
0.317754
0.435984
0.559695
0.672333
0.758984
0.822366
0.866394
0.892129
0.903066
0.905814
0.905879
0.905654
0.905528
-0.279281
-0.251936
-0.192349
-0.111215
-0.0179253
0.0829498
0.190486
0.304476
0.424714
0.551212
0.667585
0.758536
0.826018
0.873013
0.89976
0.909834
0.910947
0.909904
0.909447
0.909422
-0.299278
-0.271419
-0.211048
-0.129061
-0.0348899
0.0669549
0.175603
0.290929
0.412887
0.541815
0.661589
0.756849
0.828846
0.879479
0.90827
0.918324
0.917634
0.914432
0.912701
0.912468
-0.318678
-0.290259
-0.229126
-0.146375
-0.0514261
0.0512432
0.160827
0.277248
0.400627
0.531593
0.654352
0.753748
0.830529
0.885283
0.917268
0.929203
0.928233
0.922482
0.915423
0.89863
-0.337418
-0.308448
-0.24672
-0.163358
-0.0678266
0.0354895
0.145747
0.262981
0.38743
0.520034
0.64534
0.748665
0.830703
0.889943
0.925894
0.942071
0.943682
0.937182
0.922493
0.9372
-0.355618
-0.325962
-0.263769
-0.179977
-0.0840147
0.0197511
0.130369
0.248153
0.373286
0.507031
0.63434
0.740963
0.828601
0.892316
0.930909
0.950534
0.955817
0.946254
0.885395
0.869658
-0.373879
-0.343391
-0.280013
-0.195895
-0.0994297
0.00447387
0.114905
0.233023
0.358478
0.49278
0.621343
0.7302
0.823235
0.89155
0.927371
0.946314
0.942249
0.906014
0.838479
0.797897
-0.39289
-0.36171
-0.295033
-0.210813
-0.113693
-0.0101944
0.0997403
0.217765
0.343084
0.477284
0.606189
0.716147
0.812294
0.886411
0.93694
0.914747
0.886688
0.822095
0.750142
0.70663
0.0284578
0.143167
0.264399
0.393386
0.525913
0.646224
0.746516
0.584829
-0.413335
-0.394586
-0.356259
-0.285296
-0.195156
-0.0962923
0.0104564
0.124071
0.244499
0.37227
0.503666
0.62313
0.722154
0.801347
0.853955
0.809415
0.66562
0.576441
0.506751
-0.430764
-0.417719
-0.373218
-0.300789
-0.210272
-0.111179
-0.00493592
0.108184
0.227729
0.354096
0.483248
0.599298
0.692018
0.758668
0.755655
0.649941
0.504317
0.39739
0.307641
-0.453773
-0.44105
-0.39355
-0.320029
-0.229472
-0.130098
-0.0238117
0.0889627
0.207547
0.332263
0.458291
0.569204
0.651468
0.700896
0.661455
0.499337
0.333191
0.199461
0.0812407
-0.477001
-0.464108
-0.414993
-0.340156
-0.249246
-0.149873
-0.0438796
0.0681596
0.185507
0.308129
0.43053
0.535499
0.610745
0.632329
0.546321
0.353457
0.155964
-0.0224888
-0.189161
-0.49945
-0.487028
-0.437108
-0.361137
-0.269804
-0.170435
-0.0648724
0.0462854
0.162213
0.282387
0.400654
0.49888
0.564859
0.548176
0.418436
0.21828
0.000365633
-0.205968
-0.392596
-0.522512
-0.510356
-0.460116
-0.383406
-0.291733
-0.192304
-0.0870986
0.0232344
0.137676
0.255245
0.369121
0.459903
0.512139
0.473441
0.301586
0.105114
-0.104817
-0.301601
-0.423039
-0.462073
-0.54692
-0.534902
-0.484386
-0.407265
-0.315447
-0.216062
-0.111281
-0.00189331
0.110829
0.225387
0.33432
0.417247
0.453893
0.392222
0.197119
0.00946907
-0.169327
-0.303788
-0.349446
-0.373161
-0.572811
-0.560916
-0.510189
-0.432833
-0.341022
-0.241884
-0.137712
-0.0295394
0.0811102
0.192144
0.295421
0.370183
0.38644
0.287373
0.103878
-0.0693711
-0.220307
-0.302788
-0.322849
-0.328261
-0.600514
-0.588603
-0.537654
-0.460127
-0.368447
-0.269727
-0.166409
-0.059737
0.0484718
0.155498
0.252369
0.318578
0.305905
0.186137
0.0172893
-0.145536
-0.264162
-0.308164
-0.307764
-0.308835
-0.629932
-0.618114
-0.566809
-0.489153
-0.397717
-0.299589
-0.197367
-0.0924829
0.0129093
0.11547
0.205377
0.261414
0.23167
0.0909463
-0.0626369
-0.213898
-0.279024
-0.296867
-0.297886
-0.297511
-0.660921
-0.649117
-0.597554
-0.519826
-0.428742
-0.331415
-0.230528
-0.12775
-0.0255486
0.0721262
0.154681
0.198714
0.165803
0.00823167
-0.135342
-0.248449
-0.297792
-0.290804
-0.290637
-0.29065
-0.692989
-0.681112
-0.629623
-0.551892
-0.461331
-0.365026
-0.265748
-0.1654
-0.0667505
0.0257587
0.100553
0.135203
0.0877401
-0.0641361
-0.194088
-0.271284
-0.286998
-0.285907
-0.286015
-0.285833
-0.725633
-0.713674
-0.662443
-0.584924
-0.495115
-0.400087
-0.302728
-0.205139
-0.110424
-0.0232547
0.0437496
0.0670472
0.00167729
-0.126171
-0.238618
-0.257544
-0.274398
-0.281186
-0.282189
-0.282115
-0.757859
-0.745897
-0.695134
-0.618306
-0.529525
-0.436098
-0.341008
-0.246506
-0.156052
-0.0744787
-0.0139868
-0.0073824
-0.0752953
-0.181678
-0.254686
-0.305528
-0.287971
-0.282653
-0.280738
-0.280391
-0.787807
-0.776718
-0.72677
-0.650988
-0.563739
-0.472332
-0.379922
-0.28885
-0.202856
-0.127159
-0.0714568
-0.0747822
-0.147817
-0.231229
-0.280103
-0.286556
-0.285386
-0.282711
-0.281355
-0.280873
-0.814746
-0.803957
-0.755996
-0.681716
-0.596654
-0.507811
-0.418582
-0.331332
-0.249871
-0.179987
-0.129215
-0.133717
-0.214913
-0.287839
-0.295566
-0.295577
-0.296451
-0.29264
-0.289763
-0.28886
-0.836005
-0.825893
-0.78041
-0.709056
-0.626923
-0.541371
-0.455879
-0.372901
-0.29606
-0.231494
-0.186692
-0.187275
-0.265427
-0.36753
-0.416789
-0.382971
-0.344079
-0.321876
-0.313638
-0.309987
-0.84958
-0.840543
-0.798321
-0.730917
-0.652924
-0.571618
-0.490607
-0.412333
-0.340281
-0.280343
-0.240251
-0.231561
-0.290655
-0.405566
-0.488029
-0.40968
-0.363525
-0.345148
-0.335875
-0.330999
-0.852868
-0.845491
-0.807695
-0.745514
-0.672837
-0.597035
-0.52142
-0.44839
-0.381293
-0.325404
-0.285797
-0.255237
-0.250004
-0.247773
-0.346684
-0.30884
-0.30148
-0.300178
-0.299425
-0.299534
-0.84407
-0.838144
-0.806235
-0.750971
-0.685199
-0.616169
-0.546997
-0.479912
-0.418019
-0.36575
-0.322631
-0.262761
-0.143863
0.0703126
0.0851196
-0.0685076
-0.19042
-0.240761
-0.26129
-0.26878
-0.819808
-0.815619
-0.791241
-0.745883
-0.689024
-0.628051
-0.566276
-0.505703
-0.449584
-0.401183
-0.360604
-0.294473
-0.151846
0.113164
0.150957
-0.0922291
-0.259518
-0.327544
-0.35379
-0.36463
-0.783394
-0.780809
-0.764775
-0.730421
-0.684426
-0.632576
-0.57878
-0.525056
-0.474637
-0.432827
-0.4024
-0.405514
-0.565355
-0.955249
-1.14198
-1.03864
-0.814661
-0.685402
-0.647654
-0.638661
-0.741445
-0.739815
-0.731829
-0.708457
-0.67351
-0.63079
-0.584692
-0.537478
-0.492187
-0.455459
-0.438864
-0.530458
-0.876168
-1.36252
-1.56117
-1.32286
-0.98625
-0.854836
-0.793221
-0.769053
-0.703988
-0.70294
-0.699364
-0.686226
-0.660152
-0.624951
-0.585287
-0.542551
-0.500133
-0.463013
-0.449811
-0.444424
-0.516974
-0.503321
-0.448151
-0.432236
-0.525551
-0.55133
-0.518405
-0.495935
-0.677435
-0.676869
-0.67462
-0.668024
-0.648842
-0.619107
-0.582673
-0.54175
-0.497547
-0.454853
-0.419372
-0.387995
-0.365115
-0.312977
-0.306804
-0.36666
-0.480754
-0.508538
-0.441296
-0.377635
-0.657775
-0.657305
-0.656437
-0.654065
-0.641699
-0.615699
-0.579491
-0.537319
-0.490435
-0.439515
-0.392759
-0.38534
-0.299211
-0.120915
0.0529702
0.182871
0.231793
0.240105
0.252365
0.269313
-0.645953
-0.645745
-0.64525
-0.64388
-0.637701
-0.614714
-0.577494
-0.531725
-0.478666
-0.419565
-0.359191
-0.302975
-0.190103
0.0583149
0.311438
0.524152
0.638715
0.697275
0.732695
0.746868
-0.638879
-0.638761
-0.638333
-0.638151
-0.636022
-0.616658
-0.577063
-0.525586
-0.464719
-0.396055
-0.314777
-0.235672
-0.0827836
0.174433
0.425375
0.634331
0.78116
0.901846
0.995637
1.04815
-0.635019
-0.635111
-0.635458
-0.636318
-0.63658
-0.62061
-0.57816
-0.520919
-0.454015
-0.373291
-0.279646
-0.183329
-0.0212032
0.258837
0.551597
0.819577
1.04316
1.21071
1.32423
1.37969
-0.628533
-0.629212
-0.630783
-0.633422
-0.634261
-0.62024
-0.578695
-0.520202
-0.44623
-0.355381
-0.255215
-0.150766
-0.0132452
0.260705
0.587838
0.905644
1.17504
1.36729
1.4752
1.51725
-0.623174
-0.623639
-0.620839
-0.613535
-0.606127
-0.602766
-0.579737
-0.525456
-0.444989
-0.347687
-0.241643
-0.127788
-0.0143074
0.231178
0.543069
0.823933
1.0672
1.2375
1.32727
1.36005
-0.652357
-0.650373
-0.63928
-0.615114
-0.598519
-0.605097
-0.602129
-0.542208
-0.450531
-0.343787
-0.233215
-0.12552
-0.0259433
0.160336
0.418215
0.655682
0.852928
0.986131
1.05325
1.07629
-0.736236
-0.733065
-0.735924
-0.746609
-0.750129
-0.742093
-0.687606
-0.577136
-0.457856
-0.340829
-0.229187
-0.129316
-0.0385062
0.0787793
0.2833
0.467791
0.62174
0.722537
0.770747
0.786829
-0.856243
-0.859765
-0.889891
-0.927278
-0.935963
-0.902106
-0.778598
-0.608695
-0.458321
-0.333203
-0.225498
-0.137939
-0.064126
0.0112625
0.160072
0.299467
0.412572
0.485369
0.518464
0.525268
-0.869216
-0.87917
-0.910223
-0.944025
-0.951778
-0.906112
-0.762266
-0.58396
-0.432472
-0.312843
-0.216628
-0.142617
-0.0843328
-0.0365897
0.064473
0.164429
0.240344
0.287547
0.308243
0.313737
-0.67789
-0.689444
-0.718144
-0.751749
-0.764568
-0.722187
-0.604812
-0.47784
-0.36501
-0.271921
-0.195709
-0.13842
-0.0935781
-0.0596867
0.00100027
0.0599329
0.104335
0.130629
0.140253
0.142626
-0.351987
-0.359662
-0.377079
-0.401375
-0.42085
-0.413496
-0.375647
-0.323647
-0.269493
-0.216829
-0.16753
-0.127289
-0.093775
-0.0680021
-0.0361333
-0.0100152
0.00641553
0.0134134
0.0150312
0.0152537
-0.0657629
-0.0692711
-0.0783194
-0.097596
-0.125717
-0.154555
-0.174317
-0.181165
-0.175491
-0.159206
-0.137612
-0.115087
-0.092479
-0.0765916
-0.0648338
-0.0576195
-0.056912
-0.0607774
-0.063347
-0.0635571
0.0916614
0.0897648
0.0843184
0.0680229
0.0366634
-0.00600284
-0.0477511
-0.0808657
-0.101755
-0.110885
-0.111678
-0.107185
-0.0977318
-0.0915969
-0.0906043
-0.0903554
-0.0938266
-0.0980492
-0.0998801
-0.0999229
0.144702
0.143497
0.139395
0.126161
0.0993516
0.0608333
0.0187479
-0.020197
-0.0514236
-0.0740746
-0.0917979
-0.108419
-0.121834
-0.12207
-0.113698
-0.107333
-0.107044
-0.108338
-0.108991
-0.109128
0.146803
0.146013
0.142998
0.133387
0.113695
0.0845254
0.0501579
0.0150004
-0.0173982
-0.0460696
-0.0750474
-0.112136
-0.152405
-0.152604
-0.130825
-0.114609
-0.10702
-0.10499
-0.10437
-0.104265
0.13118
0.13072
0.128675
0.122201
0.108727
0.0881287
0.0623455
0.0340357
0.00573981
-0.0219717
-0.0531568
-0.0963883
-0.142186
-0.133336
-0.108302
-0.0931445
-0.0877858
-0.0871376
-0.0872262
-0.0871922
0.112176
0.111953
0.110672
0.106555
0.0977602
0.0838636
0.0657209
0.0448399
0.0231362
0.0013316
-0.0225561
-0.0530384
-0.0798972
-0.0667229
-0.0537926
-0.0502327
-0.0521181
-0.0552196
-0.0566714
-0.0567618
0.0944648
0.0944024
0.0936862
0.0912517
0.0858104
0.0769117
0.0649429
0.0508805
0.0363764
0.0227526
0.0124507
0.00491164
0.00238157
0.0129277
0.014742
0.00743746
-0.0015235
-0.00690416
-0.00866952
-0.00897761
0.0789606
0.0789665
0.0786534
0.0773406
0.074238
0.0689561
0.0617483
0.0534572
0.045826
0.0414493
0.0456852
0.0612659
0.0830308
0.0946737
0.0818515
0.0664666
0.0547475
0.0493782
0.0478526
0.0469384
0.0651564
0.0652409
0.065149
0.0645938
0.0630762
0.060339
0.0566507
0.052823
0.0507826
0.053963
0.0696711
0.101263
0.138377
0.151392
0.129926
0.111457
0.100672
0.0965998
0.0952609
0.0942169
0.0522217
0.0523297
0.0523921
0.0523198
0.0518331
0.0507764
0.0494656
0.0487192
0.0504582
0.0584652
0.0803611
0.118392
0.15891
0.173746
0.151391
0.135742
0.12946
0.127413
0.126521
0.124855
0.0396047
0.0397195
0.0398634
0.0400425
0.0401301
0.0400909
0.0402026
0.0411947
0.0448081
0.0545497
0.0772796
0.113349
0.148092
0.156441
0.14068
0.132098
0.130925
0.132322
0.131863
0.130389
0.0269932
0.0270872
0.0272124
0.0274471
0.0278628
0.0283239
0.0290436
0.0306119
0.0343555
0.0430798
0.0620255
0.0904242
0.114435
0.116284
0.107538
0.10649
0.110498
0.11308
0.112872
0.111431
0.0145722
0.014637
0.0147175
0.0149533
0.0153351
0.0158738
0.0165684
0.0177601
0.0202662
0.0256891
0.0372472
0.0546589
0.0683849
0.0691688
0.0625696
0.066256
0.0704161
0.0745833
0.0741507
0.0726912
0.0085861
0.00863404
0.00874842
0.00894894
0.00925761
0.00968043
0.0102764
0.0113711
0.0136428
0.0184181
0.027334
0.0384506
0.0430204
0.0389321
0.0390833
0.0431768
0.0468167
0.0469186
0.0461264
0.0121612
-0.361998
-0.0204336
0.197478
0.386155
0.538431
0.659524
0.756023
0.838081
0.897916
0.893408
0.134324
0.285627
0.426099
0.547084
0.650353
0.736365
0.807117
0.862141
0.895592
0.907863
0.395905
0.491812
0.585121
0.669038
0.741853
0.803709
0.854419
0.893158
0.920654
0.939501
0.574793
0.638894
0.706136
0.768063
0.821287
0.867174
0.905547
0.936539
0.961445
0.979344
0.711048
0.757158
0.808897
0.8546
0.895806
0.932025
0.963383
0.989875
1.01195
1.02741
0.821948
0.859229
0.899639
0.936365
0.970518
1.00149
1.02894
1.05249
1.07214
1.08494
0.918943
0.951126
0.985716
1.01881
1.04989
1.07853
1.10408
1.12587
1.1436
1.15403
1.00959
1.04073
1.07479
1.10794
1.13879
1.16697
1.19178
1.21254
1.2287
1.23727
1.10411
1.13881
1.17549
1.21081
1.24262
1.27079
1.2949
1.3146
1.32935
1.3373
1.21677
1.25705
1.29621
1.33295
1.36468
1.3917
1.41423
1.43243
1.44609
1.45515
1.36051
1.40315
1.44077
1.47441
1.50238
1.52613
1.54671
1.56409
1.57793
1.58905
1.5383
1.57587
1.60385
1.62817
1.64917
1.66843
1.68666
1.7038
1.71969
1.7342
1.73595
1.75696
1.77185
1.78763
1.80389
1.81918
1.83289
1.84614
1.86163
1.87999
1.92653
1.9337
1.94424
1.95578
1.96569
1.97488
1.98512
1.99621
2.00782
2.01668
2.13956
2.14132
2.13339
2.11688
2.10573
2.10515
2.1173
2.1419
2.17602
2.20055
2.5592
2.36531
2.26426
2.20638
2.17724
2.17061
2.1858
2.22662
2.30247
2.44542
-0.377212
-0.381716
-0.342
-0.269529
-0.178896
-0.0791781
0.839422
0.905893
0.897141
0.814365
0.739619
0.665762
0.43736
0.215492
-0.0537516
-0.409204
-0.757167
)
;

boundaryField
{
    wall-4
    {
        type            zeroGradient;
    }
    pressure-outlet-7
    {
        type            fixedValue;
        value           uniform 0;
    }
    velocity-inlet-6
    {
        type            zeroGradient;
    }
    velocity-inlet-5
    {
        type            zeroGradient;
    }
    frontAndBackPlanes
    {
        type            empty;
    }
}


// ************************************************************************* //
