/*--------------------------------*- C++ -*----------------------------------*\
  =========                 |
  \\      /  F ield         | OpenFOAM: The Open Source CFD Toolbox
   \\    /   O peration     | Website:  https://openfoam.org
    \\  /    A nd           | Version:  10
     \\/     M anipulation  |
\*---------------------------------------------------------------------------*/
FoamFile
{
    format      ascii;
    class       volScalarField;
    location    "34";
    object      p;
}
// * * * * * * * * * * * * * * * * * * * * * * * * * * * * * * * * * * * * * //

dimensions      [0 2 -2 0 0 0 0];

internalField   nonuniform List<scalar> 
8800
(
1.12157
1.07378
1.03509
1.00608
0.985209
0.97036
0.959737
0.952222
0.947357
0.945237
0.946421
0.950544
0.957133
0.966405
0.979153
0.996866
1.02163
1.05556
1.0981
1.1568
0.952832
0.96051
0.967973
0.971277
0.969765
0.964675
0.95817
0.952067
0.947302
0.944397
0.94404
0.946463
0.950884
0.956777
0.963508
0.969758
0.973379
0.972631
0.967197
0.9585
0.931255
0.937414
0.941536
0.944471
0.946507
0.947094
0.945961
0.94382
0.941751
0.940766
0.941639
0.94394
0.946674
0.948803
0.94937
0.948141
0.945776
0.942366
0.937799
0.934036
0.925486
0.928134
0.93088
0.933273
0.934895
0.936035
0.936747
0.936822
0.936467
0.936332
0.936985
0.938064
0.938826
0.938829
0.938171
0.937041
0.935195
0.932601
0.930186
0.928681
0.920161
0.921584
0.923358
0.92538
0.92715
0.928469
0.929425
0.930173
0.930718
0.931185
0.93172
0.932107
0.932114
0.931751
0.930992
0.929692
0.927955
0.926076
0.924752
0.923921
0.915156
0.916075
0.917313
0.918871
0.920489
0.921991
0.923242
0.924255
0.925139
0.925918
0.926468
0.926662
0.926505
0.925968
0.925006
0.923737
0.922355
0.921053
0.920211
0.919662
0.910343
0.911012
0.911972
0.913269
0.914666
0.916102
0.917506
0.918771
0.919879
0.920851
0.921504
0.921705
0.921472
0.920835
0.919921
0.918883
0.917794
0.916815
0.916208
0.915806
0.90568
0.906194
0.906979
0.908108
0.909377
0.910731
0.912143
0.913555
0.914883
0.916059
0.916861
0.917121
0.916901
0.916346
0.9156
0.914753
0.913879
0.913123
0.912664
0.912352
0.901102
0.901509
0.902168
0.903179
0.90438
0.905689
0.907094
0.90858
0.910083
0.911491
0.912485
0.912878
0.912799
0.912417
0.911851
0.911177
0.910474
0.909892
0.90954
0.909291
0.89654
0.896869
0.897441
0.898379
0.899537
0.900831
0.902261
0.903823
0.905483
0.907136
0.908384
0.909008
0.90915
0.90897
0.908584
0.908086
0.907535
0.907088
0.906818
0.906614
0.891917
0.892186
0.892698
0.893596
0.89474
0.896058
0.897554
0.899231
0.90107
0.902992
0.904575
0.905519
0.90593
0.90597
0.90577
0.905437
0.905032
0.904702
0.904497
0.904327
0.887171
0.887391
0.887864
0.888756
0.889931
0.891319
0.892928
0.894788
0.896897
0.899178
0.901166
0.902464
0.903164
0.903442
0.90344
0.903262
0.90299
0.902758
0.902608
0.902464
0.882238
0.882418
0.88287
0.883779
0.885022
0.886515
0.888276
0.890364
0.8928
0.895528
0.898018
0.899759
0.900814
0.901378
0.901605
0.901602
0.901461
0.901318
0.901213
0.901091
0.877045
0.877188
0.877633
0.878584
0.879925
0.881564
0.883529
0.88591
0.888764
0.892063
0.895162
0.897428
0.898914
0.899818
0.900312
0.900512
0.90051
0.900456
0.900395
0.900289
0.87152
0.871632
0.872079
0.873089
0.874563
0.876395
0.878639
0.881401
0.884756
0.888726
0.892599
0.895558
0.897572
0.898866
0.899641
0.900069
0.900227
0.900273
0.900257
0.900167
0.865577
0.865644
0.866104
0.867197
0.868847
0.870929
0.873522
0.876782
0.880836
0.885708
0.890498
0.894207
0.896835
0.898619
0.899766
0.900435
0.90079
0.900941
0.900967
0.900887
0.859028
0.859096
0.859571
0.860738
0.862563
0.864926
0.867938
0.871778
0.876615
0.882525
0.888482
0.893217
0.896638
0.899032
0.900676
0.901716
0.902319
0.902601
0.902673
0.902601
0.85165
0.851691
0.852205
0.853479
0.855564
0.858328
0.861912
0.866556
0.87247
0.879741
0.887084
0.892958
0.897262
0.900359
0.902579
0.904066
0.904976
0.905418
0.905534
0.90546
0.843126
0.843154
0.843728
0.845152
0.84754
0.850791
0.855076
0.860688
0.867895
0.876812
0.885882
0.893205
0.89865
0.902625
0.905533
0.907544
0.908841
0.909466
0.90962
0.909536
0.832913
0.83294
0.833604
0.835269
0.83809
0.842014
0.84725
0.854165
0.863058
0.874038
0.885183
0.894181
0.900912
0.905897
0.909608
0.912227
0.913939
0.91475
0.914942
0.914841
0.82035
0.820379
0.821195
0.823239
0.826714
0.831594
0.83813
0.846756
0.857801
0.871335
0.884965
0.895948
0.90418
0.910319
0.914918
0.918225
0.920367
0.921364
0.921589
0.921465
0.804659
0.804696
0.805744
0.808366
0.812801
0.819033
0.82735
0.838247
0.852034
0.868697
0.885295
0.898581
0.908541
0.915992
0.921609
0.925647
0.928243
0.929428
0.929686
0.929541
0.784742
0.784796
0.78621
0.789728
0.795607
0.803794
0.814607
0.828546
0.845837
0.866312
0.886362
0.902269
0.914176
0.923102
0.929842
0.934711
0.937798
0.939168
0.939451
0.939279
0.758882
0.75898
0.761025
0.765991
0.774134
0.785193
0.799547
0.817548
0.839247
0.864276
0.888291
0.907132
0.921189
0.931766
0.939755
0.945577
0.949185
0.950723
0.951017
0.950813
0.724055
0.724293
0.727621
0.735235
0.747153
0.762666
0.782048
0.80541
0.832549
0.862886
0.891324
0.913343
0.92972
0.942074
0.951491
0.95833
0.962447
0.96412
0.964399
0.964156
0.674445
0.675564
0.682226
0.695286
0.713746
0.736115
0.762442
0.792597
0.826176
0.862452
0.895636
0.920999
0.9398
0.954047
0.964981
0.972867
0.977466
0.979233
0.97946
0.979167
0.601131
0.608669
0.624028
0.647201
0.675374
0.706901
0.741753
0.779762
0.820527
0.863331
0.901732
0.930848
0.952464
0.968974
0.981726
0.990861
0.99613
0.998154
0.998435
0.9982
0.522594
0.539934
0.564697
0.598422
0.636699
0.677571
0.721069
0.767171
0.815591
0.865737
0.910481
0.944503
0.969948
0.989511
1.00468
1.01567
1.02189
1.02417
1.02457
1.02452
0.457794
0.477978
0.51058
0.553015
0.600084
0.649705
0.701529
0.755525
0.811407
0.868627
0.919382
0.957929
0.986783
1.00893
1.02592
1.03797
1.04498
1.04795
1.04835
1.04837
0.405027
0.426967
0.464781
0.513393
0.567332
0.624201
0.683338
0.744553
0.807423
0.871344
0.927682
0.970272
1.00197
1.02608
1.04444
1.05768
1.06584
1.06875
1.06927
1.06936
0.361419
0.38441
0.425753
0.479138
0.538541
0.601341
0.666725
0.734325
0.803547
0.873629
0.935078
0.981213
1.01531
1.04109
1.06071
1.07485
1.08357
1.0869
1.08761
1.08773
0.324347
0.347967
0.391972
0.449052
0.512891
0.580695
0.65149
0.724743
0.79971
0.875428
0.941505
0.990778
1.02691
1.05403
1.07455
1.0893
1.09844
1.10221
1.10311
1.10325
0.291768
0.315819
0.361876
0.421976
0.489534
0.561641
0.637199
0.715535
0.795745
0.876655
0.946986
0.999072
1.03695
1.06514
1.08631
1.10152
1.11091
1.11502
1.11605
1.11618
0.262164
0.286624
0.334351
0.397007
0.467764
0.543619
0.623428
0.706379
0.791431
0.877207
0.951547
1.00626
1.04571
1.07483
1.09648
1.11201
1.12161
1.12588
1.12694
1.12702
0.234598
0.259436
0.308674
0.373509
0.447056
0.526222
0.60984
0.697008
0.786579
0.876986
0.955206
1.01247
1.05344
1.08341
1.10552
1.12122
1.13089
1.13524
1.13636
1.13642
0.208317
0.233587
0.284221
0.351005
0.427038
0.509151
0.596203
0.687242
0.781047
0.875907
0.957973
1.01783
1.06038
1.09123
1.11379
1.1297
1.13938
1.14371
1.14489
1.14498
0.183039
0.208744
0.260471
0.329174
0.407438
0.492204
0.582364
0.676958
0.774736
0.873911
0.959853
1.02244
1.06668
1.09853
1.12162
1.13774
1.14746
1.15173
1.15285
1.15289
0.158391
0.184691
0.237435
0.307822
0.388089
0.475246
0.568224
0.666081
0.767582
0.870943
0.960834
1.02634
1.07249
1.10549
1.12921
1.14561
1.15538
1.15958
1.16056
1.16053
0.134288
0.161062
0.214954
0.286835
0.368907
0.458212
0.553736
0.654577
0.759553
0.866967
0.960891
1.02955
1.07786
1.11219
1.13667
1.15339
1.16317
1.16724
1.1681
1.16798
0.110652
0.137996
0.192889
0.266153
0.349865
0.441094
0.5389
0.642445
0.750641
0.861947
0.959954
1.03202
1.08278
1.1187
1.14404
1.16109
1.1708
1.17466
1.17536
1.17518
0.0874061
0.115371
0.171219
0.245771
0.330955
0.423906
0.523748
0.629723
0.740862
0.855847
0.957934
1.03365
1.08725
1.12503
1.15138
1.16874
1.17829
1.18183
1.18235
1.18212
0.0645658
0.0932105
0.149994
0.225719
0.312224
0.406692
0.508338
0.616464
0.730252
0.848648
0.954756
1.03435
1.09116
1.13123
1.15878
1.17637
1.18554
1.18864
1.18897
1.18869
0.0423043
0.0715858
0.129258
0.20604
0.293722
0.38953
0.49274
0.602751
0.71888
0.840385
0.950358
1.03396
1.09438
1.13727
1.16642
1.18417
1.1926
1.19501
1.1951
1.19479
0.0206581
0.0505422
0.109045
0.186794
0.275515
0.372485
0.477051
0.588673
0.706835
0.8311
0.94469
1.03233
1.0967
1.14304
1.17447
1.19257
1.19975
1.20092
1.20064
1.20037
-0.000430412
0.0301271
0.0893985
0.168026
0.257672
0.355644
0.461363
0.57434
0.694222
0.820869
0.937719
1.02931
1.09784
1.14825
1.18301
1.20232
1.20799
1.20686
1.20561
1.20557
-0.0207805
0.0103697
0.0703827
0.149805
0.240256
0.339093
0.445774
0.559867
0.681162
0.8098
0.929462
1.02477
1.0975
1.15236
1.19163
1.21404
1.21945
1.21534
1.2114
1.2105
-0.0404804
-0.00871778
0.0519822
0.132108
0.223236
0.322785
0.430227
0.545192
0.667585
0.797822
0.91979
1.01845
1.09534
1.15463
1.19923
1.22725
1.23604
1.23206
1.22176
1.20518
-0.0594528
-0.0271241
0.0340765
0.114742
0.206318
0.306379
0.414296
0.52982
0.652937
0.784272
0.90802
1.0095
1.09069
1.15396
1.20327
1.23818
1.25135
1.24142
1.22358
1.20718
-0.0775193
-0.0449779
0.016855
0.0979472
0.189805
0.290229
0.398211
0.514084
0.637541
0.769442
0.894304
0.997566
1.08302
1.14931
1.19867
1.23347
1.25004
1.2309
1.16094
1.1283
-0.0940211
-0.063459
0.000647795
0.0823168
0.174419
0.27483
0.382271
0.498215
0.621619
0.753472
0.878631
0.982461
1.07121
1.14059
1.18133
1.20812
1.20866
1.15839
1.08754
1.04345
-0.150398
-0.0797173
-0.0142624
0.0667401
0.158694
0.258769
0.366414
0.481936
0.604817
0.735939
0.860464
0.963795
1.05187
1.12846
1.13328
1.14663
1.10974
1.0446
0.96801
0.92494
-0.11188
-0.0957987
-0.0360455
0.0446803
0.135819
0.235636
0.34229
0.457004
0.578662
0.707968
0.829875
0.93076
1.01028
1.08764
1.0835
0.978614
0.876078
0.804719
0.73153
0.765766
-0.143388
-0.113945
-0.0532873
0.0268348
0.118035
0.217524
0.324359
0.438367
0.558853
0.686184
0.805
0.901782
0.973742
1.01446
0.970272
0.82711
0.700216
0.609505
0.509714
0.563463
-0.167732
-0.135332
-0.073421
0.00699534
0.0982842
0.197632
0.304322
0.417426
0.536423
0.661242
0.776226
0.867412
0.929806
0.939173
0.836844
0.663807
0.509507
0.389138
0.256443
0.291598
-0.19157
-0.157614
-0.0944911
-0.0132165
0.078261
0.17748
0.283634
0.39572
0.513059
0.635052
0.745432
0.830378
0.877795
0.855585
0.700064
0.501506
0.307409
0.132358
-0.063423
-0.0757296
-0.214748
-0.180396
-0.116376
-0.0343482
0.0573559
0.156396
0.261907
0.372876
0.488328
0.607166
0.712403
0.790238
0.820603
0.76361
0.57011
0.355798
0.132413
-0.0656876
-0.318898
-0.637386
-0.238222
-0.203885
-0.139346
-0.056805
0.0351395
0.134059
0.239005
0.348843
0.462333
0.577817
0.67775
0.747389
0.760223
0.6526
0.457442
0.243486
0.0330158
-0.145836
-0.213431
-0.305497
-0.262889
-0.228542
-0.163735
-0.0809307
0.0111229
0.109837
0.214131
0.322679
0.433915
0.545573
0.639794
0.699506
0.687408
0.54525
0.358064
0.163845
-0.00267727
-0.0972054
-0.121096
-0.138258
-0.289078
-0.254687
-0.189708
-0.106806
-0.0148188
0.0835316
0.186945
0.293914
0.402502
0.509727
0.597755
0.645133
0.613706
0.445441
0.268119
0.100156
-0.0296557
-0.0680054
-0.0825083
-0.0842716
-0.316998
-0.282482
-0.217324
-0.134413
-0.0426235
0.0551518
0.157447
0.262515
0.368035
0.470279
0.55137
0.585416
0.536889
0.352041
0.184194
0.0344955
-0.0473196
-0.0630535
-0.0644944
-0.0644866
-0.346687
-0.31193
-0.246598
-0.163733
-0.0722871
0.0247289
0.125654
0.228491
0.330533
0.427329
0.500535
0.523724
0.440754
0.265835
0.10605
-0.0174393
-0.0521276
-0.0547883
-0.0550809
-0.0545442
-0.377845
-0.342888
-0.277402
-0.194657
-0.103698
-0.00765491
0.091628
0.191898
0.290039
0.380971
0.445875
0.453345
0.346549
0.185076
0.0423316
-0.0380103
-0.0471477
-0.0488478
-0.0494813
-0.0491992
-0.409898
-0.374859
-0.309468
-0.226947
-0.136643
-0.0418073
0.0555589
0.152911
0.24676
0.331434
0.388365
0.379021
0.261342
0.11243
-0.00992558
-0.0316695
-0.0446229
-0.046419
-0.0452629
-0.0447115
-0.442395
-0.407357
-0.342291
-0.260188
-0.170744
-0.0773663
0.0177732
0.111862
0.20104
0.279318
0.32777
0.30695
0.18111
0.045519
-0.0491444
-0.0794377
-0.0572372
-0.0442279
-0.0407505
-0.0397741
-0.474489
-0.439691
-0.375067
-0.293733
-0.205427
-0.113804
-0.0212137
0.0692899
0.153424
0.225315
0.264394
0.238273
0.109268
-0.0110358
-0.0857182
-0.0658164
-0.0570589
-0.0499227
-0.0438811
-0.0409787
-0.504614
-0.470696
-0.406906
-0.326681
-0.239876
-0.15035
-0.0606546
0.0259657
0.10475
0.169973
0.203522
0.164569
0.0470911
-0.0553313
-0.126478
-0.108495
-0.0818232
-0.0629587
-0.0559684
-0.0531194
-0.531368
-0.498415
-0.436684
-0.357884
-0.273022
-0.185967
-0.0995483
-0.0171113
0.0562653
0.114091
0.147835
0.086288
-0.0098689
-0.0449192
-0.0543607
-0.0924812
-0.105098
-0.107934
-0.107985
-0.106243
-0.552757
-0.521644
-0.462302
-0.38591
-0.303546
-0.219418
-0.136592
-0.058653
0.00934121
0.0590735
0.0926657
0.0095236
-0.0874329
-0.0425925
-0.0352763
-0.150814
-0.238014
-0.271466
-0.268711
-0.261695
-0.566801
-0.538324
-0.482209
-0.408961
-0.329814
-0.249193
-0.170286
-0.0969835
-0.0345798
0.00745775
0.0347691
-0.0773772
-0.253979
-0.410839
-0.418074
-0.435179
-0.480892
-0.486878
-0.470854
-0.465344
-0.57106
-0.54646
-0.494586
-0.42532
-0.350096
-0.27355
-0.198822
-0.13007
-0.0734768
-0.0382445
-0.0251212
-0.183932
-0.412061
-0.678432
-0.647342
-0.557668
-0.555533
-0.539424
-0.536412
-0.537012
-0.563923
-0.543815
-0.497441
-0.433424
-0.362832
-0.290757
-0.220229
-0.155615
-0.104017
-0.0757256
-0.084525
-0.240307
-0.338408
-0.220048
-0.067098
-0.29167
-0.514444
-0.553459
-0.559997
-0.55974
-0.543484
-0.527749
-0.489249
-0.432095
-0.36694
-0.299443
-0.232738
-0.171045
-0.121989
-0.0986439
-0.119289
-0.257033
-0.462404
-0.64278
-0.881421
-1.27006
-1.22091
-0.940446
-0.761877
-0.753258
-0.511205
-0.50058
-0.470336
-0.421465
-0.362163
-0.29902
-0.23511
-0.174407
-0.123907
-0.0975834
-0.123411
-0.311903
-0.804211
-1.57639
-2.14612
-2.44471
-2.35242
-2.01413
-1.67468
-1.49055
-0.471829
-0.46565
-0.444358
-0.403571
-0.349946
-0.290166
-0.227222
-0.164761
-0.108168
-0.0690693
-0.0755701
-0.208011
-0.515165
-0.874168
-1.21085
-1.33596
-1.20042
-0.953765
-0.73448
-0.601275
-0.432112
-0.428672
-0.416116
-0.382885
-0.333341
-0.275134
-0.211085
-0.142891
-0.0749458
-0.0069069
0.0447347
0.113733
0.222811
0.46304
0.768678
1.09624
1.38109
1.57749
1.69274
1.73937
-0.398361
-0.396328
-0.389732
-0.363842
-0.317246
-0.25766
-0.190093
-0.114334
-0.0296967
0.0639819
0.183596
0.33593
0.687166
1.22843
1.82593
2.37197
2.78786
3.03637
3.14442
3.17437
-0.367291
-0.366734
-0.364818
-0.347154
-0.30356
-0.241941
-0.169686
-0.0878008
0.00601706
0.115145
0.238662
0.373871
0.632694
1.15777
1.71746
2.22357
2.59575
2.8139
2.91524
2.94496
-0.340285
-0.339865
-0.339547
-0.329294
-0.290739
-0.227961
-0.152058
-0.0665719
0.0278844
0.136525
0.251225
0.376938
0.541492
0.941026
1.41063
1.80761
2.11097
2.29008
2.37164
2.39438
-0.318173
-0.316783
-0.31642
-0.311534
-0.277481
-0.213323
-0.134817
-0.0488873
0.0433734
0.147975
0.255601
0.365813
0.48201
0.729147
1.07681
1.37243
1.59541
1.72415
1.78095
1.79465
-0.307048
-0.307046
-0.309294
-0.304646
-0.265701
-0.19472
-0.113232
-0.0289535
0.0587666
0.154355
0.246861
0.332312
0.415359
0.573538
0.806211
1.00826
1.15924
1.24776
1.28776
1.29553
-0.285329
-0.289761
-0.294458
-0.285738
-0.240482
-0.163286
-0.0827364
-0.00410149
0.0744465
0.156646
0.233421
0.29827
0.362148
0.456427
0.610797
0.744255
0.840553
0.896036
0.918617
0.922205
-0.203576
-0.20971
-0.215374
-0.20579
-0.164974
-0.102223
-0.0358737
0.0290764
0.0936848
0.160402
0.220683
0.266575
0.308437
0.368321
0.46823
0.555096
0.615526
0.648762
0.662662
0.663805
-0.0604246
-0.0643273
-0.0682355
-0.064056
-0.0433009
-0.0103842
0.0286715
0.0713202
0.117223
0.166763
0.209791
0.239158
0.263458
0.301451
0.365157
0.42269
0.461258
0.482093
0.490216
0.4899
0.0842817
0.0825901
0.0792599
0.0753531
0.0755629
0.0813326
0.0947027
0.1152
0.142788
0.17558
0.204886
0.222511
0.234098
0.25783
0.300067
0.337628
0.362436
0.375011
0.379365
0.378575
0.182433
0.181756
0.178496
0.170319
0.158688
0.149928
0.147763
0.153444
0.167207
0.187499
0.20628
0.216047
0.219165
0.238581
0.269563
0.293091
0.306731
0.312686
0.314276
0.313313
0.230849
0.23036
0.22733
0.218973
0.205872
0.193115
0.184553
0.182382
0.187632
0.199711
0.213111
0.220587
0.223159
0.23813
0.26039
0.274797
0.282036
0.284556
0.28479
0.283773
0.247973
0.24753
0.245159
0.23872
0.228108
0.216587
0.20723
0.202335
0.2034
0.211207
0.223104
0.233611
0.242156
0.255041
0.267341
0.274136
0.277308
0.27867
0.278965
0.278052
0.249894
0.249488
0.247776
0.243437
0.236102
0.227501
0.219684
0.214695
0.214193
0.220218
0.233007
0.249096
0.265089
0.276854
0.282335
0.284354
0.286192
0.287126
0.287446
0.286349
0.246139
0.245781
0.244568
0.241784
0.237062
0.231126
0.225259
0.221033
0.220088
0.225207
0.239179
0.261286
0.284808
0.294931
0.293521
0.293961
0.296339
0.29993
0.30095
0.299431
0.241204
0.240894
0.239993
0.238099
0.23507
0.231019
0.226645
0.222976
0.221429
0.224703
0.237441
0.261167
0.288085
0.295396
0.29129
0.293687
0.298498
0.304074
0.306137
0.30445
0.236761
0.236497
0.235782
0.234278
0.23199
0.229106
0.22555
0.221877
0.21887
0.218217
0.224154
0.240665
0.261332
0.263496
0.259722
0.265965
0.278252
0.288306
0.291029
0.288913
0.233093
0.232886
0.232343
0.231096
0.229155
0.226516
0.223383
0.219326
0.214195
0.207508
0.200579
0.197629
0.198599
0.194063
0.199953
0.216566
0.233044
0.243866
0.245555
0.243296
0.229802
0.229669
0.229324
0.228385
0.2267
0.224437
0.221148
0.216918
0.209757
0.196753
0.173265
0.141703
0.108709
0.105066
0.124964
0.14854
0.164944
0.172669
0.174117
0.17329
0.226141
0.226081
0.225955
0.225495
0.224111
0.222536
0.220093
0.216221
0.208875
0.192301
0.155979
0.0931404
0.0352738
0.0341041
0.0653324
0.0905774
0.101
0.104444
0.105562
0.105407
0.221314
0.221366
0.221576
0.221749
0.221621
0.220751
0.219968
0.218213
0.213017
0.19772
0.160118
0.0908329
0.0277322
0.0324563
0.0529551
0.061322
0.0622996
0.060292
0.0603233
0.0603227
0.214333
0.214482
0.214892
0.215481
0.216483
0.218093
0.220139
0.222358
0.222709
0.21462
0.19101
0.137337
0.0955967
0.0891176
0.0856663
0.0676886
0.0515855
0.0427847
0.0423382
0.0432824
0.203845
0.204186
0.205225
0.207146
0.209831
0.213901
0.219338
0.226797
0.234945
0.240107
0.23801
0.213628
0.191649
0.169273
0.13503
0.098076
0.0703816
0.0576635
0.0554878
0.0559169
0.18684
0.187383
0.189116
0.192399
0.197467
0.204821
0.215091
0.22832
0.244597
0.264205
0.276727
0.281677
0.278217
0.234352
0.182271
0.138368
0.108961
0.0925935
0.0884614
0.0895923
0.160429
0.161188
0.163702
0.16862
0.176381
0.187254
0.201711
0.220546
0.244516
0.272407
0.297066
0.306761
0.303858
0.253373
0.204829
0.176066
0.158552
0.146017
0.140364
0.140885
0.122215
0.123038
0.125963
0.132412
0.142388
0.156115
0.174139
0.196444
0.22199
0.250673
0.274044
0.28102
0.266862
0.225279
0.198918
0.186718
0.183971
0.173893
0.168308
0.167676
0.0717385
0.0726049
0.0759122
0.0819956
0.0908064
0.103046
0.119329
0.138291
0.154549
0.171915
0.197186
0.201097
0.180702
0.144499
0.138271
0.143447
0.147295
0.137327
0.132414
0.131882
0.0172325
0.0166805
0.0160576
0.0152614
0.0159018
0.0178542
0.0196595
0.0191067
0.0121421
0.0163126
0.0386625
0.0646845
0.0679871
0.061663
0.0493836
0.0400151
0.0191871
0.0286298
0.0329011
0.0353818
0.174294
0.351222
0.557955
0.735794
0.878885
0.992794
1.08768
1.16783
1.20364
1.18054
0.496515
0.623556
0.759608
0.877422
0.977142
1.06004
1.12714
1.17463
1.19859
1.2105
0.726637
0.81345
0.906184
0.988408
1.05922
1.11848
1.16553
1.19988
1.22456
1.24236
0.894263
0.955616
1.02064
1.08012
1.1319
1.17584
1.21186
1.24051
1.26389
1.28208
1.02429
1.0693
1.11673
1.16204
1.20211
1.23702
1.26685
1.2916
1.31236
1.33013
1.13127
1.1652
1.20436
1.24094
1.27444
1.3044
1.33054
1.35245
1.37056
1.38788
1.22547
1.2548
1.28953
1.32229
1.35279
1.38043
1.40455
1.42455
1.44023
1.45731
1.31513
1.34474
1.37921
1.41165
1.4416
1.46849
1.49161
1.51028
1.52378
1.54082
1.41114
1.44452
1.48148
1.51533
1.5456
1.57199
1.5941
1.6115
1.62346
1.64087
1.52662
1.56445
1.6033
1.63775
1.66724
1.69211
1.71258
1.72855
1.74008
1.75816
1.67188
1.71054
1.74667
1.77743
1.8032
1.82537
1.84448
1.86006
1.87252
1.89053
1.84693
1.87876
1.90498
1.92744
1.94746
1.96623
1.98398
2.00048
2.01585
2.03393
2.03563
2.05291
2.06802
2.08429
2.10022
2.11477
2.128
2.14194
2.1595
2.17966
2.21753
2.22701
2.23857
2.2494
2.2587
2.2683
2.27911
2.29049
2.30187
2.31723
2.4247
2.42839
2.41346
2.39865
2.3924
2.39809
2.41658
2.4469
2.47909
2.50575
2.73103
2.59617
2.51955
2.47721
2.4598
2.46377
2.49118
2.54759
2.65022
2.87459
1.01217
1.01004
1.00555
0.996919
0.984686
0.972544
0.962296
0.95437
0.948707
0.94539
0.944953
0.947602
0.952633
0.9598
0.969147
0.980657
0.993286
1.00431
1.01041
1.01346
0.936636
0.942481
0.948816
0.9533
0.955759
0.95542
0.952663
0.948822
0.945265
0.942935
0.942698
0.944803
0.948388
0.952616
0.956378
0.958228
0.957267
0.953767
0.948589
0.941963
0.928244
0.93054
0.933939
0.936927
0.938991
0.940471
0.941202
0.940849
0.939771
0.938813
0.938889
0.940214
0.941944
0.94318
0.943306
0.942375
0.940794
0.938434
0.935154
0.932226
0.922777
0.923862
0.925691
0.928061
0.930073
0.931484
0.932478
0.933188
0.93353
0.933669
0.934047
0.934737
0.935233
0.935216
0.934737
0.933836
0.932326
0.930209
0.928099
0.926709
0.91763
0.918293
0.919397
0.921095
0.922865
0.924479
0.925746
0.926716
0.927531
0.928223
0.928821
0.929232
0.929303
0.929034
0.928382
0.927259
0.925777
0.924189
0.922842
0.922054
0.912729
0.913189
0.913972
0.915266
0.916744
0.918245
0.919681
0.920931
0.921991
0.922933
0.923693
0.924088
0.924082
0.923677
0.92287
0.921789
0.920589
0.919396
0.918444
0.91792
0.907997
0.908341
0.908951
0.910017
0.911304
0.912663
0.914074
0.915471
0.916763
0.917911
0.918834
0.919316
0.9193
0.918853
0.918109
0.917213
0.916264
0.915319
0.914602
0.914216
0.903385
0.903651
0.904144
0.905056
0.906224
0.907508
0.908874
0.910311
0.911763
0.913135
0.914259
0.914867
0.914921
0.914582
0.914004
0.913288
0.91251
0.911767
0.91122
0.910925
0.898827
0.899037
0.899447
0.900253
0.901347
0.902586
0.903937
0.905406
0.906966
0.908539
0.909903
0.910714
0.910955
0.910808
0.910416
0.909875
0.909261
0.908681
0.908263
0.908032
0.894244
0.89441
0.894762
0.895499
0.896552
0.89777
0.899145
0.900681
0.902367
0.904153
0.9058
0.906899
0.907399
0.907481
0.907282
0.906917
0.906469
0.906029
0.905715
0.905532
0.889566
0.889697
0.890005
0.890703
0.891749
0.892998
0.894438
0.896091
0.897958
0.9
0.901993
0.903464
0.904275
0.904608
0.904621
0.904425
0.904124
0.903806
0.903578
0.903434
0.884736
0.884837
0.885115
0.885797
0.886869
0.888188
0.889734
0.891557
0.893678
0.896072
0.898504
0.900406
0.901568
0.902187
0.902433
0.902426
0.902272
0.902069
0.901913
0.901801
0.879683
0.879757
0.880016
0.880705
0.881831
0.883254
0.884945
0.88698
0.889416
0.892251
0.895231
0.897661
0.899257
0.900228
0.900751
0.900962
0.90096
0.900871
0.900781
0.900696
0.874336
0.874385
0.874628
0.875336
0.876543
0.878105
0.879997
0.882313
0.885124
0.888481
0.89213
0.895233
0.89738
0.89878
0.899618
0.90007
0.900252
0.900289
0.90027
0.900211
0.868604
0.868621
0.86886
0.869611
0.87094
0.872695
0.874855
0.877551
0.880895
0.884949
0.889432
0.893333
0.896107
0.897981
0.89919
0.899901
0.900307
0.90048
0.900528
0.900492
0.862398
0.862408
0.862629
0.863417
0.864864
0.86683
0.869303
0.872444
0.876406
0.881307
0.886821
0.891703
0.895279
0.897797
0.899478
0.900555
0.901241
0.901579
0.901702
0.901688
0.855453
0.855426
0.855681
0.856532
0.858139
0.86036
0.863247
0.866973
0.871736
0.877686
0.884467
0.890568
0.895085
0.898328
0.900605
0.902175
0.903197
0.903745
0.903958
0.903963
0.847555
0.847508
0.847777
0.848717
0.850523
0.853103
0.85652
0.860996
0.866792
0.874094
0.88244
0.889973
0.895632
0.899766
0.902744
0.904878
0.906303
0.907111
0.90742
0.907435
0.838248
0.838184
0.838501
0.83958
0.841644
0.844672
0.848764
0.854193
0.861271
0.870217
0.880489
0.889809
0.896852
0.902054
0.905877
0.908679
0.910608
0.91171
0.912117
0.912134
0.826921
0.82684
0.827238
0.828539
0.831008
0.834701
0.839744
0.846479
0.855268
0.866336
0.878953
0.890355
0.898972
0.905401
0.91017
0.913703
0.91618
0.917582
0.918085
0.918103
0.812863
0.812762
0.813293
0.81494
0.818019
0.822657
0.829012
0.837483
0.848466
0.862169
0.877642
0.891522
0.902006
0.909837
0.915706
0.920073
0.923127
0.924836
0.925432
0.925449
0.795151
0.795031
0.795773
0.79795
0.801943
0.80797
0.81618
0.827026
0.840891
0.857899
0.876782
0.893535
0.906141
0.91556
0.922657
0.927932
0.931624
0.933653
0.934339
0.934354
0.772419
0.772289
0.77339
0.776402
0.781801
0.789882
0.800755
0.814856
0.832469
0.853557
0.876473
0.896509
0.911491
0.922702
0.931163
0.937472
0.941873
0.944232
0.944998
0.945001
0.742392
0.742296
0.744051
0.748494
0.75621
0.767492
0.782291
0.800869
0.823316
0.84936
0.876931
0.900626
0.918216
0.931369
0.941341
0.948837
0.953989
0.956659
0.957485
0.957466
0.700903
0.700987
0.704166
0.711553
0.723516
0.740055
0.760662
0.785289
0.813776
0.845643
0.878416
0.906061
0.926413
0.941648
0.95326
0.962058
0.967957
0.970873
0.971724
0.971669
0.640225
0.641479
0.649202
0.663079
0.682805
0.707691
0.736442
0.768789
0.804442
0.842825
0.881157
0.912906
0.936113
0.953495
0.966801
0.976819
0.983411
0.986555
0.98734
0.987241
0.567845
0.569841
0.584436
0.608329
0.638931
0.673603
0.711305
0.751952
0.795359
0.841027
0.885954
0.922994
0.950188
0.970724
0.986463
0.998102
1.00578
1.0094
1.01038
1.01037
0.493494
0.500099
0.521499
0.555433
0.596157
0.640379
0.686995
0.735958
0.787183
0.840244
0.89195
0.934489
0.965825
0.989625
1.008
1.02173
1.03055
1.03394
1.03487
1.03505
0.433548
0.442068
0.468198
0.508974
0.557413
0.609632
0.664202
0.720913
0.779567
0.839701
0.897855
0.945476
0.980463
1.00693
1.02716
1.04214
1.05153
1.0559
1.05753
1.05781
0.384946
0.394022
0.423598
0.469281
0.523599
0.5822
0.643425
0.706938
0.772345
0.839056
0.903191
0.955419
0.993543
1.02216
1.04395
1.06014
1.07071
1.07576
1.0777
1.07802
0.344424
0.353713
0.385583
0.434995
0.493976
0.557774
0.624631
0.694068
0.765508
0.83821
0.907825
0.964167
1.00501
1.03546
1.05852
1.07564
1.08705
1.09272
1.09487
1.09521
0.309386
0.318761
0.352346
0.404744
0.46748
0.535638
0.607363
0.682026
0.758907
0.837079
0.911712
0.971767
1.01496
1.04691
1.07092
1.08875
1.10065
1.1068
1.10911
1.10949
0.278147
0.287564
0.322454
0.377336
0.443213
0.5151
0.591096
0.670442
0.752282
0.835509
0.914813
0.978301
1.02361
1.05683
1.08161
1.0999
1.11213
1.11865
1.12105
1.12145
0.249437
0.258915
0.294924
0.351918
0.42048
0.495617
0.575396
0.658972
0.745373
0.83334
0.917087
0.983854
1.03116
1.06555
1.09099
1.1096
1.12207
1.12872
1.13111
1.13153
0.222432
0.231969
0.268998
0.327834
0.398798
0.476801
0.559951
0.647365
0.737988
0.830438
0.918493
0.988503
1.03781
1.07335
1.09941
1.11834
1.13091
1.13766
1.14005
1.14034
0.196596
0.206253
0.244219
0.304639
0.3778
0.458365
0.544548
0.635454
0.72999
0.826704
0.918991
0.992302
1.0437
1.08049
1.10723
1.1265
1.13921
1.14592
1.1483
1.14855
0.171527
0.181389
0.220167
0.28214
0.357241
0.440117
0.529041
0.623128
0.721297
0.822067
0.918546
0.995288
1.04895
1.08715
1.11469
1.13435
1.14722
1.15391
1.1562
1.15645
0.147032
0.157134
0.196708
0.260162
0.336999
0.421945
0.513342
0.610328
0.711852
0.816484
0.917128
0.997466
1.05364
1.09343
1.12192
1.14207
1.15511
1.16176
1.16391
1.16412
0.12306
0.133399
0.173815
0.238578
0.316999
0.403814
0.497428
0.597034
0.701642
0.80992
0.914688
0.998806
1.05776
1.0994
1.12899
1.1497
1.16289
1.16942
1.17141
1.17154
0.0995098
0.110179
0.151336
0.217351
0.297219
0.385712
0.481306
0.583266
0.690683
0.802371
0.911164
0.999214
1.06125
1.10506
1.13596
1.15728
1.17057
1.17691
1.17866
1.17869
0.0764349
0.0874022
0.129339
0.196492
0.277676
0.367665
0.465024
0.569072
0.679012
0.793834
0.9065
0.998589
1.06406
1.11042
1.14288
1.16486
1.17811
1.1841
1.18557
1.18551
0.0538141
0.0651079
0.107852
0.176046
0.258412
0.349726
0.448636
0.554525
0.666694
0.784342
0.900663
0.996837
1.06603
1.11541
1.14984
1.17257
1.18556
1.19095
1.19205
1.1919
0.031847
0.0433927
0.0869075
0.156062
0.239491
0.331976
0.43222
0.539706
0.653814
0.773967
0.893649
0.993847
1.067
1.11989
1.15691
1.18069
1.19316
1.19746
1.19799
1.19775
0.0104041
0.0223074
0.0665467
0.136579
0.220954
0.314464
0.415873
0.524705
0.640472
0.762804
0.885476
0.989513
1.06675
1.12362
1.16402
1.18964
1.20155
1.204
1.20339
1.203
-0.0103403
0.00188797
0.0468114
0.117654
0.202888
0.297278
0.399682
0.509648
0.626785
0.750931
0.8762
0.983763
1.06508
1.12622
1.17086
1.19969
1.21201
1.2121
1.20888
1.20739
-0.0304374
-0.0179023
0.0277597
0.0993493
0.185339
0.280492
0.383734
0.49462
0.612872
0.738495
0.865918
0.976539
1.06179
1.12722
1.17661
1.21034
1.22566
1.2253
1.21801
1.20813
-0.0498017
-0.0370179
0.00929389
0.081511
0.168093
0.263818
0.367681
0.479202
0.598261
0.724962
0.854057
0.967211
1.0563
1.12601
1.18009
1.22006
1.24177
1.24456
1.23503
1.22635
-0.0683759
-0.0553703
-0.00858248
0.0641848
0.151167
0.247253
0.351547
0.46338
0.582916
0.710232
0.840456
0.955451
1.04795
1.12185
1.17884
1.22325
1.24801
1.25599
1.21938
1.16589
-0.0858781
-0.0721817
-0.0257598
0.047437
0.134456
0.230663
0.335289
0.447276
0.566904
0.69438
0.825075
0.941126
1.03576
1.11445
1.17088
1.20868
1.23451
1.22371
1.1667
1.10177
-0.102632
-0.0880445
-0.0420473
0.0318979
0.118295
0.214532
0.318683
0.430952
0.550373
0.677583
0.80795
0.924114
1.01867
1.10496
1.15477
1.20705
1.17873
1.13813
1.06855
0.999865
-0.0887973
-0.0706697
-0.0218005
0.0564889
0.147873
0.247966
0.35753
0.472791
0.595299
0.725896
0.849833
0.952748
1.03893
1.13067
1.17909
1.09936
1.05486
0.992607
0.919661
0.871225
-0.113324
-0.0969832
-0.0611437
0.00730353
0.093247
0.188946
0.293243
0.404879
0.523481
0.649383
0.77775
0.891986
0.983207
1.06331
1.13489
1.13613
1.01581
0.932608
0.870009
0.786454
-0.133717
-0.117994
-0.076462
-0.00658876
0.0796376
0.174959
0.278067
0.388774
0.506361
0.630772
0.757288
0.869189
0.95743
1.02489
1.05195
0.981795
0.842192
0.7461
0.670539
0.58119
-0.154544
-0.141925
-0.0959203
-0.0247372
0.0616894
0.157212
0.260266
0.370623
0.487265
0.610098
0.733679
0.840981
0.921972
0.974051
0.952578
0.824615
0.671973
0.553315
0.454364
0.315707
-0.17862
-0.165482
-0.117386
-0.0450454
0.0417331
0.137292
0.240227
0.349967
0.46546
0.586347
0.706486
0.808479
0.881718
0.91379
0.856761
0.67413
0.490674
0.334513
0.189924
-0.00926267
-0.201659
-0.188902
-0.13954
-0.0660066
0.021306
0.116836
0.219401
0.328274
0.442376
0.560957
0.677273
0.773411
0.838179
0.840441
0.732627
0.531924
0.315901
0.109798
-0.0736117
-0.483665
-0.224755
-0.212368
-0.162496
-0.0880697
-0.000319051
0.0952547
0.197442
0.30544
0.418041
0.534085
0.646253
0.7359
0.789978
0.758986
0.609775
0.406032
0.183898
-0.0340247
-0.220239
-0.519932
-0.248779
-0.23654
-0.186476
-0.111492
-0.0234265
0.0722022
0.174053
0.2812
0.392249
0.505589
0.613365
0.696028
0.736736
0.688368
0.499389
0.303909
0.102123
-0.0684523
-0.140693
-0.176583
-0.274216
-0.262133
-0.211862
-0.136577
-0.0483998
0.0471204
0.14848
0.25455
0.363723
0.473889
0.576632
0.65163
0.677618
0.598451
0.40112
0.218902
0.0521007
-0.0560292
-0.0923737
-0.103486
-0.301252
-0.289233
-0.238816
-0.163339
-0.0751787
0.0200626
0.120719
0.225454
0.332386
0.438885
0.535902
0.603086
0.606129
0.493654
0.311557
0.143258
0.00271369
-0.0546337
-0.0671414
-0.0727346
-0.330039
-0.318121
-0.267405
-0.191785
-0.103745
-0.00895866
0.0907809
0.193889
0.298214
0.40061
0.491225
0.550149
0.527298
0.394867
0.225959
0.0688324
-0.0319441
-0.0655895
-0.0601414
-0.059799
-0.360432
-0.348625
-0.297599
-0.221863
-0.134045
-0.0398784
0.0587037
0.159896
0.261242
0.35907
0.442881
0.491497
0.454258
0.301606
0.148124
0.00867716
-0.0332763
-0.0464258
-0.0512244
-0.0517522
-0.392125
-0.380275
-0.329169
-0.253386
-0.165924
-0.0725637
0.0246122
0.123585
0.221565
0.314409
0.391153
0.42817
0.386409
0.219704
0.0779614
-0.0210072
-0.069783
-0.0527565
-0.0485162
-0.0476362
-0.424626
-0.412814
-0.361784
-0.286027
-0.199068
-0.106732
-0.0112228
0.0852096
0.179446
0.266963
0.336307
0.364881
0.303642
0.144945
0.0170616
-0.0441867
-0.0482483
-0.0465566
-0.0441981
-0.0430854
-0.457117
-0.445542
-0.394463
-0.319251
-0.232985
-0.141926
-0.0483894
0.0451804
0.135315
0.217207
0.279311
0.297218
0.218272
0.0784381
-0.0377234
-0.0421135
-0.0503773
-0.0483174
-0.0426988
-0.0395848
-0.488578
-0.477396
-0.426673
-0.352142
-0.26696
-0.177483
-0.0862422
0.00413166
0.0898681
0.165709
0.221578
0.223008
0.140979
0.0221299
-0.0829318
-0.127026
-0.0887913
-0.0624808
-0.0518109
-0.0471148
-0.517528
-0.506817
-0.457151
-0.383688
-0.300001
-0.212489
-0.123909
-0.0370724
0.0440487
0.113458
0.164021
0.155535
0.0647853
-0.0160742
-0.10161
-0.122335
-0.0962803
-0.080936
-0.0741986
-0.0720133
-0.542406
-0.532403
-0.484158
-0.412521
-0.330901
-0.245763
-0.160256
-0.0772816
-0.000981032
0.0620649
0.106287
0.0938099
-0.0127151
-0.0388213
-0.00105593
-0.0620955
-0.131151
-0.166651
-0.173598
-0.170961
-0.56108
-0.551953
-0.50591
-0.43684
-0.35807
-0.275933
-0.193846
-0.115036
-0.0438071
0.0131849
0.0476485
0.0312409
-0.102592
-0.172145
-0.109866
-0.208434
-0.320089
-0.384331
-0.388231
-0.373137
-0.571698
-0.563377
-0.520496
-0.45495
-0.379741
-0.301293
-0.22314
-0.148605
-0.082526
-0.0316104
-0.0106009
-0.0359438
-0.231986
-0.493277
-0.756647
-0.58533
-0.544942
-0.541846
-0.524805
-0.513327
-0.570534
-0.563608
-0.526466
-0.46503
-0.394239
-0.320143
-0.246258
-0.175986
-0.114687
-0.07035
-0.0607419
-0.104301
-0.332872
-0.460562
-0.40509
-0.343821
-0.495992
-0.557137
-0.548512
-0.547
-0.556325
-0.551594
-0.52136
-0.46583
-0.400127
-0.331008
-0.261456
-0.194981
-0.137344
-0.0982316
-0.0943632
-0.158792
-0.304792
-0.331665
-0.091745
-0.265107
-0.505013
-0.598836
-0.571705
-0.580936
-0.529237
-0.525717
-0.50375
-0.456566
-0.397093
-0.333028
-0.267444
-0.203762
-0.147432
-0.108747
-0.10682
-0.172052
-0.462681
-0.926927
-1.5449
-2.05772
-2.13618
-1.86651
-1.48516
-1.21767
-0.49259
-0.490349
-0.47625
-0.438656
-0.385795
-0.326438
-0.26388
-0.201126
-0.142959
-0.0982318
-0.0897106
-0.151159
-0.505455
-1.06645
-1.67232
-2.02025
-2.09278
-1.92308
-1.6297
-1.45079
-0.451944
-0.450713
-0.442542
-0.415529
-0.369129
-0.313011
-0.251982
-0.187306
-0.123482
-0.065525
-0.0277728
-0.0184676
-0.114384
-0.180946
-0.210825
-0.143077
0.0527008
0.276235
0.467762
0.598172
-0.414393
-0.413692
-0.409954
-0.390822
-0.350684
-0.29636
-0.234394
-0.165581
-0.0909549
-0.0140346
0.0738259
0.163103
0.376997
0.74041
1.22867
1.72166
2.14098
2.45037
2.64702
2.74005
-0.382824
-0.381916
-0.3804
-0.369974
-0.335291
-0.281223
-0.215641
-0.141114
-0.0567756
0.0400712
0.15312
0.290479
0.497458
0.936916
1.52975
2.11009
2.5818
2.88666
3.04293
3.10305
-0.353688
-0.353316
-0.353029
-0.348531
-0.321374
-0.268129
-0.198828
-0.119567
-0.0306957
0.0717852
0.184875
0.313964
0.446517
0.796341
1.32069
1.80736
2.21353
2.48531
2.62869
2.68275
-0.328266
-0.327648
-0.326926
-0.32574
-0.306711
-0.254979
-0.18316
-0.101524
-0.0118349
0.0873135
0.197576
0.313894
0.43534
0.639502
1.04089
1.42377
1.73019
1.93753
2.04476
2.0847
-0.312379
-0.311043
-0.310531
-0.310801
-0.294424
-0.240467
-0.165503
-0.0826783
0.0051825
0.100236
0.202509
0.301312
0.399971
0.526538
0.789751
1.06144
1.27917
1.42476
1.49844
1.52544
-0.30087
-0.300712
-0.304384
-0.305554
-0.284097
-0.220969
-0.140794
-0.0582726
0.0244797
0.110242
0.198665
0.278142
0.35447
0.434921
0.606223
0.787981
0.9312
1.02799
1.07603
1.09368
-0.25381
-0.256241
-0.263899
-0.264394
-0.23815
-0.175093
-0.0994017
-0.0247635
0.0476482
0.120352
0.193368
0.256225
0.311115
0.361253
0.473387
0.591983
0.683716
0.744085
0.772955
0.780956
-0.135385
-0.138832
-0.144868
-0.14541
-0.126301
-0.0835085
-0.0320742
0.0222744
0.0771833
0.133725
0.190237
0.235457
0.269307
0.298139
0.372049
0.449768
0.509295
0.546451
0.563526
0.568155
0.0169641
0.0147239
0.0113745
0.00874348
0.0132972
0.0274372
0.0491887
0.0775006
0.111288
0.149839
0.190151
0.220548
0.238327
0.251287
0.302976
0.352914
0.391804
0.415564
0.426119
0.428821
0.14105
0.139892
0.138088
0.133165
0.12543
0.119656
0.120149
0.128302
0.1445
0.167816
0.194503
0.213319
0.221328
0.230104
0.263225
0.297664
0.322032
0.335641
0.341012
0.341816
0.212264
0.21163
0.210211
0.204465
0.192999
0.179761
0.170346
0.16757
0.172583
0.184924
0.20205
0.214203
0.218349
0.223622
0.249453
0.273014
0.287
0.293545
0.295607
0.29547
0.242452
0.242028
0.240807
0.235936
0.225758
0.212854
0.201555
0.194599
0.193847
0.200004
0.211886
0.222999
0.229584
0.236631
0.255005
0.268606
0.27575
0.278647
0.279205
0.278926
0.250277
0.249966
0.248979
0.245484
0.238167
0.228255
0.218523
0.211371
0.208612
0.211734
0.221737
0.235108
0.247526
0.258982
0.271227
0.276826
0.279892
0.282
0.282808
0.282435
0.248486
0.248231
0.247458
0.245114
0.240371
0.233617
0.226392
0.220425
0.217442
0.219498
0.229075
0.246165
0.266458
0.283894
0.288824
0.289345
0.290309
0.292155
0.293633
0.293258
0.243775
0.243552
0.24295
0.241348
0.238361
0.233947
0.228825
0.224152
0.221362
0.222476
0.231326
0.250677
0.27717
0.297164
0.296887
0.294954
0.297762
0.301265
0.30439
0.303966
0.238988
0.238787
0.238307
0.237093
0.235012
0.232064
0.22825
0.224387
0.221293
0.220607
0.225769
0.241017
0.266774
0.284938
0.280285
0.27967
0.287593
0.298714
0.304074
0.302982
0.234952
0.234772
0.234397
0.233398
0.231658
0.229294
0.226275
0.222624
0.218645
0.215015
0.212574
0.216206
0.228497
0.235703
0.230786
0.237868
0.251259
0.263857
0.27037
0.26993
0.231548
0.231394
0.231135
0.230359
0.228823
0.226662
0.223904
0.220356
0.215275
0.207506
0.194956
0.177535
0.160976
0.152029
0.155006
0.17263
0.192401
0.20551
0.2108
0.210248
0.228152
0.228027
0.227904
0.227463
0.226264
0.224762
0.222139
0.218582
0.213056
0.202552
0.18047
0.140085
0.0871832
0.0598135
0.0759162
0.105644
0.127145
0.138116
0.140605
0.140169
0.224043
0.223954
0.223987
0.223883
0.223248
0.22224
0.220944
0.218647
0.21412
0.204558
0.17813
0.124304
0.0441818
0.0142965
0.0365846
0.0632534
0.0725319
0.0760048
0.0765933
0.0780689
0.218225
0.218135
0.218309
0.218752
0.219407
0.219786
0.21997
0.220332
0.219121
0.21301
0.192584
0.144239
0.0752356
0.0520231
0.0629322
0.0648528
0.0572592
0.0483931
0.0464405
0.0473804
0.209787
0.209768
0.210264
0.211111
0.212506
0.214637
0.217761
0.221965
0.22654
0.228241
0.221282
0.197262
0.156538
0.136891
0.119506
0.096012
0.070988
0.0544832
0.0487714
0.048329
0.196469
0.196599
0.19753
0.199422
0.202611
0.207334
0.21403
0.222337
0.234006
0.247405
0.257954
0.256232
0.24588
0.22489
0.181764
0.136277
0.098953
0.0751579
0.0672671
0.0678566
0.175085
0.175328
0.176634
0.179528
0.184639
0.192287
0.20305
0.21786
0.236469
0.260161
0.282938
0.295509
0.303445
0.278378
0.224686
0.177837
0.145638
0.126654
0.116449
0.115059
0.142846
0.143148
0.144839
0.148886
0.156188
0.166943
0.181506
0.200343
0.224105
0.251572
0.279711
0.29797
0.299165
0.268977
0.223389
0.193001
0.181471
0.170456
0.161874
0.159891
0.0983106
0.0984801
0.100095
0.104539
0.113257
0.125865
0.142248
0.162643
0.18511
0.207585
0.231394
0.247389
0.241463
0.211279
0.178619
0.17682
0.175712
0.173107
0.161789
0.158326
0.0169639
0.0163505
0.0155359
0.0154032
0.0169867
0.0187991
0.0201095
0.0161662
0.00996147
0.0310251
0.054148
0.0672821
0.0683619
0.0550942
0.0445934
0.029021
0.0219671
0.0316333
0.0353788
0.0912465
-0.898924
-0.181858
0.278554
0.546837
0.741966
0.892833
1.01151
1.10933
1.21121
1.30281
0.191552
0.397545
0.584644
0.741774
0.873367
0.981411
1.06995
1.14226
1.18701
1.19194
0.543824
0.665006
0.783179
0.888636
0.979603
1.0565
1.1195
1.16731
1.19816
1.21653
0.764593
0.846683
0.92775
1.00217
1.06722
1.12274
1.16838
1.20414
1.23129
1.25082
0.924962
0.980738
1.04138
1.09677
1.14512
1.18713
1.22273
1.2522
1.27623
1.29354
1.05122
1.09296
1.14025
1.18172
1.22009
1.25428
1.28414
1.30963
1.33086
1.34532
1.15605
1.19113
1.22915
1.26416
1.29707
1.32724
1.35402
1.37697
1.39589
1.40778
1.2506
1.2821
1.31661
1.34968
1.38082
1.40951
1.43492
1.45641
1.47352
1.48317
1.34246
1.37527
1.41087
1.44516
1.47671
1.50521
1.52995
1.55041
1.56598
1.57427
1.44497
1.48255
1.52098
1.55745
1.58967
1.61767
1.64122
1.66031
1.67451
1.68306
1.57227
1.61471
1.6539
1.68988
1.72038
1.74613
1.76774
1.78542
1.79897
1.80917
1.73391
1.77551
1.8093
1.83879
1.86336
1.88492
1.90454
1.92199
1.93676
1.94948
1.92432
1.95515
1.97654
1.9957
2.01377
2.03101
2.04724
2.06308
2.07961
2.09655
2.12229
2.13371
2.14478
2.1589
2.17319
2.18604
2.19742
2.20829
2.2212
2.23809
2.30812
2.31803
2.3267
2.32915
2.33001
2.33428
2.3451
2.36106
2.37869
2.38329
2.60917
2.55378
2.50296
2.46272
2.44034
2.43632
2.44981
2.48362
2.54006
2.61562
1.15438
1.09569
1.0532
1.01934
0.994671
0.977101
0.964565
0.955601
0.949443
0.945896
0.945418
0.948189
0.953556
0.961436
0.972316
0.98734
1.00833
1.03741
1.07617
1.12399
0.955947
0.964698
0.970221
0.971037
0.96754
0.961476
0.955015
0.949502
0.945601
0.943861
0.944939
0.948443
0.953654
0.960079
0.966808
0.972052
0.973661
0.970415
0.963059
0.955389
0.933
0.93503
0.939632
0.943134
0.945631
0.94704
0.946724
0.944949
0.942702
0.941052
0.940964
0.942685
0.945321
0.947878
0.949309
0.948935
0.947052
0.944231
0.940169
0.935781
0.926129
0.926995
0.929473
0.932177
0.934173
0.935513
0.936466
0.936871
0.936664
0.936321
0.936556
0.937523
0.938521
0.938923
0.938559
0.937667
0.936222
0.933958
0.931301
0.929329
0.92053
0.920991
0.922383
0.924395
0.92632
0.927872
0.928981
0.929826
0.930472
0.930946
0.931445
0.931951
0.932159
0.931972
0.931428
0.930406
0.928853
0.926991
0.92532
0.924297
0.915415
0.915702
0.916616
0.918078
0.919689
0.921269
0.922656
0.923773
0.924711
0.925545
0.926227
0.926609
0.926625
0.926286
0.925532
0.924394
0.923043
0.921678
0.92056
0.919929
0.910537
0.910738
0.911425
0.912593
0.913964
0.915385
0.916819
0.918164
0.919345
0.920388
0.921225
0.921658
0.92164
0.921195
0.920399
0.919408
0.918342
0.91728
0.916456
0.91601
0.90583
0.905981
0.906527
0.907509
0.90873
0.910047
0.911435
0.912858
0.914238
0.915498
0.916516
0.917055
0.91706
0.916652
0.915987
0.915183
0.914318
0.913477
0.91285
0.912515
0.901219
0.901338
0.901785
0.902637
0.903764
0.905025
0.906382
0.907832
0.909339
0.910813
0.912051
0.912749
0.912884
0.912635
0.912149
0.911522
0.910822
0.910161
0.909683
0.909423
0.896632
0.896727
0.897104
0.897871
0.898942
0.900169
0.901531
0.903029
0.904648
0.906326
0.907825
0.908766
0.909126
0.90909
0.908795
0.908343
0.907808
0.907292
0.906929
0.906724
0.891989
0.892065
0.892392
0.893105
0.894149
0.895379
0.896785
0.898373
0.900136
0.902035
0.903843
0.905123
0.905779
0.905985
0.905891
0.905613
0.905234
0.904852
0.904583
0.904421
0.887225
0.887286
0.887576
0.888262
0.889317
0.890601
0.892096
0.893828
0.895817
0.898028
0.90023
0.901901
0.902876
0.903345
0.903467
0.903365
0.903128
0.902863
0.902672
0.902545
0.882277
0.882325
0.882591
0.88327
0.884366
0.885741
0.887359
0.889279
0.891544
0.894139
0.896829
0.898986
0.900358
0.901146
0.901527
0.901626
0.901541
0.901383
0.90126
0.901163
0.877069
0.877106
0.877353
0.878046
0.879213
0.880712
0.882502
0.884665
0.88728
0.89037
0.893669
0.896407
0.898255
0.899424
0.900105
0.900456
0.900525
0.900483
0.900425
0.900353
0.87153
0.871557
0.871793
0.872512
0.873775
0.875437
0.87746
0.879952
0.883004
0.886672
0.890712
0.894208
0.896667
0.898298
0.899303
0.899917
0.900169
0.900257
0.900271
0.900225
0.865577
0.865581
0.865806
0.866567
0.867958
0.869837
0.872154
0.875062
0.878709
0.883182
0.888158
0.892506
0.895643
0.897816
0.89926
0.900151
0.900645
0.900883
0.900966
0.900942
0.859003
0.859022
0.859259
0.860054
0.86158
0.863675
0.866342
0.869746
0.874066
0.879444
0.885555
0.891033
0.895072
0.897945
0.899935
0.901263
0.902066
0.90249
0.902657
0.902654
0.851611
0.851614
0.851873
0.852726
0.854438
0.856857
0.860005
0.864089
0.869349
0.875948
0.883471
0.890239
0.895284
0.898942
0.901561
0.903405
0.904584
0.905245
0.905504
0.905516
0.843072
0.843073
0.843352
0.844313
0.846241
0.849054
0.852789
0.8577
0.864084
0.872152
0.881412
0.889806
0.896139
0.900795
0.904194
0.906639
0.90828
0.909225
0.909582
0.9096
0.832842
0.832842
0.833169
0.834288
0.836544
0.83991
0.844447
0.850479
0.858357
0.868305
0.879689
0.890003
0.897799
0.903594
0.90789
0.911035
0.913199
0.914441
0.914896
0.914917
0.820258
0.820257
0.820662
0.822034
0.824801
0.828976
0.83463
0.842162
0.851973
0.864282
0.878258
0.89085
0.900367
0.907476
0.912793
0.916717
0.919444
0.920988
0.921537
0.921556
0.804538
0.804538
0.805059
0.806824
0.810355
0.815694
0.8229
0.832458
0.844782
0.860044
0.877148
0.892413
0.903929
0.912537
0.919013
0.923799
0.927131
0.928984
0.929628
0.929647
0.784581
0.784582
0.785284
0.787668
0.792368
0.799419
0.808839
0.821175
0.836788
0.855732
0.876551
0.894895
0.908658
0.918957
0.926737
0.93248
0.936484
0.938661
0.93939
0.939402
0.75866
0.758668
0.759692
0.763104
0.769685
0.779294
0.79194
0.808095
0.827973
0.851422
0.876588
0.898411
0.914676
0.926851
0.936058
0.942926
0.947664
0.950161
0.95096
0.950955
0.723731
0.723767
0.725477
0.730877
0.740707
0.754458
0.771879
0.793262
0.81857
0.84742
0.877531
0.903172
0.92213
0.936321
0.947123
0.955227
0.960731
0.963522
0.964357
0.964319
0.673951
0.674237
0.678123
0.68801
0.703975
0.724462
0.748819
0.777102
0.809047
0.844099
0.879619
0.909306
0.931082
0.947405
0.9599
0.969322
0.975568
0.97862
0.979447
0.979354
0.601713
0.60413
0.615294
0.634775
0.660898
0.690761
0.723979
0.760452
0.799917
0.841823
0.883257
0.917424
0.942427
0.961256
0.975795
0.986775
0.993959
0.997451
0.998408
0.998352
0.524791
0.531295
0.551064
0.580682
0.617298
0.65688
0.699069
0.743894
0.791221
0.840605
0.888959
0.928794
0.958109
0.980355
0.997608
1.01077
1.01933
1.02341
1.02447
1.02457
0.459837
0.466423
0.49284
0.530944
0.576272
0.624706
0.675444
0.728374
0.78338
0.840016
0.894989
0.940129
0.973354
0.998581
1.01802
1.03261
1.042
1.04694
1.04827
1.04837
0.407018
0.413973
0.444098
0.488174
0.540007
0.59558
0.653612
0.713835
0.77595
0.839443
0.900643
0.950626
0.987246
1.01484
1.03592
1.0517
1.06238
1.06783
1.06912
1.06933
0.363382
0.370625
0.403112
0.451445
0.508415
0.569722
0.633857
0.700425
0.768927
0.838696
0.905635
0.959971
0.999499
1.02908
1.05159
1.06842
1.07992
1.08581
1.08737
1.08769
0.326281
0.333692
0.367773
0.419395
0.480471
0.546523
0.615887
0.688007
0.762229
0.837723
0.909892
0.968136
1.01019
1.04142
1.06502
1.08264
1.09457
1.10089
1.10282
1.10321
0.293664
0.301183
0.336436
0.390748
0.455178
0.525257
0.599174
0.676237
0.755647
0.836388
0.91339
0.975185
1.01946
1.05206
1.07649
1.09466
1.10692
1.11352
1.11573
1.11615
0.264029
0.271667
0.307948
0.364435
0.431742
0.505297
0.583233
0.664742
0.748905
0.834533
0.916079
0.981217
1.02753
1.06135
1.08647
1.10501
1.11753
1.12429
1.12663
1.12702
0.236457
0.244201
0.281383
0.339768
0.409577
0.486182
0.567688
0.653224
0.741774
0.83201
0.917921
0.986309
1.03461
1.06957
1.09532
1.11413
1.12679
1.13361
1.13605
1.13643
0.210227
0.218122
0.256163
0.316161
0.38827
0.467581
0.55228
0.641479
0.734094
0.828699
0.918877
0.990524
1.04086
1.07701
1.1034
1.12253
1.13528
1.14208
1.14453
1.14501
0.184959
0.193032
0.231901
0.293336
0.367506
0.449253
0.536836
0.62937
0.725753
0.824518
0.918905
0.993911
1.04642
1.08389
1.11102
1.13049
1.14336
1.15014
1.15251
1.15295
0.160343
0.168644
0.208138
0.271116
0.347112
0.431047
0.521238
0.616808
0.716686
0.819412
0.917977
0.996494
1.05138
1.09035
1.11834
1.13826
1.15128
1.15804
1.1603
1.16061
0.136291
0.14478
0.185018
0.249343
0.326992
0.412896
0.505428
0.603759
0.706857
0.813339
0.916052
0.99826
1.05579
1.09647
1.12549
1.14593
1.15908
1.16576
1.16789
1.16809
0.112716
0.121363
0.162392
0.227935
0.307102
0.394774
0.489404
0.590221
0.69627
0.806281
0.913079
0.999145
1.0596
1.10228
1.1325
1.15352
1.16679
1.1733
1.17522
1.17532
0.0895833
0.0984223
0.140182
0.206882
0.287433
0.376694
0.473196
0.576234
0.684942
0.798231
0.908986
0.999045
1.06276
1.1078
1.13943
1.16109
1.1744
1.18062
1.18227
1.18228
0.0668783
0.0759153
0.118457
0.186221
0.268017
0.358694
0.456846
0.561849
0.672935
0.789214
0.903736
0.997869
1.06517
1.11298
1.14637
1.16871
1.18188
1.18763
1.18896
1.18886
0.0446976
0.0539432
0.0972544
0.165998
0.248915
0.340832
0.440437
0.547149
0.660326
0.77927
0.89731
0.995513
1.06667
1.11774
1.15337
1.17658
1.18935
1.19429
1.19516
1.19497
0.0231203
0.0325752
0.0766116
0.146253
0.23018
0.323188
0.424043
0.532228
0.6472
0.768487
0.889709
0.99186
1.06705
1.12188
1.16048
1.18506
1.19722
1.20072
1.2008
1.20051
0.00215032
0.0118236
0.0565675
0.127041
0.211865
0.305839
0.407759
0.517187
0.633668
0.756951
0.880979
0.986825
1.06612
1.1251
1.16752
1.19455
1.20646
1.20772
1.20606
1.2055
-0.0181323
-0.00824707
0.0371696
0.108414
0.194045
0.288842
0.391671
0.502123
0.619848
0.744776
0.871178
0.980343
1.06366
1.12696
1.17394
1.20503
1.21846
1.21788
1.21298
1.21057
-0.0377468
-0.0276634
0.0184339
0.0903768
0.176697
0.272179
0.375754
0.487002
0.605708
0.731926
0.860243
0.972202
1.05939
1.12696
1.17877
1.21552
1.23371
1.23503
1.22697
1.20951
-0.0567232
-0.0464202
0.000250865
0.0727579
0.159583
0.255528
0.359621
0.471346
0.590681
0.717745
0.84748
0.96165
1.05255
1.12435
1.18022
1.2228
1.24733
1.24858
1.24204
1.19615
-0.0753295
-0.064123
-0.0173094
0.0557004
0.142817
0.238988
0.343456
0.455382
0.575008
0.702461
0.833004
0.94863
1.04242
1.11857
1.17578
1.21833
1.24402
1.24896
1.19748
1.13496
-0.0945889
-0.0797126
-0.0340419
0.0393196
0.126121
0.222374
0.327004
0.439116
0.558678
0.686068
0.816703
0.93295
1.02785
1.10985
1.16394
1.19096
1.21222
1.18811
1.12316
1.05652
-0.113581
-0.114957
-0.0546285
0.0260631
0.112351
0.208503
0.31086
0.42321
0.542422
0.669338
0.7992
0.914959
1.00873
1.10047
1.12499
1.12769
1.13238
1.07877
1.00697
0.935613
-0.0892923
-0.0881494
-0.0305344
0.0493243
0.140471
0.24045
0.34773
0.462756
0.584865
0.714878
0.838003
0.940229
1.02334
1.11322
1.13796
1.04535
0.966078
0.9027
0.830715
0.684417
-0.130834
-0.104399
-0.0440548
0.0363919
0.127572
0.227218
0.333925
0.448313
0.569444
0.697847
0.818282
0.917313
0.992996
1.05154
1.02708
0.906316
0.789126
0.708663
0.624538
0.458047
-0.155758
-0.124558
-0.063211
0.0169441
0.108191
0.207578
0.314411
0.427983
0.547749
0.673856
0.790859
0.884956
0.952324
0.978084
0.906001
0.745702
0.607649
0.504911
0.389374
0.149323
-0.180114
-0.146539
-0.0839095
-0.00305777
0.0883207
0.187613
0.294075
0.406682
0.524868
0.648308
0.761067
0.849169
0.90451
0.897978
0.767945
0.581427
0.408714
0.264186
0.101542
-0.291893
-0.203496
-0.169065
-0.105347
-0.0236309
0.0679579
0.167096
0.272926
0.384464
0.500887
0.621338
0.729198
0.810692
0.849639
0.812469
0.633945
0.425368
0.20932
0.0223993
-0.232529
-0.83076
-0.226657
-0.19219
-0.127765
-0.0454191
0.0464141
0.145383
0.250598
0.360992
0.475467
0.592629
0.695212
0.769
0.791308
0.708935
0.511266
0.294815
0.0732886
-0.134136
-0.308539
-0.981676
-0.250738
-0.216219
-0.151407
-0.0686624
0.02337
0.122207
0.226843
0.336075
0.448483
0.562126
0.659249
0.72405
0.724462
0.597506
0.406388
0.200555
0.0101547
-0.120267
-0.149853
-0.198659
-0.276162
-0.241627
-0.176589
-0.093671
-0.00161307
0.0969382
0.200825
0.308623
0.418579
0.528089
0.619271
0.672946
0.650422
0.494636
0.311956
0.132148
-0.0142469
-0.0750854
-0.098732
-0.104911
-0.303294
-0.268609
-0.203398
-0.120422
-0.0284974
0.0695936
0.17248
0.278533
0.385644
0.490431
0.575086
0.615441
0.577223
0.397787
0.225477
0.0686531
-0.0425845
-0.0725093
-0.0722419
-0.0725246
-0.332204
-0.297264
-0.231874
-0.148889
-0.0572345
0.0401847
0.141825
0.245819
0.349651
0.44922
0.526423
0.554901
0.490361
0.308033
0.144344
0.00661706
-0.0424342
-0.0575166
-0.0595385
-0.0594797
-0.362785
-0.327512
-0.261966
-0.17904
-0.0877902
0.00876299
0.108901
0.2105
0.310633
0.404542
0.473472
0.490332
0.391628
0.224706
0.0732686
-0.0341882
-0.053276
-0.0510711
-0.051728
-0.0515052
-0.394543
-0.359201
-0.293467
-0.210691
-0.120005
-0.0245381
0.07382
0.172675
0.268715
0.356538
0.417262
0.415846
0.30325
0.148189
0.0149435
-0.026189
-0.0488476
-0.0483346
-0.0477456
-0.0474813
-0.427134
-0.391501
-0.325999
-0.243526
-0.15359
-0.059451
0.0368371
0.132602
0.224161
0.305609
0.358241
0.342878
0.219966
0.0795612
-0.028437
-0.0589494
-0.0498048
-0.0455518
-0.0434487
-0.0428309
-0.459627
-0.424181
-0.358976
-0.277017
-0.188068
-0.0955307
-0.00162989
0.0907048
0.177402
0.252492
0.295898
0.271891
0.143407
0.01819
-0.0677444
-0.055802
-0.0513226
-0.0454403
-0.0406944
-0.0386675
-0.491059
-0.456256
-0.391396
-0.310411
-0.222752
-0.132138
-0.0409528
0.047646
0.129127
0.197754
0.232824
0.202722
0.0770199
-0.0335495
-0.109938
-0.0945315
-0.0699877
-0.0563073
-0.0488976
-0.0457256
-0.519979
-0.486111
-0.422413
-0.34267
-0.256692
-0.168369
-0.0802682
0.00429929
0.0803736
0.142048
0.174862
0.12524
0.0185768
-0.0597007
-0.0891661
-0.100826
-0.0877718
-0.0766471
-0.072867
-0.0708147
-0.544713
-0.51236
-0.450284
-0.372519
-0.288721
-0.203053
-0.118421
-0.0381976
0.0324958
0.0863699
0.120071
0.0481908
-0.0442794
-0.0190725
-0.0401827
-0.104529
-0.152076
-0.172441
-0.17258
-0.168956
-0.563236
-0.533003
-0.473209
-0.398275
-0.317338
-0.234895
-0.153986
-0.0783732
-0.0131295
0.0327031
0.0637591
-0.0319463
-0.150592
-0.159453
-0.145805
-0.265776
-0.362894
-0.391628
-0.379106
-0.371298
-0.573443
-0.545802
-0.489535
-0.418168
-0.340817
-0.262183
-0.185356
-0.114345
-0.054894
-0.0163869
0.00485302
-0.130708
-0.346016
-0.636088
-0.658983
-0.552768
-0.545886
-0.534446
-0.517447
-0.512964
-0.572959
-0.549137
-0.497516
-0.430461
-0.357499
-0.283166
-0.210579
-0.14398
-0.0900679
-0.0584432
-0.0604163
-0.226609
-0.412459
-0.435236
-0.33629
-0.422415
-0.549356
-0.549315
-0.547379
-0.546174
-0.55842
-0.540292
-0.495687
-0.433789
-0.365967
-0.296251
-0.227723
-0.164785
-0.114891
-0.0893596
-0.108007
-0.244025
-0.326981
-0.248385
-0.151909
-0.40523
-0.577242
-0.587566
-0.56655
-0.582323
-0.530983
-0.518063
-0.482491
-0.427812
-0.365536
-0.300384
-0.235269
-0.174353
-0.125195
-0.101548
-0.124693
-0.292195
-0.663317
-1.24631
-1.80461
-2.17376
-2.02138
-1.67622
-1.32202
-1.20825
-0.494057
-0.485613
-0.460206
-0.413433
-0.356657
-0.295551
-0.23241
-0.17125
-0.118187
-0.0875001
-0.110047
-0.293266
-0.763316
-1.39775
-1.86618
-2.10406
-2.02714
-1.7926
-1.50927
-1.43556
-0.453122
-0.448345
-0.431754
-0.394099
-0.341867
-0.283203
-0.220012
-0.155142
-0.0938143
-0.0412
-0.0216253
-0.0593015
-0.160874
-0.194177
-0.19792
-0.0587035
0.168613
0.377246
0.542439
0.637381
-0.415193
-0.412835
-0.402972
-0.372969
-0.324953
-0.266386
-0.200914
-0.128969
-0.0527127
0.0287504
0.118319
0.25791
0.53118
0.978263
1.47928
1.94386
2.30957
2.56318
2.70541
2.75646
-0.382328
-0.381444
-0.377553
-0.35557
-0.310241
-0.249392
-0.179617
-0.100476
-0.0098372
0.0937311
0.221617
0.361499
0.686559
1.22541
1.82779
2.36438
2.75599
2.98052
3.08214
3.11326
-0.353499
-0.353146
-0.352309
-0.338529
-0.297269
-0.23498
-0.160569
-0.0764774
0.018388
0.128539
0.24638
0.37757
0.577299
1.05769
1.56987
2.02463
2.36771
2.57108
2.66464
2.69065
-0.328043
-0.327181
-0.326939
-0.31993
-0.284204
-0.220843
-0.143656
-0.057633
0.0357904
0.142537
0.254777
0.373953
0.515313
0.826848
1.24214
1.58617
1.8484
2.0019
2.07138
2.08993
-0.311724
-0.310531
-0.310937
-0.306674
-0.271324
-0.204651
-0.124839
-0.0394754
0.0511116
0.152102
0.252593
0.350711
0.446111
0.646413
0.930497
1.17769
1.36245
1.46917
1.51646
1.52815
-0.300255
-0.302223
-0.305716
-0.299704
-0.256607
-0.181826
-0.0995281
-0.0172865
0.0663637
0.155536
0.240162
0.314539
0.388401
0.510156
0.700322
0.86483
0.986475
1.05718
1.08757
1.09478
-0.254399
-0.259495
-0.265899
-0.255865
-0.210273
-0.137612
-0.061783
0.0112239
0.083489
0.158168
0.226925
0.282405
0.335121
0.410125
0.534608
0.641858
0.718346
0.761539
0.779087
0.780477
-0.136691
-0.141837
-0.146576
-0.139045
-0.106994
-0.0583538
-0.00510223
0.0493865
0.105012
0.163349
0.214798
0.25179
0.284238
0.331416
0.411682
0.482766
0.530652
0.557231
0.566743
0.567112
0.015842
0.0132209
0.00967709
0.0097534
0.0193952
0.0373487
0.0626801
0.0935944
0.129937
0.170785
0.206372
0.229371
0.246353
0.278427
0.328256
0.374262
0.405668
0.422135
0.428312
0.42776
0.140287
0.139281
0.136065
0.129517
0.121933
0.119058
0.123295
0.135358
0.155382
0.181512
0.204835
0.218022
0.224144
0.245388
0.281271
0.311362
0.330146
0.339078
0.341856
0.340942
0.211791
0.211257
0.208034
0.199341
0.186192
0.174402
0.168099
0.169108
0.177966
0.193551
0.209084
0.216905
0.218785
0.235844
0.262574
0.281043
0.291075
0.294966
0.295735
0.294753
0.24216
0.241696
0.238974
0.231464
0.21936
0.20685
0.197428
0.193393
0.196145
0.205673
0.217911
0.226528
0.231731
0.245391
0.262515
0.273055
0.277597
0.279058
0.279209
0.278286
0.250095
0.24967
0.247644
0.2423
0.233369
0.22324
0.214502
0.209369
0.209415
0.216195
0.228221
0.241249
0.253259
0.265182
0.274411
0.278592
0.281104
0.282537
0.282812
0.281696
0.248359
0.247976
0.246537
0.243059
0.237156
0.229969
0.22314
0.218492
0.217716
0.223306
0.236841
0.256146
0.276188
0.287618
0.289025
0.289491
0.291305
0.293033
0.293693
0.292555
0.243672
0.243339
0.242301
0.24004
0.236306
0.23142
0.226357
0.222466
0.221309
0.225714
0.239681
0.263431
0.289652
0.298524
0.294941
0.296206
0.299227
0.303188
0.304649
0.303133
0.238895
0.238611
0.237811
0.236151
0.233672
0.23023
0.226301
0.222704
0.220565
0.222131
0.232727
0.253597
0.279326
0.28386
0.278629
0.282564
0.293668
0.302205
0.304248
0.301787
0.234865
0.234632
0.234001
0.232614
0.230524
0.227891
0.224525
0.220675
0.216532
0.213178
0.21343
0.221694
0.234346
0.232964
0.232964
0.24411
0.258138
0.268063
0.270744
0.268903
0.231466
0.231297
0.230844
0.229618
0.227908
0.225389
0.222264
0.217987
0.211839
0.201711
0.186319
0.169714
0.155872
0.150896
0.162964
0.183059
0.20006
0.209164
0.210838
0.209318
0.228077
0.227979
0.227752
0.226965
0.225555
0.223518
0.220441
0.216164
0.208439
0.193286
0.162698
0.112333
0.0677595
0.0631651
0.0911377
0.117828
0.133592
0.140137
0.140537
0.139444
0.223976
0.223964
0.223977
0.223669
0.222756
0.22166
0.219879
0.216606
0.210525
0.193872
0.15525
0.0853044
0.0202255
0.022842
0.0517282
0.0693759
0.0751232
0.0761149
0.0775048
0.0780677
0.218149
0.21819
0.218487
0.219077
0.219646
0.219862
0.220071
0.220039
0.217346
0.204594
0.173077
0.109085
0.0546836
0.0575776
0.0659364
0.0615367
0.0520794
0.0466626
0.0469076
0.0474779
0.209719
0.209956
0.210649
0.211728
0.213484
0.215997
0.219717
0.224456
0.227831
0.226573
0.212372
0.177011
0.144121
0.128987
0.109265
0.0829993
0.0613055
0.0505255
0.0482083
0.0483676
0.19643
0.196967
0.198339
0.200844
0.204746
0.210401
0.218086
0.22811
0.240871
0.253778
0.258315
0.25002
0.239667
0.204597
0.159772
0.115345
0.0849997
0.0696336
0.0669248
0.0685732
0.175077
0.175847
0.177832
0.181788
0.188103
0.197235
0.209819
0.226163
0.248032
0.272011
0.291056
0.300199
0.296162
0.253355
0.198882
0.160882
0.134382
0.120077
0.115086
0.115748
0.142862
0.14379
0.146493
0.152123
0.161111
0.173707
0.190386
0.211524
0.237021
0.266815
0.291703
0.301896
0.291951
0.242687
0.20662
0.184936
0.176632
0.166038
0.160278
0.160341
0.0982608
0.0990649
0.101842
0.108346
0.119116
0.133551
0.151944
0.173729
0.196628
0.21964
0.242936
0.247051
0.232183
0.191066
0.17501
0.176873
0.176612
0.1652
0.159397
0.158351
0.043746
0.0434939
0.0440735
0.0478359
0.0550822
0.0631991
0.0727182
0.084477
0.0931788
0.0974284
0.117827
0.137983
0.133533
0.112019
0.0917715
0.0897005
0.098425
0.0945003
0.0936621
0.0914551
-0.485496
0.0952735
0.424371
0.64874
0.821244
0.954632
1.06307
1.15673
1.26812
1.26392
0.341803
0.497666
0.666638
0.810867
0.93022
1.02776
1.1083
1.16941
1.19466
1.19882
0.621364
0.725498
0.837818
0.935921
1.01978
1.08976
1.14549
1.18468
1.20916
1.22607
0.817011
0.888451
0.966193
1.03589
1.09619
1.14681
1.18747
1.21861
1.2429
1.26147
0.962964
1.01633
1.07039
1.12175
1.16692
1.20571
1.23821
1.26481
1.2869
1.30518
1.0801
1.11871
1.1612
1.20142
1.23772
1.26973
1.29745
1.32071
1.34009
1.35784
1.17959
1.21058
1.24692
1.28092
1.31254
1.34108
1.36601
1.3869
1.40376
1.42112
1.27038
1.29936
1.33339
1.36551
1.39552
1.42266
1.44619
1.46551
1.48007
1.49721
1.36161
1.39288
1.42834
1.46128
1.49139
1.51809
1.54075
1.55883
1.57149
1.58875
1.46575
1.50155
1.53972
1.57408
1.60421
1.63001
1.65134
1.66801
1.67964
1.6975
1.59527
1.63434
1.67257
1.70577
1.7338
1.75742
1.77709
1.79263
1.80448
1.82274
1.75645
1.79277
1.82477
1.85156
1.87442
1.89496
1.9136
1.92965
1.94338
1.96126
1.94117
1.96635
1.98631
2.00483
2.02251
2.03927
2.05516
2.07117
2.08831
2.10745
2.12798
2.13887
2.15162
2.16619
2.17982
2.1919
2.20283
2.21419
2.22961
2.24904
2.3099
2.32337
2.32844
2.32946
2.33143
2.33882
2.35255
2.37016
2.38391
2.39525
2.57881
2.52823
2.48077
2.4492
2.43617
2.44073
2.46398
2.50904
2.57574
2.66986
1.01101
1.00799
1.00193
0.990996
0.978493
0.967166
0.95808
0.951282
0.946758
0.944783
0.94592
0.949824
0.955922
0.964159
0.974625
0.986919
0.999254
1.00795
1.01246
1.01462
0.939326
0.945974
0.951217
0.954824
0.955923
0.95427
0.950788
0.946955
0.943909
0.942509
0.943497
0.946449
0.950469
0.954643
0.957636
0.958139
0.9558
0.951406
0.945104
0.939276
0.929251
0.932209
0.935566
0.938046
0.939792
0.940954
0.941147
0.940354
0.939224
0.938679
0.939436
0.941083
0.942678
0.943408
0.942949
0.941664
0.93974
0.936852
0.933506
0.931217
0.923244
0.924666
0.926872
0.929135
0.930842
0.932014
0.932869
0.933402
0.933599
0.933807
0.934384
0.935039
0.935297
0.935028
0.934353
0.933173
0.931331
0.929083
0.92732
0.926235
0.917935
0.918752
0.920211
0.921976
0.923702
0.925154
0.926254
0.927137
0.927888
0.928538
0.929066
0.929314
0.929212
0.928767
0.927884
0.926553
0.924992
0.923441
0.922407
0.921742
0.912952
0.913505
0.914585
0.915992
0.917493
0.918976
0.92033
0.921476
0.922473
0.923353
0.923947
0.924135
0.923935
0.923323
0.922355
0.921201
0.91998
0.918861
0.918153
0.917688
0.908168
0.908581
0.909446
0.910653
0.911973
0.913362
0.914777
0.91613
0.917352
0.91842
0.919143
0.919369
0.919127
0.918511
0.917676
0.916741
0.915773
0.914915
0.914387
0.914035
0.903518
0.903842
0.904559
0.905623
0.906854
0.908179
0.909583
0.911037
0.912462
0.913754
0.914644
0.914956
0.914792
0.914317
0.913661
0.912901
0.912121
0.911459
0.911057
0.910779
0.898931
0.899193
0.899805
0.900776
0.901952
0.903244
0.904655
0.906175
0.907754
0.909281
0.910395
0.910896
0.910922
0.910637
0.910161
0.909574
0.908957
0.908446
0.908137
0.907912
0.894325
0.894542
0.895082
0.895997
0.89714
0.898435
0.899891
0.901505
0.903249
0.905034
0.90644
0.907213
0.907484
0.90741
0.907116
0.906703
0.906238
0.905853
0.905617
0.90543
0.889629
0.88981
0.890302
0.891194
0.892348
0.893691
0.895235
0.896996
0.89896
0.901047
0.902824
0.903942
0.904492
0.904647
0.904544
0.904286
0.903958
0.903679
0.903503
0.903347
0.884782
0.884936
0.885399
0.886297
0.887499
0.888928
0.890607
0.892577
0.894842
0.897335
0.89956
0.901068
0.901936
0.90235
0.902457
0.90236
0.902168
0.901985
0.901857
0.901725
0.879715
0.879846
0.880297
0.881228
0.882509
0.88406
0.885913
0.888143
0.890783
0.893785
0.896565
0.89855
0.899808
0.900537
0.900892
0.900977
0.90092
0.900825
0.900742
0.900629
0.874353
0.874464
0.874912
0.875892
0.877285
0.879001
0.881094
0.88365
0.88673
0.890344
0.893811
0.896413
0.898164
0.899257
0.899884
0.900181
0.900283
0.900285
0.900247
0.90015
0.868603
0.868696
0.869157
0.870218
0.871771
0.873714
0.876127
0.879133
0.882829
0.887227
0.891535
0.894848
0.897138
0.898659
0.899595
0.900137
0.900416
0.900517
0.900521
0.900436
0.862386
0.86247
0.862933
0.864074
0.865796
0.86799
0.870778
0.874309
0.878732
0.884097
0.889437
0.893636
0.896657
0.898733
0.900062
0.900948
0.901445
0.901662
0.90171
0.901635
0.85542
0.855506
0.85601
0.857252
0.859175
0.861708
0.86499
0.86921
0.874552
0.881103
0.887725
0.893009
0.896843
0.89957
0.901464
0.90275
0.903523
0.903887
0.903981
0.90391
0.847507
0.847585
0.848143
0.849518
0.851717
0.854693
0.858607
0.863711
0.870243
0.8783
0.886456
0.893015
0.897863
0.901381
0.903905
0.90567
0.906782
0.907318
0.907453
0.907376
0.838184
0.838278
0.838925
0.84049
0.843035
0.846569
0.851289
0.857504
0.865497
0.875385
0.885451
0.893586
0.899653
0.90411
0.907399
0.909743
0.911263
0.911985
0.912157
0.912066
0.826839
0.826959
0.827752
0.829624
0.832698
0.837033
0.842873
0.850592
0.860503
0.872698
0.885026
0.89497
0.902426
0.907958
0.912078
0.915071
0.917017
0.917925
0.918132
0.918022
0.812757
0.812924
0.813954
0.816293
0.820138
0.825595
0.832951
0.842633
0.854964
0.869985
0.88504
0.89714
0.906203
0.912981
0.918061
0.921762
0.924152
0.925246
0.925485
0.925353
0.795013
0.795264
0.796659
0.799707
0.804694
0.811773
0.821239
0.833554
0.848992
0.867472
0.885733
0.900287
0.91119
0.919347
0.925503
0.929982
0.932846
0.934129
0.934397
0.934242
0.77224
0.772649
0.77463
0.778786
0.785499
0.794933
0.80737
0.823199
0.842573
0.865231
0.887203
0.904541
0.917494
0.927212
0.93456
0.939928
0.943304
0.944769
0.945055
0.944872
0.742165
0.742898
0.745901
0.751913
0.761418
0.774421
0.791079
0.811592
0.835885
0.86348
0.889657
0.91006
0.925255
0.936686
0.945373
0.951731
0.955621
0.957246
0.957535
0.957319
0.700638
0.70213
0.707304
0.716947
0.731261
0.749833
0.772446
0.799035
0.829282
0.862526
0.89331
0.916986
0.934559
0.947827
0.957987
0.965409
0.969756
0.97149
0.971756
0.971507
0.639985
0.644567
0.655423
0.672176
0.694714
0.721567
0.752129
0.786173
0.823275
0.862689
0.898312
0.925372
0.945395
0.960571
0.972206
0.980576
0.985384
0.987153
0.987341
0.987078
0.567598
0.575717
0.595457
0.622865
0.655815
0.692021
0.731189
0.773249
0.817857
0.864361
0.905972
0.937581
0.961136
0.979115
0.992787
1.00249
1.00805
1.01012
1.01041
1.01031
0.495017
0.508824
0.537411
0.575099
0.617863
0.663309
0.711085
0.761203
0.813408
0.867136
0.914932
0.951276
0.978492
0.9994
1.01545
1.02685
1.03282
1.03455
1.03501
1.03506
0.435499
0.452995
0.487284
0.532452
0.58308
0.636542
0.692178
0.749898
0.809352
0.869992
0.923602
0.96423
0.994573
1.01773
1.03529
1.04762
1.05417
1.05699
1.05774
1.05786
0.386954
0.406394
0.444968
0.495621
0.552401
0.612393
0.674782
0.739297
0.805434
0.872505
0.931468
0.975892
1.00883
1.03379
1.05273
1.06618
1.07376
1.07705
1.07795
1.07809
0.346397
0.366933
0.408677
0.463593
0.525307
0.590724
0.658914
0.729426
0.801593
0.874562
0.938379
0.986136
1.02129
1.04778
1.06782
1.08214
1.09048
1.09414
1.09513
1.09528
0.311313
0.332584
0.376822
0.435141
0.500913
0.570958
0.644213
0.720076
0.797726
0.87609
0.944337
0.995046
1.03208
1.05975
1.08057
1.09545
1.10438
1.10832
1.10939
1.10953
0.280035
0.301842
0.348043
0.409223
0.478435
0.552488
0.630236
0.710937
0.793616
0.876996
0.949356
1.00277
1.04145
1.07011
1.0915
1.10678
1.11611
1.12024
1.12137
1.12147
0.251339
0.273562
0.3215
0.385066
0.457257
0.534828
0.616595
0.701706
0.789057
0.877176
0.953466
1.00946
1.04967
1.07921
1.10107
1.11661
1.12608
1.13032
1.13146
1.13153
0.22429
0.246981
0.296465
0.362118
0.436942
0.517629
0.60301
0.692159
0.783882
0.876538
0.956683
1.01523
1.05698
1.08737
1.10969
1.12543
1.13495
1.13928
1.14032
1.14029
0.198428
0.221656
0.272324
0.339988
0.417168
0.500645
0.589291
0.682149
0.777975
0.875008
0.959007
1.02021
1.06358
1.09491
1.11771
1.13367
1.14325
1.14753
1.14855
1.14848
0.173393
0.197157
0.24892
0.318422
0.397711
0.483707
0.575316
0.671579
0.771249
0.872536
0.960441
1.02445
1.06963
1.10203
1.12541
1.14163
1.15127
1.15547
1.15646
1.15635
0.148959
0.173228
0.226158
0.297267
0.378457
0.466722
0.561007
0.660393
0.763662
0.869071
0.960968
1.02802
1.07521
1.10885
1.13293
1.14947
1.15916
1.16325
1.16413
1.164
0.125013
0.149838
0.203878
0.27644
0.35935
0.449645
0.546343
0.648575
0.755197
0.864578
0.96054
1.03087
1.08036
1.11545
1.14034
1.15721
1.16691
1.17082
1.17158
1.1714
0.101533
0.12693
0.182
0.25591
0.340375
0.432492
0.531348
0.636145
0.745849
0.859021
0.959074
1.03293
1.08506
1.12187
1.14769
1.16489
1.17451
1.17818
1.17876
1.17854
0.0785646
0.104468
0.160547
0.235689
0.321551
0.415286
0.516059
0.623147
0.735646
0.852375
0.95648
1.03411
1.08927
1.12814
1.15505
1.17253
1.18189
1.18521
1.18561
1.18535
0.0560599
0.0825158
0.139561
0.215821
0.302928
0.398087
0.500546
0.609649
0.724648
0.844642
0.952704
1.03429
1.09286
1.13426
1.16255
1.1802
1.18904
1.19182
1.19202
1.19173
0.0341484
0.0611372
0.119084
0.196351
0.284565
0.380977
0.484893
0.59574
0.712931
0.835857
0.947679
1.0333
1.09566
1.14019
1.17037
1.18822
1.19609
1.19796
1.19789
1.19759
0.012825
0.0403854
0.0991466
0.177341
0.266534
0.364026
0.469195
0.58153
0.700584
0.826089
0.941361
1.031
1.09743
1.14573
1.17868
1.19719
1.20359
1.20376
1.20313
1.20289
-0.00781004
0.0202707
0.0798106
0.158845
0.248895
0.34732
0.453535
0.567105
0.687729
0.815428
0.933741
1.02723
1.09787
1.15048
1.18736
1.20789
1.21311
1.21039
1.2079
1.20733
-0.0278132
0.000827046
0.0611279
0.140924
0.231728
0.330945
0.438039
0.552604
0.674499
0.803983
0.924862
1.02189
1.09667
1.15376
1.19563
1.22043
1.22698
1.22219
1.21361
1.196
-0.0471195
-0.0179357
0.0429593
0.123378
0.214733
0.31456
0.422275
0.53755
0.660355
0.791199
0.914134
1.01431
1.09334
1.15475
1.20202
1.2334
1.2452
1.24156
1.2251
1.2375
-0.0658518
-0.0359979
0.0253646
0.10626
0.197967
0.298227
0.406254
0.521972
0.645299
0.776988
0.901391
1.00392
1.08725
1.15215
1.20241
1.23817
1.25481
1.24911
1.18768
1.16925
-0.0846102
-0.053919
0.00859742
0.0899718
0.181922
0.282397
0.390183
0.506138
0.629624
0.761572
0.886697
0.990387
1.07771
1.14543
1.19141
1.22576
1.23413
1.20055
1.1308
1.08833
-0.104093
-0.0726017
-0.00694332
0.0748897
0.166991
0.267218
0.374432
0.490219
0.613421
0.744984
0.869957
0.973676
1.06283
1.13486
1.18325
1.18197
1.16348
1.10419
1.03163
0.987093
0.303977
0.416156
0.535146
0.661673
0.790655
0.905344
0.997297
0.855123
-0.125175
-0.106354
-0.0683013
0.000556205
0.0866014
0.18198
0.285547
0.396604
0.514686
0.639859
0.76746
0.88093
0.97131
1.04581
1.09778
1.06539
0.92536
0.83851
0.770111
-0.143006
-0.129928
-0.0857164
-0.0151306
0.0712057
0.166633
0.269646
0.380164
0.497293
0.620942
0.746079
0.855855
0.940776
1.00129
1.00121
0.901988
0.758436
0.652341
0.562776
-0.166448
-0.153645
-0.106486
-0.034792
0.0517751
0.147324
0.250369
0.360474
0.476576
0.598489
0.720396
0.825116
0.902312
0.944791
0.90671
0.749036
0.582117
0.446596
0.327449
-0.190087
-0.177116
-0.128317
-0.0554102
0.0316284
0.127166
0.229931
0.339258
0.454068
0.573842
0.692126
0.791293
0.860671
0.879403
0.796687
0.601629
0.40127
0.217927
0.0426446
-0.212932
-0.200464
-0.150826
-0.0768576
0.0106659
0.106217
0.208575
0.316999
0.430358
0.547682
0.661942
0.754903
0.81466
0.798734
0.669593
0.465767
0.24269
0.0286259
-0.166356
-0.236305
-0.224129
-0.174225
-0.0995504
-0.0116332
0.0839895
0.186016
0.293606
0.405471
0.520227
0.630288
0.716582
0.76424
0.72286
0.5534
0.352977
0.137428
-0.0664994
-0.191254
-0.226998
-0.260999
-0.248984
-0.198858
-0.123798
-0.0356811
0.0599186
0.161544
0.268187
0.378339
0.490157
0.595515
0.67445
0.70792
0.647332
0.448844
0.258728
0.0754309
-0.0623835
-0.107525
-0.132759
-0.287105
-0.275263
-0.224992
-0.149716
-0.0615557
0.0338362
0.134883
0.240318
0.348414
0.45681
0.55679
0.628032
0.644113
0.545665
0.355778
0.180729
0.0271789
-0.0598091
-0.0778485
-0.084265
-0.314939
-0.303202
-0.252736
-0.177311
-0.0892292
0.00579774
0.10603
0.209981
0.31566
0.42017
0.514064
0.57751
0.566167
0.443708
0.268174
0.10429
-0.0175751
-0.0611234
-0.0631074
-0.0648738
-0.344463
-0.332829
-0.282121
-0.206572
-0.118676
-0.024177
0.0750097
0.177201
0.280084
0.380265
0.467509
0.521959
0.489632
0.347164
0.185763
0.0338897
-0.0376025
-0.0547818
-0.0549707
-0.054907
-0.375477
-0.363783
-0.313029
-0.237392
-0.149786
-0.056007
0.0419079
0.142033
0.241738
0.337135
0.417461
0.460312
0.42147
0.259499
0.110947
-0.00778873
-0.0490776
-0.0478892
-0.0494918
-0.0493956
-0.407471
-0.395712
-0.345166
-0.269506
-0.182345
-0.0894799
0.00690329
0.104649
0.200806
0.291036
0.364133
0.396819
0.346947
0.181647
0.0452805
-0.0396136
-0.0527648
-0.0478812
-0.04577
-0.0449354
-0.439872
-0.428154
-0.37786
-0.30251
-0.215947
-0.124225
-0.0296608
0.0653833
0.157612
0.242372
0.308066
0.332293
0.26053
0.110624
-0.0146451
-0.0368767
-0.0524114
-0.0476568
-0.0419421
-0.0402294
-0.471607
-0.460262
-0.4104
-0.335645
-0.249999
-0.159698
-0.0672613
0.0247545
0.112722
0.191659
0.250551
0.260577
0.179255
0.0485928
-0.062353
-0.0817922
-0.0641503
-0.0535827
-0.0464263
-0.0422365
-0.501466
-0.490619
-0.441879
-0.367979
-0.283641
-0.195109
-0.105144
-0.0164924
0.0669568
0.139609
0.192905
0.188345
0.103081
-0.000649155
-0.105177
-0.168441
-0.10378
-0.0702575
-0.0585698
-0.0544584
-0.528231
-0.517768
-0.470855
-0.39837
-0.31577
-0.229411
-0.142304
-0.0573595
0.021379
0.0875567
0.135319
0.124662
0.0259398
-0.0266028
-0.0639246
-0.0758473
-0.101283
-0.107016
-0.1081
-0.107388
-0.549579
-0.539852
-0.495268
-0.425201
-0.345022
-0.261328
-0.177457
-0.0965376
-0.0227434
0.0372364
0.077102
0.0631748
-0.053537
-0.0853371
0.0305972
-0.0936984
-0.199457
-0.260875
-0.272717
-0.263668
-0.56377
-0.55508
-0.513515
-0.446687
-0.369662
-0.289308
-0.20911
-0.132425
-0.0637867
-0.00978225
0.0183112
-0.00117984
-0.165678
-0.341032
-0.439279
-0.421583
-0.458708
-0.488687
-0.47855
-0.466196
-0.568319
-0.561231
-0.523743
-0.461108
-0.387964
-0.311623
-0.235555
-0.163173
-0.0995566
-0.0519149
-0.0375007
-0.068144
-0.293681
-0.557374
-0.813684
-0.574953
-0.55472
-0.547561
-0.537281
-0.53629
-0.562103
-0.556295
-0.523929
-0.466702
-0.398378
-0.32664
-0.254903
-0.186629
-0.127369
-0.0860293
-0.0785825
-0.136599
-0.31509
-0.326882
-0.047957
-0.153134
-0.421883
-0.543741
-0.556176
-0.561909
-0.541825
-0.537565
-0.511713
-0.46217
-0.399909
-0.333143
-0.265617
-0.200702
-0.144085
-0.105975
-0.103845
-0.165535
-0.361107
-0.558619
-0.726818
-1.10493
-1.29433
-1.08848
-0.830491
-0.736686
-0.509776
-0.507137
-0.488404
-0.447664
-0.392527
-0.330776
-0.266788
-0.203872
-0.147028
-0.106096
-0.102981
-0.169428
-0.527684
-1.16521
-1.91621
-2.33731
-2.43691
-2.20374
-1.82914
-1.54944
-0.47051
-0.46895
-0.458
-0.425916
-0.377952
-0.320444
-0.258816
-0.195463
-0.135124
-0.0844897
-0.0655268
-0.100772
-0.354153
-0.68309
-1.06624
-1.30463
-1.2917
-1.08106
-0.836336
-0.654024
-0.431103
-0.430133
-0.424758
-0.402138
-0.359709
-0.304797
-0.24364
-0.177161
-0.108338
-0.0419246
0.0220482
0.0708984
0.157515
0.329416
0.613131
0.933723
1.24896
1.49031
1.6448
1.72203
-0.397593
-0.397007
-0.394448
-0.380018
-0.342565
-0.288495
-0.224834
-0.153162
-0.072974
0.0153037
0.120296
0.247267
0.483939
0.939418
1.52905
2.11115
2.60015
2.93195
3.10402
3.16427
-0.367614
-0.367029
-0.366308
-0.359331
-0.328266
-0.274474
-0.20693
-0.129801
-0.0427492
0.0587738
0.173178
0.308049
0.473663
0.878255
1.44145
1.98318
2.42976
2.72198
2.87595
2.93569
-0.340435
-0.340073
-0.339778
-0.337206
-0.314102
-0.261566
-0.191015
-0.110322
-0.0205708
0.0804836
0.192124
0.314896
0.438359
0.713864
1.18399
1.61907
1.97408
2.2147
2.3404
2.38747
-0.31861
-0.317515
-0.316342
-0.315895
-0.299575
-0.247972
-0.17499
-0.0925574
-0.00353191
0.0939194
0.201363
0.309918
0.421894
0.578718
0.906077
1.2331
1.4951
1.67052
1.75934
1.79141
-0.307773
-0.306738
-0.308072
-0.309587
-0.290973
-0.23243
-0.154386
-0.0713184
0.0145272
0.105601
0.201197
0.289856
0.376554
0.478223
0.690911
0.91366
1.09071
1.21088
1.2724
1.29472
-0.285332
-0.286826
-0.292933
-0.293106
-0.268634
-0.201987
-0.122903
-0.0430355
0.0353695
0.114974
0.195876
0.267054
0.333093
0.396618
0.534504
0.682067
0.796974
0.873341
0.910222
0.922155
-0.202826
-0.205981
-0.213406
-0.213818
-0.189642
-0.134585
-0.0689973
-0.00293177
0.0615821
0.126612
0.191473
0.245539
0.289197
0.328161
0.419108
0.514761
0.588323
0.635376
0.657504
0.664765
-0.0591296
-0.0621161
-0.0666621
-0.0679461
-0.0558859
-0.0277042
0.0085073
0.0496995
0.094012
0.141515
0.189655
0.226916
0.252324
0.272315
0.333788
0.396202
0.444188
0.473597
0.487384
0.491041
0.0852332
0.0835775
0.0811384
0.0771469
0.0747298
0.0774875
0.087057
0.104064
0.128302
0.158673
0.192114
0.216015
0.22798
0.238873
0.27857
0.320285
0.351604
0.370036
0.377955
0.379537
0.183054
0.182196
0.180658
0.175073
0.164562
0.1536
0.147825
0.14954
0.15938
0.176632
0.197793
0.212512
0.218013
0.224561
0.254173
0.282734
0.300946
0.310458
0.313848
0.314096
0.231223
0.230709
0.229381
0.223932
0.212729
0.199113
0.188098
0.182524
0.184054
0.192773
0.206885
0.217928
0.222373
0.227758
0.249949
0.26837
0.279165
0.283726
0.284812
0.284476
0.248201
0.247844
0.246741
0.242559
0.233764
0.22221
0.211448
0.204106
0.202006
0.206299
0.21701
0.228923
0.238183
0.24762
0.262517
0.271418
0.275977
0.278166
0.278927
0.278687
0.250044
0.249764
0.248888
0.246015
0.240067
0.231817
0.223345
0.21673
0.213713
0.216265
0.225749
0.241136
0.25733
0.271767
0.280773
0.283536
0.285228
0.286762
0.287429
0.287053
0.246251
0.246014
0.245334
0.243415
0.23965
0.23417
0.228083
0.222839
0.219952
0.221589
0.231013
0.249652
0.273553
0.292267
0.294537
0.293286
0.29485
0.298283
0.300865
0.3003
0.241302
0.241089
0.240552
0.239183
0.236733
0.23312
0.228785
0.224633
0.22175
0.222091
0.229583
0.248005
0.27539
0.295169
0.292964
0.291978
0.296204
0.301279
0.30574
0.305317
0.236852
0.236658
0.236226
0.235131
0.233251
0.230647
0.227357
0.223656
0.220161
0.218129
0.219963
0.23088
0.25176
0.265309
0.260123
0.262054
0.271767
0.284056
0.290612
0.290014
0.233178
0.233008
0.232684
0.231814
0.230177
0.227878
0.22502
0.221478
0.216969
0.211236
0.20397
0.198154
0.197643
0.197536
0.194547
0.207574
0.225463
0.239458
0.245698
0.244514
0.229879
0.229742
0.229548
0.228958
0.227645
0.225683
0.222932
0.219254
0.213907
0.204406
0.186789
0.157714
0.123323
0.103607
0.11343
0.137135
0.157963
0.169604
0.173882
0.173945
0.226214
0.226104
0.226045
0.225781
0.224938
0.223348
0.221526
0.218435
0.21311
0.203072
0.177244
0.128029
0.0580282
0.0278567
0.0489779
0.079456
0.0974207
0.103477
0.105011
0.105734
0.22138
0.221314
0.22146
0.221685
0.221781
0.22121
0.220393
0.21953
0.216203
0.207751
0.183582
0.129565
0.0519179
0.0235355
0.0428827
0.059444
0.0620138
0.0612253
0.060048
0.0604735
0.214392
0.214371
0.214647
0.215163
0.215903
0.217207
0.219147
0.221395
0.222746
0.22015
0.20639
0.16688
0.111138
0.091673
0.0879016
0.0771383
0.0594371
0.0457172
0.0420162
0.0430026
0.203875
0.20395
0.204595
0.206117
0.208351
0.211701
0.216442
0.222708
0.23079
0.237865
0.24007
0.229418
0.199031
0.18141
0.152965
0.115276
0.0829968
0.0621577
0.0558865
0.0557113
0.186844
0.186998
0.188056
0.190539
0.194692
0.200829
0.209597
0.221477
0.236204
0.254427
0.271295
0.279668
0.28194
0.261514
0.206595
0.15905
0.121535
0.0995188
0.0891876
0.0890005
0.1604
0.160656
0.16217
0.16582
0.172134
0.1814
0.19406
0.2108
0.230943
0.2591
0.285592
0.302915
0.309401
0.283809
0.226101
0.188923
0.167141
0.151616
0.14179
0.140233
0.122167
0.122511
0.124071
0.128741
0.13696
0.148756
0.164474
0.184902
0.209119
0.235792
0.263515
0.279322
0.275648
0.245102
0.209594
0.190774
0.184627
0.1787
0.170189
0.167509
0.0717957
0.0719447
0.0738866
0.0784713
0.0860542
0.0964805
0.11063
0.128653
0.147305
0.161998
0.186185
0.201872
0.193372
0.160834
0.137674
0.139326
0.150632
0.14295
0.134524
0.131745
0.0435387
0.0436886
0.0452717
0.0513425
0.0589814
0.0677414
0.0786757
0.0895421
0.0938821
0.104492
0.131521
0.137809
0.126443
0.0993431
0.0861443
0.0986004
0.0938261
0.0944304
0.092005
0.0357179
-0.134653
0.220632
0.453175
0.650614
0.810503
0.938745
1.0421
1.13009
1.19325
1.1895
0.386687
0.546682
0.693897
0.820812
0.929523
1.02055
1.09563
1.15383
1.18928
1.20251
0.662785
0.763347
0.860852
0.94873
1.02525
1.0903
1.1436
1.18423
1.21304
1.23249
0.849746
0.917262
0.986943
1.05137
1.10698
1.15486
1.19483
1.22702
1.25275
1.27105
0.991381
1.03888
1.09247
1.14003
1.18272
1.2202
1.25257
1.27983
1.30245
1.31818
1.10541
1.14337
1.18519
1.22298
1.25811
1.28988
1.31797
1.34203
1.36203
1.37503
1.20418
1.23693
1.27239
1.30618
1.33786
1.36701
1.39297
1.41508
1.43306
1.44363
1.29609
1.32759
1.36216
1.39574
1.42697
1.45548
1.48056
1.50153
1.51786
1.52652
1.39142
1.42628
1.46325
1.49887
1.53092
1.55931
1.5836
1.60343
1.6183
1.62632
1.50462
1.54495
1.58422
1.62119
1.65309
1.68024
1.70287
1.72116
1.73489
1.744
1.64868
1.69152
1.72909
1.76278
1.79084
1.81467
1.83532
1.85275
1.86663
1.87778
1.82653
1.86415
1.89231
1.91663
1.93766
1.95697
1.97524
1.9924
2.00831
2.02284
2.02423
2.04527
2.06026
2.0761
2.09239
2.1077
2.12143
2.1347
2.15021
2.16857
2.21499
2.22213
2.23266
2.24422
2.25415
2.26336
2.27362
2.28473
2.29636
2.30523
2.42797
2.42975
2.42184
2.40533
2.39419
2.39364
2.4058
2.43041
2.46454
2.48908
2.84762
2.65373
2.55268
2.49485
2.46573
2.4591
2.47431
2.51513
2.59099
2.73394
-0.088625
-0.0930883
-0.0538722
0.0171566
0.103311
0.199378
1.08358
1.15278
1.15352
1.07707
1.00842
0.936955
0.70034
0.469137
0.189613
-0.181299
-0.558476
)
;

boundaryField
{
    wall-4
    {
        type            zeroGradient;
    }
    pressure-outlet-7
    {
        type            fixedValue;
        value           uniform 0;
    }
    velocity-inlet-6
    {
        type            zeroGradient;
    }
    velocity-inlet-5
    {
        type            zeroGradient;
    }
    frontAndBackPlanes
    {
        type            empty;
    }
}


// ************************************************************************* //
