/*--------------------------------*- C++ -*----------------------------------*\
  =========                 |
  \\      /  F ield         | OpenFOAM: The Open Source CFD Toolbox
   \\    /   O peration     | Website:  https://openfoam.org
    \\  /    A nd           | Version:  10
     \\/     M anipulation  |
\*---------------------------------------------------------------------------*/
FoamFile
{
    format      ascii;
    class       volScalarField;
    location    "8";
    object      p;
}
// * * * * * * * * * * * * * * * * * * * * * * * * * * * * * * * * * * * * * //

dimensions      [0 2 -2 0 0 0 0];

internalField   nonuniform List<scalar> 
8800
(
0.40681
0.359141
0.320691
0.291962
0.271433
0.256979
0.246777
0.239644
0.23505
0.233016
0.233976
0.237669
0.243737
0.252462
0.264704
0.281975
0.306381
0.340049
0.382307
0.440989
0.237443
0.245164
0.25317
0.25676
0.25561
0.250963
0.244943
0.239323
0.234965
0.232269
0.231825
0.233906
0.237779
0.243059
0.249179
0.254882
0.258028
0.256961
0.251019
0.242021
0.215543
0.221947
0.226575
0.230136
0.232738
0.233893
0.233282
0.231554
0.22973
0.228778
0.229435
0.231316
0.233512
0.235007
0.234905
0.233029
0.230009
0.225942
0.220963
0.217127
0.20917
0.212055
0.215849
0.21921
0.221473
0.222969
0.223943
0.224356
0.224331
0.224335
0.224676
0.225197
0.225379
0.22492
0.223857
0.222137
0.219404
0.215668
0.212401
0.21098
0.206235
0.207491
0.210264
0.21323
0.215877
0.218
0.219456
0.2203
0.220743
0.221024
0.221378
0.221578
0.22133
0.220458
0.218834
0.216562
0.213843
0.210865
0.208838
0.208376
0.206033
0.206505
0.207657
0.209016
0.210407
0.211834
0.21318
0.214357
0.21525
0.215874
0.216166
0.216049
0.215493
0.21457
0.213416
0.212123
0.210847
0.209584
0.208801
0.208629
0.204647
0.204874
0.205551
0.206492
0.207538
0.208571
0.209613
0.210608
0.211474
0.21217
0.212558
0.212546
0.212188
0.211556
0.21082
0.209986
0.209118
0.208336
0.207918
0.207845
0.20228
0.202376
0.202699
0.203225
0.203838
0.204607
0.205478
0.206392
0.20729
0.208092
0.208599
0.208714
0.208523
0.208136
0.207663
0.2072
0.20679
0.20643
0.206264
0.206233
0.199239
0.199298
0.19951
0.199873
0.200334
0.200903
0.201584
0.202374
0.203244
0.204128
0.204806
0.205144
0.205216
0.205124
0.204941
0.204717
0.204485
0.204291
0.204206
0.204188
0.19582
0.195857
0.195998
0.196252
0.19661
0.197094
0.197724
0.19851
0.199439
0.200464
0.201353
0.201915
0.202198
0.202298
0.202292
0.202233
0.202153
0.202082
0.202052
0.20204
0.192034
0.192059
0.19217
0.192371
0.192678
0.193121
0.193733
0.194547
0.195576
0.196796
0.197949
0.198772
0.199293
0.1996
0.199764
0.199841
0.199867
0.199872
0.199873
0.199865
0.187894
0.18792
0.18802
0.188211
0.188515
0.188972
0.189631
0.190541
0.191743
0.193233
0.194714
0.19584
0.1966
0.197101
0.197413
0.197599
0.197705
0.197761
0.197783
0.197777
0.183383
0.183405
0.183515
0.183723
0.184058
0.184573
0.185331
0.186405
0.187855
0.189703
0.191586
0.193061
0.194114
0.194819
0.195279
0.195569
0.195744
0.195841
0.195882
0.195876
0.178462
0.178486
0.178614
0.178856
0.179252
0.179866
0.18078
0.18209
0.183882
0.186196
0.188593
0.190508
0.191871
0.192809
0.19343
0.193827
0.194071
0.194209
0.194267
0.194261
0.173042
0.173071
0.173227
0.173524
0.174011
0.174769
0.175903
0.177535
0.179779
0.182694
0.185733
0.188171
0.189926
0.191137
0.191944
0.192463
0.192784
0.192967
0.193044
0.193037
0.167005
0.16704
0.167237
0.167611
0.168224
0.169179
0.170608
0.172667
0.175501
0.179185
0.183031
0.186122
0.188351
0.189892
0.190921
0.191585
0.191996
0.192231
0.192329
0.192321
0.160185
0.160231
0.160483
0.16096
0.161743
0.162961
0.164782
0.167399
0.170996
0.175662
0.180522
0.184423
0.187236
0.189181
0.19048
0.19132
0.19184
0.192137
0.19226
0.19225
0.152361
0.152421
0.152747
0.153364
0.154375
0.155943
0.15828
0.161626
0.166207
0.172122
0.178256
0.183163
0.186696
0.189138
0.190769
0.191823
0.192476
0.192849
0.193004
0.192991
0.143236
0.143316
0.143743
0.144548
0.145865
0.147901
0.150921
0.155222
0.161072
0.168572
0.176297
0.182451
0.186872
0.189925
0.191965
0.193283
0.194099
0.194566
0.194758
0.194742
0.132403
0.132513
0.133076
0.13414
0.135877
0.138548
0.142481
0.148038
0.155525
0.165029
0.174733
0.182423
0.187934
0.19174
0.194283
0.195926
0.196943
0.197523
0.197762
0.197741
0.119295
0.119448
0.120203
0.121638
0.123967
0.127517
0.132686
0.139907
0.14951
0.161536
0.173676
0.183238
0.190081
0.19481
0.197975
0.200023
0.201288
0.202006
0.202301
0.202276
0.10309
0.103302
0.10434
0.106329
0.109529
0.114324
0.121199
0.130647
0.142987
0.158159
0.173263
0.185082
0.193536
0.199396
0.203336
0.205893
0.207472
0.208361
0.208724
0.208693
0.0825616
0.0828651
0.0843491
0.0872139
0.0917282
0.0983379
0.107622
0.120083
0.135946
0.154996
0.173643
0.188137
0.198523
0.205769
0.210684
0.213904
0.215905
0.217026
0.217477
0.217432
0.0558114
0.0562757
0.058544
0.0628891
0.0694832
0.078851
0.0916083
0.108138
0.128473
0.152199
0.174978
0.192571
0.205232
0.214169
0.220331
0.224449
0.227061
0.228543
0.229131
0.22906
0.0195286
0.0203657
0.0243073
0.0314427
0.0415954
0.0553357
0.0731017
0.0950057
0.120846
0.150021
0.177456
0.198516
0.213782
0.224747
0.232508
0.237872
0.241422
0.243514
0.244361
0.244259
-0.0328989
-0.0304586
-0.0221557
-0.00926651
0.00725867
0.0278151
0.0525016
0.0811952
0.113522
0.148782
0.181238
0.206016
0.224136
0.237439
0.247194
0.254283
0.259306
0.262534
0.263968
0.263841
-0.112298
-0.100396
-0.0813642
-0.058136
-0.0319998
-0.00242693
0.0306925
0.0672098
0.106748
0.148664
0.186617
0.215565
0.237038
0.253263
0.265717
0.275424
0.283023
0.288687
0.292007
0.292629
-0.196815
-0.17117
-0.140696
-0.107178
-0.0713006
-0.0326888
0.00882525
0.053233
0.100312
0.149578
0.194028
0.228189
0.253975
0.273987
0.289929
0.302954
0.313787
0.323337
0.33041
0.331329
-0.260248
-0.232404
-0.193956
-0.152199
-0.107891
-0.0610752
-0.0117106
0.0401712
0.0943981
0.150564
0.200948
0.239557
0.268683
0.291285
0.30923
0.323745
0.335617
0.345404
0.351678
0.352642
-0.310789
-0.280899
-0.237981
-0.190648
-0.140204
-0.0868944
-0.0308803
0.027636
0.0883544
0.150769
0.206305
0.248504
0.280001
0.304091
0.322889
0.33783
0.349886
0.359624
0.36593
0.366969
-0.351002
-0.32067
-0.2746
-0.223172
-0.168129
-0.109761
-0.0483572
0.0157758
0.0822253
0.150329
0.210585
0.255924
0.289324
0.314514
0.333879
0.349027
0.36106
0.370505
0.376743
0.377843
-0.384598
-0.354122
-0.30599
-0.251474
-0.192822
-0.130356
-0.0643988
0.00466273
0.0762978
0.149647
0.21426
0.262455
0.297559
0.323681
0.343485
0.358762
0.370748
0.380052
0.386145
0.387254
-0.413683
-0.383229
-0.333629
-0.276773
-0.215202
-0.149315
-0.0794868
-0.00612764
0.0701807
0.14845
0.217316
0.268367
0.305187
0.332267
0.352547
0.368003
0.379987
0.389201
0.395141
0.396253
-0.439784
-0.409284
-0.358567
-0.299886
-0.236008
-0.167323
-0.0941774
-0.0169826
0.0636794
0.146752
0.219927
0.27398
0.312652
0.340797
0.361636
0.377332
0.389362
0.398515
0.404324
0.405431
-0.463791
-0.433194
-0.381622
-0.321459
-0.255673
-0.184638
-0.108639
-0.0280253
0.0567019
0.144481
0.222129
0.279439
0.320199
0.349592
0.371115
0.387139
0.399277
0.408382
0.414055
0.415188
-0.486468
-0.455655
-0.403341
-0.341956
-0.274596
-0.201569
-0.123115
-0.0394599
0.0490638
0.141516
0.223878
0.284797
0.327969
0.358858
0.381232
0.397685
0.409985
0.419117
0.42462
0.425823
-0.508044
-0.476983
-0.424038
-0.361672
-0.293013
-0.218332
-0.137775
-0.0514171
0.0406464
0.137745
0.225089
0.290028
0.336014
0.368709
0.392151
0.409171
0.421712
0.430885
0.436274
0.437492
-0.528822
-0.497421
-0.443904
-0.380763
-0.311013
-0.234984
-0.152677
-0.063969
0.0313555
0.133028
0.22562
0.295037
0.344297
0.37918
0.403967
0.421732
0.434621
0.443887
0.44918
0.450361
-0.548816
-0.517108
-0.463118
-0.399295
-0.328663
-0.251556
-0.167842
-0.0771533
0.0211269
0.127261
0.225325
0.299667
0.352705
0.390219
0.416687
0.435429
0.448814
0.458232
0.463479
0.464533
-0.568033
-0.536085
-0.481693
-0.417251
-0.345953
-0.26803
-0.183241
-0.0909571
0.0099245
0.120351
0.224034
0.30372
0.361036
0.401683
0.430243
0.450254
0.464341
0.474045
0.479242
0.480092
-0.586555
-0.554316
-0.499534
-0.434598
-0.362838
-0.284347
-0.198815
-0.105327
-0.00224923
0.112231
0.221612
0.306965
0.369026
0.413335
0.444505
0.466165
0.48117
0.491278
0.496485
0.497085
-0.604401
-0.571757
-0.516675
-0.451323
-0.379239
-0.300434
-0.21448
-0.1202
-0.0153465
0.102851
0.217941
0.309158
0.376338
0.424869
0.459213
0.483029
0.499229
0.509855
0.515082
0.515425
-0.621303
-0.588359
-0.532965
-0.467375
-0.395096
-0.316196
-0.230143
-0.135472
-0.0293054
0.092242
0.212911
0.310064
0.382591
0.435791
0.473969
0.500579
0.518429
0.529707
0.534823
0.534845
-0.637302
-0.604199
-0.54842
-0.482664
-0.410341
-0.331551
-0.245689
-0.151037
-0.0440366
0.0804326
0.206485
0.309537
0.38735
0.445406
0.48814
0.518489
0.538677
0.55058
0.555271
0.554889
-0.652472
-0.619043
-0.563033
-0.497154
-0.424909
-0.346414
-0.261018
-0.166775
-0.0594258
0.0674955
0.19869
0.307454
0.390275
0.452898
0.500672
0.536169
0.560258
0.573095
0.576076
0.57486
-0.666684
-0.63299
-0.576733
-0.510799
-0.438748
-0.360706
-0.276029
-0.182558
-0.0753476
0.0535416
0.189587
0.303802
0.390987
0.457453
0.51023
0.552147
0.582923
0.599442
0.598812
0.594422
-0.680058
-0.646042
-0.589546
-0.523628
-0.451893
-0.37447
-0.290775
-0.198462
-0.0919117
0.0384368
0.179096
0.298508
0.389451
0.458648
0.515004
0.5635
0.60415
0.632799
0.635189
0.610458
-0.692556
-0.658202
-0.601562
-0.535798
-0.464567
-0.387972
-0.305621
-0.214993
-0.109799
0.021317
0.166484
0.290981
0.385139
0.455327
0.511702
0.563886
0.610788
0.642498
0.63638
0.604872
-0.704121
-0.669483
-0.612634
-0.547116
-0.476517
-0.400912
-0.320308
-0.231798
-0.128664
0.00245662
0.151957
0.281288
0.377847
0.44764
0.496645
0.543721
0.580459
0.591826
0.528047
0.479831
-0.714094
-0.679919
-0.622455
-0.557024
-0.487278
-0.412967
-0.334607
-0.248712
-0.148396
-0.0182715
0.135382
0.27019
0.367558
0.436246
0.472435
0.494007
0.512853
0.472216
0.391895
0.338417
-0.767155
-0.686447
-0.631618
-0.566787
-0.498108
-0.425213
-0.348655
-0.266004
-0.169507
-0.0414051
0.116456
0.256987
0.353242
0.42154
0.433588
0.422015
0.387279
0.315048
0.219757
0.167137
-0.710691
-0.697444
-0.642306
-0.580128
-0.512543
-0.441616
-0.369043
-0.291597
-0.201871
-0.0774735
0.0876856
0.235977
0.325422
0.369615
0.364308
0.21787
0.0790234
-0.0146437
-0.109723
-0.0550991
-0.735781
-0.707727
-0.652757
-0.590849
-0.523892
-0.454515
-0.384007
-0.310845
-0.227905
-0.109701
0.0591295
0.216871
0.302292
0.31235
0.232557
0.0266952
-0.160638
-0.292754
-0.430595
-0.33517
-0.752262
-0.719762
-0.664587
-0.602193
-0.535753
-0.467795
-0.399847
-0.331894
-0.256554
-0.144935
0.0257443
0.193294
0.274521
0.249181
0.0892669
-0.192457
-0.431359
-0.614448
-0.818804
-0.711116
-0.767018
-0.732064
-0.675955
-0.612891
-0.546888
-0.480333
-0.415437
-0.353028
-0.286373
-0.18388
-0.00800418
0.172957
0.247912
0.175002
-0.0814503
-0.423923
-0.741885
-1.01613
-1.32012
-1.27187
-0.779472
-0.743801
-0.686888
-0.623335
-0.55776
-0.492696
-0.431123
-0.375059
-0.318935
-0.230193
-0.0542079
0.1466
0.220159
0.0888106
-0.250843
-0.648233
-1.04765
-1.41992
-1.84499
-2.20485
-0.790625
-0.754867
-0.697465
-0.633631
-0.568422
-0.504828
-0.446701
-0.397648
-0.35412
-0.283534
-0.109548
0.112962
0.187367
-0.00415201
-0.410475
-0.836587
-1.27953
-1.6561
-1.83652
-2.14199
-0.801004
-0.765149
-0.707581
-0.643619
-0.578808
-0.516691
-0.46222
-0.420962
-0.392779
-0.348184
-0.186884
0.0629494
0.139799
-0.133819
-0.562661
-0.983643
-1.39086
-1.64676
-1.70213
-1.75664
-0.810849
-0.774801
-0.717099
-0.653046
-0.588624
-0.527974
-0.477375
-0.444986
-0.436004
-0.429562
-0.303239
-0.0315264
0.0442612
-0.303362
-0.708397
-1.08782
-1.49023
-1.69361
-1.6652
-1.67896
-0.820161
-0.783784
-0.725811
-0.661606
-0.59744
-0.538153
-0.491444
-0.468842
-0.483518
-0.535079
-0.488308
-0.209759
-0.131757
-0.509379
-0.861805
-1.15867
-1.55642
-1.80507
-1.68097
-1.63952
-0.828877
-0.791898
-0.733477
-0.668949
-0.604811
-0.546549
-0.503451
-0.491218
-0.533946
-0.674488
-0.784051
-0.520608
-0.426136
-0.766333
-1.0294
-1.1538
-1.29987
-1.47167
-1.45831
-1.43611
-0.836763
-0.798956
-0.739844
-0.674717
-0.610229
-0.552412
-0.512165
-0.510228
-0.583152
-0.850701
-1.2278
-0.995175
-0.826513
-1.08097
-1.24023
-1.11265
-0.823356
-1.0725
-1.32333
-1.38858
-0.843443
-0.804672
-0.744619
-0.678554
-0.613171
-0.554974
-0.516086
-0.522037
-0.630111
-1.04136
-1.79243
-1.59609
-1.29257
-1.4555
-1.71714
-1.73483
-1.65112
-1.70249
-1.75715
-1.80054
-0.848894
-0.808896
-0.747532
-0.680138
-0.613212
-0.553454
-0.513782
-0.522687
-0.658186
-1.19159
-2.30357
-2.12247
-1.70642
-1.8858
-2.53971
-3.24622
-3.37866
-3.15556
-2.86907
-2.74415
-0.852943
-0.811472
-0.748464
-0.679267
-0.610048
-0.547393
-0.504085
-0.509445
-0.647064
-1.23802
-2.51393
-2.30879
-1.77579
-2.0282
-2.97062
-4.265
-4.47601
-3.89618
-3.37663
-3.18612
-0.855471
-0.812396
-0.747435
-0.675956
-0.60368
-0.536705
-0.486775
-0.480576
-0.594902
-1.11619
-2.23755
-1.89915
-1.29547
-1.34873
-1.94463
-2.7261
-2.82833
-2.38167
-2.00123
-1.85172
-0.856562
-0.81186
-0.744629
-0.670454
-0.594454
-0.521873
-0.462463
-0.43737
-0.502695
-0.843394
-1.50319
-1.03764
-0.380135
-0.0985352
-0.0695693
-0.154728
-0.160991
-0.0224027
0.0560225
0.0802817
-0.856644
-0.810235
-0.740423
-0.663212
-0.582932
-0.503899
-0.433225
-0.384448
-0.38718
-0.510284
-0.647575
-0.193288
0.332866
0.648783
0.85032
0.988113
1.08601
1.13394
1.1486
1.14964
-0.855924
-0.807688
-0.73518
-0.654626
-0.569944
-0.484152
-0.401626
-0.328764
-0.273695
-0.231084
-0.0796409
0.313903
0.693406
0.98021
1.16948
1.3026
1.39059
1.43831
1.45759
1.4597
-0.853512
-0.803828
-0.728716
-0.644875
-0.555896
-0.46375
-0.370397
-0.276883
-0.178996
-0.0467937
0.196604
0.523884
0.80705
1.03526
1.19389
1.30397
1.37946
1.42754
1.45278
1.45762
-0.84672
-0.797046
-0.720167
-0.633409
-0.540726
-0.443268
-0.341225
-0.232582
-0.10818
0.0628898
0.311822
0.583266
0.809352
0.987056
1.11628
1.20899
1.27551
1.32178
1.34919
1.35496
-0.834769
-0.785163
-0.707451
-0.618544
-0.523293
-0.422152
-0.314404
-0.19662
-0.0589877
0.12299
0.353013
0.578691
0.764126
0.908215
1.01616
1.09636
1.15614
1.19981
1.22383
1.23027
-0.811141
-0.763313
-0.687354
-0.597681
-0.501373
-0.398989
-0.288959
-0.167591
-0.0263387
0.151888
0.357447
0.546871
0.70101
0.821515
0.91403
0.984749
1.03895
1.07942
1.1023
1.10899
-0.770011
-0.726335
-0.65508
-0.566764
-0.472499
-0.371653
-0.262924
-0.143191
-0.00548003
0.160815
0.341244
0.500999
0.629788
0.731445
0.811201
0.87362
0.922544
0.959053
0.980655
0.98793
-0.708752
-0.672133
-0.604055
-0.52181
-0.432738
-0.337505
-0.234674
-0.121353
0.0071271
0.157705
0.313404
0.446114
0.552389
0.636717
0.70382
0.757511
0.799956
0.832517
0.854157
0.861179
-0.615077
-0.589982
-0.53054
-0.458149
-0.379208
-0.294062
-0.201353
-0.0991081
0.0155687
0.146388
0.276987
0.385115
0.469698
0.535965
0.588168
0.629918
0.663598
0.689364
0.705525
0.710127
-0.478167
-0.465675
-0.42545
-0.370894
-0.309184
-0.240269
-0.16296
-0.0760677
0.0223964
0.134501
0.245183
0.335642
0.405147
0.458268
0.498763
0.529453
0.552525
0.570506
0.58288
0.58597
-0.330496
-0.326018
-0.3035
-0.270058
-0.22883
-0.178975
-0.119929
-0.050359
0.0308464
0.124645
0.217149
0.292033
0.348717
0.390989
0.421863
0.443964
0.459641
0.47003
0.475618
0.476741
-0.202523
-0.200343
-0.190509
-0.173223
-0.149093
-0.116923
-0.0752349
-0.0227862
0.0413928
0.117611
0.193575
0.254751
0.300235
0.333076
0.3563
0.372201
0.382344
0.388367
0.391308
0.391689
-0.104589
-0.104741
-0.101978
-0.0947615
-0.081996
-0.0623677
-0.0343018
0.00378968
0.053013
0.113503
0.174658
0.223762
0.259845
0.285466
0.30279
0.313854
0.320633
0.324387
0.325884
0.325924
-0.0390483
-0.039906
-0.0409311
-0.0391631
-0.0330969
-0.0210986
-0.00201701
0.0255346
0.0627684
0.110032
0.158603
0.197602
0.225842
0.245322
0.258255
0.266485
0.271211
0.273465
0.274206
0.274167
0.00070529
-5.52166e-05
-0.00139819
-0.00135576
0.00150054
0.00856792
0.0215366
0.0415801
0.0697331
0.106339
0.144399
0.17496
0.197023
0.21225
0.222172
0.22814
0.231396
0.232874
0.233304
0.233257
0.0244358
0.0239945
0.0231683
0.0232078
0.0251341
0.0298437
0.0390934
0.0534935
0.0745948
0.1028
0.132551
0.156508
0.173659
0.185229
0.192609
0.197045
0.19944
0.200476
0.200767
0.200731
0.0396463
0.0394099
0.038958
0.0390728
0.0404959
0.0440377
0.0507088
0.0615106
0.0774303
0.0990238
0.122025
0.140556
0.153776
0.162704
0.168397
0.171769
0.173541
0.174291
0.174497
0.174468
0.0494478
0.0493243
0.049092
0.0492821
0.0504076
0.0530368
0.0579774
0.0660774
0.0781792
0.0947546
0.112534
0.126901
0.137143
0.144009
0.148342
0.150891
0.152229
0.15279
0.152945
0.152921
0.0553924
0.0553301
0.0552281
0.0554535
0.0563789
0.0584272
0.0622177
0.0683545
0.077563
0.090272
0.103973
0.115051
0.122927
0.128193
0.131509
0.133465
0.134474
0.13489
0.135001
0.13498
0.0585196
0.0584875
0.0584574
0.0586853
0.0594407
0.0610431
0.0639247
0.0686439
0.0756984
0.0854517
0.095997
0.104534
0.110602
0.114654
0.117201
0.118683
0.119449
0.119761
0.119842
0.119823
0.0595703
0.0595537
0.0595608
0.0597739
0.0603902
0.0616455
0.0638635
0.0675171
0.0729233
0.0804156
0.0885301
0.0951001
0.0997651
0.102873
0.104832
0.10596
0.106539
0.10677
0.106827
0.10681
0.0590617
0.0590524
0.0590728
0.0592573
0.059752
0.0607365
0.0624593
0.0652698
0.0694315
0.075191
0.0814304
0.0864821
0.0900656
0.0924518
0.093954
0.0948144
0.095252
0.0954228
0.0954622
0.0954478
0.057357
0.0573512
0.0573737
0.0575263
0.0579189
0.0586887
0.060024
0.0621821
0.065392
0.0698219
0.0746197
0.0785015
0.0812516
0.0830668
0.084243
0.0848889
0.0852172
0.0853426
0.0853695
0.0853573
0.0547265
0.0547225
0.0547426
0.0548645
0.0551716
0.0557678
0.0567879
0.0584946
0.0609401
0.064345
0.0680314
0.0710127
0.0731263
0.0745365
0.075405
0.0759012
0.0761493
0.0762414
0.0762594
0.0762492
0.0513791
0.0513761
0.0513922
0.0514874
0.0517258
0.0521874
0.0529809
0.0542502
0.0561646
0.0587854
0.0616176
0.0639044
0.0655237
0.0666091
0.0672665
0.0676414
0.0678275
0.0678948
0.0679066
0.0678981
0.0474763
0.0474738
0.0474859
0.0475591
0.0477426
0.0480979
0.0487078
0.0496781
0.0511468
0.0531646
0.055337
0.0570896
0.0583361
0.0591568
0.0596562
0.0599398
0.060079
0.0601275
0.0601349
0.0601279
0.0431445
0.0431422
0.0431508
0.0432061
0.0433462
0.0436177
0.0440841
0.0448212
0.0459583
0.0474991
0.0491615
0.0505024
0.0514597
0.0520752
0.0524541
0.0526677
0.0527713
0.0528063
0.0528107
0.0528049
0.0384821
0.0384799
0.0384856
0.038527
0.0386331
0.0388395
0.0391935
0.0397549
0.0405948
0.0417995
0.0430662
0.0440971
0.0448147
0.0452795
0.0455645
0.045724
0.0458002
0.0458246
0.0458268
0.0458221
0.0335674
0.0335653
0.0335687
0.0335987
0.0336774
0.0338316
0.0340978
0.0345218
0.0351544
0.0360699
0.0370286
0.0378148
0.0383483
0.0386974
0.038911
0.03903
0.0390858
0.0391025
0.039103
0.0390993
0.0284612
0.0284591
0.0284603
0.0284811
0.0285383
0.0286519
0.0288492
0.029165
0.029635
0.0303237
0.0310423
0.0316361
0.0320263
0.0322839
0.0324407
0.0325271
0.0325669
0.0325779
0.0325775
0.0325743
0.0232101
0.0232082
0.0232077
0.0232213
0.0232611
0.0233422
0.0234851
0.0237131
0.0240749
0.0245663
0.025087
0.0255123
0.0258098
0.0259962
0.0261086
0.0261691
0.0261955
0.0262013
0.0261997
0.0261972
0.0178512
0.0178491
0.0178471
0.0178547
0.0178808
0.0179367
0.018036
0.0182003
0.018451
0.0187951
0.0191624
0.019459
0.0196652
0.0197956
0.0198728
0.0199138
0.0199307
0.0199331
0.0199309
0.019929
0.0124137
0.0124118
0.0124087
0.0124117
0.0124268
0.0124605
0.0125269
0.0126327
0.0127938
0.0130164
0.0132545
0.0134453
0.0135776
0.0136624
0.0137119
0.0137369
0.0137458
0.0137454
0.0137427
0.0137412
0.0069211
0.00691956
0.00691625
0.00691578
0.00692239
0.0069401
0.00697401
0.00703014
0.00711504
0.00723281
0.00736008
0.00746274
0.00753378
0.00757859
0.00760357
0.00761478
0.00761678
0.00761353
0.0076105
0.00760943
0.00139124
0.00139097
0.00138799
0.00138258
0.00138089
0.00138252
0.00138771
0.00139712
0.00141195
0.00143315
0.00145945
0.00148418
0.00150209
0.00151385
0.00152086
0.00152442
0.00152467
0.00152156
0.00151622
0.00151526
-0.92857
-0.642277
-0.33437
-0.0883644
0.110114
0.271726
0.410797
0.529965
0.588284
0.562775
-0.426013
-0.240115
-0.0509351
0.110871
0.248634
0.365058
0.460842
0.530146
0.565801
0.574011
-0.0955581
0.023629
0.147727
0.258346
0.354096
0.43462
0.49868
0.544926
0.575664
0.590493
0.126118
0.206654
0.292801
0.370359
0.437949
0.494964
0.541029
0.576241
0.602784
0.618989
0.288553
0.346036
0.406234
0.462865
0.512839
0.555735
0.591415
0.620074
0.642651
0.659161
0.414618
0.456578
0.503097
0.547296
0.586876
0.621671
0.651441
0.675715
0.694941
0.711523
0.52069
0.554584
0.594369
0.631567
0.66585
0.696445
0.722828
0.744265
0.760664
0.777369
0.617363
0.649818
0.687419
0.722594
0.754903
0.783654
0.808105
0.827702
0.841668
0.858524
0.717626
0.752861
0.791859
0.827321
0.858914
0.886444
0.909432
0.927364
0.939682
0.957042
0.835993
0.874824
0.914837
0.950319
0.980649
1.00616
1.02715
1.04348
1.05524
1.07333
0.983021
1.02212
1.05887
1.09024
1.11653
1.1391
1.15854
1.17436
1.18701
1.20507
1.15894
1.19112
1.21765
1.24038
1.26071
1.27975
1.29772
1.31444
1.32993
1.34807
1.34835
1.36576
1.38103
1.39737
1.4134
1.42815
1.44156
1.45564
1.47334
1.49353
1.53036
1.54
1.5517
1.5627
1.57216
1.58182
1.59263
1.60407
1.61552
1.63092
1.73771
1.7414
1.72661
1.71205
1.70592
1.71163
1.73024
1.76052
1.79258
1.81921
2.04438
1.90959
1.83299
1.79045
1.77294
1.77708
1.80436
1.86083
1.96366
2.18809
0.297252
0.295254
0.290849
0.28247
0.270575
0.258867
0.2491
0.241621
0.236327
0.233219
0.232717
0.235001
0.239516
0.24611
0.254872
0.265828
0.278013
0.288685
0.294642
0.297514
0.221057
0.226997
0.233694
0.238742
0.241745
0.241954
0.239724
0.236339
0.233106
0.230887
0.230533
0.232372
0.235498
0.239156
0.242301
0.243515
0.241949
0.237834
0.232108
0.225245
0.212231
0.214553
0.218486
0.222195
0.224827
0.226707
0.22782
0.227952
0.227333
0.226693
0.226718
0.227534
0.228625
0.229197
0.228739
0.227344
0.225191
0.222107
0.218132
0.214857
0.206972
0.207819
0.210597
0.214323
0.217435
0.219639
0.221085
0.221957
0.222375
0.222514
0.222749
0.223158
0.223315
0.222967
0.222031
0.220369
0.21783
0.214391
0.210906
0.209184
0.206226
0.206494
0.207785
0.209815
0.211834
0.213859
0.215651
0.217004
0.217907
0.218498
0.218897
0.219058
0.218826
0.21807
0.216727
0.214929
0.213024
0.211075
0.209317
0.208635
0.205466
0.205575
0.20617
0.207211
0.208351
0.209445
0.210526
0.211642
0.212618
0.213386
0.213893
0.214038
0.213773
0.213164
0.212362
0.211576
0.210521
0.209496
0.208669
0.208382
0.203584
0.203628
0.203924
0.204533
0.205246
0.206191
0.207275
0.208222
0.209154
0.209992
0.210612
0.210845
0.210704
0.210306
0.20968
0.208841
0.208273
0.207684
0.207271
0.207149
0.20081
0.20083
0.200984
0.201336
0.201804
0.202371
0.203047
0.20384
0.204701
0.205568
0.206306
0.206717
0.20679
0.206641
0.206388
0.206096
0.205787
0.205485
0.205291
0.20524
0.197579
0.197591
0.197694
0.197936
0.198292
0.198759
0.199351
0.200074
0.200918
0.201852
0.202745
0.203364
0.203661
0.203738
0.203679
0.203552
0.203399
0.20325
0.203157
0.203131
0.193968
0.193973
0.194049
0.19422
0.19449
0.194875
0.195405
0.196105
0.196989
0.19804
0.199141
0.200009
0.200542
0.200834
0.200973
0.201017
0.201011
0.200982
0.200962
0.200954
0.190009
0.190013
0.190075
0.190221
0.190465
0.190832
0.191364
0.192101
0.19308
0.194312
0.195683
0.196846
0.197643
0.198152
0.198462
0.198642
0.198739
0.198785
0.198806
0.19881
0.185686
0.185685
0.185751
0.1859
0.186151
0.186543
0.187126
0.187961
0.189107
0.190597
0.192316
0.193839
0.194913
0.19566
0.196144
0.196448
0.196633
0.196739
0.196792
0.196804
0.180979
0.180977
0.181048
0.181215
0.181502
0.181954
0.182638
0.183634
0.185022
0.186861
0.189027
0.190981
0.19242
0.193409
0.194075
0.194506
0.194775
0.194934
0.195015
0.195035
0.175821
0.175818
0.175903
0.176103
0.176448
0.176996
0.177831
0.179055
0.180776
0.183077
0.185812
0.188308
0.190151
0.191443
0.192318
0.19289
0.19325
0.193465
0.193576
0.193604
0.17011
0.170105
0.170212
0.170461
0.17089
0.171574
0.172618
0.174152
0.176313
0.179212
0.18267
0.185838
0.188185
0.189837
0.190959
0.191695
0.192161
0.192441
0.192584
0.19262
0.163706
0.1637
0.163835
0.164152
0.164697
0.165565
0.166889
0.168832
0.17157
0.175239
0.179614
0.18362
0.186587
0.188679
0.190101
0.191035
0.191627
0.191983
0.192166
0.192212
0.156419
0.15641
0.156586
0.156994
0.157695
0.158808
0.160502
0.162983
0.16647
0.171128
0.17666
0.181713
0.185449
0.188082
0.189871
0.191047
0.191792
0.192241
0.192472
0.192529
0.147989
0.147978
0.148209
0.148742
0.149653
0.151093
0.153278
0.156467
0.160926
0.166848
0.173842
0.180199
0.184885
0.188184
0.190425
0.191897
0.192831
0.193394
0.193683
0.193754
0.138064
0.138051
0.138359
0.139065
0.140262
0.142143
0.144984
0.149107
0.154831
0.162373
0.171203
0.179176
0.185034
0.189153
0.191949
0.193788
0.194955
0.19566
0.196021
0.196109
0.126155
0.12614
0.126561
0.127513
0.129104
0.131586
0.135316
0.140687
0.148068
0.157679
0.168803
0.178768
0.186062
0.191186
0.194666
0.196958
0.198418
0.199302
0.199757
0.199865
0.111581
0.111568
0.112163
0.113469
0.115615
0.118938
0.123898
0.130957
0.140516
0.152762
0.166728
0.179119
0.188157
0.194509
0.198833
0.20169
0.203519
0.204638
0.205217
0.205351
0.0933575
0.0933589
0.0942339
0.0960719
0.0990301
0.103581
0.110294
0.119669
0.132093
0.147669
0.165103
0.1804
0.19153
0.199375
0.204743
0.20831
0.210611
0.212038
0.212787
0.21296
0.0699392
0.0699832
0.0713451
0.0740378
0.0782893
0.0847509
0.0940428
0.106628
0.122805
0.142523
0.164099
0.182801
0.196391
0.206031
0.212697
0.217176
0.220095
0.221927
0.222909
0.223145
0.0387507
0.0389202
0.0411941
0.045433
0.0519511
0.0615357
0.0746889
0.0917278
0.112763
0.137523
0.163914
0.186491
0.202901
0.214665
0.222947
0.228635
0.232421
0.234836
0.236153
0.23648
-0.00481329
-0.00426902
0.000111332
0.00758356
0.0183687
0.0331322
0.052023
0.0751098
0.102238
0.132928
0.164724
0.191557
0.211091
0.225297
0.235563
0.242879
0.24797
0.251388
0.253327
0.253768
-0.069079
-0.0667532
-0.0566251
-0.0420748
-0.0232535
-0.000252841
0.0267069
0.0574967
0.0918134
0.129115
0.166694
0.197988
0.220817
0.237684
0.250242
0.259619
0.266581
0.271663
0.274808
0.27525
-0.146465
-0.142146
-0.123382
-0.0971727
-0.0677027
-0.0351477
0.000574373
0.039491
0.0814506
0.126035
0.170363
0.207269
0.234574
0.255294
0.27134
0.283971
0.294096
0.30213
0.306128
0.307898
-0.225467
-0.213993
-0.185841
-0.149642
-0.110602
-0.0689657
-0.0247187
0.0222182
0.0717534
0.123585
0.174683
0.217196
0.248822
0.273091
0.292217
0.307591
0.320088
0.330238
0.336831
0.339931
-0.283118
-0.270615
-0.237587
-0.194959
-0.148758
-0.0997827
-0.0481869
0.00592982
0.0624304
0.120996
0.178265
0.225568
0.260524
0.287132
0.307839
0.3242
0.33724
0.347604
0.354449
0.357622
-0.328956
-0.316165
-0.27979
-0.232701
-0.181474
-0.126988
-0.0695181
-0.00932254
0.0532942
0.117879
0.180652
0.232103
0.269717
0.297955
0.31961
0.336482
0.349742
0.360151
0.367116
0.370087
-0.366034
-0.353447
-0.315121
-0.264762
-0.2097
-0.150919
-0.0887267
-0.0234382
0.0445425
0.114631
0.182531
0.237761
0.277681
0.30726
0.329624
0.346803
0.360133
0.370472
0.377438
0.380357
-0.39761
-0.385246
-0.345607
-0.292877
-0.234817
-0.172528
-0.106351
-0.0366469
0.0361073
0.111202
0.183876
0.24269
0.284815
0.315661
0.338689
0.356167
0.369589
0.379908
0.38693
0.389795
-0.42539
-0.41318
-0.372624
-0.318082
-0.257689
-0.192551
-0.12303
-0.0495259
0.0275057
0.107302
0.184676
0.24714
0.291553
0.323746
0.347506
0.365332
0.378882
0.389203
0.396276
0.399093
-0.450597
-0.438463
-0.397201
-0.341231
-0.278975
-0.211525
-0.139188
-0.0623242
0.018622
0.102914
0.184991
0.251274
0.298178
0.331886
0.356499
0.374761
0.388499
0.398844
0.405991
0.408754
-0.47406
-0.461943
-0.420068
-0.362931
-0.299128
-0.229738
-0.15501
-0.0752222
0.0092841
0.0978789
0.184745
0.255133
0.304835
0.340308
0.365953
0.384768
0.398764
0.4092
0.416311
0.419028
-0.496263
-0.484138
-0.441706
-0.383601
-0.318535
-0.247524
-0.170769
-0.0884275
-0.000671252
0.0920751
0.183847
0.258694
0.311578
0.349139
0.376049
0.395565
0.409905
0.420481
0.427624
0.430294
-0.517562
-0.505325
-0.462346
-0.403464
-0.337367
-0.265012
-0.18656
-0.10203
-0.0113459
0.0853801
0.182173
0.261863
0.318376
0.35842
0.386889
0.4073
0.422107
0.432873
0.440055
0.442697
-0.538085
-0.52571
-0.482215
-0.422659
-0.355697
-0.282269
-0.202434
-0.116067
-0.022806
0.0776929
0.179592
0.264495
0.325126
0.368108
0.3985
0.420059
0.435485
0.446543
0.453771
0.456381
-0.557794
-0.545236
-0.501368
-0.441266
-0.373558
-0.299295
-0.218392
-0.130547
-0.0350699
0.0689247
0.175965
0.266426
0.331654
0.378079
0.410829
0.433864
0.450108
0.461558
0.468876
0.471493
-0.576812
-0.564038
-0.51975
-0.459202
-0.390939
-0.316056
-0.23438
-0.14543
-0.0481281
0.0590499
0.171165
0.267461
0.337728
0.388124
0.423734
0.448637
0.465979
0.47797
0.485446
0.488007
-0.595054
-0.582148
-0.537467
-0.476455
-0.407795
-0.33249
-0.250327
-0.160641
-0.0619413
0.0480526
0.165098
0.267401
0.343078
0.397927
0.436936
0.464183
0.482999
0.495791
0.50354
0.505989
-0.61252
-0.599402
-0.554432
-0.492986
-0.424062
-0.348526
-0.26615
-0.176089
-0.0764318
0.0359496
0.157718
0.266086
0.347418
0.407056
0.450046
0.48029
0.500992
0.514794
0.522847
0.525152
-0.628988
-0.615771
-0.57048
-0.508742
-0.439654
-0.364072
-0.281752
-0.191672
-0.0915047
0.0228039
0.149012
0.263416
0.350407
0.415052
0.462526
0.496594
0.519912
0.534976
0.543187
0.545193
-0.644637
-0.631297
-0.585632
-0.523698
-0.454536
-0.379068
-0.297027
-0.20728
-0.107049
0.00870865
0.138998
0.259296
0.351778
0.421334
0.47366
0.51243
0.539591
0.556481
0.564359
0.565538
-0.659358
-0.645878
-0.5999
-0.537787
-0.46864
-0.393434
-0.311886
-0.222786
-0.122932
-0.00625545
0.127765
0.253711
0.351312
0.425416
0.482512
0.52668
0.55952
0.580202
0.587201
0.585353
-0.673223
-0.659565
-0.613227
-0.550979
-0.48194
-0.407115
-0.326247
-0.23809
-0.139028
-0.0219353
0.11542
0.246725
0.349047
0.426752
0.487484
0.537119
0.577612
0.606696
0.6169
0.606249
-0.686173
-0.672384
-0.625702
-0.563391
-0.494601
-0.420345
-0.340411
-0.253608
-0.155903
-0.0390416
0.101238
0.237859
0.344557
0.424963
0.487269
0.540959
0.589189
0.630576
0.647726
0.645389
-0.698235
-0.684175
-0.637307
-0.575006
-0.506629
-0.433134
-0.354349
-0.269324
-0.173605
-0.0577349
0.0849799
0.227025
0.337699
0.419683
0.479869
0.531848
0.579868
0.617977
0.620304
0.550519
-0.709262
-0.694679
-0.647902
-0.585957
-0.518151
-0.445597
-0.368069
-0.285106
-0.192025
-0.0779297
0.0667181
0.214298
0.328159
0.411059
0.466321
0.503132
0.541526
0.552613
0.504077
0.428555
-0.719143
-0.705525
-0.657077
-0.595933
-0.528871
-0.457273
-0.381662
-0.300889
-0.210969
-0.0994187
0.0466525
0.199739
0.315859
0.399199
0.449141
0.480533
0.463501
0.432124
0.354558
0.269587
-0.695114
-0.680716
-0.6371
-0.573789
-0.505463
-0.432998
-0.356097
-0.275093
-0.180572
-0.0533033
0.106007
0.248548
0.343406
0.412706
0.475823
0.378509
0.31671
0.243333
0.151842
0.0905351
-0.716172
-0.698895
-0.668269
-0.610447
-0.545191
-0.475116
-0.401721
-0.325289
-0.241709
-0.136846
0.00908834
0.172939
0.293393
0.364609
0.414612
0.40025
0.267613
0.158099
0.0799058
-0.0293033
-0.730076
-0.712796
-0.675957
-0.617586
-0.553111
-0.484262
-0.413309
-0.340196
-0.261333
-0.161989
-0.0174665
0.151693
0.27696
0.334872
0.333032
0.235461
0.0354914
-0.0985919
-0.201546
-0.316069
-0.74341
-0.730051
-0.686632
-0.628134
-0.563452
-0.495499
-0.426425
-0.356831
-0.283258
-0.190353
-0.0468727
0.130749
0.255289
0.293203
0.23911
0.0434031
-0.19354
-0.37152
-0.520075
-0.692729
-0.758812
-0.744758
-0.698835
-0.639412
-0.574594
-0.50755
-0.440438
-0.374727
-0.307839
-0.224229
-0.0856508
0.104583
0.23767
0.250299
0.131957
-0.154527
-0.453698
-0.697973
-0.914157
-1.19803
-0.7721
-0.757883
-0.710624
-0.650097
-0.585235
-0.519113
-0.454211
-0.39288
-0.333602
-0.261384
-0.129208
0.0716052
0.218314
0.205622
0.0121281
-0.352837
-0.723499
-1.07423
-1.37756
-1.96949
-0.783708
-0.769894
-0.721852
-0.660591
-0.595727
-0.530466
-0.467898
-0.41138
-0.361108
-0.303522
-0.182587
0.0319285
0.193243
0.150545
-0.130748
-0.53846
-0.962721
-1.38487
-1.75488
-2.44331
-0.794362
-0.780995
-0.732485
-0.670801
-0.605973
-0.541533
-0.481305
-0.429929
-0.390026
-0.350122
-0.2478
-0.0220869
0.161229
0.0759039
-0.275661
-0.700251
-1.13376
-1.52529
-1.72727
-1.77183
-0.804463
-0.791399
-0.742502
-0.680556
-0.615836
-0.55223
-0.494431
-0.44877
-0.421075
-0.405079
-0.335283
-0.105732
0.102963
-0.024149
-0.433324
-0.836319
-1.24729
-1.58228
-1.64962
-1.67437
-0.814053
-0.801018
-0.751854
-0.689619
-0.624952
-0.562121
-0.506757
-0.467304
-0.453711
-0.470898
-0.460611
-0.247382
-0.0166031
-0.184113
-0.609377
-0.94967
-1.33076
-1.69899
-1.75338
-1.69005
-0.823141
-0.809966
-0.76033
-0.697703
-0.632952
-0.570692
-0.517567
-0.484447
-0.487292
-0.547858
-0.642775
-0.501948
-0.242296
-0.417775
-0.803992
-1.06183
-1.30878
-1.66651
-1.65847
-1.56998
-0.831479
-0.818069
-0.767728
-0.70451
-0.639416
-0.577353
-0.525961
-0.498804
-0.520215
-0.63458
-0.896264
-0.922051
-0.597495
-0.739538
-1.0413
-1.14945
-1.04299
-1.05554
-1.27421
-1.36873
-0.838801
-0.825034
-0.773787
-0.709726
-0.643917
-0.581496
-0.53092
-0.508449
-0.550209
-0.725343
-1.22482
-1.5117
-1.08668
-1.1331
-1.37627
-1.39905
-1.10469
-1.11914
-1.34911
-1.48964
-0.84495
-0.830657
-0.77825
-0.71305
-0.646053
-0.58249
-0.531405
-0.51098
-0.563575
-0.800793
-1.5692
-2.15555
-1.60094
-1.55539
-1.86479
-2.33959
-2.4693
-2.43041
-2.312
-2.23898
-0.849685
-0.834837
-0.780977
-0.71426
-0.645509
-0.579871
-0.526495
-0.504392
-0.560676
-0.844524
-1.78824
-2.59783
-1.92858
-1.85244
-2.35546
-3.43355
-4.12625
-4.0167
-3.52992
-3.22287
-0.853051
-0.837498
-0.78189
-0.713254
-0.642159
-0.573414
-0.515748
-0.487464
-0.534852
-0.818669
-1.77737
-2.54811
-1.79407
-1.66335
-2.20701
-3.35007
-4.08086
-3.76406
-3.13712
-2.78602
-0.854946
-0.838633
-0.781084
-0.710156
-0.636142
-0.563321
-0.499413
-0.460125
-0.484645
-0.701911
-1.44816
-1.90509
-1.09602
-0.714998
-0.754868
-1.12124
-1.39957
-1.23544
-0.985626
-0.857892
-0.855756
-0.838562
-0.778866
-0.705293
-0.627883
-0.550161
-0.478385
-0.424421
-0.414824
-0.522336
-0.895763
-0.928725
-0.250473
0.205522
0.430176
0.537343
0.611707
0.696526
0.734335
0.741466
-0.85539
-0.838006
-0.77559
-0.699085
-0.617898
-0.534907
-0.454442
-0.38393
-0.336539
-0.335411
-0.371039
-0.127848
0.344132
0.732879
0.974208
1.14411
1.26199
1.33412
1.36298
1.36526
-0.854285
-0.836407
-0.771321
-0.691726
-0.606757
-0.518429
-0.429351
-0.342978
-0.262096
-0.181751
-0.0453018
0.268698
0.613643
0.912054
1.12404
1.27037
1.37092
1.43529
1.47002
1.48163
-0.850556
-0.832884
-0.765501
-0.682929
-0.594407
-0.501253
-0.404672
-0.305058
-0.199429
-0.0720088
0.12671
0.420838
0.69693
0.925127
1.0954
1.21566
1.30078
1.35989
1.39764
1.41323
-0.842683
-0.825667
-0.756399
-0.671458
-0.580023
-0.483117
-0.380829
-0.271851
-0.150783
-0.00040041
0.210537
0.466806
0.693743
0.875472
1.01275
1.11351
1.18775
1.24239
1.27982
1.29543
-0.826806
-0.811681
-0.74145
-0.654816
-0.561641
-0.462675
-0.35719
-0.243088
-0.11448
0.0429165
0.24576
0.466164
0.654424
0.804018
0.918645
1.00547
1.07158
1.12184
1.15838
1.17511
-0.797308
-0.784508
-0.715467
-0.629336
-0.536569
-0.437807
-0.33204
-0.217174
-0.08769
0.0667199
0.253464
0.442378
0.599781
0.725003
0.8226
0.898423
0.957843
1.00415
1.03959
1.05515
-0.747587
-0.737894
-0.673421
-0.590012
-0.500917
-0.405636
-0.303392
-0.192132
-0.067649
0.0780649
0.243585
0.405221
0.536452
0.641016
0.72368
0.789261
0.842061
0.885181
0.919919
0.93489
-0.668707
-0.658688
-0.605922
-0.532222
-0.450766
-0.363234
-0.26889
-0.165907
-0.0512806
0.0793324
0.224972
0.359454
0.466648
0.551455
0.618739
0.672524
0.716482
0.754115
0.785214
0.802134
-0.552969
-0.546729
-0.511129
-0.451151
-0.38277
-0.308261
-0.226609
-0.136423
-0.0358197
0.0778015
0.201031
0.312391
0.39896
0.465884
0.517613
0.557786
0.588957
0.612997
0.631727
0.643181
-0.40324
-0.402048
-0.382471
-0.344031
-0.296199
-0.240965
-0.177162
-0.104055
-0.0201017
0.0762182
0.180899
0.274859
0.346968
0.40168
0.44283
0.473358
0.495722
0.512144
0.523489
0.528266
-0.262735
-0.262434
-0.253673
-0.233349
-0.20502
-0.168828
-0.123715
-0.0683678
-0.00181932
0.0768325
0.163327
0.240877
0.299821
0.343558
0.375206
0.397638
0.413182
0.423239
0.429138
0.431354
-0.148828
-0.149509
-0.146461
-0.137609
-0.123105
-0.101808
-0.0723091
-0.0328935
0.0176631
0.0800138
0.150138
0.213176
0.260476
0.294853
0.319182
0.335699
0.346169
0.352479
0.355824
0.356865
-0.0676641
-0.0684384
-0.0688033
-0.0668413
-0.0605998
-0.0486032
-0.0295338
-0.00202284
0.0354547
0.083711
0.139393
0.189868
0.227559
0.254492
0.272797
0.284689
0.292122
0.29632
0.298202
0.298661
-0.0163196
-0.0168857
-0.0182456
-0.0189387
-0.0168748
-0.0104842
0.00187361
0.0214088
0.0492807
0.0863712
0.130063
0.169853
0.199323
0.220102
0.234192
0.243267
0.248592
0.251316
0.2524
0.252597
0.014139
0.0137955
0.0128108
0.0120588
0.0130573
0.0168684
0.0249333
0.0385847
0.0591768
0.0875023
0.121526
0.152764
0.175922
0.192164
0.202902
0.209551
0.213386
0.215314
0.216025
0.216153
0.0329363
0.0327285
0.0321947
0.0318029
0.0325694
0.0353521
0.0412083
0.0511525
0.0664045
0.0879153
0.114236
0.138554
0.156481
0.168893
0.177049
0.182114
0.184991
0.186389
0.186881
0.18697
0.0451766
0.0450542
0.0447586
0.0445809
0.0452027
0.0472388
0.0514688
0.0589089
0.0704378
0.0868337
0.107091
0.12591
0.139804
0.149435
0.155732
0.159586
0.161747
0.162789
0.163152
0.163219
0.0528711
0.0527965
0.052646
0.0526146
0.0531785
0.0547806
0.0579743
0.0635855
0.0722912
0.0848152
0.10042
0.114974
0.125705
0.133102
0.137908
0.140848
0.142486
0.143268
0.143536
0.143585
0.0572882
0.057239
0.0571661
0.0572067
0.0576969
0.058966
0.061445
0.0657162
0.0723691
0.0819472
0.0939363
0.105149
0.113416
0.11911
0.122806
0.125057
0.126302
0.126891
0.127087
0.127121
0.0592912
0.0592562
0.0592266
0.0593041
0.0597276
0.0607388
0.0626579
0.0659401
0.0710418
0.0783882
0.0876079
0.0962455
0.102611
0.106989
0.109825
0.111543
0.11249
0.112934
0.113079
0.113102
0.0595042
0.0594782
0.0594689
0.0595546
0.059908
0.0607093
0.0621899
0.064785
0.0686723
0.0743105
0.0813975
0.0880431
0.0929375
0.0962973
0.0984591
0.0998002
0.100514
0.100846
0.10095
0.100964
0.0583547
0.058335
0.058334
0.0584131
0.0587012
0.059335
0.0604995
0.062449
0.065479
0.0698193
0.0752692
0.0803799
0.0841404
0.0867193
0.0883984
0.0893985
0.0899429
0.0901915
0.0902668
0.0902755
0.0561548
0.0561397
0.0561414
0.0562082
0.0564373
0.0569326
0.0578333
0.0593257
0.0616819
0.0650172
0.0692067
0.0731348
0.0760229
0.0780038
0.0792886
0.0800507
0.0804628
0.0806481
0.0807013
0.0807061
0.0531404
0.0531286
0.0531306
0.0531841
0.0533638
0.0537488
0.0544449
0.0555956
0.0574075
0.0599758
0.0631963
0.0662142
0.0684314
0.0699537
0.0709316
0.0715088
0.0718204
0.0719587
0.0719968
0.0719992
0.0494947
0.0494855
0.049487
0.0495288
0.0496681
0.0499654
0.0505025
0.0513869
0.0527767
0.0547522
0.0572268
0.0595423
0.0612379
0.0624316
0.0631559
0.0635923
0.0638268
0.0639291
0.0639553
0.0639561
0.0453613
0.0453539
0.0453548
0.0453867
0.0454934
0.0457215
0.0461334
0.0468112
0.0478564
0.0493908
0.0512885
0.0530633
0.0543678
0.0552602
0.0558202
0.0561524
0.0563289
0.0564044
0.0564227
0.0564226
0.040853
0.0408473
0.0408474
0.0408708
0.0409513
0.0411245
0.0414381
0.0419544
0.0427478
0.0439257
0.0453787
0.0467347
0.0477479
0.0484089
0.048832
0.0490818
0.0492136
0.0492687
0.0492806
0.0492798
0.0360558
0.0360514
0.0360508
0.0360674
0.0361271
0.0362573
0.0364943
0.0368852
0.0374844
0.0383866
0.0394883
0.040522
0.0412832
0.0417854
0.0421042
0.0422918
0.0423898
0.0424298
0.0424377
0.0424364
0.0310378
0.0310342
0.0310328
0.0310438
0.0310872
0.0311839
0.0313612
0.0316548
0.032107
0.0327769
0.0336171
0.0343987
0.0349679
0.0353402
0.0355767
0.0357151
0.0357867
0.0358151
0.0358195
0.035818
0.0258528
0.0258499
0.0258479
0.0258547
0.0258853
0.0259554
0.026085
0.0263002
0.0266329
0.0271435
0.0277524
0.028322
0.0287546
0.0290296
0.0292028
0.0293028
0.0293532
0.0293716
0.0293733
0.0293716
0.0205432
0.0205409
0.0205385
0.0205415
0.0205618
0.0206103
0.0207013
0.0208535
0.0211033
0.0214593
0.0219017
0.0223128
0.0226177
0.0228163
0.0229393
0.0230093
0.0230437
0.0230552
0.0230548
0.023053
0.0151419
0.0151402
0.0151374
0.0151375
0.0151491
0.0151802
0.0152419
0.0153476
0.0155153
0.0157572
0.0160578
0.0163374
0.0165405
0.0166743
0.0167577
0.0168037
0.0168253
0.0168312
0.0168294
0.0168277
0.00967359
0.00967231
0.00966932
0.00966756
0.0096732
0.00969089
0.00972776
0.00979073
0.00989059
0.0100356
0.0102161
0.0103846
0.0105066
0.0105877
0.0106372
0.0106634
0.0106742
0.0106754
0.0106721
0.0106703
0.00139119
0.00139025
0.00138478
0.0013813
0.0013813
0.00138463
0.00139181
0.00140378
0.00142168
0.00144631
0.00147269
0.00149394
0.00150868
0.00151782
0.00152306
0.00152496
0.00152357
0.00151852
0.00151547
0.00455825
-2.41401
-1.31708
-0.721808
-0.355814
-0.0850183
0.126315
0.296392
0.443768
0.589775
0.701511
-0.8866
-0.567387
-0.296068
-0.0768071
0.104584
0.255766
0.382754
0.488471
0.557449
0.570911
-0.353215
-0.179262
-0.0181208
0.125588
0.249651
0.355577
0.443216
0.510399
0.553758
0.57611
-0.0416269
0.0677896
0.174437
0.272789
0.359156
0.433017
0.493598
0.540407
0.574325
0.595817
0.166853
0.241612
0.316449
0.386152
0.448028
0.501492
0.546057
0.581827
0.609703
0.628111
0.321701
0.371567
0.428817
0.481372
0.528182
0.569315
0.604548
0.633909
0.65747
0.672634
0.443302
0.482596
0.528428
0.569359
0.607624
0.642104
0.672174
0.697462
0.71778
0.730164
0.547876
0.582385
0.621395
0.658237
0.692519
0.723926
0.751374
0.774317
0.792338
0.802323
0.646111
0.680886
0.719041
0.755711
0.789221
0.81928
0.845278
0.866661
0.88279
0.891351
0.752517
0.791429
0.831321
0.869063
0.902487
0.931496
0.955784
0.975447
0.99003
0.998792
0.882381
0.925479
0.965544
1.00224
1.03338
1.05971
1.08181
1.09986
1.11366
1.12403
1.04521
1.08723
1.12158
1.15155
1.17645
1.19832
1.21827
1.23597
1.25093
1.26379
1.23658
1.26768
1.28927
1.30868
1.32695
1.34435
1.36078
1.37683
1.3935
1.4106
1.43507
1.44659
1.45779
1.47202
1.48647
1.49948
1.51095
1.5219
1.5349
1.5518
1.62107
1.63103
1.63972
1.6423
1.64339
1.64782
1.65869
1.67469
1.69233
1.69687
1.92236
1.86696
1.81613
1.77591
1.75362
1.74954
1.76316
1.79711
1.85353
1.92907
0.439613
0.380936
0.3387
0.305066
0.280712
0.263519
0.251396
0.242843
0.23702
0.233665
0.23313
0.235544
0.240426
0.247764
0.258109
0.272661
0.293254
0.322025
0.360502
0.408185
0.240579
0.249602
0.255577
0.256683
0.253604
0.248
0.242032
0.236974
0.233402
0.231722
0.232588
0.235629
0.240248
0.246053
0.252197
0.256925
0.258127
0.254566
0.246599
0.238886
0.217256
0.219381
0.224387
0.228499
0.231584
0.233556
0.233794
0.232498
0.230583
0.229084
0.228899
0.230285
0.232439
0.234404
0.235181
0.234139
0.231616
0.22811
0.223518
0.218842
0.209667
0.210594
0.213886
0.217669
0.220473
0.222298
0.223529
0.224224
0.224375
0.224294
0.224461
0.224947
0.225358
0.225227
0.224452
0.223092
0.220914
0.21761
0.213852
0.211477
0.206337
0.206697
0.208755
0.211791
0.214609
0.217023
0.218821
0.219947
0.220561
0.220886
0.221192
0.22152
0.221517
0.220978
0.21973
0.217762
0.215239
0.212348
0.209621
0.20848
0.206078
0.206204
0.207014
0.208343
0.209712
0.211121
0.212521
0.213805
0.214845
0.215597
0.216065
0.216156
0.215821
0.21506
0.214019
0.212791
0.211471
0.2102
0.209093
0.208678
0.204665
0.204716
0.205162
0.20601
0.206996
0.208077
0.209089
0.210127
0.211061
0.211849
0.212408
0.212599
0.212404
0.2119
0.211195
0.210412
0.20955
0.208697
0.208067
0.207867
0.202289
0.202309
0.202507
0.202949
0.203509
0.204204
0.205032
0.205935
0.20685
0.207712
0.20839
0.2087
0.208649
0.208344
0.207904
0.207427
0.207001
0.206588
0.20632
0.206246
0.199242
0.199255
0.199382
0.199677
0.20009
0.200605
0.20123
0.201967
0.202803
0.203693
0.204502
0.205015
0.205206
0.205185
0.20504
0.204831
0.204601
0.204377
0.204234
0.204196
0.19582
0.195828
0.195913
0.196112
0.196417
0.196835
0.19739
0.198098
0.198959
0.199947
0.200937
0.201674
0.202084
0.202265
0.202305
0.202267
0.202194
0.202113
0.202062
0.202046
0.192031
0.192041
0.192099
0.192258
0.19251
0.192881
0.193404
0.194114
0.195035
0.196167
0.197395
0.198404
0.199068
0.199468
0.199695
0.19981
0.199858
0.19987
0.199873
0.199871
0.187889
0.187895
0.18796
0.188104
0.188347
0.188721
0.189273
0.190052
0.191105
0.192456
0.19399
0.195328
0.196253
0.19688
0.197276
0.197518
0.19766
0.197737
0.197775
0.197784
0.183376
0.183382
0.183448
0.183605
0.183872
0.184289
0.184917
0.185825
0.187081
0.188733
0.190662
0.192388
0.193638
0.194501
0.195074
0.195441
0.195668
0.1958
0.195868
0.195884
0.178453
0.178459
0.178537
0.178719
0.179031
0.179527
0.18028
0.18138
0.182922
0.184977
0.187411
0.189623
0.191252
0.192386
0.193152
0.193652
0.193965
0.194151
0.194247
0.194271
0.17303
0.173038
0.173133
0.173355
0.173739
0.17435
0.175282
0.176649
0.178575
0.181156
0.184231
0.187045
0.189126
0.19059
0.191582
0.192233
0.192644
0.19289
0.193017
0.193049
0.166989
0.166999
0.167118
0.167399
0.167882
0.168651
0.169825
0.171549
0.17398
0.177241
0.18113
0.184694
0.187334
0.189196
0.19046
0.191291
0.191816
0.192132
0.192295
0.192335
0.160164
0.160177
0.160331
0.160689
0.161306
0.162288
0.163784
0.165979
0.169067
0.173201
0.178121
0.182622
0.185953
0.188302
0.189898
0.190947
0.191612
0.192012
0.192217
0.192269
0.152335
0.152351
0.152551
0.153014
0.153811
0.155077
0.157
0.159812
0.163754
0.169006
0.175228
0.180898
0.185085
0.188035
0.190038
0.191355
0.19219
0.192692
0.19295
0.193014
0.143202
0.143224
0.143486
0.144091
0.145131
0.146777
0.149269
0.152893
0.157944
0.164628
0.172489
0.179613
0.184856
0.188546
0.191051
0.192698
0.193742
0.194369
0.194691
0.194771
0.132359
0.13239
0.132738
0.133537
0.13491
0.137076
0.140334
0.145036
0.151531
0.160044
0.169959
0.17888
0.185422
0.19002
0.193144
0.195197
0.196498
0.197279
0.197679
0.197777
0.119239
0.119281
0.119749
0.120823
0.122671
0.125566
0.129872
0.136017
0.144404
0.155249
0.167717
0.178837
0.186962
0.192672
0.196556
0.199114
0.200735
0.201704
0.202199
0.202321
0.103014
0.103073
0.103715
0.105199
0.107755
0.111699
0.117469
0.125579
0.136456
0.150261
0.165869
0.179645
0.189681
0.196745
0.201568
0.204758
0.206782
0.207988
0.208598
0.208749
0.0824569
0.0825418
0.0834522
0.0855891
0.0892406
0.0947363
0.102612
0.11344
0.127604
0.145133
0.164542
0.181472
0.193781
0.202483
0.208473
0.212472
0.215031
0.216558
0.217321
0.217505
0.0556629
0.0557908
0.0571685
0.0604429
0.0658779
0.0737805
0.0847801
0.0994029
0.117864
0.139993
0.163897
0.184481
0.199438
0.210101
0.217546
0.222607
0.225913
0.227924
0.22893
0.229161
0.0192886
0.0195142
0.0219271
0.0275067
0.0361098
0.0479886
0.0637146
0.0835636
0.107493
0.135118
0.164156
0.188829
0.206773
0.219728
0.228972
0.235449
0.239844
0.242635
0.244072
0.244402
-0.0332917
-0.03257
-0.0269988
-0.0161509
-0.00148045
0.0170401
0.0396725
0.0664022
0.0969877
0.130904
0.165558
0.194611
0.215782
0.231304
0.242701
0.251029
0.257028
0.261138
0.263466
0.264055
-0.111065
-0.107055
-0.0916857
-0.0700209
-0.045439
-0.0176124
0.0137488
0.0486084
0.0867089
0.127549
0.16832
0.202208
0.227081
0.245707
0.259896
0.270869
0.279472
0.28611
0.29067
0.292675
-0.1937
-0.184279
-0.15647
-0.124129
-0.089501
-0.0522814
-0.0122239
0.03076
0.0765571
0.124817
0.172586
0.212376
0.24195
0.264593
0.282396
0.296768
0.308622
0.31857
0.327847
0.331187
-0.257714
-0.248473
-0.213725
-0.173314
-0.130273
-0.0847115
-0.036615
0.014024
0.0671226
0.122393
0.176669
0.221691
0.2551
0.280677
0.300765
0.31687
0.329997
0.340741
0.349408
0.352453
-0.308197
-0.29833
-0.260155
-0.214654
-0.165696
-0.113798
-0.0591023
-0.00180176
0.0578733
0.11953
0.179602
0.229021
0.265358
0.292831
0.314062
0.330782
0.34419
0.35502
0.36358
0.366803
-0.348554
-0.338632
-0.298558
-0.2493
-0.195982
-0.139231
-0.0793002
-0.0164782
0.0488853
0.116279
0.18167
0.235056
0.273852
0.302784
0.324821
0.341912
0.355394
0.36608
0.374328
0.377705
-0.382238
-0.37233
-0.331188
-0.279217
-0.222537
-0.161928
-0.0976637
-0.0300863
0.0403524
0.112997
0.183309
0.240331
0.28135
0.311559
0.334254
0.35161
0.365118
0.375714
0.383748
0.387128
-0.411402
-0.40155
-0.359744
-0.305758
-0.246442
-0.182653
-0.114735
-0.0430702
0.0318643
0.109333
0.184359
0.244984
0.288235
0.319739
0.343124
0.36079
0.374374
0.384931
0.39277
0.39614
-0.437565
-0.427707
-0.385394
-0.329838
-0.268457
-0.20212
-0.131143
-0.0559032
0.0231321
0.105199
0.184918
0.249265
0.29489
0.327814
0.351982
0.370027
0.383744
0.394294
0.401982
0.405331
-0.461588
-0.451715
-0.409006
-0.352201
-0.289125
-0.220669
-0.147096
-0.0687277
0.0140436
0.100506
0.184962
0.253257
0.301517
0.33607
0.361174
0.379705
0.393624
0.404207
0.411762
0.415085
-0.484211
-0.474268
-0.431183
-0.373348
-0.308881
-0.238644
-0.162864
-0.0817624
0.00440495
0.0951002
0.184404
0.256974
0.308212
0.344683
0.370928
0.390078
0.404276
0.414934
0.422399
0.425666
-0.505772
-0.495726
-0.452287
-0.393589
-0.327992
-0.25628
-0.178636
-0.0951545
-0.00590247
0.0888594
0.183137
0.260352
0.314989
0.353739
0.381387
0.401328
0.415914
0.426698
0.434129
0.437368
-0.5265
-0.516333
-0.472511
-0.413116
-0.346567
-0.273649
-0.19447
-0.108975
-0.0169608
0.0816739
0.181023
0.263274
0.321784
0.363236
0.392619
0.413576
0.428687
0.439677
0.447095
0.450253
-0.546436
-0.536185
-0.492027
-0.432014
-0.364669
-0.290794
-0.21039
-0.123241
-0.0288212
0.0734536
0.177925
0.265577
0.328453
0.37309
0.4046
0.426855
0.442682
0.453981
0.46144
0.464468
-0.565638
-0.555237
-0.510715
-0.450304
-0.382291
-0.3077
-0.226373
-0.137931
-0.0414889
0.064139
0.173712
0.267078
0.334792
0.38313
0.417229
0.44113
0.457914
0.469696
0.477266
0.480096
-0.584149
-0.573643
-0.528721
-0.467898
-0.39942
-0.324304
-0.242353
-0.152986
-0.054942
0.0536942
0.168288
0.267587
0.340546
0.393091
0.430316
0.456325
0.474354
0.486782
0.494536
0.49722
-0.60192
-0.591279
-0.546071
-0.484802
-0.415997
-0.34055
-0.258253
-0.168336
-0.0691037
0.0421361
0.161579
0.266928
0.345405
0.40264
0.443571
0.472242
0.491915
0.505171
0.513162
0.515714
-0.618802
-0.608036
-0.562582
-0.500951
-0.431936
-0.356359
-0.273976
-0.18387
-0.0839001
0.0295067
0.153538
0.26494
0.349067
0.411312
0.456522
0.488526
0.510433
0.524801
0.533028
0.535288
-0.634782
-0.623862
-0.57817
-0.516317
-0.447177
-0.371642
-0.289428
-0.199481
-0.099223
0.0158719
0.14417
0.261509
0.351282
0.41856
0.468473
0.504702
0.529717
0.545548
0.553739
0.555497
-0.649914
-0.638934
-0.592889
-0.530845
-0.46168
-0.386324
-0.30451
-0.215052
-0.114959
0.00132122
0.133543
0.256657
0.3518
0.423749
0.478444
0.519905
0.549604
0.568037
0.575504
0.575621
-0.664121
-0.653001
-0.606698
-0.544488
-0.47539
-0.400356
-0.319139
-0.230479
-0.130979
-0.0140267
0.121717
0.250402
0.350517
0.426325
0.485281
0.532548
0.56904
0.59325
0.600788
0.595721
-0.677511
-0.666209
-0.619583
-0.557262
-0.488332
-0.41376
-0.333332
-0.245796
-0.147344
-0.0302701
0.108598
0.242647
0.347262
0.42625
0.488057
0.540191
0.585031
0.620401
0.637492
0.625181
-0.690089
-0.678527
-0.631648
-0.569292
-0.500692
-0.426791
-0.347418
-0.261455
-0.164692
-0.0482421
0.0933436
0.232716
0.341456
0.422775
0.484593
0.538246
0.588507
0.628817
0.650008
0.600892
-0.702208
-0.689662
-0.642789
-0.580541
-0.51242
-0.439394
-0.361228
-0.277213
-0.18273
-0.067638
0.0761261
0.220796
0.333135
0.415869
0.474066
0.5199
0.56438
0.595335
0.566379
0.492947
-0.714805
-0.699574
-0.652798
-0.591218
-0.523753
-0.451674
-0.374915
-0.293039
-0.201447
-0.0884875
0.0568515
0.207187
0.322413
0.405443
0.457924
0.479373
0.508723
0.500069
0.433604
0.35323
-0.726267
-0.726197
-0.660902
-0.599002
-0.532503
-0.461483
-0.387998
-0.308447
-0.220253
-0.110347
0.0363737
0.19272
0.309378
0.393042
0.431642
0.391784
0.410186
0.353767
0.268812
0.178512
-0.690286
-0.692806
-0.640488
-0.577919
-0.509989
-0.438228
-0.364083
-0.284867
-0.192632
-0.0666726
0.0946706
0.23978
0.332374
0.393066
0.427874
0.30295
0.201191
0.120925
0.0289238
-0.168361
-0.726749
-0.702501
-0.647003
-0.585079
-0.517798
-0.44766
-0.376133
-0.300661
-0.214116
-0.0926787
0.0750401
0.227813
0.314968
0.341896
0.29751
0.126808
-0.0385523
-0.15065
-0.261524
-0.481949
-0.74433
-0.713705
-0.658724
-0.596616
-0.529935
-0.46129
-0.391974
-0.321374
-0.242172
-0.127146
0.0420523
0.204816
0.288195
0.281422
0.164471
-0.0804046
-0.290864
-0.443347
-0.611128
-0.924515
-0.760255
-0.72607
-0.670362
-0.60761
-0.541386
-0.474122
-0.407653
-0.342405
-0.271231
-0.163734
0.00984554
0.183023
0.260364
0.214862
0.00441875
-0.307742
-0.584037
-0.802696
-1.05185
-1.59482
-0.77378
-0.738184
-0.681477
-0.61812
-0.552343
-0.48652
-0.423258
-0.363907
-0.302245
-0.20595
-0.0296777
0.16113
0.234355
0.133429
-0.166412
-0.538386
-0.900648
-1.23692
-1.5937
-2.76028
-0.785466
-0.749584
-0.692251
-0.62852
-0.563132
-0.498813
-0.438956
-0.386345
-0.336309
-0.256131
-0.0804983
0.13029
0.204905
0.0442813
-0.332876
-0.748037
-1.17537
-1.5739
-1.96196
-3.45452
-0.796225
-0.760255
-0.702611
-0.638679
-0.573665
-0.510806
-0.454479
-0.409199
-0.372921
-0.313985
-0.144583
0.0915893
0.16611
-0.0636905
-0.488263
-0.916045
-1.34367
-1.66065
-1.75095
-1.82054
-0.806383
-0.770232
-0.712449
-0.648425
-0.583814
-0.522436
-0.469883
-0.432917
-0.413793
-0.386488
-0.23856
0.0221212
0.101233
-0.213084
-0.635419
-1.04039
-1.43552
-1.65475
-1.662
-1.68649
-0.816035
-0.77958
-0.721599
-0.657463
-0.593188
-0.533244
-0.484605
-0.457084
-0.459297
-0.478602
-0.384653
-0.107046
-0.0309739
-0.402998
-0.78323
-1.12921
-1.53432
-1.76289
-1.70197
-1.68206
-0.825086
-0.788179
-0.729828
-0.665456
-0.60134
-0.542625
-0.497779
-0.480339
-0.508526
-0.600065
-0.619404
-0.345778
-0.264515
-0.629692
-0.946077
-1.16756
-1.49356
-1.70648
-1.60361
-1.54851
-0.833507
-0.795845
-0.736886
-0.672059
-0.607799
-0.549848
-0.508315
-0.501341
-0.559162
-0.758588
-0.985637
-0.737958
-0.611005
-0.916169
-1.11562
-1.11302
-1.00874
-1.17914
-1.33855
-1.36922
-0.840913
-0.802313
-0.742504
-0.676904
-0.612042
-0.55416
-0.514827
-0.517406
-0.605718
-0.947224
-1.50469
-1.28549
-1.06076
-1.26073
-1.43418
-1.26987
-1.04189
-1.23212
-1.44131
-1.51795
-0.847218
-0.807351
-0.746403
-0.67965
-0.61358
-0.554767
-0.515798
-0.523969
-0.651184
-1.12548
-2.07468
-1.88871
-1.51959
-1.67073
-2.11684
-2.44434
-2.47191
-2.38123
-2.26498
-2.23697
-0.852185
-0.810834
-0.748357
-0.680021
-0.612042
-0.551009
-0.509899
-0.51795
-0.657459
-1.23269
-2.46437
-2.28468
-1.7992
-2.02531
-2.85124
-3.91838
-4.14837
-3.76363
-3.34253
-3.16439
-0.855749
-0.812673
-0.748326
-0.677917
-0.607259
-0.542606
-0.496366
-0.496982
-0.626184
-1.19973
-2.44303
-2.18291
-1.62175
-1.84519
-2.72167
-3.88698
-4.01907
-3.4323
-2.92251
-2.71544
-0.857797
-0.812915
-0.746406
-0.673467
-0.599398
-0.52977
-0.475392
-0.460535
-0.553281
-0.994931
-1.91299
-1.49696
-0.843323
-0.678587
-0.915622
-1.30647
-1.36946
-1.09947
-0.905421
-0.833434
-0.858747
-0.811909
-0.742906
-0.667046
-0.58894
-0.513192
-0.448304
-0.411704
-0.44614
-0.676079
-1.06397
-0.585826
0.0189067
0.331797
0.493579
0.567826
0.66417
0.719758
0.741618
0.741016
-0.858766
-0.809909
-0.73824
-0.659065
-0.576594
-0.49419
-0.417546
-0.356462
-0.328702
-0.358143
-0.315546
0.107869
0.556189
0.864199
1.06522
1.20892
1.30451
1.35316
1.36644
1.36394
-0.857778
-0.80694
-0.732503
-0.649946
-0.563054
-0.473979
-0.38583
-0.302015
-0.223345
-0.127598
0.0872742
0.446192
0.77018
1.0289
1.20391
1.32535
1.40735
1.45594
1.47841
1.48213
-0.8538
-0.802508
-0.72531
-0.639455
-0.548514
-0.453531
-0.355509
-0.25367
-0.140558
0.0158085
0.267313
0.565492
0.817159
1.01776
1.16084
1.26188
1.33318
1.38138
1.4083
1.41419
-0.846002
-0.794296
-0.715052
-0.626614
-0.532411
-0.432875
-0.327566
-0.213611
-0.0811767
0.0978534
0.33861
0.585805
0.790113
0.949279
1.06702
1.1534
1.21723
1.26339
1.29034
1.29668
-0.830178
-0.780577
-0.699255
-0.609094
-0.513098
-0.411019
-0.301639
-0.181363
-0.0409008
0.140438
0.358402
0.564939
0.7338
0.865221
0.965017
1.04071
1.09851
1.14171
1.16991
1.17618
-0.800319
-0.754811
-0.6735
-0.58383
-0.488121
-0.386047
-0.276171
-0.154969
-0.0146959
0.158281
0.351258
0.52515
0.666098
0.776828
0.862832
0.929873
0.982487
1.02311
1.05043
1.05645
-0.750631
-0.711738
-0.632378
-0.546502
-0.454201
-0.355667
-0.249243
-0.132324
0.00170314
0.160866
0.328103
0.474391
0.591719
0.684724
0.758273
0.816987
0.864637
0.903803
0.930363
0.936387
-0.671242
-0.636886
-0.570309
-0.492473
-0.407925
-0.317165
-0.218823
-0.110484
0.0115345
0.152416
0.295784
0.416123
0.511484
0.586969
0.647055
0.695445
0.735919
0.770733
0.796211
0.804218
-0.551732
-0.533379
-0.482695
-0.417793
-0.34645
-0.268532
-0.182808
-0.0877243
0.0190423
0.140201
0.260021
0.358398
0.434542
0.493367
0.538928
0.57436
0.601733
0.622964
0.638814
0.644954
-0.40351
-0.395348
-0.364671
-0.321082
-0.269679
-0.210244
-0.141958
-0.0636381
0.0262875
0.129288
0.230823
0.31333
0.376211
0.423729
0.459255
0.485406
0.504562
0.518523
0.526737
0.528576
-0.263216
-0.25956
-0.244714
-0.220085
-0.188062
-0.147489
-0.0974453
-0.0366315
0.035868
0.120635
0.204601
0.27243
0.323373
0.360705
0.387406
0.406166
0.41884
0.426603
0.430655
0.431454
-0.14943
-0.148663
-0.14271
-0.131095
-0.113352
-0.0882308
-0.0539356
-0.00910785
0.0472955
0.115418
0.183745
0.238609
0.279087
0.308111
0.328312
0.341578
0.349747
0.354488
0.356577
0.356753
-0.0680744
-0.068803
-0.0681912
-0.064333
-0.0553865
-0.0400152
-0.016947
0.0153836
0.0581863
0.111704
0.166301
0.210185
0.242236
0.264592
0.279411
0.288877
0.294586
0.29749
0.298567
0.298545
-0.0165659
-0.0174566
-0.01884
-0.0183309
-0.0142982
-0.00511344
0.0106759
0.0342242
0.0666287
0.108265
0.15129
0.18579
0.210673
0.227868
0.239279
0.246333
0.250218
0.252013
0.252569
0.252514
0.0139945
0.013399
0.0122934
0.0122812
0.014554
0.0202445
0.0309817
0.0479471
0.0723382
0.104495
0.138179
0.165289
0.18482
0.198138
0.206658
0.211757
0.214547
0.215783
0.216134
0.216094
0.0328391
0.0325174
0.0319117
0.0319959
0.0336592
0.0378157
0.0456047
0.0580436
0.0763371
0.101022
0.127203
0.148276
0.163301
0.173429
0.179909
0.183784
0.18584
0.186715
0.186957
0.186924
0.0451133
0.0449405
0.0446087
0.0447603
0.0460062
0.0490276
0.0547447
0.064106
0.0779888
0.0969016
0.117121
0.133443
0.145097
0.152945
0.157916
0.160842
0.162381
0.16303
0.163209
0.163183
0.0528274
0.0527401
0.0525836
0.052799
0.0538231
0.0561407
0.0604687
0.0674957
0.0780429
0.0925607
0.108176
0.120798
0.129777
0.135783
0.139572
0.141801
0.142963
0.143446
0.143578
0.143556
0.0572565
0.0572118
0.0571503
0.0573785
0.0582133
0.0600247
0.0633217
0.0687062
0.0767632
0.087893
0.0999119
0.109637
0.116552
0.121173
0.124082
0.125783
0.126663
0.127022
0.127118
0.127098
0.0592672
0.0592443
0.0592368
0.0594601
0.0601441
0.0615631
0.0640914
0.0682343
0.0744104
0.0829591
0.0922109
0.0997014
0.105023
0.108572
0.110803
0.112096
0.112763
0.113032
0.1131
0.113083
0.0594857
0.0594734
0.0594891
0.0596886
0.0602409
0.0613493
0.0632703
0.0665241
0.0712565
0.0778239
0.0849394
0.090701
0.0947896
0.0975083
0.0992437
0.100217
0.100719
0.100917
0.100964
0.100949
0.0583404
0.0583332
0.0583555
0.0585241
0.0589657
0.059838
0.0613576
0.0638136
0.0674704
0.0725222
0.0779937
0.0824223
0.0855621
0.0876515
0.0889692
0.0897172
0.0900968
0.0902435
0.0902763
0.090263
0.0561437
0.0561391
0.0561606
0.0562973
0.0566447
0.0573227
0.0584921
0.0604
0.063212
0.0670956
0.0713014
0.0747034
0.0771145
0.0787203
0.0797239
0.0802925
0.0805781
0.0806855
0.0807074
0.0806961
0.0531318
0.0531282
0.0531463
0.0532542
0.0535254
0.0540506
0.0549526
0.0564158
0.0585872
0.0615747
0.0648062
0.0674183
0.0692696
0.070507
0.0712608
0.071692
0.0719069
0.0719858
0.0720006
0.0719913
0.049488
0.0494851
0.0494993
0.0495833
0.0497929
0.0501984
0.0508942
0.0519973
0.0536835
0.0559821
0.0584631
0.0604643
0.0618715
0.0628357
0.0634049
0.0637304
0.0638912
0.0639482
0.0639575
0.0639498
0.045356
0.0453535
0.0453642
0.0454284
0.0455892
0.0459001
0.0464336
0.0472802
0.0485682
0.0503353
0.0522365
0.0537705
0.0548669
0.0555743
0.0560101
0.0562566
0.0563767
0.056418
0.0564239
0.0564176
0.0408489
0.0408468
0.0408541
0.0409022
0.041024
0.0412605
0.0416667
0.0423112
0.0432874
0.0446514
0.0461037
0.0472728
0.0481124
0.0486463
0.0489751
0.0491599
0.0492488
0.0492779
0.049281
0.0492759
0.0360527
0.0360507
0.0360553
0.0360905
0.0361816
0.0363599
0.0366674
0.0371555
0.0378746
0.0389373
0.0400408
0.0409444
0.0415609
0.0419645
0.0422117
0.04235
0.0424156
0.0424362
0.0424376
0.0424333
0.0310354
0.0310334
0.0310355
0.0310604
0.0311276
0.0312606
0.0314911
0.0318584
0.0324062
0.0332017
0.0340344
0.034716
0.0351738
0.0354731
0.0356562
0.0357578
0.0358052
0.035819
0.0358191
0.0358157
0.025851
0.0258489
0.0258493
0.0258662
0.0259144
0.0260114
0.0261801
0.0264498
0.0268544
0.0274465
0.0280587
0.0285687
0.0289068
0.0291271
0.0292605
0.0293331
0.0293655
0.0293736
0.0293725
0.0293698
0.0205418
0.0205398
0.0205386
0.0205489
0.0205818
0.0206495
0.0207686
0.020958
0.0212666
0.0216804
0.0221204
0.0224782
0.0227283
0.0228858
0.0229798
0.0230301
0.0230517
0.0230558
0.0230539
0.0230517
0.0151409
0.0151391
0.0151365
0.0151415
0.0151617
0.0152064
0.0152877
0.0154227
0.0156265
0.0159071
0.0162071
0.0164484
0.0166151
0.0167224
0.0167845
0.016817
0.0168297
0.0168307
0.0168284
0.0168268
0.00967297
0.00967115
0.00966784
0.00966924
0.00968021
0.00970638
0.00975533
0.00983539
0.00995714
0.0101255
0.0103061
0.0104512
0.0105517
0.0106159
0.0106527
0.0106704
0.0106757
0.0106739
0.0106709
0.0106697
0.00416069
0.00415956
0.0041555
0.00415268
0.00415288
0.004159
0.00417365
0.00420002
0.00424162
0.00430182
0.00437769
0.00444884
0.00450053
0.00453449
0.00455428
0.00456432
0.00456716
0.00456495
0.00456095
0.00455791
-1.69919
-0.967821
-0.524076
-0.214096
0.0256014
0.214098
0.372994
0.514089
0.664023
0.649041
-0.664301
-0.42184
-0.180953
0.0183422
0.183712
0.321862
0.438595
0.529432
0.571104
0.571454
-0.24376
-0.0967769
0.0563729
0.189968
0.304862
0.401737
0.479642
0.534935
0.567854
0.581379
0.0257499
0.121894
0.225124
0.317519
0.397709
0.465012
0.518722
0.558786
0.587436
0.603533
0.213661
0.280139
0.352357
0.418113
0.475859
0.524891
0.565
0.596675
0.621107
0.637799
0.355167
0.404545
0.455817
0.505476
0.549488
0.587664
0.61997
0.646368
0.667148
0.683919
0.469314
0.506685
0.549163
0.588919
0.625389
0.657695
0.685455
0.708205
0.725974
0.742791
0.56971
0.601983
0.640153
0.675681
0.708658
0.738189
0.763434
0.783948
0.799111
0.815979
0.66636
0.699776
0.737743
0.772871
0.804714
0.832829
0.85658
0.875404
0.888467
0.905629
0.773958
0.81119
0.850701
0.886314
0.917567
0.944235
0.966204
0.983375
0.995279
1.01313
0.905702
0.94551
0.984603
1.01845
1.0471
1.07127
1.09135
1.10723
1.11927
1.13756
1.06787
1.10485
1.13729
1.1645
1.18767
1.20852
1.22746
1.24373
1.25763
1.27558
1.25354
1.27899
1.29917
1.31792
1.33577
1.35269
1.3688
1.38499
1.40228
1.42148
1.4408
1.45182
1.46468
1.47938
1.49318
1.5054
1.51639
1.52785
1.54331
1.56278
1.62289
1.63637
1.64151
1.64273
1.6449
1.65239
1.66616
1.68381
1.69752
1.70881
1.89199
1.8414
1.79395
1.76244
1.74942
1.75398
1.77742
1.82253
1.88919
1.98332
0.296111
0.293259
0.287332
0.276705
0.264586
0.253729
0.245113
0.238728
0.234507
0.232623
0.233528
0.236979
0.242523
0.250177
0.260064
0.271853
0.283803
0.292218
0.296649
0.298658
0.223747
0.23062
0.236375
0.240542
0.242181
0.241074
0.238085
0.234653
0.231838
0.230412
0.231231
0.233807
0.237307
0.240881
0.24324
0.243119
0.240176
0.235175
0.228487
0.222556
0.213174
0.216463
0.220474
0.223613
0.225846
0.227365
0.228004
0.227697
0.226967
0.226604
0.227042
0.228093
0.229025
0.229113
0.22815
0.22637
0.223803
0.220139
0.216232
0.213913
0.207216
0.208952
0.212479
0.215986
0.218631
0.220443
0.221579
0.222213
0.222459
0.222599
0.222956
0.223292
0.223214
0.222584
0.221305
0.219233
0.216205
0.212533
0.209783
0.208938
0.206286
0.20698
0.208783
0.210812
0.212847
0.214794
0.216384
0.217499
0.218228
0.21872
0.219021
0.219005
0.218525
0.217475
0.215871
0.213987
0.212073
0.210104
0.208841
0.208573
0.205495
0.205791
0.206663
0.207772
0.208948
0.209942
0.211092
0.21215
0.213028
0.213682
0.21402
0.213956
0.213508
0.212775
0.212014
0.211044
0.210009
0.20903
0.208461
0.208349
0.203597
0.20373
0.204196
0.204892
0.205655
0.206767
0.207747
0.208692
0.209587
0.210346
0.210785
0.210816
0.210531
0.210034
0.209244
0.208541
0.207977
0.207445
0.207179
0.207133
0.200816
0.200882
0.201137
0.201562
0.202075
0.202693
0.203431
0.204264
0.205138
0.205973
0.206561
0.206789
0.206737
0.206521
0.206247
0.205939
0.205631
0.205369
0.205253
0.20523
0.197579
0.197626
0.197798
0.198101
0.19851
0.199039
0.199696
0.200481
0.201375
0.202325
0.203102
0.203547
0.203722
0.203721
0.203621
0.203477
0.203322
0.203194
0.203139
0.203124
0.193967
0.193996
0.194121
0.194342
0.194667
0.19512
0.195732
0.196524
0.197495
0.198609
0.199622
0.200312
0.200714
0.200919
0.201004
0.201019
0.200998
0.20097
0.200958
0.200948
0.190005
0.190035
0.190137
0.19033
0.190631
0.191075
0.191704
0.192559
0.193664
0.19501
0.196318
0.197288
0.197924
0.198327
0.198566
0.198699
0.198767
0.198798
0.198811
0.198804
0.18568
0.185708
0.185814
0.186011
0.186326
0.186807
0.187508
0.188492
0.189807
0.191464
0.193134
0.194423
0.195329
0.195928
0.196314
0.196553
0.196694
0.196771
0.196803
0.196797
0.180971
0.181002
0.181119
0.181341
0.181703
0.182263
0.183092
0.184274
0.185882
0.187948
0.190073
0.19176
0.192961
0.193777
0.194315
0.194657
0.194866
0.194983
0.195032
0.195027
0.175811
0.175847
0.175988
0.176255
0.176692
0.177372
0.178388
0.179847
0.18185
0.184445
0.187145
0.189306
0.190857
0.191925
0.192635
0.193092
0.193373
0.193533
0.1936
0.193594
0.170096
0.170142
0.170317
0.170649
0.171195
0.172044
0.173315
0.175145
0.177665
0.180941
0.18436
0.187108
0.189087
0.190455
0.191368
0.191956
0.19232
0.192528
0.192615
0.192607
0.163689
0.163747
0.16397
0.164392
0.165084
0.166161
0.167772
0.17009
0.173281
0.177427
0.181751
0.185224
0.187729
0.189462
0.190619
0.191367
0.19183
0.192094
0.192204
0.192195
0.156396
0.156472
0.156759
0.157302
0.158191
0.159571
0.16163
0.164587
0.168644
0.173897
0.179357
0.183734
0.186887
0.189067
0.190524
0.191464
0.192048
0.192381
0.192519
0.192508
0.147959
0.14806
0.148436
0.149143
0.150295
0.152078
0.15473
0.158521
0.163695
0.170354
0.177238
0.182735
0.186687
0.189418
0.191242
0.19242
0.193152
0.19357
0.193742
0.193728
0.138025
0.13816
0.13866
0.139593
0.141102
0.143424
0.146864
0.151749
0.158365
0.166807
0.175467
0.182348
0.187285
0.190693
0.192969
0.194441
0.195356
0.19588
0.196095
0.196075
0.126103
0.126289
0.126967
0.128217
0.130214
0.133271
0.137771
0.144104
0.152585
0.16328
0.17414
0.182719
0.188861
0.193101
0.195937
0.197774
0.198921
0.19958
0.199849
0.199822
0.111514
0.111781
0.112724
0.114423
0.117103
0.121184
0.127136
0.1354
0.146295
0.159817
0.173374
0.184016
0.191626
0.196888
0.200416
0.202711
0.204154
0.204992
0.205333
0.205296
0.0932688
0.0936776
0.0950309
0.0973906
0.101071
0.106634
0.114617
0.125477
0.139483
0.15651
0.17332
0.186429
0.195809
0.202324
0.206716
0.209592
0.211417
0.212494
0.212936
0.212891
0.0698221
0.0704928
0.0725256
0.0759384
0.0812003
0.0890096
0.0998929
0.114247
0.132222
0.153513
0.17416
0.190157
0.201638
0.209683
0.215168
0.218798
0.221126
0.222522
0.223109
0.223061
0.0386032
0.0397989
0.0430777
0.0483619
0.0563187
0.0676379
0.0826952
0.10173
0.12468
0.151032
0.176077
0.19536
0.209281
0.21918
0.22607
0.23073
0.233776
0.235632
0.236424
0.236378
-0.00496669
-0.00253393
0.00349883
0.0125069
0.0252321
0.0420387
0.0630197
0.088156
0.117137
0.149288
0.179197
0.202092
0.218758
0.230851
0.239539
0.245666
0.249862
0.252565
0.253706
0.253623
-0.069165
-0.0623575
-0.0498642
-0.0332254
-0.012279
0.0127026
0.0415943
0.0741887
0.110075
0.148553
0.183594
0.210272
0.22987
0.244416
0.255269
0.263362
0.269335
0.273544
0.275326
0.275022
-0.145822
-0.13439
-0.110775
-0.0828729
-0.0518696
-0.017748
0.0195665
0.0600307
0.10336
0.148999
0.190265
0.221892
0.245611
0.263801
0.278014
0.289288
0.298412
0.304732
0.307151
0.308047
-0.222753
-0.201639
-0.168204
-0.130531
-0.0901802
-0.0472599
-0.00167531
0.046575
0.0973033
0.150087
0.197593
0.2341
0.261701
0.283182
0.300297
0.314147
0.325453
0.334074
0.33886
0.339995
-0.280187
-0.256022
-0.216869
-0.172325
-0.124696
-0.0744074
-0.0215461
0.0337813
0.0913596
0.150751
0.203798
0.244283
0.274679
0.298099
0.316479
0.331075
0.342739
0.351588
0.356481
0.357746
-0.326185
-0.30004
-0.256958
-0.20762
-0.154723
-0.0987227
-0.039866
0.0215761
0.0852371
0.150544
0.208485
0.252304
0.284794
0.309463
0.32855
0.343499
0.355264
0.36422
0.369061
0.370246
-0.363402
-0.336611
-0.290747
-0.237816
-0.180865
-0.12035
-0.0565785
0.0101036
0.0792213
0.150008
0.21248
0.259265
0.293526
0.319188
0.338756
0.353878
0.365639
0.374515
0.379366
0.380513
-0.39512
-0.36797
-0.320156
-0.264502
-0.204294
-0.140032
-0.0720537
-0.00076533
0.0732602
0.149091
0.215825
0.265438
0.30139
0.327981
0.348006
0.363306
0.375098
0.38396
0.388843
0.389947
-0.422993
-0.39562
-0.346344
-0.288608
-0.225808
-0.158445
-0.086896
-0.0115716
0.0669545
0.147641
0.21865
0.271176
0.3089
0.336494
0.357034
0.372557
0.384403
0.393262
0.398178
0.39923
-0.448204
-0.420686
-0.370273
-0.310883
-0.245998
-0.17608
-0.101447
-0.0224891
0.0602412
0.145677
0.221062
0.276704
0.316383
0.345127
0.366287
0.382103
0.394049
0.402919
0.4079
0.408846
-0.471722
-0.443949
-0.392612
-0.331855
-0.265239
-0.193161
-0.115882
-0.0336976
0.052951
0.143073
0.223047
0.282112
0.324033
0.354141
0.376064
0.392267
0.404376
0.413246
0.418235
0.419027
-0.493973
-0.465924
-0.413805
-0.351932
-0.283885
-0.209993
-0.130442
-0.0453819
0.044948
0.139717
0.224541
0.287416
0.331943
0.36369
0.386568
0.403272
0.415606
0.424541
0.429557
0.430235
-0.515242
-0.486879
-0.43407
-0.37132
-0.302082
-0.226688
-0.145212
-0.0576334
0.0361066
0.135497
0.225426
0.292554
0.340116
0.373852
0.397924
0.415283
0.427932
0.436948
0.442006
0.442578
-0.535718
-0.50702
-0.453611
-0.390117
-0.319901
-0.243296
-0.16024
-0.0704974
0.0263486
0.130279
0.225572
0.297394
0.348477
0.384614
0.41019
0.428405
0.441489
0.45068
0.4557
0.456228
-0.555429
-0.526411
-0.47252
-0.408369
-0.33737
-0.259825
-0.17553
-0.0839888
0.015637
0.123954
0.22481
0.30176
0.356868
0.395891
0.423354
0.442689
0.45635
0.465782
0.470801
0.471305
-0.574422
-0.545052
-0.490718
-0.426018
-0.354466
-0.276224
-0.191022
-0.0980808
0.00395245
0.116439
0.222983
0.305432
0.365064
0.407506
0.437305
0.458095
0.472548
0.482317
0.487331
0.487804
-0.592642
-0.562949
-0.508212
-0.443056
-0.371114
-0.292436
-0.206651
-0.112714
-0.00868915
0.107692
0.219932
0.308179
0.372769
0.419142
0.451812
0.474471
0.490043
0.500338
0.50538
0.505711
-0.610072
-0.580019
-0.524945
-0.459452
-0.38725
-0.308372
-0.222328
-0.127798
-0.0222295
0.0977042
0.215573
0.309782
0.379604
0.430358
0.466568
0.491648
0.508644
0.519567
0.524662
0.524745
-0.62653
-0.596292
-0.540807
-0.475131
-0.40281
-0.323939
-0.237943
-0.143234
-0.0365821
0.086482
0.20986
0.310026
0.385158
0.440649
0.481044
0.509438
0.52836
0.539941
0.544862
0.544649
-0.642164
-0.611641
-0.555851
-0.490024
-0.417721
-0.339054
-0.253391
-0.158891
-0.0516617
0.0740952
0.20276
0.308727
0.389024
0.44935
0.49458
0.527392
0.549259
0.561496
0.565556
0.564844
-0.656808
-0.626061
-0.570012
-0.504092
-0.431931
-0.35364
-0.268577
-0.174674
-0.0673351
0.0606429
0.194302
0.305843
0.390839
0.455709
0.506033
0.544524
0.571523
0.585433
0.58674
0.584328
-0.670687
-0.639563
-0.583245
-0.517301
-0.445383
-0.367621
-0.283383
-0.190433
-0.0834612
0.0462251
0.184596
0.301326
0.390507
0.458761
0.51343
0.558501
0.593947
0.614817
0.613064
0.591825
-0.683657
-0.652187
-0.595668
-0.529813
-0.458314
-0.38128
-0.298198
-0.206669
-0.100701
0.0301108
0.173018
0.294849
0.38761
0.457697
0.514757
0.56558
0.611312
0.644409
0.640754
0.657044
-0.695934
-0.663898
-0.607239
-0.541598
-0.470665
-0.394543
-0.312979
-0.223324
-0.119063
0.0121218
0.159458
0.286422
0.381724
0.451811
0.505886
0.556844
0.599645
0.632995
0.584011
0.545288
-0.708165
-0.674778
-0.61773
-0.552283
-0.482067
-0.407062
-0.327514
-0.240191
-0.138379
-0.0076713
0.143965
0.276024
0.373224
0.44229
0.48488
0.524027
0.553453
0.536511
0.465042
0.412296
-0.720855
-0.684281
-0.626942
-0.561625
-0.492414
-0.418836
-0.341549
-0.257217
-0.158783
-0.0294679
0.126199
0.263726
0.36103
0.429412
0.463995
0.467633
0.455436
0.396502
0.309284
0.255623
-0.393612
-0.315557
-0.229385
-0.121438
0.0257504
0.185847
0.303007
0.0657227
-0.724928
-0.704187
-0.671956
-0.613826
-0.549153
-0.479745
-0.407625
-0.332848
-0.25166
-0.149574
-0.00454109
0.162414
0.286055
0.351107
0.375275
0.324197
0.146889
0.0293405
-0.0598386
-0.735804
-0.721618
-0.680902
-0.622507
-0.557954
-0.489562
-0.419584
-0.348205
-0.271802
-0.175421
-0.03124
0.141103
0.265984
0.315835
0.288243
0.140391
-0.0749904
-0.231187
-0.358206
-0.751147
-0.737495
-0.692726
-0.633854
-0.569077
-0.50158
-0.43345
-0.365734
-0.295375
-0.206773
-0.0651491
0.119088
0.246147
0.27161
0.186372
-0.0543408
-0.31993
-0.526707
-0.710345
-0.765549
-0.751349
-0.704802
-0.6448
-0.57995
-0.513372
-0.447338
-0.383752
-0.320534
-0.242377
-0.106896
0.0885195
0.228876
0.228301
0.0752596
-0.254349
-0.589725
-0.881548
-1.16074
-0.777895
-0.763872
-0.716283
-0.655356
-0.5905
-0.52481
-0.46108
-0.402119
-0.347176
-0.281893
-0.154289
0.0530921
0.206841
0.179802
-0.0582746
-0.448575
-0.850461
-1.23962
-1.59731
-0.788777
-0.775335
-0.727223
-0.665732
-0.600876
-0.536018
-0.474611
-0.420597
-0.375302
-0.325972
-0.213286
0.00784321
0.178815
0.11593
-0.201852
-0.621062
-1.05795
-1.488
-1.77145
-1.90484
-0.799155
-0.786078
-0.737528
-0.675745
-0.610975
-0.546949
-0.48793
-0.439336
-0.405286
-0.376395
-0.287917
-0.0590669
0.137478
0.0308198
-0.353647
-0.770829
-1.19662
-1.54621
-1.69062
-1.74511
-0.808895
-0.796025
-0.74722
-0.685188
-0.620506
-0.557308
-0.500728
-0.458126
-0.437247
-0.436578
-0.39207
-0.167152
0.053471
-0.0971255
-0.518451
-0.894101
-1.29579
-1.63506
-1.67069
-1.67275
-0.818163
-0.805275
-0.756132
-0.693795
-0.629114
-0.566606
-0.512398
-0.476117
-0.470509
-0.508022
-0.543487
-0.356669
-0.113353
-0.289231
-0.701225
-1.00904
-1.34466
-1.73675
-1.79573
-1.65935
-0.826793
-0.813764
-0.764058
-0.701273
-0.636402
-0.574292
-0.522123
-0.492062
-0.50395
-0.590184
-0.760447
-0.689723
-0.40356
-0.570136
-0.917432
-1.11106
-1.21141
-1.37246
-1.46157
-1.45001
-0.834552
-0.821269
-0.770783
-0.707323
-0.641933
-0.579777
-0.528928
-0.504352
-0.536003
-0.680122
-1.05101
-1.19878
-0.8292
-0.92759
-1.19358
-1.21675
-0.950664
-0.937541
-1.21949
-1.37133
-0.84109
-0.827495
-0.776025
-0.711618
-0.645298
-0.582418
-0.531784
-0.510723
-0.55807
-0.76726
-1.40246
-1.84088
-1.34763
-1.34152
-1.58834
-1.78096
-1.65833
-1.67329
-1.72624
-1.77485
-0.846337
-0.832349
-0.779565
-0.713911
-0.646127
-0.581649
-0.529664
-0.508927
-0.564647
-0.830473
-1.70769
-2.42551
-1.8057
-1.7517
-2.15775
-2.95457
-3.36012
-3.29343
-3.00117
-2.78359
-0.850182
-0.835683
-0.781309
-0.714009
-0.644174
-0.577123
-0.521848
-0.497254
-0.550856
-0.841179
-1.81954
-2.64404
-1.93227
-1.8326
-2.40556
-3.67132
-4.50295
-4.26144
-3.59202
-3.25129
-0.852508
-0.837458
-0.781264
-0.71192
-0.639456
-0.568782
-0.508251
-0.475029
-0.512653
-0.771795
-1.65126
-2.29357
-1.50127
-1.25945
-1.58922
-2.35625
-2.88131
-2.63445
-2.16095
-1.9043
-0.853369
-0.837784
-0.779608
-0.707872
-0.632253
-0.557071
-0.489376
-0.443125
-0.45162
-0.616411
-1.18552
-1.42635
-0.657918
-0.203837
-0.0566436
-0.116871
-0.184802
-0.088689
0.0261685
0.0709097
-0.853066
-0.837165
-0.776712
-0.702275
-0.623048
-0.542714
-0.466663
-0.404522
-0.375957
-0.426824
-0.617351
-0.476492
0.0901498
0.517241
0.76168
0.926565
1.04068
1.11524
1.14416
1.14854
-0.852114
-0.835493
-0.77289
-0.695445
-0.612458
-0.526767
-0.441911
-0.36326
-0.298274
-0.253365
-0.185009
0.114114
0.511322
0.854262
1.08313
1.24258
1.35188
1.41869
1.45074
1.45958
-0.849098
-0.831701
-0.767939
-0.687447
-0.600727
-0.509907
-0.416905
-0.323487
-0.229062
-0.121725
0.0550382
0.364037
0.670636
0.930611
1.12151
1.25391
1.3456
1.40648
1.44297
1.45705
-0.842118
-0.825089
-0.760686
-0.67748
-0.587542
-0.492366
-0.392656
-0.287832
-0.173419
-0.0320794
0.176523
0.452146
0.702159
0.904792
1.05699
1.16641
1.24507
1.30102
1.33871
1.35417
-0.830495
-0.81385
-0.748986
-0.663704
-0.571486
-0.47327
-0.369029
-0.256991
-0.131263
0.0241828
0.232639
0.470438
0.676874
0.841269
0.966234
1.05924
1.12845
1.17992
1.2143
1.22913
-0.807356
-0.790407
-0.728791
-0.643305
-0.550092
-0.450814
-0.344903
-0.229906
-0.100103
0.0568309
0.252245
0.456511
0.62854
0.765244
0.870921
0.951789
1.01365
1.06125
1.09273
1.10791
-0.766611
-0.751356
-0.694344
-0.61148
-0.520266
-0.42279
-0.318217
-0.204574
-0.0769156
0.0735679
0.250178
0.425196
0.569157
0.683754
0.773795
0.844374
0.899572
0.942711
0.971315
0.986995
-0.706316
-0.694636
-0.641108
-0.5638
-0.47782
-0.385799
-0.286986
-0.179362
-0.0591393
0.0790923
0.236101
0.383367
0.502349
0.597046
0.672195
0.732207
0.780078
0.817386
0.845204
0.859941
-0.613514
-0.60703
-0.563121
-0.495209
-0.419239
-0.337343
-0.248597
-0.151401
-0.0433601
0.078916
0.212588
0.334398
0.430036
0.504873
0.56362
0.610191
0.647732
0.677527
0.698727
0.709203
-0.478412
-0.475129
-0.448493
-0.399202
-0.340766
-0.275614
-0.20261
-0.12071
-0.0282746
0.0767576
0.190717
0.293397
0.372743
0.433531
0.479914
0.515209
0.541793
0.562047
0.577726
0.585372
-0.330328
-0.329803
-0.316429
-0.287895
-0.250341
-0.204956
-0.150614
-0.0864438
-0.0111849
0.0762735
0.171687
0.257157
0.322422
0.371465
0.407692
0.433848
0.452503
0.465439
0.473427
0.47659
-0.201874
-0.202154
-0.196545
-0.182723
-0.162077
-0.134053
-0.0973451
-0.0503733
0.00785913
0.0781143
0.156223
0.226343
0.279282
0.318045
0.345721
0.365062
0.377883
0.38576
0.390213
0.391742
-0.104088
-0.104857
-0.103864
-0.0989991
-0.0891783
-0.0731301
-0.049484
-0.0165844
0.0270098
0.0819684
0.144552
0.201016
0.243274
0.273819
0.295036
0.308967
0.317668
0.322835
0.325366
0.326046
-0.0387303
-0.0393928
-0.0405849
-0.0405049
-0.0367903
-0.0279823
-0.0125284
0.0106208
0.0429056
0.0852371
0.134649
0.179569
0.212952
0.236535
0.252471
0.262867
0.269212
0.272576
0.273963
0.274264
0.000889687
0.00044712
-0.000778726
-0.00165657
-0.000375551
0.00438595
0.0142287
0.0305979
0.0546072
0.0870459
0.125605
0.160843
0.186956
0.205387
0.217782
0.22556
0.230036
0.232306
0.233173
0.233326
0.0245545
0.0242861
0.0235556
0.0230019
0.0238711
0.0270738
0.03408
0.0455051
0.0631623
0.087856
0.117827
0.145448
0.165866
0.180051
0.189352
0.195126
0.198446
0.200087
0.200676
0.200783
0.0397245
0.0395652
0.0391671
0.0388919
0.039568
0.0419368
0.0469045
0.0555255
0.0687797
0.0875418
0.110624
0.132007
0.147772
0.158705
0.16589
0.170318
0.17281
0.174012
0.174431
0.174508
0.0495001
0.0494052
0.0491921
0.0490984
0.0496912
0.0514871
0.055141
0.0615732
0.0715873
0.085921
0.103707
0.12027
0.132496
0.140942
0.146439
0.149798
0.151678
0.152582
0.152895
0.152953
0.0554293
0.0553694
0.0552637
0.0552744
0.0558017
0.0572281
0.0600376
0.0649419
0.07254
0.0834862
0.0971645
0.10994
0.119355
0.125842
0.130055
0.132637
0.13406
0.134737
0.134966
0.135006
0.0585471
0.0585058
0.0584579
0.0585209
0.0589773
0.0601095
0.0622887
0.0660249
0.0718513
0.080239
0.0907518
0.100595
0.107851
0.112846
0.116084
0.118049
0.119136
0.119647
0.119817
0.119845
0.0595913
0.0595613
0.059544
0.0596284
0.060017
0.0609185
0.0626072
0.065509
0.0699737
0.0764082
0.0844919
0.092069
0.0976512
0.101487
0.10397
0.105479
0.106302
0.106686
0.106809
0.106827
0.059078
0.0590554
0.0590512
0.0591348
0.0594548
0.0601683
0.0614849
0.0637201
0.067163
0.0721096
0.078324
0.084152
0.0884427
0.0913875
0.0932953
0.0944478
0.0950742
0.0953619
0.0954506
0.0954618
0.0573696
0.0573523
0.0573531
0.0574264
0.0576843
0.0582452
0.0592709
0.0609779
0.0636453
0.0674516
0.0722305
0.0767116
0.080007
0.0822618
0.0837568
0.0846131
0.0850842
0.0852985
0.0853619
0.0853684
0.0547363
0.0547229
0.054725
0.0547853
0.0549885
0.0554251
0.0562149
0.057502
0.0596016
0.0625221
0.0661949
0.0696379
0.0721693
0.0739063
0.0750262
0.0756903
0.0760493
0.0762095
0.0762546
0.0762581
0.0513867
0.0513763
0.0513782
0.0514256
0.0515838
0.0519222
0.0525341
0.0535448
0.0551287
0.057383
0.0602066
0.0628506
0.0647904
0.0661326
0.0669796
0.0674823
0.0677528
0.0678719
0.0679037
0.0679052
0.0474821
0.0474741
0.0474753
0.0475116
0.0476333
0.0478937
0.0483645
0.0491399
0.0503442
0.0520861
0.0542542
0.0562817
0.0577702
0.0587959
0.0594384
0.0598196
0.0600234
0.0601114
0.0601333
0.0601335
0.0431491
0.0431427
0.0431431
0.0431701
0.0432626
0.0434616
0.0438218
0.0444137
0.0453142
0.0466726
0.048332
0.049884
0.0510331
0.0518018
0.0522891
0.0525774
0.0527301
0.0527949
0.05281
0.0528093
0.0384857
0.0384806
0.0384801
0.0384999
0.0385698
0.0387209
0.0389943
0.0394441
0.0401348
0.041166
0.0424327
0.0436188
0.0444938
0.0450733
0.0454406
0.0456568
0.0457702
0.0458171
0.0458266
0.0458256
0.0335702
0.033566
0.033565
0.0335789
0.0336303
0.0337428
0.0339479
0.0342868
0.0348087
0.0355785
0.0365483
0.0374498
0.0381079
0.0385426
0.0388181
0.03898
0.039064
0.0390976
0.0391033
0.039102
0.0284633
0.0284601
0.0284584
0.0284671
0.0285039
0.0285864
0.0287379
0.0289899
0.0293788
0.0299636
0.0306826
0.0313512
0.03185
0.0321696
0.0323727
0.0324909
0.0325515
0.0325749
0.032578
0.0325764
0.0232117
0.0232092
0.023207
0.0232119
0.023237
0.0232953
0.0234044
0.0235868
0.0238684
0.0243044
0.0248273
0.0253142
0.0256815
0.0259137
0.0260601
0.026144
0.0261855
0.0262002
0.0262006
0.0261987
0.0178523
0.0178503
0.0178476
0.0178491
0.0178647
0.0179041
0.0179799
0.0181069
0.0183148
0.0186114
0.0189795
0.0193222
0.019573
0.0197381
0.0198396
0.0198969
0.0199246
0.0199331
0.0199319
0.0199302
0.0124145
0.012413
0.0124099
0.012409
0.0124173
0.0124409
0.0124913
0.0125735
0.0127058
0.0128975
0.0131361
0.0133577
0.0135182
0.013625
0.0136909
0.0137268
0.0137428
0.0137463
0.0137438
0.013742
0.00692163
0.00692059
0.00691786
0.00691538
0.00691792
0.00692954
0.00695467
0.00699889
0.00706866
0.00716977
0.00729674
0.00741555
0.00750196
0.007559
0.00759314
0.00761052
0.00761666
0.00761551
0.00761172
0.00760992
0.0041603
0.00415772
0.00415395
0.00415219
0.00415507
0.00416508
0.00418516
0.00421869
0.0042692
0.00433941
0.00441564
0.00447709
0.00451956
0.00454589
0.00456034
0.00456656
0.00456652
0.0045632
0.00455902
0.00151528
-1.34639
-0.842248
-0.482542
-0.205808
0.0150081
0.194448
0.343552
0.473472
0.570222
0.577306
-0.590196
-0.347206
-0.141638
0.0331192
0.182647
0.309333
0.41567
0.499488
0.552133
0.571159
-0.183534
-0.0433854
0.0872121
0.204855
0.308125
0.396289
0.468819
0.523995
0.561976
0.584165
0.0704321
0.160836
0.250544
0.33278
0.405457
0.467794
0.51939
0.559892
0.590522
0.610368
0.249025
0.309565
0.374455
0.435401
0.488729
0.535185
0.574464
0.606586
0.632152
0.648792
0.385309
0.428895
0.479894
0.525756
0.567676
0.604884
0.637213
0.664261
0.68602
0.69963
0.496736
0.533654
0.574835
0.613282
0.649131
0.681644
0.710225
0.734178
0.753227
0.764237
0.596902
0.630863
0.668869
0.705352
0.739141
0.76978
0.796445
0.818544
0.835576
0.844524
0.697199
0.733528
0.772654
0.810107
0.843605
0.873207
0.89854
0.919052
0.934374
0.94263
0.813542
0.854776
0.895188
0.933255
0.966105
0.993981
1.01719
1.03593
1.04996
1.05922
0.959565
1.00293
1.04095
1.0753
1.10392
1.12821
1.14922
1.16694
1.18105
1.19231
1.13839
1.1763
1.20485
1.22943
1.25075
1.27037
1.28888
1.30627
1.32234
1.33696
1.33686
1.35805
1.3732
1.38915
1.40551
1.42097
1.43491
1.44833
1.46398
1.48249
1.5278
1.53504
1.54572
1.55743
1.56754
1.57686
1.58713
1.59828
1.60997
1.61893
1.74097
1.74274
1.7349
1.7186
1.70767
1.70717
1.7194
1.74407
1.77809
1.80255
2.16096
1.96712
1.86613
1.8082
1.77886
1.77234
1.78756
1.82831
1.90432
2.04742
-0.693971
-0.700888
-0.663323
-0.604425
-0.538492
-0.467876
0.379685
0.442127
0.433434
0.346387
0.260261
0.172498
-0.149208
-0.476794
-0.903249
-1.47447
-2.25317
)
;

boundaryField
{
    wall-4
    {
        type            zeroGradient;
    }
    pressure-outlet-7
    {
        type            fixedValue;
        value           uniform 0;
    }
    velocity-inlet-6
    {
        type            zeroGradient;
    }
    velocity-inlet-5
    {
        type            zeroGradient;
    }
    frontAndBackPlanes
    {
        type            empty;
    }
}


// ************************************************************************* //
