/*--------------------------------*- C++ -*----------------------------------*\
  =========                 |
  \\      /  F ield         | OpenFOAM: The Open Source CFD Toolbox
   \\    /   O peration     | Website:  https://openfoam.org
    \\  /    A nd           | Version:  10
     \\/     M anipulation  |
\*---------------------------------------------------------------------------*/
FoamFile
{
    format      ascii;
    class       volVectorField;
    location    "54";
    object      U;
}
// * * * * * * * * * * * * * * * * * * * * * * * * * * * * * * * * * * * * * //

dimensions      [0 1 -1 0 0 0 0];

internalField   nonuniform List<vector> 
2200
(
(0.878842 -0.0304133 0)
(1.00579 -0.0512839 0)
(1.00328 -0.0353977 0)
(1.00028 -0.0244557 0)
(0.999853 -0.0166941 0)
(1 -0.0107576 0)
(1.00003 -0.00686554 0)
(1.00003 -0.004211 0)
(1.00001 -0.00222263 0)
(1.00018 -0.000704707 0)
(0.999996 0.001063 0)
(0.999856 0.00255377 0)
(1.00005 0.00447655 0)
(1.00008 0.00704501 0)
(1.00008 0.0108219 0)
(1.00007 0.016671 0)
(1.00039 0.0243937 0)
(1.0035 0.0349043 0)
(1.00598 0.0513761 0)
(0.87904 0.030307 0)
(0.711995 -0.0327645 0)
(0.996633 -0.063015 0)
(1.03329 -0.0561741 0)
(1.02482 -0.0464053 0)
(1.01586 -0.0360899 0)
(1.00969 -0.0263712 0)
(1.00591 -0.0181351 0)
(1.00374 -0.0114383 0)
(1.00254 -0.00606757 0)
(1.00208 -0.00155387 0)
(1.00219 0.00261661 0)
(1.00263 0.00710439 0)
(1.00357 0.012411 0)
(1.00566 0.0190188 0)
(1.00944 0.0272499 0)
(1.01546 0.036949 0)
(1.02454 0.0474092 0)
(1.03311 0.0579009 0)
(0.996686 0.0631432 0)
(0.711762 0.033023 0)
(0.535556 -0.0238908 0)
(0.969901 -0.0569391 0)
(1.05645 -0.0547019 0)
(1.05234 -0.0487913 0)
(1.03628 -0.0404567 0)
(1.0244 -0.0322734 0)
(1.01591 -0.0240122 0)
(1.01042 -0.0161357 0)
(1.00721 -0.00883046 0)
(1.00566 -0.00219141 0)
(1.00545 0.00412747 0)
(1.0069 0.0106012 0)
(1.01024 0.0176739 0)
(1.01565 0.0253167 0)
(1.02409 0.0333689 0)
(1.03619 0.0413444 0)
(1.05226 0.0493693 0)
(1.05633 0.0533377 0)
(0.969218 0.0576198 0)
(0.534431 0.0239305 0)
(0.392244 -0.0136636 0)
(0.911714 -0.0464103 0)
(1.05746 -0.0470049 0)
(1.06938 -0.0443104 0)
(1.05483 -0.0382152 0)
(1.03936 -0.0315331 0)
(1.02755 -0.0247438 0)
(1.01907 -0.0175144 0)
(1.01369 -0.0100723 0)
(1.01106 -0.0025066 0)
(1.01097 0.00501293 0)
(1.01336 0.0125217 0)
(1.01832 0.0197216 0)
(1.02673 0.026641 0)
(1.03846 0.0330393 0)
(1.05388 0.0395107 0)
(1.06812 0.0456023 0)
(1.05553 0.0482883 0)
(0.909917 0.0469839 0)
(0.389984 0.0137755 0)
(0.307646 -0.00450673 0)
(0.846762 -0.0323708 0)
(1.04954 -0.0399039 0)
(1.07959 -0.0381577 0)
(1.06825 -0.0334985 0)
(1.05166 -0.0279087 0)
(1.03827 -0.0225038 0)
(1.02805 -0.0164923 0)
(1.021 -0.00954908 0)
(1.01717 -0.00191423 0)
(1.01695 0.00589813 0)
(1.02045 0.0130978 0)
(1.0274 0.0195899 0)
(1.0373 0.0252657 0)
(1.05039 0.0302713 0)
(1.06682 0.0356044 0)
(1.07788 0.0399323 0)
(1.04745 0.0416558 0)
(0.843139 0.0329275 0)
(0.303889 0.00472502 0)
(0.264171 9.75825e-05 0)
(0.788791 -0.0200911 0)
(1.03313 -0.0315069 0)
(1.08341 -0.0321363 0)
(1.07725 -0.0288794 0)
(1.06085 -0.023965 0)
(1.04724 -0.0194856 0)
(1.03637 -0.0143435 0)
(1.02856 -0.00835666 0)
(1.02404 -0.00142569 0)
(1.02355 0.00591989 0)
(1.02732 0.0127695 0)
(1.03454 0.0184233 0)
(1.04519 0.0230205 0)
(1.05863 0.026972 0)
(1.07487 0.0314117 0)
(1.08034 0.0341885 0)
(1.02918 0.0332577 0)
(0.782791 0.0207179 0)
(0.258937 0.000111785 0)
(0.240246 0.00106457 0)
(0.738315 -0.0123128 0)
(1.01372 -0.0250115 0)
(1.08411 -0.026808 0)
(1.08303 -0.0245175 0)
(1.06778 -0.0204403 0)
(1.05422 -0.016442 0)
(1.04334 -0.0119619 0)
(1.03515 -0.00651757 0)
(1.03029 -6.01311e-05 0)
(1.03 0.00668827 0)
(1.03417 0.0125382 0)
(1.04168 0.0173025 0)
(1.05188 0.021236 0)
(1.06501 0.0245875 0)
(1.07971 0.0279972 0)
(1.08018 0.0295379 0)
(1.00795 0.0271661 0)
(0.729312 0.0131107 0)
(0.233383 -0.00084522 0)
(0.225824 0.000958118 0)
(0.695171 -0.00805555 0)
(0.99279 -0.020798 0)
(1.08201 -0.0231877 0)
(1.08671 -0.0213453 0)
(1.07328 -0.017767 0)
(1.05988 -0.0140194 0)
(1.04931 -0.00970498 0)
(1.04138 -0.00479182 0)
(1.03641 0.000817053 0)
(1.0354 0.00665031 0)
(1.03888 0.0120691 0)
(1.04592 0.0163664 0)
(1.05591 0.0198 0)
(1.06913 0.022867 0)
(1.08192 0.0256847 0)
(1.07559 0.0266623 0)
(0.983408 0.0233453 0)
(0.682241 0.00909056 0)
(0.21698 -0.000718151 0)
(0.216244 0.000614236 0)
(0.659798 -0.00571205 0)
(0.97241 -0.0176943 0)
(1.07947 -0.0203233 0)
(1.09017 -0.0187621 0)
(1.07811 -0.0156346 0)
(1.06471 -0.0119494 0)
(1.05427 -0.00783587 0)
(1.04635 -0.00305243 0)
(1.04131 0.00235146 0)
(1.04078 0.00787159 0)
(1.04435 0.0124541 0)
(1.05086 0.0162155 0)
(1.06026 0.0194283 0)
(1.07288 0.0220758 0)
(1.08375 0.0242503 0)
(1.07151 0.0248117 0)
(0.96 0.0208738 0)
(0.642547 0.00701576 0)
(0.20502 -0.000346847 0)
(0.208937 0.000290052 0)
(0.630992 -0.00425256 0)
(0.953256 -0.015115 0)
(1.07615 -0.0180719 0)
(1.09323 -0.0167409 0)
(1.08284 -0.0137953 0)
(1.06935 -0.0102363 0)
(1.0589 -0.00614575 0)
(1.0512 -0.00148503 0)
(1.04628 0.003472 0)
(1.04464 0.00831099 0)
(1.04721 0.012857 0)
(1.05336 0.0164962 0)
(1.0627 0.0193766 0)
(1.07562 0.0218952 0)
(1.08464 0.0236876 0)
(1.06412 0.0236465 0)
(0.934917 0.0189615 0)
(0.60762 0.00586264 0)
(0.194632 2.8156e-05 0)
(0.203079 8.079e-05 0)
(0.607654 -0.00317196 0)
(0.935325 -0.012621 0)
(1.07312 -0.015722 0)
(1.09658 -0.014641 0)
(1.08749 -0.011954 0)
(1.07399 -0.0084143 0)
(1.06326 -0.00445065 0)
(1.05516 0.000120326 0)
(1.04978 0.00519541 0)
(1.04861 0.0102805 0)
(1.05135 0.0141948 0)
(1.05722 0.0173573 0)
(1.06627 0.0200068 0)
(1.0784 0.0220841 0)
(1.08515 0.0232642 0)
(1.05793 0.0227078 0)
(0.911856 0.0173696 0)
(0.577921 0.00518406 0)
(0.185232 0.000307555 0)
(0.198421 -2.42027e-06 0)
(0.58925 -0.00233554 0)
(0.919591 -0.0103471 0)
(1.06974 -0.013608 0)
(1.09965 -0.0126188 0)
(1.09219 -0.00995218 0)
(1.07855 -0.00646611 0)
(1.06761 -0.00249466 0)
(1.05937 0.00205768 0)
(1.05392 0.00685562 0)
(1.05148 0.0113838 0)
(1.05317 0.0154819 0)
(1.0588 0.01856 0)
(1.06797 0.0206777 0)
(1.0804 0.0224482 0)
(1.08492 0.0232571 0)
(1.04863 0.0220691 0)
(0.88718 0.0160665 0)
(0.550485 0.00476239 0)
(0.175933 0.000469067 0)
(0.194796 2.33211e-05 0)
(0.574476 -0.00158916 0)
(0.905068 -0.00818746 0)
(1.06707 -0.0111439 0)
(1.10318 -0.0101112 0)
(1.09706 -0.00750779 0)
(1.08348 -0.00401832 0)
(1.07214 -0.000155894 0)
(1.06327 0.00433372 0)
(1.05691 0.0092865 0)
(1.05471 0.0139944 0)
(1.05682 0.0174883 0)
(1.0622 0.0198303 0)
(1.07093 0.0217724 0)
(1.08207 0.0230475 0)
(1.0842 0.0235213 0)
(1.04003 0.0218211 0)
(0.864131 0.0151813 0)
(0.52614 0.00458691 0)
(0.167101 0.000564715 0)
(0.192583 5.31812e-05 0)
(0.563732 -0.000827111 0)
(0.893542 -0.00604977 0)
(1.06445 -0.00897195 0)
(1.10665 -0.00778228 0)
(1.10218 -0.00489719 0)
(1.08847 -0.00125674 0)
(1.07686 0.00261961 0)
(1.06767 0.00700985 0)
(1.06115 0.0116338 0)
(1.05766 0.0159976 0)
(1.05814 0.0192292 0)
(1.06307 0.0216003 0)
(1.07199 0.0228856 0)
(1.08314 0.0238775 0)
(1.08259 0.0239553 0)
(1.02842 0.0216662 0)
(0.839133 0.0145121 0)
(0.502266 0.00446028 0)
(0.158096 0.00059541 0)
(0.191637 9.99381e-05 0)
(0.556155 -0.000233498 0)
(0.883072 -0.00401602 0)
(1.06285 -0.00616772 0)
(1.11066 -0.00474998 0)
(1.10743 -0.00181197 0)
(1.09368 0.00197004 0)
(1.08145 0.00604945 0)
(1.07138 0.0106013 0)
(1.06351 0.015384 0)
(1.05971 0.0195104 0)
(1.0611 0.0224698 0)
(1.06605 0.023769 0)
(1.07442 0.0248861 0)
(1.08337 0.0254915 0)
(1.07987 0.0250607 0)
(1.01714 0.022146 0)
(0.815335 0.0142477 0)
(0.480214 0.00448542 0)
(0.14945 0.000620754 0)
(0.192149 9.21596e-05 0)
(0.551659 0.000755727 0)
(0.876653 -0.00163437 0)
(1.06184 -0.00363 0)
(1.11481 -0.00188629 0)
(1.11312 0.0014422 0)
(1.09927 0.0055631 0)
(1.08674 0.00976928 0)
(1.0764 0.0143185 0)
(1.06841 0.0188527 0)
(1.06339 0.0227162 0)
(1.06218 0.0249924 0)
(1.06575 0.0266565 0)
(1.07418 0.0271195 0)
(1.0833 0.0272934 0)
(1.07602 0.0264645 0)
(1.00227 0.0227865 0)
(0.788937 0.0142445 0)
(0.45734 0.00460118 0)
(0.14032 0.000645673 0)
(0.194089 0.000193696 0)
(0.551809 0.00148769 0)
(0.871611 0.0003601 0)
(1.06252 -0.000241746 0)
(1.11991 0.00183732 0)
(1.11927 0.00526732 0)
(1.10526 0.00952733 0)
(1.09197 0.0142765 0)
(1.08052 0.0193409 0)
(1.07082 0.0242792 0)
(1.0649 0.0278234 0)
(1.06445 0.0299753 0)
(1.06852 0.0306568 0)
(1.07599 0.0308749 0)
(1.08186 0.0301983 0)
(1.07082 0.0285239 0)
(0.987732 0.0239502 0)
(0.763588 0.0146317 0)
(0.435417 0.00483072 0)
(0.131265 0.000674478 0)
(0.19808 0.000650549 0)
(0.554314 0.00227405 0)
(0.871695 0.00325442 0)
(1.0646 0.00303206 0)
(1.12543 0.00571709 0)
(1.126 0.00963793 0)
(1.11184 0.0145078 0)
(1.09822 0.0194957 0)
(1.08631 0.0246776 0)
(1.07595 0.0293432 0)
(1.06854 0.0328198 0)
(1.06517 0.0343839 0)
(1.06631 0.0347607 0)
(1.07361 0.0341358 0)
(1.07998 0.0334255 0)
(1.06384 0.0311145 0)
(0.968752 0.0255104 0)
(0.734435 0.0153752 0)
(0.411256 0.00517443 0)
(0.121248 0.000716368 0)
(0.204374 0.000867067 0)
(0.560803 0.00338201 0)
(0.875241 0.00572219 0)
(1.0691 0.00729963 0)
(1.13205 0.0106778 0)
(1.13329 0.0150957 0)
(1.11855 0.0203117 0)
(1.1037 0.0260292 0)
(1.09 0.0318647 0)
(1.07751 0.0371545 0)
(1.06862 0.0401872 0)
(1.06577 0.0409974 0)
(1.06843 0.0407704 0)
(1.07445 0.0401745 0)
(1.07629 0.0377959 0)
(1.05526 0.0344498 0)
(0.949967 0.0276995 0)
(0.705727 0.0164316 0)
(0.387181 0.00561292 0)
(0.111001 0.000755971 0)
(0.212692 0.00104511 0)
(0.572017 0.00470798 0)
(0.883316 0.00881747 0)
(1.07628 0.0118632 0)
(1.13999 0.0163536 0)
(1.14188 0.0214976 0)
(1.12653 0.0277126 0)
(1.11102 0.0338262 0)
(1.09658 0.0397994 0)
(1.08282 0.0447088 0)
(1.07182 0.0475076 0)
(1.06555 0.0480892 0)
(1.06446 0.0470832 0)
(1.06935 0.044636 0)
(1.07228 0.0429032 0)
(1.04414 0.0385876 0)
(0.925186 0.0302883 0)
(0.671669 0.0178571 0)
(0.359511 0.00613345 0)
(0.0993561 0.000799446 0)
(0.224827 0.00137154 0)
(0.58982 0.0066376 0)
(0.897619 0.0131106 0)
(1.08685 0.0180326 0)
(1.14987 0.02342 0)
(1.1518 0.0295698 0)
(1.13525 0.0365715 0)
(1.11758 0.043556 0)
(1.10015 0.0502802 0)
(1.08326 0.0558059 0)
(1.07019 0.0585245 0)
(1.06443 0.0575671 0)
(1.06476 0.0554894 0)
(1.06908 0.0528354 0)
(1.06535 0.0491736 0)
(1.03082 0.043286 0)
(0.900062 0.033613 0)
(0.637337 0.0195586 0)
(0.331182 0.00669878 0)
(0.0873127 0.000838034 0)
(0.240426 0.00192381 0)
(0.613254 0.00845101 0)
(0.918505 0.017772 0)
(1.10183 0.0249575 0)
(1.16192 0.0320291 0)
(1.16342 0.0391734 0)
(1.14504 0.0475277 0)
(1.12568 0.0553287 0)
(1.10675 0.0623776 0)
(1.08821 0.0674481 0)
(1.0722 0.0687121 0)
(1.06261 0.0676988 0)
(1.05887 0.06434 0)
(1.06069 0.0603186 0)
(1.05858 0.0561842 0)
(1.01414 0.0491723 0)
(0.867283 0.0372154 0)
(0.595766 0.0214671 0)
(0.298137 0.00726464 0)
(0.073659 0.000852433 0)
(0.262046 0.00277285 0)
(0.645606 0.0122097 0)
(0.946872 0.0245361 0)
(1.1211 0.0345579 0)
(1.1766 0.0429327 0)
(1.17682 0.0522884 0)
(1.15604 0.0618452 0)
(1.13363 0.0707258 0)
(1.11074 0.0783246 0)
(1.0876 0.0830064 0)
(1.06896 0.0837612 0)
(1.059 0.0802744 0)
(1.05689 0.0760758 0)
(1.05855 0.0712033 0)
(1.04729 0.0648121 0)
(0.993761 0.0556895 0)
(0.833207 0.0417061 0)
(0.553192 0.0236295 0)
(0.264158 0.00783514 0)
(0.0597677 0.000835588 0)
(0.293265 0.00368551 0)
(0.691019 0.015478 0)
(0.98567 0.0330015 0)
(1.14709 0.0465917 0)
(1.19488 0.0576746 0)
(1.19266 0.0686911 0)
(1.16828 0.079694 0)
(1.14271 0.0890313 0)
(1.11707 0.0962 0)
(1.09194 0.0997586 0)
(1.06999 0.0984785 0)
(1.05581 0.0943884 0)
(1.04841 0.0883111 0)
(1.04614 0.0812789 0)
(1.03555 0.0742087 0)
(0.969084 0.0631938 0)
(0.788926 0.0459855 0)
(0.500893 0.0257184 0)
(0.224261 0.00817471 0)
(0.0442744 0.000737895 0)
(0.329579 0.0070755 0)
(0.749136 0.0246438 0)
(1.03502 0.0465235 0)
(1.17892 0.0642649 0)
(1.21689 0.0769281 0)
(1.21039 0.0911245 0)
(1.18156 0.102998 0)
(1.15192 0.112632 0)
(1.1217 0.119485 0)
(1.09099 0.121875 0)
(1.06503 0.118317 0)
(1.04978 0.11114 0)
(1.04419 0.103196 0)
(1.04169 0.0955592 0)
(1.01856 0.0855197 0)
(0.938414 0.071158 0)
(0.742683 0.0515436 0)
(0.448372 0.0280657 0)
(0.184581 0.00833562 0)
(0.0299134 0.000611937 0)
(0.409351 0.0106145 0)
(0.836318 0.0357134 0)
(1.10004 0.0670989 0)
(1.2183 0.0895895 0)
(1.24285 0.105403 6.37273e-34)
(1.22923 0.121313 -2.86965e-34)
(1.19389 0.133257 0)
(1.15893 0.141595 0)
(1.12366 0.145916 0)
(1.08904 0.144649 0)
(1.06076 0.138669 0)
(1.04267 0.129757 0)
(1.03205 0.120053 0)
(1.02382 0.108704 0)
(0.998843 0.0974166 0)
(0.901877 0.0805704 0)
(0.682001 0.0559019 0)
(0.380131 0.0291544 0)
(0.135431 0.00798303 0)
(0.0135279 0.000735687 0)
(0.480285 0.0258904 4.72484e-20)
(0.938537 0.05946 -3.57632e-20)
(1.17119 0.101764 0)
(1.25918 0.128387 2.76028e-20)
(1.27033 0.143598 -2.23845e-20)
(1.24726 0.161579 3.02774e-34)
(1.20498 0.171586 0)
(1.1649 0.17775 1.61047e-20)
(1.12475 0.179894 -5.2877e-20)
(1.08577 0.176977 1.07885e-20)
(1.05267 0.167315 0)
(1.03153 0.153871 -2.73421e-20)
(1.02139 0.140662 -3.27885e-20)
(1.01269 0.129979 5.73648e-20)
(0.967628 0.114194 -4.53099e-20)
(0.843925 0.0906124 0)
(0.600802 0.0608048 -1.6334e-20)
(0.30123 0.0291415 0)
(0.0848639 0.00764851 -9.00746e-20)
(-0.00353953 0.000569754 1.06154e-19)
(0.516623 0.0534495 -6.18327e-21)
(1.00276 0.102585 1.07328e-19)
(1.22083 0.151682 -6.09787e-21)
(1.29253 0.175956 -6.83735e-20)
(1.29468 0.193247 -4.74437e-20)
(1.26251 0.209414 7.71805e-20)
(1.21379 0.216612 0)
(1.16797 0.22016 0)
(1.12183 0.219266 8.414e-20)
(1.07591 0.211409 0)
(1.0375 0.197031 9.87598e-20)
(1.01405 0.183104 2.9338e-20)
(0.999997 0.170252 4.4388e-22)
(0.979181 0.153336 -6.25174e-20)
(0.928568 0.134968 0)
(0.789101 0.107701 0)
(0.532558 0.0682456 -2.6666e-19)
(0.243883 0.0300081 6.70262e-19)
(0.0556863 0.00680053 -3.96164e-19)
(-0.0139799 -0.000891032 -4.67035e-19)
(0.52455 0.0760046 -6.13388e-20)
(1.04073 0.15938 2.34173e-20)
(1.2578 0.212305 1.27357e-20)
(1.31878 0.235292 1.19299e-19)
(1.3136 0.250899 1.44319e-20)
(1.27409 0.262635 -2.01251e-19)
(1.21979 0.265915 6.85896e-20)
(1.16868 0.266017 0)
(1.11727 0.261644 -1.77923e-19)
(1.06742 0.251076 1.57878e-19)
(1.02774 0.237025 -2.66536e-19)
(0.999611 0.219324 1.24928e-19)
(0.978914 0.201026 -8.09917e-20)
(0.96064 0.18485 1.82501e-19)
(0.897224 0.162511 0)
(0.747488 0.125055 -6.66993e-20)
(0.494208 0.0781021 0)
(0.229836 0.0330265 3.68114e-19)
(0.0520188 0.00773753 -8.7016e-19)
(-0.0156818 -0.00240798 5.45391e-19)
(0.520169 0.107767 1.70301e-19)
(1.06085 0.21577 -7.46594e-20)
(1.27948 0.27699 -1.58869e-20)
(1.33597 0.299465 0)
(1.32585 0.313071 -8.8281e-20)
(1.28103 0.319714 1.08917e-19)
(1.22205 0.318132 -7.34098e-20)
(1.16616 0.313872 0)
(1.11016 0.305406 1.26423e-19)
(1.05566 0.290803 -1.10952e-19)
(1.00709 0.270123 2.31168e-19)
(0.974411 0.248868 0)
(0.956222 0.230866 -1.72226e-19)
(0.925521 0.211243 9.70189e-20)
(0.865277 0.185244 2.44663e-19)
(0.720154 0.14716 -2.15283e-19)
(0.478312 0.0926333 3.41332e-19)
(0.228751 0.0419001 -7.56803e-19)
(0.0578374 0.0101275 4.77702e-19)
(-0.0131013 -0.00278711 -5.97421e-19)
(0.508884 0.13201 -5.8489e-20)
(1.06891 0.269766 4.18178e-20)
(1.29055 0.342906 -5.28127e-20)
(1.34502 0.36518 1.0545e-19)
(1.3314 0.37647 -9.97283e-20)
(1.28287 0.37798 3.44713e-20)
(1.22019 0.371766 3.61274e-21)
(1.16007 0.363472 -1.43411e-19)
(1.09883 0.350718 -1.32712e-19)
(1.03859 0.332204 -2.38563e-19)
(0.988879 0.308839 -4.97059e-19)
(0.955885 0.28599 -1.53204e-19)
(0.929887 0.264928 2.27345e-21)
(0.908031 0.243337 -3.32666e-19)
(0.840669 0.216909 -5.71871e-21)
(0.696507 0.168637 3.1355e-19)
(0.468479 0.10784 -9.44868e-20)
(0.234113 0.0521054 -5.47054e-20)
(0.0684902 0.0143211 0)
(-0.00776199 -0.00225599 1.27152e-18)
(0.492496 0.152795 0)
(1.06402 0.319503 -3.51589e-21)
(1.29294 0.405984 -8.9138e-21)
(1.34729 0.428948 -1.28253e-20)
(1.33117 0.439171 9.63996e-20)
(1.27999 0.436403 -8.03335e-20)
(1.21438 0.425853 8.01718e-20)
(1.15097 0.413207 2.35471e-19)
(1.08705 0.396289 -7.38399e-20)
(1.02523 0.373353 1.17979e-19)
(0.971592 0.345198 2.67188e-19)
(0.931455 0.31929 3.34006e-19)
(0.906428 0.296618 -2.01215e-19)
(0.871854 0.272666 3.60234e-19)
(0.811551 0.240919 -2.85526e-19)
(0.677377 0.194563 0)
(0.464753 0.127643 -7.17498e-19)
(0.245688 0.0659283 9.65669e-19)
(0.083266 0.0216425 7.20875e-20)
(-0.000331887 -0.000464058 -1.34541e-18)
(0.477854 0.172871 -5.08384e-21)
(1.05574 0.367361 1.18551e-21)
(1.28998 0.466741 6.49685e-20)
(1.34455 0.490959 -8.69808e-20)
(1.32628 0.500049 8.00825e-20)
(1.27325 0.493212 -7.78562e-20)
(1.20567 0.478751 1.5896e-19)
(1.14 0.462268 -7.07048e-20)
(1.07299 0.441186 -2.98027e-19)
(1.00559 0.413915 -2.06923e-22)
(0.946988 0.382191 -2.90606e-19)
(0.907574 0.354048 -3.59414e-19)
(0.879299 0.327581 2.22263e-19)
(0.853898 0.30476 -1.29673e-19)
(0.789362 0.273466 3.10546e-19)
(0.659128 0.217116 0)
(0.458813 0.147631 -4.45786e-19)
(0.253313 0.0798101 6.58409e-19)
(0.0952217 0.0297325 1.24598e-18)
(0.00638482 0.00184441 -1.46548e-18)
(0.46397 0.190656 -6.07561e-20)
(1.04395 0.412254 2.45213e-20)
(1.28317 0.524414 -4.33286e-20)
(1.33796 0.54994 9.00372e-20)
(1.31812 0.55857 1.2003e-20)
(1.26376 0.548341 -1.52719e-19)
(1.19454 0.530395 -9.21799e-20)
(1.12674 0.510138 -9.03827e-20)
(1.05729 0.485637 -1.68284e-19)
(0.988088 0.454721 2.70724e-19)
(0.928868 0.419826 2.93767e-19)
(0.88585 0.386922 5.70318e-19)
(0.855459 0.36023 0)
(0.819631 0.333247 6.47496e-21)
(0.761812 0.296697 -8.53532e-19)
(0.641038 0.243983 1.99711e-19)
(0.454496 0.167897 9.656e-19)
(0.26034 0.0951154 -2.8495e-19)
(0.105808 0.0386469 5.92156e-19)
(0.0124337 0.00456453 -4.93659e-20)
(0.453981 0.208716 5.84841e-21)
(1.03209 0.454763 4.56464e-20)
(1.27378 0.579227 -1.80995e-20)
(1.32874 0.606499 9.84619e-20)
(1.30736 0.614241 -1.59667e-19)
(1.25187 0.600827 1.51672e-19)
(1.18148 0.57986 9.54472e-20)
(1.11215 0.556529 2.70128e-19)
(1.04038 0.528377 3.37788e-19)
(0.968021 0.49326 -3.12584e-19)
(0.904653 0.45445 0)
(0.859121 0.418604 -2.15802e-19)
(0.828798 0.39012 2.47765e-19)
(0.802901 0.362963 3.1288e-19)
(0.741006 0.328959 -1.80956e-19)
(0.622698 0.264924 -4.41273e-19)
(0.446646 0.187431 -1.31642e-19)
(0.26352 0.10961 -1.80942e-21)
(0.112861 0.0469997 0)
(0.0168281 0.00707936 0)
(0.445919 0.224893 -7.15332e-20)
(1.02053 0.495326 0)
(1.26291 0.631097 -3.53892e-21)
(1.31734 0.660056 -1.14884e-20)
(1.29483 0.66732 1.815e-19)
(1.23852 0.651146 -4.60694e-20)
(1.16702 0.627458 9.70169e-20)
(1.09624 0.601089 -1.8285e-19)
(1.02283 0.570087 2.56206e-19)
(0.948801 0.532226 -1.02672e-19)
(0.882857 0.490005 1.68313e-19)
(0.836998 0.451708 6.84278e-19)
(0.806069 0.421216 1.43454e-20)
(0.768525 0.389609 -3.26219e-19)
(0.713949 0.348332 6.04685e-19)
(0.603126 0.289999 4.00136e-21)
(0.43772 0.205539 1.40837e-19)
(0.262123 0.122947 -6.71632e-19)
(0.115497 0.0538648 6.9241e-19)
(0.0195154 0.00909547 -8.15777e-19)
(0.439136 0.242893 2.73835e-23)
(1.00855 0.533093 0)
(1.25068 0.679722 0)
(1.30469 0.710969 -3.00034e-21)
(1.28104 0.717338 -5.38999e-20)
(1.22389 0.698592 7.11525e-20)
(1.15169 0.672539 -1.80826e-19)
(1.08009 0.643774 0)
(1.00503 0.609903 -3.77782e-19)
(0.928224 0.568517 4.52739e-19)
(0.860225 0.522473 4.79793e-19)
(0.811757 0.481791 -2.51162e-19)
(0.778357 0.448253 -3.04103e-19)
(0.751807 0.416415 7.13103e-19)
(0.691918 0.377476 -2.14869e-19)
(0.583007 0.306389 -2.56487e-19)
(0.424202 0.221933 -1.53477e-19)
(0.257274 0.133146 -7.24835e-19)
(0.113867 0.0592298 1.06106e-19)
(0.020372 0.0102002 8.81282e-19)
(0.435024 0.26102 -3.58061e-20)
(0.998319 0.569953 -4.69102e-20)
(1.23797 0.725825 2.36209e-20)
(1.29093 0.758813 -1.98621e-22)
(1.26649 0.764827 -5.50472e-20)
(1.20887 0.743878 1.15372e-19)
(1.13607 0.715628 0)
(1.0634 0.684439 1.10442e-19)
(0.986738 0.648393 -8.70842e-20)
(0.908094 0.604923 7.55083e-19)
(0.837696 0.556021 -1.0922e-19)
(0.788027 0.512549 1.24461e-19)
(0.755107 0.476689 0)
(0.717189 0.439696 -3.8614e-19)
(0.663911 0.391385 4.67893e-19)
(0.561533 0.327037 0)
(0.411852 0.235186 -3.30638e-19)
(0.249712 0.142457 9.72511e-19)
(0.110395 0.0622167 1.14979e-19)
(0.0196806 0.0109719 -1.08453e-18)
(0.432455 0.277984 -9.10906e-20)
(0.987876 0.603919 1.16873e-19)
(1.22477 0.768821 0)
(1.27692 0.804006 1.29059e-20)
(1.25164 0.809235 0)
(1.19343 0.786265 -1.48973e-19)
(1.12019 0.756206 0)
(1.04688 0.723206 0)
(0.968886 0.68503 -1.15143e-19)
(0.888158 0.638838 -7.1773e-19)
(0.816155 0.587415 -8.8643e-19)
(0.763073 0.541043 1.45578e-19)
(0.726818 0.50019 5.25329e-19)
(0.699305 0.461526 4.25311e-19)
(0.641858 0.41634 -1.50106e-18)
(0.540617 0.33717 -6.01796e-19)
(0.395208 0.246119 3.52528e-19)
(0.239574 0.147951 0)
(0.104953 0.063745 9.86701e-19)
(0.0182129 0.011047 -1.16837e-18)
(0.430931 0.293662 1.0954e-19)
(0.978945 0.637148 -1.36369e-19)
(1.21183 0.809533 0)
(1.26256 0.846241 -1.11089e-20)
(1.23661 0.851283 6.06757e-22)
(1.17808 0.82664 0)
(1.1045 0.794856 5.55814e-20)
(1.03039 0.759941 7.64616e-20)
(0.951153 0.720164 -2.16632e-19)
(0.868622 0.67251 9.51207e-20)
(0.79281 0.61859 0)
(0.739141 0.567848 6.02871e-19)
(0.70369 0.525125 5.36419e-21)
(0.663916 0.481177 2.29428e-19)
(0.613376 0.423206 2.72501e-19)
(0.518344 0.352888 0)
(0.380639 0.253198 -5.75337e-19)
(0.228508 0.151313 1.12812e-18)
(0.0987691 0.0639229 -1.19355e-18)
(0.0164045 0.0106696 2.5155e-18)
(0.429673 0.3087 0)
(0.969604 0.667667 0)
(1.19894 0.847299 -6.63521e-20)
(1.24851 0.886061 0)
(1.22181 0.890444 0)
(1.16282 0.864202 -1.23154e-19)
(1.08898 0.831052 5.68741e-20)
(1.01447 0.794815 1.76612e-20)
(0.934073 0.753552 -4.95337e-20)
(0.849016 0.704048 0)
(0.771216 0.648445 -1.34961e-19)
(0.713784 0.595654 -4.91762e-19)
(0.672934 0.545995 -5.92434e-19)
(0.644995 0.497132 -2.38291e-19)
(0.590311 0.443316 2.95082e-19)
(0.496663 0.355595 -6.95455e-19)
(0.362492 0.257729 1.23802e-18)
(0.217529 0.151735 1.99454e-21)
(0.0927258 0.0631808 -1.14199e-18)
(0.0148134 0.0101996 -1.696e-19)
(0.428697 0.323266 0)
(0.96178 0.697967 -1.11602e-19)
(1.18664 0.883166 8.15104e-20)
(1.23446 0.923155 0)
(1.20713 0.927457 0)
(1.14792 0.899963 2.46768e-19)
(1.07394 0.865483 0)
(0.998794 0.827762 0)
(0.91715 0.78538 -4.74907e-19)
(0.830552 0.73505 1.31393e-19)
(0.7492 0.677607 -1.19654e-18)
(0.689416 0.619972 0)
(0.649507 0.568688 -6.43279e-19)
(0.60753 0.513838 1.05828e-20)
(0.559824 0.442302 -9.48551e-19)
(0.473757 0.364249 3.7414e-19)
(0.348612 0.256875 1.42491e-21)
(0.208003 0.149144 -1.29974e-18)
(0.0881485 0.0610602 6.14119e-19)
(0.0125048 0.00859335 1.81417e-19)
(0.427698 0.337527 0)
(0.953564 0.72561 -1.55215e-19)
(1.17451 0.916388 8.61014e-20)
(1.22097 0.958148 1.11417e-19)
(1.19299 0.961853 -1.1761e-20)
(1.13346 0.933081 2.47232e-20)
(1.05937 0.897593 -3.39199e-20)
(0.983948 0.858965 4.55142e-19)
(0.901285 0.815571 5.08016e-19)
(0.812334 0.764249 1.00092e-18)
(0.728279 0.705844 9.9416e-19)
(0.663697 0.647041 1.7478e-19)
(0.616521 0.588228 9.25506e-19)
(0.585814 0.524862 5.71901e-19)
(0.534005 0.457524 6.80934e-19)
(0.451143 0.356585 -4.09408e-19)
(0.330908 0.250474 -4.74887e-19)
(0.202549 0.141673 5.57071e-19)
(0.090008 0.0643522 -3.29979e-19)
(0.0172668 0.0155738 5.87254e-19)
(0.426908 0.351303 2.19007e-19)
(0.946765 0.753151 2.43009e-19)
(1.16302 0.948076 5.0137e-20)
(1.20767 0.990657 1.59784e-20)
(1.17915 0.994296 4.26126e-21)
(1.1195 0.964601 -6.84291e-20)
(1.04541 0.928139 3.26424e-20)
(0.969452 0.88839 -1.99152e-20)
(0.885616 0.844259 -5.91086e-19)
(0.795304 0.792621 -1.08622e-18)
(0.707979 0.733029 6.90321e-20)
(0.639778 0.670434 0)
(0.592195 0.60978 0)
(0.544618 0.541 -2.9819e-19)
(0.498182 0.448398 -1.11447e-18)
(0.425303 0.354589 8.81926e-19)
(0.324392 0.231148 5.19129e-19)
(0.210671 0.122796 0)
(0.104621 0.0376827 1.05684e-18)
(0.0110692 -0.00998611 -6.26803e-19)
(0.426054 0.364566 -1.16135e-19)
(0.939416 0.777864 1.02777e-19)
(1.1517 0.97728 -1.20841e-19)
(1.19503 1.02134 -9.77987e-20)
(1.16599 1.0244 -1.44076e-20)
(1.10614 0.993668 -2.18366e-20)
(1.03205 0.95648 0)
(0.955921 0.916191 -5.71918e-19)
(0.871304 0.871432 7.22821e-20)
(0.778868 0.81933 0)
(0.688786 0.759893 0)
(0.614965 0.69761 1.11566e-19)
(0.557427 0.629417 1.50038e-19)
(0.51847 0.549373 -3.22058e-19)
(0.465912 0.461505 7.99922e-19)
(0.393874 0.331441 -9.60989e-19)
(0.300076 0.207574 -1.11126e-18)
(0.222813 0.105945 9.84502e-19)
(0.164584 0.0826354 -3.75945e-19)
(0.112838 0.078751 2.18755e-19)
(0.425302 0.377003 1.45965e-19)
(0.933321 0.802588 0)
(1.14104 1.00521 0)
(1.18268 1.04974 -2.68524e-20)
(1.15321 1.05272 2.17395e-20)
(1.09332 1.02131 -2.04694e-20)
(1.01933 0.983443 1.4567e-19)
(0.942822 0.942364 5.8553e-19)
(0.857279 0.897253 1.0722e-18)
(0.763722 0.845287 -8.17446e-20)
(0.670651 0.785522 1.69005e-19)
(0.592479 0.720313 -9.97778e-19)
(0.533059 0.651674 -9.9502e-19)
(0.472531 0.56896 -1.72894e-19)
(0.416211 0.447392 0)
(0.353695 0.32762 -6.22178e-21)
(0.277028 0.137755 6.12574e-19)
(0.255757 0.00425363 -1.03032e-18)
(0.21994 -0.0952936 7.83242e-19)
(0.0861444 -0.0970488 6.4895e-19)
(0.424303 0.389085 -3.22607e-19)
(0.926468 0.824427 -1.45613e-19)
(1.13044 1.03089 6.94588e-21)
(1.1709 1.07678 5.68174e-20)
(1.14098 1.07928 0)
(1.08095 1.04707 -6.80584e-20)
(1.00703 1.00878 -2.09803e-19)
(0.93046 0.967588 -1.8161e-21)
(0.844337 0.922314 -5.61772e-19)
(0.748712 0.870247 -8.0218e-20)
(0.652637 0.811359 7.45086e-20)
(0.568727 0.748721 8.76544e-19)
(0.496218 0.674724 9.70926e-19)
(0.440925 0.578089 1.68455e-19)
(0.376209 0.469723 8.60693e-19)
(0.28609 0.294666 0)
(0.164301 0.122989 0)
(-0.00130059 0.195748 7.07786e-19)
(-0.0781125 0.630078 -2.89178e-20)
(0.00788169 1.53895 -8.73487e-19)
(0.423479 0.400427 1.78325e-19)
(0.920912 0.846783 4.08348e-19)
(1.12047 1.05586 -5.60106e-19)
(1.1593 1.1021 2.8075e-19)
(1.12894 1.10472 -7.60539e-21)
(1.06886 1.07223 -2.06761e-20)
(0.995028 1.03376 0)
(0.918126 0.992308 -4.87903e-19)
(0.831118 0.947335 0)
(0.734435 0.896275 1.12947e-18)
(0.635339 0.838455 -9.07667e-20)
(0.546691 0.774236 1.01776e-19)
(0.472289 0.702535 1.11265e-18)
(0.38716 0.613157 -3.65478e-19)
(0.284575 0.46113 -4.37681e-19)
(0.192775 0.348758 0)
(0.0835603 0.489778 0)
(0.0255476 1.33996 0)
(0.0720936 2.46597 -4.01949e-19)
(0.0992058 2.91206 -2.47664e-19)
(0.422133 0.411222 0)
(0.914466 0.866046 0)
(1.11053 1.07864 2.04375e-19)
(1.14831 1.12635 -2.27998e-19)
(1.11749 1.12873 1.01135e-19)
(1.05727 1.09581 2.79364e-20)
(0.983522 1.05732 2.71215e-20)
(0.9066 1.01633 -2.1116e-20)
(0.819139 0.971864 7.927e-20)
(0.720464 0.921398 -1.29624e-18)
(0.618357 0.865092 1.6447e-19)
(0.524123 0.805748 8.76619e-19)
(0.433102 0.734205 -1.10833e-18)
(0.352117 0.6253 -1.21894e-18)
(0.266386 0.520786 4.09991e-19)
(0.187211 0.658613 0)
(0.119396 1.567 5.65057e-19)
(0.121724 2.69575 6.16896e-19)
(0.129662 3.08879 -6.89547e-19)
(0.121626 3.22261 7.38644e-19)
(0.421028 0.421756 0)
(0.909393 0.886102 3.61349e-19)
(1.10129 1.10094 -5.12193e-20)
(1.13755 1.14891 3.20078e-19)
(1.1063 1.15162 -1.06158e-19)
(1.04605 1.11876 0)
(0.972405 1.08049 0)
(0.895193 1.03968 0)
(0.806971 0.996108 4.46125e-19)
(0.707589 0.947584 5.97891e-20)
(0.602749 0.893976 0)
(0.503862 0.834699 -8.71648e-19)
(0.416897 0.766676 0)
(0.300587 0.673237 8.72237e-19)
(0.203383 0.733177 -5.88751e-19)
(0.151651 1.46338 -4.7318e-19)
(0.154373 2.68321 -1.10155e-18)
(0.176725 3.12663 -5.80333e-19)
(0.167504 3.26673 -7.86043e-19)
(0.153891 3.30696 5.86347e-19)
(0.419509 0.431257 -1.26324e-19)
(0.903299 0.902828 1.52875e-20)
(1.09202 1.12103 -5.70404e-20)
(1.12743 1.17061 -2.47369e-19)
(1.09575 1.1733 0)
(1.03539 1.1403 0)
(0.961814 1.1023 0)
(0.884653 1.06235 3.41225e-20)
(0.796208 1.01983 -5.63977e-19)
(0.695088 0.972541 0)
(0.587708 0.920719 0)
(0.486 0.867409 0)
(0.375286 0.799304 0)
(0.306665 0.765289 6.38001e-19)
(0.269609 1.15667 1.56803e-18)
(0.245184 2.38992 4.63171e-19)
(0.260008 3.0828 9.31767e-19)
(0.254626 3.28173 -7.14193e-19)
(0.206008 3.3473 2.6324e-19)
(0.17378 3.36014 0)
(0.41824 0.440553 1.30074e-19)
(0.898521 0.921275 -8.02886e-19)
(1.08328 1.14152 -2.15683e-19)
(1.1173 1.19129 -4.74408e-20)
(1.08522 1.19447 2.466e-20)
(1.02486 1.16177 -8.65373e-20)
(0.951422 1.12427 -2.63956e-21)
(0.874062 1.0848 -3.79515e-19)
(0.785041 1.04362 0)
(0.683712 0.999011 -7.58751e-20)
(0.574686 0.951374 6.9023e-20)
(0.468946 0.898896 0)
(0.377044 0.844422 0)
(0.320287 0.954134 -7.98641e-19)
(0.270733 1.85474 9.89782e-20)
(0.26721 2.94415 -3.47943e-19)
(0.290582 3.28559 7.2714e-19)
(0.262575 3.38392 5.25632e-19)
(0.197392 3.40836 -7.13673e-19)
(0.172763 3.41811 3.53391e-19)
(0.416222 0.450079 2.55754e-19)
(0.891856 0.937328 7.82989e-19)
(1.0736 1.16126 2.59011e-19)
(1.10699 1.21287 0)
(1.07455 1.21607 0)
(1.01417 1.18323 6.74489e-20)
(0.940924 1.14602 6.64941e-20)
(0.863846 1.10758 3.38327e-19)
(0.775004 1.06768 2.20522e-20)
(0.672406 1.02465 9.69984e-19)
(0.561918 0.978731 -1.14728e-18)
(0.450218 0.928364 0)
(0.373699 0.917753 0)
(0.333688 1.32447 -5.44385e-19)
(0.333041 2.4914 -6.54431e-19)
(0.376574 3.19702 0)
(0.401125 3.36713 -7.35519e-19)
(0.330966 3.42982 4.92896e-20)
(0.261994 3.47481 3.44253e-19)
(0.239647 3.50014 -1.13327e-19)
(0.414291 0.459935 -4.86685e-19)
(0.886288 0.957616 -3.76061e-19)
(1.06367 1.18353 0)
(1.09565 1.23488 0)
(1.06293 1.23852 0)
(1.00272 1.20588 0)
(0.929839 1.16912 -7.85739e-20)
(0.852831 1.13105 2.9678e-19)
(0.763737 1.0925 0)
(0.661806 1.05242 -8.83159e-19)
(0.551476 1.01126 2.0577e-18)
(0.442438 0.972773 8.4046e-20)
(0.394093 1.0454 1.1235e-19)
(0.385761 1.74802 8.87382e-19)
(0.398687 2.90164 -4.774e-19)
(0.437291 3.3181 0)
(0.420631 3.44056 2.06268e-19)
(0.335091 3.52912 9.15053e-20)
(0.260224 3.59285 1.49049e-19)
(0.184858 3.57231 -1.28303e-20)
(0.41129 0.470315 2.31587e-19)
(0.877804 0.9748 -3.8458e-19)
(1.05212 1.20504 0)
(1.08371 1.25846 -6.94403e-20)
(1.05074 1.26192 2.38382e-19)
(0.990705 1.22886 0)
(0.918286 1.19212 0)
(0.841949 1.15497 -5.15002e-19)
(0.753629 1.1176 -5.65757e-20)
(0.651259 1.07908 8.65866e-19)
(0.536919 1.0388 -9.77946e-19)
(0.446507 1.01644 5.71209e-19)
(0.407601 1.2242 0)
(0.420702 2.18731 -4.70546e-19)
(0.464234 3.14504 3.08592e-19)
(0.528111 3.42103 1.9362e-19)
(0.519697 3.51696 0)
(0.457087 3.59825 -3.73198e-20)
(0.38749 3.6388 -4.11042e-19)
(0.306981 3.61051 -9.6401e-20)
(0.408399 0.480841 -4.61915e-19)
(0.870885 0.997907 5.50837e-19)
(1.04038 1.22996 3.80993e-19)
(1.07052 1.28238 -9.45442e-20)
(1.03739 1.28607 -3.6439e-19)
(0.977784 1.25303 0)
(0.906074 1.21661 1.27327e-20)
(0.830168 1.17958 1.86368e-19)
(0.74203 1.1434 3.00463e-20)
(0.64127 1.10762 -7.48052e-19)
(0.529154 1.07374 -5.18544e-20)
(0.449732 1.08225 -6.44607e-19)
(0.447891 1.46393 7.0492e-19)
(0.493727 2.5543 1.54759e-19)
(0.559094 3.30645 -2.72067e-19)
(0.61098 3.47227 1.40964e-19)
(0.571161 3.52291 0)
(0.513661 3.52663 0)
(0.420559 3.49063 -6.81617e-19)
(0.19267 3.28124 1.25853e-18)
(0.403742 0.491763 2.21309e-19)
(0.859945 1.01614 5.43319e-19)
(1.02659 1.25329 -3.89444e-19)
(1.05672 1.30807 3.44889e-19)
(1.0235 1.31129 3.81757e-19)
(0.96434 1.27749 0)
(0.893465 1.24071 -4.57042e-21)
(0.818716 1.20438 1.51347e-19)
(0.732105 1.16911 0)
(0.632005 1.13458 0)
(0.523954 1.10525 0)
(0.458755 1.15683 0)
(0.485213 1.69634 -7.95569e-19)
(0.550118 2.85935 -2.0625e-19)
(0.627101 3.39303 0)
(0.670513 3.4847 -2.40195e-20)
(0.668438 3.49018 0)
(0.746059 3.33047 1.41227e-19)
(0.841591 2.96095 -1.78006e-18)
(0.448026 2.57988 1.86692e-18)
(0.399841 0.501948 -4.50649e-19)
(0.851138 1.0424 -3.48508e-19)
(1.01263 1.28118 -2.58841e-19)
(1.04137 1.33405 -3.22554e-19)
(1.00817 1.33719 -1.86269e-19)
(0.949812 1.30316 0)
(0.88011 1.26656 3.56374e-21)
(0.806267 1.23011 -4.18258e-20)
(0.720367 1.19572 -2.26077e-19)
(0.622754 1.16345 0)
(0.520401 1.14327 5.11222e-20)
(0.475815 1.25434 -5.8133e-20)
(0.535745 1.95852 0)
(0.626791 3.08382 2.69003e-19)
(0.717911 3.43563 0)
(0.747716 3.47112 -1.00951e-19)
(0.751796 3.37991 2.77676e-19)
(0.744906 2.99838 -1.3941e-19)
(0.500213 1.98693 2.74446e-19)
(-0.342452 0.495041 -6.67393e-19)
(0.391949 0.512759 -1.32894e-20)
(0.836676 1.06123 -1.78312e-19)
(0.995806 1.30647 3.56681e-19)
(1.02506 1.36244 -1.97627e-20)
(0.991967 1.36498 -5.92979e-20)
(0.934404 1.32997 0)
(0.865933 1.29274 6.90111e-20)
(0.793777 1.25692 -7.66457e-20)
(0.710251 1.22335 4.05014e-19)
(0.611285 1.19188 -5.02042e-19)
(0.522648 1.18203 -6.03004e-19)
(0.499543 1.37031 0)
(0.586943 2.25677 4.01308e-19)
(0.68788 3.21528 -5.57042e-20)
(0.762258 3.41446 2.86554e-20)
(0.771013 3.40559 0)
(0.700072 3.17387 -1.45848e-19)
(0.531125 2.39817 1.53578e-19)
(0.100965 0.624787 -1.82202e-19)
(-0.249322 -0.394637 -1.67567e-19)
(0.385953 0.523727 4.21559e-19)
(0.825087 1.09081 -1.74772e-19)
(0.978711 1.33788 2.51782e-19)
(1.00675 1.39113 1.94386e-19)
(0.973906 1.39344 1.1928e-19)
(0.917578 1.3582 2.27516e-19)
(0.850843 1.32133 -1.53063e-19)
(0.780136 1.28545 1.142e-20)
(0.69776 1.25279 -2.95349e-19)
(0.601427 1.2245 3.35284e-20)
(0.525944 1.23008 9.72739e-20)
(0.529509 1.51835 -3.96551e-19)
(0.641736 2.52497 1.08388e-19)
(0.752026 3.29126 -2.13317e-19)
(0.815467 3.39147 3.44401e-20)
(0.78931 3.31033 7.88856e-20)
(0.663089 2.86155 -2.07974e-19)
(0.404142 1.62567 1.3539e-19)
(0.0593504 0.0492154 0)
(-0.0799255 -0.158996 -2.93262e-19)
(0.374902 0.530855 0)
(0.805905 1.10901 -6.63482e-19)
(0.957941 1.36473 2.39637e-20)
(0.98731 1.42239 -3.19785e-19)
(0.954829 1.42421 0)
(0.899815 1.38787 -1.68335e-19)
(0.834815 1.35016 1.5408e-19)
(0.766423 1.31488 -1.06832e-20)
(0.687545 1.28304 2.06965e-19)
(0.594249 1.25712 3.59292e-19)
(0.530674 1.28235 4.65293e-19)
(0.562436 1.67618 4.80849e-20)
(0.695567 2.76693 -2.94743e-19)
(0.799928 3.3171 1.37078e-20)
(0.833695 3.34577 5.75762e-21)
(0.760339 3.13011 7.70568e-20)
(0.524253 2.31559 8.85097e-20)
(0.116281 0.441048 -1.04901e-19)
(-0.137536 -0.24574 0)
(-0.115913 -0.207468 0)
(0.364743 0.541817 -4.09186e-19)
(0.790049 1.14053 6.58322e-19)
(0.936903 1.39928 0)
(0.965415 1.45351 0)
(0.933488 1.45485 0)
(0.880375 1.4183 0)
(0.817853 1.38117 -8.11264e-20)
(0.751646 1.34592 -1.6032e-20)
(0.674672 1.31506 -3.54039e-20)
(0.58802 1.29311 3.75796e-20)
(0.537242 1.34665 -3.83975e-19)
(0.599639 1.85794 2.80636e-19)
(0.749216 2.95451 0)
(0.842096 3.32024 3.61814e-20)
(0.863236 3.28651 6.02067e-20)
(0.719593 2.86312 -2.33921e-20)
(0.392238 1.68031 1.03902e-19)
(0.0165281 -0.0416238 6.00417e-20)
(-0.156449 -0.202071 -2.44289e-19)
(-0.0573127 -0.137252 -2.85724e-19)
(0.348587 0.545128 2.07171e-19)
(0.764412 1.15574 3.07857e-19)
(0.911389 1.4264 -9.33631e-21)
(0.942151 1.48709 1.69096e-19)
(0.910855 1.4882 0)
(0.859914 1.45057 3.18618e-19)
(0.799686 1.41226 -6.58296e-20)
(0.736481 1.37739 1.88407e-20)
(0.662801 1.34698 -3.59447e-20)
(0.583007 1.32941 2.70527e-20)
(0.548658 1.41628 2.59368e-19)
(0.640514 2.06697 -1.28445e-19)
(0.795837 3.07379 -1.11758e-19)
(0.874331 3.30686 1.98591e-21)
(0.853289 3.17798 -3.18704e-20)
(0.624082 2.50944 1.4233e-19)
(0.187086 0.711412 -7.94036e-20)
(-0.0853713 -0.272742 1.17191e-19)
(-0.128399 -0.22247 -3.58357e-19)
(-0.0596628 -0.122268 2.5073e-19)
(0.332163 0.551429 -1.93787e-19)
(0.741568 1.18513 0)
(0.885803 1.4627 -2.25988e-19)
(0.915754 1.51987 -3.26127e-19)
(0.885496 1.52007 0)
(0.837455 1.48225 -2.48755e-19)
(0.780492 1.44481 0)
(0.720346 1.41 -1.20961e-19)
(0.647644 1.38062 -1.89205e-20)
(0.57944 1.36931 6.54922e-20)
(0.561114 1.50012 -1.24919e-19)
(0.682507 2.26704 7.10511e-20)
(0.837939 3.14475 1.76523e-19)
(0.903532 3.28197 1.14832e-20)
(0.845152 3.03743 -3.22424e-20)
(0.525617 2.07425 -4.86891e-20)
(0.0745847 0.116582 1.25296e-19)
(-0.185083 -0.255901 -1.39197e-19)
(-0.105024 -0.210317 4.73354e-22)
(-0.0515045 -0.0752222 -2.62387e-20)
(0.309181 0.54759 3.85417e-19)
(0.708751 1.19424 -2.95043e-19)
(0.854858 1.48737 2.4057e-19)
(0.887529 1.55447 1.571e-19)
(0.85849 1.55518 2.83291e-20)
(0.813954 1.51643 1.56309e-19)
(0.759718 1.47738 0)
(0.703327 1.44243 -3.832e-20)
(0.634806 1.41384 0)
(0.575134 1.40925 -6.12529e-20)
(0.577258 1.58598 1.24074e-19)
(0.723772 2.4478 -2.89843e-21)
(0.874556 3.18686 -6.05561e-20)
(0.921126 3.24159 3.81321e-20)
(0.797267 2.83668 -1.2739e-20)
(0.376681 1.51126 6.37993e-20)
(-0.0515857 -0.131803 -1.89349e-19)
(-0.227973 -0.255855 -1.07709e-19)
(-0.123825 -0.247961 -4.09451e-20)
(-0.0716913 -0.0858355 1.95321e-19)
(0.285824 0.544922 4.30368e-21)
(0.679074 1.21923 1.51316e-19)
(0.823227 1.52182 0)
(0.85511 1.58705 2.95396e-19)
(0.828668 1.58673 -4.21177e-19)
(0.788047 1.54778 1.57952e-19)
(0.737753 1.51004 -1.05794e-19)
(0.685683 1.47521 1.01469e-19)
(0.619511 1.44844 -9.05484e-20)
(0.571143 1.45232 -1.60783e-21)
(0.592222 1.67983 2.50694e-20)
(0.764951 2.60327 4.85244e-20)
(0.902302 3.1943 3.56634e-20)
(0.927558 3.18701 -5.88542e-20)
(0.745974 2.59897 -5.85797e-20)
(0.283613 1.00881 1.11786e-19)
(-0.048231 -0.252277 -1.09713e-19)
(-0.199176 -0.293587 7.60317e-20)
(-0.113932 -0.275259 1.87747e-21)
(-0.0786503 -0.104148 -1.6571e-19)
(0.255628 0.527308 7.16862e-19)
(0.637268 1.21556 -1.50775e-19)
(0.785025 1.53972 -4.1195e-19)
(0.820879 1.61944 3.34429e-19)
(0.797149 1.62228 -1.84259e-19)
(0.760944 1.5827 3.05303e-19)
(0.71379 1.5429 1.65051e-19)
(0.666458 1.50724 0)
(0.606585 1.48131 1.04159e-19)
(0.565271 1.49428 -1.50947e-20)
(0.608859 1.76744 -1.16027e-20)
(0.800495 2.72348 -4.90292e-21)
(0.923926 3.19584 1.84741e-20)
(0.927592 3.1243 8.67075e-21)
(0.675326 2.38631 -8.66124e-20)
(0.167657 0.457911 -3.20686e-20)
(-0.0478061 -0.276593 1.07826e-19)
(-0.119852 -0.289011 4.85585e-20)
(-0.0934844 -0.252779 1.61685e-20)
(-0.0502641 -0.105496 1.38043e-19)
(0.22418 0.506252 0)
(0.598006 1.22816 1.40366e-19)
(0.745179 1.56758 -1.8712e-19)
(0.781806 1.64815 3.24311e-19)
(0.76322 1.65086 -4.02068e-19)
(0.730734 1.61133 1.67635e-19)
(0.688567 1.57355 0)
(0.646614 1.53835 0)
(0.592748 1.51383 0)
(0.558325 1.53768 2.17751e-20)
(0.620812 1.85204 -2.0403e-20)
(0.830274 2.81243 1.79871e-20)
(0.936919 3.1925 4.73763e-20)
(0.916751 3.04638 4.61454e-20)
(0.606118 2.13884 -8.20857e-20)
(0.0553606 0.136283 5.56965e-20)
(-0.129472 -0.28488 3.8924e-21)
(-0.106507 -0.296033 -1.1093e-19)
(-0.081097 -0.211147 1.34317e-20)
(-0.0245861 -0.0699375 0)
(0.186122 0.463639 6.56874e-19)
(0.544314 1.19935 -1.31256e-19)
(0.698379 1.57222 4.67021e-21)
(0.741847 1.67464 0)
(0.726969 1.68378 -1.93506e-19)
(0.699397 1.64558 1.84858e-20)
(0.660967 1.60498 0)
(0.624522 1.56821 5.11474e-20)
(0.578356 1.54349 -4.03608e-20)
(0.550762 1.57578 0)
(0.632671 1.92319 0)
(0.84991 2.87371 -3.24906e-20)
(0.945047 3.18698 -6.05626e-20)
(0.903157 2.98 2.25792e-21)
(0.52937 1.90414 -2.1311e-20)
(0.00673007 -0.0030829 2.98989e-20)
(-0.159736 -0.286368 0)
(-0.127135 -0.332758 -6.45805e-20)
(-0.0869906 -0.20614 -1.00202e-19)
(-0.0155495 -0.0548087 2.42483e-19)
(0.146277 0.409948 5.41895e-19)
(0.493594 1.18577 -1.25664e-19)
(0.649001 1.58458 1.78117e-19)
(0.696532 1.69449 -4.42136e-19)
(0.68731 1.70448 0)
(0.66506 1.6689 0)
(0.632441 1.63082 0)
(0.602505 1.59559 5.39672e-20)
(0.562873 1.57102 -4.25824e-20)
(0.541237 1.61082 0)
(0.635977 1.98504 0)
(0.862933 2.91045 1.00917e-19)
(0.946965 3.18889 -3.60444e-20)
(0.882953 2.91604 4.15429e-20)
(0.518908 1.76163 5.67422e-20)
(0.016797 -0.0536546 0)
(-0.17228 -0.293412 -1.30434e-20)
(-0.141757 -0.365684 -2.15081e-20)
(-0.0930216 -0.249169 2.07003e-19)
(-0.0153405 -0.0778473 -2.52721e-19)
(0.10258 0.327716 -5.0373e-19)
(0.4253 1.10936 1.31763e-19)
(0.592664 1.56347 3.74111e-19)
(0.650231 1.70907 2.54594e-19)
(0.645814 1.73098 -2.06189e-19)
(0.629806 1.70016 -1.37034e-19)
(0.60096 1.65867 9.39275e-20)
(0.577054 1.621 0)
(0.546129 1.59463 0)
(0.529062 1.63508 0)
(0.635534 2.01208 -7.75745e-20)
(0.870372 2.93147 -1.00688e-19)
(0.944202 3.19699 3.42514e-20)
(0.871867 2.91765 -2.04148e-20)
(0.490925 1.70707 7.61991e-21)
(-0.0212511 0.0670656 0)
(-0.219721 -0.204331 3.27494e-20)
(-0.202661 -0.333112 -1.19691e-19)
(-0.114733 -0.25975 2.86697e-19)
(0.00909355 0.00804121 -1.66007e-19)
(0.0536502 0.225742 5.32862e-19)
(0.359626 1.04687 -4.37762e-19)
(0.5304 1.54149 0)
(0.596798 1.71034 1.26217e-19)
(0.601352 1.73858 9.14508e-20)
(0.591738 1.71405 1.93104e-19)
(0.56948 1.6764 -8.77981e-20)
(0.552116 1.64154 0)
(0.528044 1.61483 0)
(0.514769 1.65286 -1.54676e-19)
(0.621928 2.01435 -3.62808e-21)
(0.877777 2.92566 8.52195e-20)
(0.948959 3.20559 5.33957e-20)
(0.826821 2.94758 1.00447e-19)
(0.434514 1.73129 -1.29597e-19)
(-0.124223 0.408355 2.47237e-19)
(-0.324779 -0.269238 -1.71532e-19)
(-0.373274 -0.600558 0)
(-0.313985 -0.655843 -2.0943e-20)
(-0.0623418 -0.16427 3.69707e-19)
(0.0145362 0.135083 5.45228e-19)
(0.266723 0.88453 0)
(0.462436 1.47009 0)
(0.544152 1.70091 0)
(0.555517 1.75421 7.68724e-20)
(0.552612 1.73888 -1.91258e-19)
(0.533805 1.69811 -8.59441e-20)
(0.52209 1.65909 0)
(0.506862 1.62909 0)
(0.497989 1.66096 9.57808e-20)
(0.606822 1.98505 3.2226e-20)
(0.862406 2.89341 -4.16059e-20)
(0.976124 3.20612 2.72071e-20)
(0.905784 3.05657 1.25842e-19)
(0.555069 1.92967 -2.26386e-19)
(0.0911165 0.486115 3.62683e-19)
(-0.29382 -0.358077 -3.59735e-19)
(-0.418894 -0.89335 0)
(-0.401168 -1.18077 1.91439e-20)
(-0.217557 -0.85752 5.29438e-19)
(-0.00492608 0.0742753 -5.071e-19)
(0.182445 0.739054 1.74636e-19)
(0.384812 1.3725 2.71665e-19)
(0.482718 1.66179 -1.44353e-20)
(0.507877 1.7407 -1.65136e-19)
(0.510948 1.73791 -1.07006e-19)
(0.499968 1.7066 2.41439e-19)
(0.492592 1.67017 -5.21257e-21)
(0.482933 1.63718 0)
(0.478289 1.65966 2.61725e-20)
(0.574868 1.92701 -1.46211e-20)
(0.866383 2.79699 4.04223e-20)
(1.04441 3.16818 0)
(1.10141 3.04451 -5.67657e-20)
(1.01495 2.46559 0)
(0.681487 1.30611 -7.61118e-20)
(0.25355 0.362673 -1.77711e-20)
(-0.019141 -0.630615 0)
(-0.267033 -1.38615 0)
(-0.196971 -1.27567 4.58544e-19)
(-0.00153312 0.00920461 4.08153e-19)
(0.0798948 0.377415 -1.53032e-19)
(0.320797 1.19797 1.21729e-19)
(0.427617 1.60029 -1.92102e-19)
(0.459198 1.73743 7.54272e-20)
(0.466233 1.74781 -2.59136e-20)
(0.459878 1.72316 1.63819e-20)
(0.454751 1.6788 -3.19516e-20)
(0.452982 1.63768 -2.08155e-20)
(0.452539 1.64619 -1.90694e-20)
(0.530156 1.83749 4.32914e-21)
(0.805379 2.61663 0)
(1.05356 3.04221 2.55053e-21)
(1.08686 2.96935 0)
(1.05361 2.62321 0)
(0.905827 1.85924 0)
(0.570566 0.916642 1.31825e-19)
(0.304545 0.022221 -2.62741e-19)
(0.100042 -0.671481 -1.7344e-20)
(-0.0582065 -1.049 2.45292e-19)
(0.00821639 -0.0447291 7.30284e-20)
(0.0197435 0.140666 6.84628e-20)
(0.208656 0.904665 -5.57828e-20)
(0.355154 1.46393 -4.23664e-20)
(0.409821 1.68497 3.42462e-20)
(0.42332 1.73021 2.41795e-20)
(0.42077 1.72269 1.70568e-20)
(0.414813 1.6829 0)
(0.414176 1.63252 -8.6746e-21)
(0.418264 1.62397 -5.07355e-21)
(0.451477 1.73333 1.27087e-20)
(0.640445 2.34231 0)
(0.893438 2.89177 1.50721e-20)
(0.954359 2.8697 -1.96053e-20)
(0.929758 2.67355 0)
(0.847559 2.22655 0)
(0.608712 1.47594 -1.61787e-20)
(0.37596 0.703312 0)
(0.174957 -0.0997773 -1.34958e-20)
(0.0447666 -0.42685 0)
(0.00232803 -0.0768574 0)
(0.0030696 -0.00830715 0)
(0.0854248 0.463367 0)
(0.271316 1.25122 0)
(0.345985 1.62148 -8.52502e-34)
(0.369376 1.7221 6.40846e-34)
(0.371272 1.72096 0)
(0.367915 1.69184 0)
(0.365184 1.62734 0)
(0.370002 1.59803 0)
(0.376738 1.65505 0)
(0.462844 2.06069 0)
(0.705336 2.74356 0)
(0.743295 2.803 0)
(0.718725 2.71827 0)
(0.681272 2.45896 0)
(0.543567 1.94211 0)
(0.3645 1.30573 0)
(0.187259 0.671755 0)
(0.0459615 0.184327 0)
(-0.00497715 -0.077873 0)
(0.00676283 -0.0892869 0)
(0.024719 0.14234 0)
(0.181151 0.934522 0)
(0.282054 1.47956 0)
(0.317833 1.68051 0)
(0.321858 1.71026 0)
(0.318751 1.69175 0)
(0.311999 1.62553 0)
(0.314194 1.58073 0)
(0.311996 1.61269 0)
(0.333009 1.92209 0)
(0.545028 2.61942 0)
(0.575863 2.78757 0)
(0.552731 2.76272 0)
(0.52431 2.61324 0)
(0.438856 2.26145 0)
(0.289217 1.68458 0)
(0.144622 1.11017 0)
(0.0330907 0.571901 0)
(-0.00595413 -0.0778169 0)
(0.00794971 -0.12343 0)
(0.00769945 0.0163491 0)
(0.0974161 0.686315 0)
(0.210666 1.35041 0)
(0.25777 1.63641 0)
(0.26767 1.70034 0)
(0.266797 1.69054 0)
(0.2579 1.62802 0)
(0.255528 1.57234 0)
(0.255091 1.59421 0)
(0.233954 1.84972 0)
(0.403973 2.53496 0)
(0.436326 2.79921 0)
(0.402061 2.81737 0)
(0.376494 2.74061 0)
(0.320237 2.49592 0)
(0.210427 2.01674 0)
(0.0988153 1.49146 0)
(0.0177918 0.87785 0)
(-0.0042264 -0.0684006 0)
(-0.000343134 -0.139822 0)
(0.00385143 -0.0460988 0)
(0.0495893 0.448836 0)
(0.161649 1.22173 0)
(0.201157 1.58831 0)
(0.209627 1.68699 0)
(0.209794 1.68621 0)
(0.202291 1.63387 0)
(0.198888 1.57417 0)
(0.206994 1.59246 0)
(0.159773 1.81261 0)
(0.288947 2.47256 0)
(0.321456 2.81198 0)
(0.282384 2.87302 0)
(0.257047 2.83795 0)
(0.217314 2.66252 0)
(0.140383 2.25658 0)
(0.0578095 1.74897 0)
(0.00809456 1.05843 0)
(0.00140467 -0.0647128 0)
(0.0151916 -0.170937 0)
(0.0433239 -0.0980965 0)
(0.0396126 0.253663 0)
(0.125594 1.0905 0)
(0.150665 1.53822 0)
(0.155477 1.67596 0)
(0.155867 1.68261 0)
(0.151101 1.63854 0)
(0.14686 1.58032 0)
(0.164269 1.59829 0)
(0.10741 1.79358 0)
(0.197263 2.43413 0)
(0.227164 2.82498 0)
(0.188637 2.92222 0)
(0.167226 2.9126 0)
(0.138386 2.78357 0)
(0.0861663 2.43473 0)
(0.0292732 1.95063 0)
(-0.00236958 1.1752 0)
(0.0109156 -0.130893 0)
(0.0388824 -0.270472 0)
(0.072421 -0.155693 0)
(0.0391785 0.244062 0)
(0.0755357 1.0338 0)
(0.0901401 1.50867 0)
(0.0939161 1.66302 0)
(0.0982961 1.67772 0)
(0.100324 1.63972 0)
(0.0990167 1.58666 0)
(0.123967 1.60483 0)
(0.0685858 1.7816 0)
(0.129998 2.40604 0)
(0.152777 2.83787 0)
(0.118752 2.96306 0)
(0.0996836 2.97011 0)
(0.0793914 2.86822 0)
(0.0420296 2.54763 0)
(0.00360935 2.05461 0)
(-0.00972279 1.17929 0)
(0.0152007 -0.256243 0)
(0.0399191 -0.367784 0)
(0.0557273 -0.178562 0)
(0.0124897 0.286718 0)
(-0.0025009 1.00966 0)
(0.014295 1.49616 0)
(0.026273 1.65596 0)
(0.0410938 1.66932 0)
(0.053519 1.63474 0)
(0.0553443 1.58697 0)
(0.0871474 1.60893 0)
(0.0390664 1.77748 0)
(0.0796227 2.39076 0)
(0.0948743 2.84893 0)
(0.0672801 2.99622 0)
(0.0519224 3.01668 0)
(0.0389977 2.9296 0)
(0.0140377 2.62842 0)
(-0.00732999 2.13325 0)
(-0.0132315 1.15922 0)
(0.010711 -0.334276 0)
(0.0210962 -0.411972 0)
(0.00139095 -0.0992092 0)
(-0.0552375 0.407681 0)
(-0.0848664 1.07623 0)
(-0.079536 1.49459 0)
(-0.0490686 1.6396 0)
(-0.0175491 1.65532 0)
(0.0105061 1.62319 0)
(0.0181178 1.58166 0)
(0.0533757 1.6097 0)
(0.0184328 1.77332 0)
(0.044694 2.38303 0)
(0.0513214 2.85964 0)
(0.0292169 3.02114 0)
(0.0174728 3.04989 0)
(0.00701506 2.96921 0)
(-0.0100661 2.66871 0)
(-0.0251875 2.14421 0)
(-0.0147382 1.10371 0)
(0.00171139 -0.346704 0)
(-0.0245492 -0.325322 0)
(-0.0683696 0.0327798 0)
(-0.12239 0.553856 0)
(-0.160067 1.13341 0)
(-0.145144 1.46638 0)
(-0.109858 1.59729 0)
(-0.068963 1.62559 0)
(-0.0279546 1.60126 0)
(-0.014183 1.56826 0)
(0.0255386 1.60645 0)
(0.000294501 1.77387 0)
(0.0199109 2.37714 0)
(0.0195703 2.86597 0)
(0.00227284 3.03896 0)
(-0.00753416 3.07418 0)
(-0.0162909 2.99415 0)
(-0.0266673 2.69183 0)
(-0.0310085 2.13408 0)
(-0.017432 1.01348 0)
(-0.00994987 -0.265046 0)
(-0.0458802 -0.193446 0)
(-0.100871 0.167542 0)
(-0.153208 0.655995 0)
(-0.177935 1.13872 0)
(-0.16926 1.41088 0)
(-0.136341 1.53649 0)
(-0.0977662 1.5789 0)
(-0.0542336 1.56866 0)
(-0.0386986 1.54757 0)
(0.00385883 1.59912 0)
(-0.0128745 1.77274 0)
(0.000424754 2.37839 0)
(-0.00471717 2.87172 0)
(-0.0167493 3.05144 0)
(-0.024877 3.08905 0)
(-0.0308136 3.00661 0)
(-0.038019 2.69478 0)
(-0.0353231 2.10528 0)
(-0.0168089 0.914492 0)
(-0.0116051 -0.158287 0)
(-0.0485311 -0.0351835 0)
(-0.10382 0.306365 0)
(-0.154996 0.743619 0)
(-0.171725 1.14046 0)
(-0.164637 1.36527 0)
(-0.135693 1.48095 0)
(-0.106299 1.52914 0)
(-0.0672775 1.53151 0)
(-0.0529653 1.52292 0)
(-0.0106195 1.58853 0)
(-0.0244577 1.77152 0)
(-0.0139296 2.37749 0)
(-0.021869 2.87719 0)
(-0.0296416 3.06111 0)
(-0.0355323 3.09996 0)
(-0.0395777 3.01377 0)
(-0.042398 2.68773 0)
(-0.0353906 2.05891 0)
(-0.0129978 0.820689 0)
(-0.00976792 -0.053735 0)
(-0.0420922 0.108914 0)
(-0.0900675 0.427435 0)
(-0.133374 0.816558 0)
(-0.153665 1.14728 0)
(-0.144516 1.33857 0)
(-0.122461 1.44154 0)
(-0.100607 1.48944 0)
(-0.067682 1.49824 0)
(-0.0572554 1.49998 0)
(-0.0180749 1.57675 0)
(-0.032248 1.77112 0)
(-0.0240712 2.38156 0)
(-0.03304 2.88331 0)
(-0.0376245 3.06776 0)
(-0.0414291 3.1059 0)
(-0.0426532 3.01242 0)
(-0.0423477 2.67035 0)
(-0.032383 1.999 0)
(-0.00882947 0.737845 0)
(-0.00717072 0.0331971 0)
(-0.0324548 0.234524 0)
(-0.0711387 0.533219 0)
(-0.105028 0.879992 0)
(-0.122876 1.16196 0)
(-0.119076 1.32633 0)
(-0.105478 1.41767 0)
(-0.0910389 1.46255 0)
(-0.0634762 1.47365 0)
(-0.0568596 1.48169 0)
(-0.0208835 1.56572 0)
(-0.0366568 1.76934 0)
(-0.0300346 2.38536 0)
(-0.0392532 2.88853 0)
(-0.0412901 3.07265 0)
(-0.043108 3.10963 0)
(-0.0423522 3.00923 0)
(-0.0400989 2.65558 0)
(-0.0278459 1.94433 0)
(-0.00524573 0.672363 0)
(-0.00427805 0.0930663 0)
(-0.0219585 0.327953 0)
(-0.0516633 0.61616 0)
(-0.0783957 0.932814 0)
(-0.0933885 1.17969 0)
(-0.0936587 1.32385 0)
(-0.0866827 1.4054 0)
(-0.0783062 1.44635 0)
(-0.056113 1.45717 0)
(-0.0540683 1.46813 0)
(-0.0207195 1.55676 0)
(-0.0394291 1.7717 0)
(-0.0326266 2.39348 0)
(-0.041996 2.89441 0)
(-0.0421616 3.07546 0)
(-0.0426594 3.10935 0)
(-0.0408455 3.00112 0)
(-0.0367008 2.62552 0)
(-0.0233766 1.88211 0)
(-0.00274102 0.619606 0)
(-0.00231609 0.132838 0)
(-0.0139541 0.397291 0)
(-0.0358332 0.681035 0)
(-0.0563522 0.975877 0)
(-0.0686824 1.19819 0)
(-0.0718305 1.32761 0)
(-0.0699216 1.40058 0)
(-0.0665506 1.43651 0)
(-0.0488581 1.44605 0)
(-0.0503699 1.45839 0)
(-0.0199672 1.55079 0)
(-0.0386029 1.77345 0)
(-0.0326054 2.39815 0)
(-0.041896 2.89722 0)
(-0.0411277 3.07594 0)
(-0.041364 3.10795 0)
(-0.0386809 2.99418 0)
(-0.0336813 2.60646 0)
(-0.0194326 1.83039 0)
(-0.000997535 0.580584 0)
(-0.0010628 0.156119 0)
(-0.00816568 0.444023 0)
(-0.0237929 0.728276 0)
(-0.0395399 1.0089 0)
(-0.0493423 1.21473 0)
(-0.053742 1.33407 0)
(-0.0538712 1.40062 0)
(-0.0537499 1.43177 0)
(-0.040448 1.43889 0)
(-0.0456414 1.45201 0)
(-0.0195483 1.54765 0)
(-0.0377267 1.77749 0)
(-0.0316939 2.40482 0)
(-0.0403808 2.90055 0)
(-0.0396113 3.07512 0)
(-0.0392612 3.10401 0)
(-0.0357906 2.97952 0)
(-0.03002 2.57157 0)
(-0.0157647 1.77039 0)
(0.000125224 0.548508 0)
(-0.000412377 0.169378 0)
(-0.00449686 0.476195 0)
(-0.0154104 0.764841 0)
(-0.0276294 1.03588 0)
(-0.0354399 1.22945 0)
(-0.0407748 1.34042 0)
(-0.0421763 1.40144 0)
(-0.0437032 1.4286 0)
(-0.0331119 1.43386 0)
(-0.0409181 1.44754 0)
(-0.0178965 1.54602 0)
(-0.0360712 1.78011 0)
(-0.0299127 2.40807 0)
(-0.0387544 2.90167 0)
(-0.0376127 3.07382 0)
(-0.037316 3.10063 0)
(-0.0336184 2.97106 0)
(-0.0274846 2.5514 0)
(-0.012787 1.72546 0)
(0.00070569 0.52707 0)
(-9.04638e-05 0.175734 0)
(-0.00222077 0.495383 0)
(-0.00960109 0.789565 0)
(-0.018941 1.05547 0)
(-0.0251803 1.24236 0)
(-0.0304368 1.34824 0)
(-0.0325861 1.40442 0)
(-0.0356262 1.42744 0)
(-0.0272173 1.43054 0)
(-0.0370735 1.44468 0)
(-0.01606 1.54546 0)
(-0.0340312 1.78537 0)
(-0.0290932 2.4127 0)
(-0.0368311 2.90352 0)
(-0.0353456 3.07161 0)
(-0.0344551 3.09478 0)
(-0.0309145 2.9546 0)
(-0.0248748 2.5155 0)
(-0.0102996 1.67033 0)
(0.000948161 0.507553 0)
(5.51789e-05 0.178933 0)
(-0.000960832 0.508604 0)
(-0.00598564 0.809319 0)
(-0.0136133 1.07179 0)
(-0.0188075 1.25261 0)
(-0.023619 1.35447 0)
(-0.0257408 1.40715 0)
(-0.0293992 1.4272 0)
(-0.0221094 1.42895 0)
(-0.0331134 1.44252 0)
(-0.0143483 1.5444 0)
(-0.0317324 1.78766 0)
(-0.0280349 2.41472 0)
(-0.0354882 2.90422 0)
(-0.0338248 3.07009 0)
(-0.0333132 3.09103 0)
(-0.0298054 2.946 0)
(-0.0236088 2.49634 0)
(-0.0089365 1.63347 0)
(0.000900713 0.495871 0)
(7.85568e-05 0.179775 0)
(-0.000372302 0.515731 0)
(-0.00355803 0.823302 0)
(-0.00936168 1.0856 0)
(-0.0140276 1.26327 0)
(-0.0186121 1.36231 0)
(-0.0208386 1.41192 0)
(-0.0253203 1.42944 0)
(-0.0188834 1.42913 0)
(-0.0299825 1.4418 0)
(-0.0125063 1.54448 0)
(-0.0301019 1.79329 0)
(-0.0267663 2.41899 0)
(-0.0335447 2.90603 0)
(-0.032588 3.06864 0)
(-0.0315732 3.08597 0)
(-0.0285635 2.93019 0)
(-0.02275 2.4607 0)
(-0.00807962 1.58222 0)
(0.000743399 0.480939 0)
(0.000118547 0.179978 0)
(-3.68205e-05 0.520348 0)
(-0.00227107 0.832501 0)
(-0.00673386 1.09453 0)
(-0.0103937 1.26961 0)
(-0.0144188 1.36681 0)
(-0.0162948 1.41481 0)
(-0.0212568 1.43089 0)
(-0.0154813 1.42953 0)
(-0.0268114 1.44122 0)
(-0.0111063 1.54481 0)
(-0.0282347 1.79645 0)
(-0.0254263 2.42148 0)
(-0.0325797 2.9073 0)
(-0.03153 3.06766 0)
(-0.0311692 3.08315 0)
(-0.02852 2.92226 0)
(-0.0223989 2.44242 0)
(-0.00744809 1.55066 0)
(0.000427347 0.472441 0)
(0.000121312 0.17965 0)
(0.000127196 0.523778 0)
(-0.00144898 0.841674 0)
(-0.00509344 1.10487 0)
(-0.0083676 1.27872 0)
(-0.0122762 1.37355 0)
(-0.0135002 1.41899 0)
(-0.0184523 1.43302 0)
(-0.0126791 1.43046 0)
(-0.0242604 1.44142 0)
(-0.0094894 1.54655 0)
(-0.0264179 1.8035 0)
(-0.024583 2.42708 0)
(-0.0315649 2.9104 0)
(-0.0307819 3.06775 0)
(-0.030318 3.07911 0)
(-0.0276455 2.90688 0)
(-0.021649 2.40648 0)
(-0.00706888 1.50177 0)
(0.000327915 0.457973 0)
(7.6709e-05 0.179299 0)
(-0.000137297 0.525436 0)
(-0.00157682 0.846196 0)
(-0.00462162 1.10963 0)
(-0.00729699 1.28305 0)
(-0.010959 1.37685 0)
(-0.0120494 1.42083 0)
(-0.0167105 1.43377 0)
(-0.0111783 1.4309 0)
(-0.0226691 1.44183 0)
(-0.0083899 1.5475 0)
(-0.0250494 1.80726 0)
(-0.0235527 2.43048 0)
(-0.0310832 2.91243 0)
(-0.0307953 3.06794 0)
(-0.0308968 3.07721 0)
(-0.0282455 2.89896 0)
(-0.0216476 2.3878 0)
(-0.00662349 1.47471 0)
(9.54866e-05 0.450857 0)
(6.71591e-05 0.179581 0)
(-0.000212791 0.528971 0)
(-0.00163844 0.853723 0)
(-0.00452811 1.11787 0)
(-0.00697595 1.29001 0)
(-0.0100553 1.38225 0)
(-0.0108403 1.42405 0)
(-0.015357 1.43557 0)
(-0.0102621 1.43224 0)
(-0.0215742 1.44222 0)
(-0.007573 1.54931 0)
(-0.024225 1.81503 0)
(-0.0235495 2.43765 0)
(-0.0312942 2.91671 0)
(-0.0309057 3.06844 0)
(-0.0310104 3.07389 0)
(-0.0280679 2.88299 0)
(-0.0213911 2.35015 0)
(-0.00671575 1.42684 0)
(3.21196e-05 0.436268 0)
(-3.9182e-06 0.179624 0)
(-0.000375075 0.53069 0)
(-0.00183992 0.857185 0)
(-0.00441236 1.12163 0)
(-0.00706909 1.29316 0)
(-0.00987316 1.38469 0)
(-0.0106301 1.4256 0)
(-0.0150706 1.43654 0)
(-0.0105637 1.43303 0)
(-0.0212922 1.44255 0)
(-0.00772572 1.54997 0)
(-0.0229722 1.81904 0)
(-0.0232277 2.44167 0)
(-0.0317645 2.91906 0)
(-0.0317188 3.06945 0)
(-0.0321 3.07227 0)
(-0.0290771 2.87455 0)
(-0.0215628 2.33062 0)
(-0.00624816 1.40365 0)
(3.76063e-05 0.430541 0)
(-0.000171819 0.181999 0)
(-0.00080965 0.536721 0)
(-0.00243057 0.866423 0)
(-0.0047011 1.13113 0)
(-0.00715603 1.3012 0)
(-0.0098579 1.39078 0)
(-0.0109001 1.42978 0)
(-0.0150144 1.43928 0)
(-0.0116616 1.43577 0)
(-0.0215983 1.44274 0)
(-0.00953863 1.55196 0)
(-0.0243609 1.82964 0)
(-0.024624 2.45295 0)
(-0.0331406 2.92538 0)
(-0.0321765 3.0694 0)
(-0.0322056 3.06694 0)
(-0.0287948 2.8512 0)
(-0.0212114 2.27885 0)
(-0.00726543 1.34309 0)
(-0.00105397 0.407444 0)
(-0.235458 1.56485 1.26406e-22)
(0.394216 3.2321 1.78272e-20)
(0.0904313 3.46363 6.31848e-20)
(0.197022 3.43314 0)
(0.155702 3.38801 0)
(0.149864 3.34142 -3.78352e-19)
(0.152141 3.31494 3.91174e-19)
(0.124971 3.27288 -4.12428e-19)
(0.11255 3.18051 7.61386e-21)
(0.0950709 2.56889 5.65799e-19)
(-0.105282 2.3198 1.04638e-23)
(0.130016 3.28751 1.66136e-19)
(0.0093382 3.4366 0)
(0.0959156 3.38995 0)
(0.071443 3.34431 1.1229e-20)
(0.0765254 3.30725 7.84674e-19)
(0.0729207 3.27681 -4.37613e-19)
(0.0494309 3.24164 -7.35244e-21)
(0.0499165 3.08437 7.01334e-21)
(0.000652371 2.08729 0)
(-0.0279716 2.07079 1.79621e-19)
(0.0847658 3.13954 -1.90196e-19)
(0.0227738 3.34467 0)
(0.0710292 3.32434 3.6116e-19)
(0.0506756 3.30289 -1.3509e-21)
(0.0515207 3.28154 -4.08074e-19)
(0.0453509 3.26639 -5.06995e-19)
(0.0299698 3.24608 -2.11246e-22)
(0.0406091 3.11967 7.2354e-21)
(-0.0168196 2.21194 0)
(-0.0409127 2.01615 -4.55483e-20)
(0.0273239 3.11692 0)
(-0.0144008 3.30846 -1.90984e-19)
(0.0203799 3.30712 -1.56888e-19)
(0.0156269 3.28346 1.42656e-20)
(0.0216513 3.26146 -2.64437e-19)
(0.0266406 3.24655 2.35497e-19)
(0.0212112 3.23369 -8.4611e-21)
(0.0418153 3.12571 1.11618e-20)
(0.00718616 2.2507 2.90796e-19)
(-0.0529678 2.02409 -1.47809e-19)
(0.0127862 3.08939 0)
(-0.00805989 3.26658 4.12366e-19)
(0.0105918 3.26203 -2.27775e-19)
(0.0137205 3.24822 -6.98453e-22)
(0.0165204 3.2378 -2.14161e-21)
(0.0212066 3.23325 -1.55511e-20)
(0.0217745 3.22438 -3.0062e-19)
(0.0428799 3.12783 8.25866e-21)
(-0.00312808 2.31231 -6.0919e-19)
(-0.0500143 2.08378 0)
(-0.010502 3.08568 -2.27091e-19)
(-0.0287721 3.2426 1.89366e-20)
(-0.0153848 3.24683 -1.57998e-20)
(-0.00592066 3.23219 1.61868e-20)
(0.00312998 3.21967 2.68768e-19)
(0.015479 3.21143 2.81164e-19)
(0.0208854 3.20546 5.91549e-19)
(0.0426974 3.12405 3.27891e-19)
(0.0105782 2.35431 -1.66862e-20)
(-0.0513005 2.1409 0)
(-0.0200288 3.08181 2.34946e-19)
(-0.0192701 3.21378 -2.46642e-19)
(-0.0117461 3.21272 -1.70721e-20)
(-0.000485762 3.20248 3.53038e-20)
(0.00743187 3.19605 3.64709e-22)
(0.016584 3.19534 -1.89905e-20)
(0.0218205 3.19114 -3.09327e-19)
(0.042315 3.12167 -3.18908e-19)
(0.00384191 2.41984 -1.7282e-20)
(-0.0476971 2.22806 2.71183e-19)
(-0.0286903 3.08538 -1.25992e-20)
(-0.0322165 3.19386 8.69354e-21)
(-0.0237552 3.19533 0)
(-0.0134972 3.18548 0)
(-0.00134509 3.17774 0)
(0.0131347 3.17197 0)
(0.0206375 3.16934 3.45194e-19)
(0.0412066 3.11265 -3.55728e-19)
(0.0153259 2.46393 3.51557e-19)
(-0.0464176 2.30637 2.63493e-20)
(-0.0330006 3.08465 2.88937e-19)
(-0.0211404 3.16956 0)
(-0.0146334 3.16539 -1.94633e-20)
(-0.00401478 3.1577 1.9905e-20)
(0.00525271 3.15338 0)
(0.0149772 3.15401 -1.07937e-20)
(0.0207347 3.15286 -3.35029e-19)
(0.0401511 3.10933 3.57132e-19)
(0.0104164 2.53309 0)
(-0.0437355 2.40348 1.60083e-20)
(-0.0358674 3.08619 -4.43153e-19)
(-0.0300744 3.14974 0)
(-0.022498 3.14685 0)
(-0.0136733 3.13909 2.13584e-20)
(-0.00208007 3.13348 -1.80269e-19)
(0.0115281 3.12919 -2.25387e-20)
(0.0191663 3.12931 1.92165e-19)
(0.0385868 3.09616 0)
(0.0192122 2.58107 0)
(-0.0400653 2.49054 -4.68518e-19)
(-0.0385654 3.08228 1.58791e-19)
(-0.0205964 3.12431 0)
(-0.0128428 3.11629 0)
(-0.00336147 3.10962 0)
(0.00555247 3.10675 3.71345e-19)
(0.0144731 3.10867 0)
(0.0201638 3.11069 -2.05018e-19)
(0.0378578 3.09052 1.26709e-20)
(0.0149477 2.65384 2.14667e-19)
(-0.0377239 2.58961 1.67154e-19)
(-0.0398173 3.07581 -1.62521e-20)
(-0.0296425 3.10134 1.94785e-19)
(-0.0210565 3.09503 1.89346e-19)
(-0.0124433 3.08839 0)
(-0.00076001 3.08408 -1.9085e-19)
(0.0124156 3.08145 0)
(0.0209921 3.08447 0)
(0.0385325 3.07216 0)
(0.0222869 2.70643 -2.15664e-19)
(-0.035118 2.67835 -1.7702e-19)
(-0.0429696 3.06239 1.82798e-19)
(-0.0235498 3.07219 -1.83612e-19)
(-0.0130724 3.06222 -2.89524e-19)
(-0.00281272 3.05704 0)
(0.007109 3.05562 2.59018e-20)
(0.016825 3.05868 -1.32218e-20)
(0.0247851 3.06317 9.86007e-20)
(0.0417162 3.06164 1.22426e-19)
(0.0208462 2.78045 -1.25976e-19)
(-0.0343633 2.77308 1.81631e-19)
(-0.0460828 3.04531 -1.75127e-19)
(-0.0329388 3.04589 1.24842e-20)
(-0.0209208 3.04033 7.37461e-20)
(-0.0111946 3.03621 -1.05889e-19)
(0.000304057 3.03366 0)
(0.0137921 3.03209 1.138e-19)
(0.0256211 3.03558 4.95073e-21)
(0.0446169 3.03659 -2.36987e-19)
(0.0286853 2.83262 -6.55252e-21)
(-0.0295759 2.85511 -5.1903e-20)
(-0.044263 3.02151 1.26901e-20)
(-0.0231665 3.01777 -6.5865e-20)
(-0.0111838 3.01443 2.69635e-20)
(-0.00221473 3.01412 1.29046e-19)
(0.00627116 3.01344 -5.48794e-20)
(0.0144896 3.01423 -5.46186e-20)
(0.0233456 3.01706 -5.67157e-20)
(0.041812 3.02184 1.21737e-19)
(0.0248361 2.90033 5.95091e-20)
(-0.017642 2.94059 4.17234e-20)
(-0.0259814 3.00086 1.84459e-20)
(-0.0161496 3.00085 3.62955e-20)
(-0.00938069 3.00161 -7.43927e-20)
(-0.00416328 3.00264 2.51408e-20)
(0.000684046 3.00215 5.11054e-20)
(0.00542543 3.00065 -5.33521e-20)
(0.0107338 2.999 -5.57214e-20)
(0.0217967 2.99714 7.54647e-21)
(0.0165215 2.94913 5.35263e-20)
)
;

boundaryField
{
    wall-4
    {
        type            noSlip;
    }
    pressure-outlet-7
    {
        type            zeroGradient;
    }
    velocity-inlet-6
    {
        type            fixedValue;
        value           uniform (0 3 0);
    }
    velocity-inlet-5
    {
        type            fixedValue;
        value           uniform (1 0 0);
    }
    frontAndBackPlanes
    {
        type            empty;
    }
}


// ************************************************************************* //
