/*--------------------------------*- C++ -*----------------------------------*\
  =========                 |
  \\      /  F ield         | OpenFOAM: The Open Source CFD Toolbox
   \\    /   O peration     | Website:  https://openfoam.org
    \\  /    A nd           | Version:  10
     \\/     M anipulation  |
\*---------------------------------------------------------------------------*/
FoamFile
{
    format      ascii;
    class       volScalarField;
    location    "18";
    object      p;
}
// * * * * * * * * * * * * * * * * * * * * * * * * * * * * * * * * * * * * * //

dimensions      [0 2 -2 0 0 0 0];

internalField   nonuniform List<scalar> 
8800
(
0.403119
0.35534
0.316667
0.287687
0.266838
0.252021
0.241433
0.233951
0.229099
0.226947
0.228027
0.232012
0.238466
0.247625
0.260285
0.277932
0.302646
0.336539
0.379043
0.43774
0.234348
0.242028
0.249533
0.252857
0.251373
0.246322
0.239864
0.233808
0.22907
0.226152
0.225719
0.228019
0.232301
0.238058
0.244671
0.250831
0.254383
0.253597
0.248104
0.239371
0.212716
0.21889
0.223044
0.226028
0.228116
0.22876
0.227686
0.225586
0.223528
0.222502
0.223261
0.225415
0.227998
0.229985
0.230426
0.229095
0.226643
0.223166
0.218567
0.214795
0.206859
0.209528
0.212348
0.214832
0.216541
0.217759
0.218536
0.21867
0.21834
0.218158
0.218686
0.219591
0.220171
0.220006
0.219198
0.217928
0.21595
0.213237
0.21075
0.209244
0.201449
0.20289
0.204767
0.206923
0.20883
0.210277
0.21133
0.212137
0.212702
0.213125
0.213511
0.213698
0.213505
0.21294
0.211971
0.210466
0.208537
0.206492
0.205077
0.204253
0.196375
0.197303
0.198698
0.200469
0.202302
0.204007
0.205431
0.206563
0.207495
0.208225
0.208603
0.208552
0.20812
0.207284
0.206015
0.204447
0.202778
0.201227
0.200269
0.199741
0.19163
0.192285
0.193452
0.195055
0.196759
0.198486
0.200145
0.201577
0.202713
0.203577
0.204058
0.204023
0.203459
0.202421
0.201081
0.199629
0.198136
0.196816
0.196076
0.195718
0.187271
0.187745
0.18875
0.190226
0.191803
0.193373
0.194948
0.196524
0.197964
0.199105
0.199653
0.199529
0.198893
0.19796
0.196859
0.195607
0.194273
0.193125
0.192536
0.19229
0.183378
0.183683
0.184579
0.185988
0.187527
0.189097
0.190658
0.192142
0.193557
0.194805
0.195558
0.195682
0.195336
0.194607
0.193608
0.192453
0.191225
0.190186
0.189723
0.189587
0.180439
0.180602
0.181295
0.182518
0.183895
0.185315
0.186809
0.188388
0.189958
0.191401
0.192375
0.192696
0.192496
0.191958
0.191211
0.190324
0.189327
0.188534
0.188236
0.188177
0.178134
0.178233
0.178645
0.179447
0.180445
0.181569
0.18283
0.184258
0.185839
0.18747
0.188753
0.18945
0.18968
0.189603
0.1893
0.188853
0.188356
0.18798
0.187839
0.187798
0.175472
0.175558
0.175828
0.176348
0.177098
0.178094
0.179355
0.18088
0.182656
0.184575
0.186228
0.187275
0.187817
0.187951
0.187908
0.18786
0.187754
0.187662
0.187602
0.18756
0.171974
0.172044
0.172276
0.172693
0.173362
0.174244
0.175475
0.177084
0.17907
0.181362
0.18347
0.184947
0.185853
0.186474
0.186804
0.187025
0.187157
0.187192
0.18717
0.18713
0.167697
0.167742
0.167992
0.168488
0.169167
0.170178
0.171585
0.173426
0.175772
0.178528
0.181202
0.183198
0.18454
0.185425
0.186028
0.186408
0.186626
0.186698
0.186708
0.186678
0.162839
0.16287
0.163138
0.163751
0.16463
0.16574
0.167393
0.169564
0.172345
0.175751
0.179123
0.181731
0.183573
0.184828
0.185661
0.18619
0.18645
0.186563
0.186612
0.186591
0.157451
0.157478
0.157751
0.158442
0.159542
0.160917
0.162862
0.165451
0.168821
0.17302
0.17727
0.180615
0.183038
0.184734
0.185833
0.18653
0.186906
0.187103
0.187188
0.187168
0.151432
0.15146
0.151775
0.152532
0.153734
0.155466
0.157807
0.160965
0.165121
0.170341
0.175669
0.179918
0.182975
0.185133
0.18663
0.187578
0.18814
0.18845
0.188567
0.188542
0.144473
0.144506
0.144906
0.145751
0.147153
0.14921
0.152075
0.155985
0.161156
0.167671
0.174341
0.179686
0.183576
0.186352
0.188231
0.189469
0.190242
0.190672
0.190822
0.190789
0.136175
0.136216
0.136681
0.137736
0.139454
0.141966
0.145514
0.150408
0.156886
0.165032
0.173358
0.180021
0.184918
0.188361
0.190735
0.192324
0.193334
0.193892
0.194079
0.194036
0.126124
0.126178
0.12678
0.128092
0.130246
0.133412
0.13791
0.14409
0.152235
0.162428
0.172791
0.181066
0.187101
0.191371
0.194328
0.196321
0.197596
0.198294
0.198525
0.198471
0.113779
0.11385
0.114635
0.116343
0.119129
0.123205
0.128968
0.136838
0.147135
0.159887
0.172723
0.182906
0.190319
0.195575
0.199223
0.201694
0.203279
0.204139
0.204423
0.204354
0.098387
0.0984885
0.0995406
0.101818
0.10551
0.11086
0.11836
0.128494
0.141556
0.157471
0.173276
0.185723
0.194763
0.201185
0.20566
0.208709
0.210671
0.211721
0.212062
0.211976
0.0787903
0.0789349
0.0803999
0.0835652
0.0886231
0.0958325
0.105782
0.118947
0.135527
0.155299
0.174608
0.189685
0.200624
0.208422
0.213892
0.217651
0.220088
0.221391
0.221799
0.221686
0.0531948
0.0534266
0.0556045
0.0602567
0.0674612
0.0774775
0.0909165
0.108136
0.129157
0.153547
0.176897
0.194967
0.208079
0.217488
0.224157
0.228795
0.231829
0.233451
0.233939
0.233793
0.018569
0.0190242
0.0226411
0.0300295
0.0408345
0.0552153
0.0736379
0.0962102
0.122696
0.15245
0.180324
0.201697
0.217238
0.228504
0.236619
0.242375
0.246201
0.248239
0.24882
0.248624
-0.0310538
-0.0295046
-0.0221444
-0.00916721
0.00792793
0.029033
0.0543286
0.0836519
0.116568
0.152309
0.185045
0.209931
0.228087
0.241424
0.251246
0.258413
0.26333
0.266003
0.266732
0.266459
-0.105181
-0.0963018
-0.0794481
-0.0563377
-0.0297865
0.000279157
0.0339632
0.0710657
0.111138
0.153441
0.191513
0.22035
0.241577
0.257473
0.26956
0.278833
0.28556
0.289485
0.290704
0.290646
-0.184448
-0.164418
-0.137426
-0.103966
-0.0677475
-0.0285947
0.0135646
0.0586366
0.106284
0.155907
0.200382
0.23428
0.259602
0.278991
0.294184
0.306238
0.315474
0.321885
0.324271
0.324369
-0.247688
-0.225153
-0.189982
-0.148251
-0.103502
-0.0559628
-0.00573259
0.0470125
0.101937
0.158481
0.208842
0.247194
0.275955
0.298126
0.315606
0.329583
0.3404
0.347904
0.349944
0.350309
-0.299014
-0.274403
-0.234384
-0.186746
-0.135397
-0.0809556
-0.0237379
0.0359176
0.0975228
0.160418
0.216008
0.258079
0.289462
0.313519
0.332364
0.347346
0.35888
0.366663
0.369146
0.369575
-0.340883
-0.315469
-0.271973
-0.219862
-0.163317
-0.103308
-0.0402251
0.0254199
0.0929686
0.161553
0.221732
0.266854
0.300152
0.325405
0.34499
0.360415
0.372177
0.379973
0.382691
0.383071
-0.376504
-0.350633
-0.304685
-0.248948
-0.188185
-0.123505
-0.0553936
0.0154855
0.0883201
0.162033
0.226282
0.274013
0.308869
0.334997
0.354993
0.370511
0.382233
0.38999
0.392864
0.393239
-0.407806
-0.381707
-0.333866
-0.275141
-0.210842
-0.142138
-0.0696465
0.00589305
0.083519
0.161953
0.230039
0.280213
0.31645
0.343265
0.363524
0.379044
0.390689
0.398308
0.401298
0.40166
-0.436254
-0.409948
-0.36055
-0.299327
-0.231999
-0.159796
-0.0833989
-0.00363445
0.078429
0.161336
0.233083
0.285587
0.323162
0.350675
0.371235
0.386826
0.398437
0.405917
0.408954
0.409316
-0.462684
-0.436189
-0.385468
-0.32209
-0.252112
-0.176824
-0.0969465
-0.0133511
0.0728312
0.159982
0.235346
0.290306
0.329365
0.357705
0.378657
0.394385
0.406003
0.413323
0.41633
0.416777
-0.48779
-0.461045
-0.409111
-0.343851
-0.27154
-0.193528
-0.110538
-0.0234504
0.0665646
0.157861
0.236969
0.294561
0.335269
0.364589
0.386067
0.402026
0.413687
0.420932
0.423833
0.424291
-0.511838
-0.484812
-0.431765
-0.364918
-0.290519
-0.210073
-0.124288
-0.03401
0.0596286
0.154978
0.237892
0.298332
0.340944
0.371456
0.393637
0.409961
0.421749
0.428955
0.431715
0.432097
-0.535172
-0.507763
-0.453837
-0.385443
-0.309174
-0.226567
-0.138262
-0.0450685
0.0519381
0.151179
0.237991
0.301561
0.346407
0.378376
0.401453
0.418281
0.430275
0.437466
0.440061
0.440346
-0.55783
-0.529974
-0.475347
-0.405522
-0.327604
-0.243076
-0.152516
-0.0566925
0.0434038
0.146395
0.237185
0.30414
0.351561
0.385301
0.409501
0.426989
0.439282
0.446476
0.448941
0.449071
-0.579881
-0.55171
-0.496259
-0.425197
-0.345827
-0.259596
-0.167054
-0.0688926
0.0340392
0.14058
0.23534
0.305934
0.356266
0.392143
0.417747
0.436068
0.448733
0.455913
0.458237
0.458217
-0.601405
-0.572813
-0.516628
-0.444466
-0.363825
-0.276102
-0.181826
-0.0815989
0.023866
0.133684
0.232335
0.30675
0.360374
0.398796
0.42613
0.445474
0.458575
0.465705
0.467834
0.467678
-0.622442
-0.593362
-0.536462
-0.463316
-0.381553
-0.292543
-0.196763
-0.0947572
0.0129197
0.125694
0.228066
0.306381
0.363641
0.405094
0.434592
0.455184
0.468738
0.475733
0.477577
0.477302
-0.642813
-0.613286
-0.55571
-0.481705
-0.398961
-0.30884
-0.211796
-0.108285
0.00127928
0.116651
0.222451
0.30463
0.365759
0.41077
0.443044
0.465238
0.479175
0.485794
0.487244
0.48685
-0.662491
-0.632546
-0.574355
-0.499575
-0.415986
-0.324933
-0.226833
-0.122086
-0.0109547
0.106607
0.215456
0.301319
0.366419
0.415459
0.451329
0.475843
0.490146
0.495822
0.496548
0.496059
-0.681536
-0.651099
-0.59236
-0.516892
-0.432571
-0.340741
-0.241779
-0.136048
-0.0236753
0.0956568
0.207082
0.29632
0.365277
0.418618
0.459037
0.487235
0.502509
0.506304
0.505258
0.504668
-0.699791
-0.668937
-0.609675
-0.533594
-0.448658
-0.356183
-0.256541
-0.150058
-0.0367498
0.0839326
0.197391
0.289549
0.36205
0.419537
0.46526
0.499151
0.517772
0.519999
0.514845
0.512937
-0.717346
-0.686058
-0.626325
-0.549709
-0.464282
-0.371308
-0.271176
-0.164174
-0.0502426
0.0713694
0.186274
0.280775
0.356437
0.417389
0.468381
0.509965
0.536106
0.542723
0.533655
0.512718
-0.734146
-0.702472
-0.642432
-0.565415
-0.479718
-0.386428
-0.286079
-0.178861
-0.0646866
0.0573121
0.173028
0.269104
0.3476
0.410948
0.465119
0.514281
0.547829
0.5535
0.5378
0.513
-0.750044
-0.71836
-0.657829
-0.580463
-0.494692
-0.401213
-0.301029
-0.193794
-0.079751
0.0420907
0.157879
0.254399
0.335166
0.399758
0.450886
0.50043
0.5316
0.526971
0.456633
0.415061
-0.76446
-0.734724
-0.672157
-0.594295
-0.508523
-0.415212
-0.315748
-0.208757
-0.0952164
0.0258679
0.140872
0.236616
0.318475
0.38433
0.426225
0.456385
0.472714
0.428751
0.353223
0.304134
-0.817613
-0.748483
-0.685143
-0.608331
-0.52259
-0.429757
-0.330297
-0.223992
-0.111389
0.00829437
0.12159
0.215479
0.295193
0.366268
0.376144
0.385613
0.356869
0.291168
0.207071
0.159803
-0.777537
-0.762657
-0.703626
-0.628242
-0.542767
-0.450446
-0.352188
-0.247058
-0.136276
-0.0194027
0.0897533
0.179138
0.249568
0.314222
0.317639
0.201182
0.0875453
0.00936713
-0.0722797
-0.0290562
-0.805881
-0.778212
-0.719004
-0.643521
-0.55856
-0.466659
-0.368398
-0.264207
-0.154957
-0.0406461
0.0645997
0.148869
0.211722
0.244418
0.192202
0.0309919
-0.116323
-0.220608
-0.335633
-0.267306
-0.82735
-0.796437
-0.736636
-0.660769
-0.57597
-0.4843
-0.38636
-0.283278
-0.175841
-0.0645941
0.0360907
0.114003
0.166753
0.170389
0.0525531
-0.156874
-0.339675
-0.480526
-0.646415
-0.586348
-0.847868
-0.815477
-0.75481
-0.678264
-0.593402
-0.501953
-0.404697
-0.302825
-0.197363
-0.0894953
0.00593365
0.0768684
0.11567
0.0809812
-0.102461
-0.346506
-0.582052
-0.794905
-1.03537
-1.02532
-0.867278
-0.834796
-0.773493
-0.696364
-0.611424
-0.520252
-0.423761
-0.323177
-0.219883
-0.115681
-0.0260135
0.0374933
0.0594457
-0.0163164
-0.252055
-0.52009
-0.801006
-1.05419
-1.36915
-1.7355
-0.886681
-0.85448
-0.79288
-0.715422
-0.630398
-0.53946
-0.443649
-0.344346
-0.243266
-0.142868
-0.0591283
-0.00353482
0.00113537
-0.125686
-0.384388
-0.655618
-0.934394
-1.17074
-1.26708
-1.41483
-0.906712
-0.874851
-0.813224
-0.735698
-0.650696
-0.560066
-0.464997
-0.367102
-0.268485
-0.172305
-0.0949255
-0.0483513
-0.0670714
-0.247806
-0.500585
-0.754267
-0.979325
-1.11938
-1.14725
-1.17498
-0.927718
-0.896174
-0.834644
-0.757194
-0.672359
-0.58216
-0.488011
-0.391746
-0.295926
-0.204485
-0.13395
-0.0980579
-0.146124
-0.362137
-0.605338
-0.833752
-1.01301
-1.0866
-1.10379
-1.10746
-0.949867
-0.918422
-0.857139
-0.779831
-0.695263
-0.60565
-0.512586
-0.418171
-0.325475
-0.23927
-0.176089
-0.152715
-0.228507
-0.471826
-0.703082
-0.910718
-1.0557
-1.08256
-1.07996
-1.07903
-0.973055
-0.941632
-0.880687
-0.803535
-0.719324
-0.630408
-0.538579
-0.446214
-0.356905
-0.276358
-0.221119
-0.210297
-0.315207
-0.578648
-0.79757
-0.971037
-1.04633
-1.06259
-1.06342
-1.06266
-0.997016
-0.965699
-0.904962
-0.828148
-0.744355
-0.656247
-0.565785
-0.475632
-0.389894
-0.315281
-0.268662
-0.267684
-0.414391
-0.683337
-0.895204
-1.00593
-1.04656
-1.04877
-1.05173
-1.05244
-1.02121
-0.990247
-0.929722
-0.853344
-0.770087
-0.682869
-0.593862
-0.506033
-0.42393
-0.355403
-0.317237
-0.3298
-0.510683
-0.784345
-1.01883
-1.04778
-1.0463
-1.05877
-1.0599
-1.05891
-1.04514
-1.01474
-0.95473
-0.878749
-0.796071
-0.709826
-0.622329
-0.536847
-0.458311
-0.395815
-0.365257
-0.397156
-0.593258
-0.867049
-1.21001
-1.28361
-1.18574
-1.10556
-1.06986
-1.06264
-1.06816
-1.03824
-0.979387
-0.903804
-0.821755
-0.73654
-0.650529
-0.567283
-0.492084
-0.435029
-0.411043
-0.457394
-0.661866
-0.887024
-1.2909
-1.53853
-1.287
-1.13409
-1.06433
-1.04341
-1.08931
-1.06033
-1.00252
-0.927774
-0.846521
-0.762235
-0.67761
-0.596302
-0.524038
-0.471025
-0.453602
-0.509589
-0.702919
-0.763834
-0.756666
-1.08022
-1.22801
-1.34618
-1.30645
-1.28863
-1.10745
-1.07991
-1.02351
-0.949767
-0.86937
-0.786083
-0.702614
-0.622702
-0.552575
-0.501923
-0.491673
-0.552244
-0.778556
-0.703401
-0.0954145
-0.265701
-0.989919
-1.32734
-1.3629
-1.37734
-1.1215
-1.09585
-1.04144
-0.968817
-0.88931
-0.806943
-0.724375
-0.645224
-0.575671
-0.52622
-0.521755
-0.592672
-1.02825
-1.52048
-1.89526
-2.38992
-2.47272
-2.06363
-1.73545
-1.70883
-1.13027
-1.10715
-1.05514
-0.983899
-0.905319
-0.82373
-0.741688
-0.662522
-0.591487
-0.540482
-0.534945
-0.661705
-1.38725
-2.63002
-3.96554
-4.5174
-4.42752
-3.91055
-3.29908
-2.99414
-1.13295
-1.1127
-1.06367
-0.994148
-0.916407
-0.835437
-0.753482
-0.673195
-0.598859
-0.539675
-0.522911
-0.632447
-1.35559
-2.40757
-3.59832
-4.10852
-3.9595
-3.45868
-2.98229
-2.75931
-1.12813
-1.11137
-1.06635
-0.998552
-0.921802
-0.841298
-0.758992
-0.676784
-0.596518
-0.523076
-0.473316
-0.453904
-0.715195
-0.930052
-0.9656
-0.836474
-0.513599
-0.18977
0.0394964
0.141017
-1.11538
-1.10188
-1.06149
-0.996642
-0.920687
-0.840738
-0.758358
-0.673885
-0.586447
-0.493461
-0.398334
-0.328254
-0.118707
0.312005
0.858813
1.45005
1.88322
2.14002
2.26324
2.29768
-1.09427
-1.08447
-1.04907
-0.987138
-0.91226
-0.833862
-0.75243
-0.666632
-0.572329
-0.460958
-0.339054
-0.217599
0.0173403
0.636047
1.3369
1.94247
2.38245
2.6392
2.7557
2.78814
-1.06405
-1.05761
-1.02721
-0.968276
-0.896332
-0.820848
-0.742539
-0.658679
-0.562924
-0.441742
-0.301396
-0.161454
0.00742166
0.521842
1.1163
1.61029
1.96088
2.16825
2.2713
2.30602
-1.02052
-1.01679
-0.99195
-0.938421
-0.871796
-0.802181
-0.731239
-0.65566
-0.566203
-0.443195
-0.28298
-0.130431
-0.00233346
0.328586
0.757717
1.11623
1.38846
1.55736
1.64939
1.6825
-0.960472
-0.957538
-0.938606
-0.894601
-0.837601
-0.778995
-0.721618
-0.662228
-0.588731
-0.47815
-0.311304
-0.133246
0.035834
0.191531
0.437999
0.670021
0.860584
0.98637
1.05204
1.07282
-0.880411
-0.878308
-0.865741
-0.836012
-0.795685
-0.754334
-0.716169
-0.680761
-0.640673
-0.564911
-0.420081
-0.222904
-0.045247
0.0730288
0.223649
0.383006
0.50677
0.592977
0.644586
0.655212
-0.805087
-0.803216
-0.795975
-0.779822
-0.757542
-0.735879
-0.720754
-0.717218
-0.728507
-0.746221
-0.673796
-0.467873
-0.250582
-0.153183
-0.0420123
0.0893194
0.198523
0.27185
0.306696
0.313254
-0.749398
-0.748543
-0.745862
-0.739524
-0.731835
-0.728945
-0.739852
-0.780166
-0.878843
-1.06339
-1.15572
-0.905911
-0.593616
-0.432661
-0.310304
-0.17807
-0.0671975
0.00659923
0.0419591
0.0442661
-0.705217
-0.705952
-0.706274
-0.706347
-0.709858
-0.72356
-0.760649
-0.850689
-1.06364
-1.48424
-1.84924
-1.55826
-1.0648
-0.78914
-0.600474
-0.418018
-0.281588
-0.197267
-0.165088
-0.166299
-0.652097
-0.653975
-0.656596
-0.661121
-0.672302
-0.697657
-0.754144
-0.88154
-1.18188
-1.80264
-2.34838
-2.06251
-1.45532
-1.10147
-0.834023
-0.614828
-0.46612
-0.388798
-0.364536
-0.365677
-0.577661
-0.579965
-0.583771
-0.590657
-0.604904
-0.634311
-0.69528
-0.828424
-1.13764
-1.76667
-2.26144
-1.9661
-1.49036
-1.17017
-0.886418
-0.700589
-0.602265
-0.566396
-0.553903
-0.551756
-0.481807
-0.483915
-0.487672
-0.494319
-0.507075
-0.532015
-0.581847
-0.688545
-0.93206
-1.41136
-1.75919
-1.57283
-1.26295
-0.9804
-0.776286
-0.665384
-0.640355
-0.639648
-0.634805
-0.630987
-0.373986
-0.375424
-0.378242
-0.382807
-0.391336
-0.407197
-0.437768
-0.501132
-0.641519
-0.913313
-1.10653
-0.995456
-0.803466
-0.627181
-0.541483
-0.533591
-0.552972
-0.565761
-0.566566
-0.56463
-0.267645
-0.268324
-0.269904
-0.272174
-0.27606
-0.282764
-0.295052
-0.319376
-0.370549
-0.464862
-0.531594
-0.46013
-0.367151
-0.324511
-0.342327
-0.380157
-0.406474
-0.419074
-0.422113
-0.421897
-0.17413
-0.174242
-0.174856
-0.175508
-0.176169
-0.176649
-0.177009
-0.177547
-0.178977
-0.177282
-0.1597
-0.121753
-0.113738
-0.153703
-0.199961
-0.238043
-0.25986
-0.270208
-0.274402
-0.275164
-0.0996708
-0.0994827
-0.0995979
-0.0995063
-0.0986993
-0.0964073
-0.0916148
-0.082705
-0.0674389
-0.0427785
-0.0186337
-0.00995513
-0.0227244
-0.0644308
-0.104097
-0.131773
-0.147532
-0.155349
-0.158984
-0.160056
-0.0453016
-0.0450255
-0.0449858
-0.0447744
-0.0437033
-0.0408933
-0.0352635
-0.0251703
-0.00886159
0.0137197
0.0298211
0.0261059
0.00914965
-0.0196642
-0.0461437
-0.0642711
-0.0747178
-0.0801486
-0.0828616
-0.0837507
-0.00857534
-0.00833026
-0.00830694
-0.00824818
-0.0075006
-0.00524131
-0.000594342
0.00750805
0.0198689
0.0351867
0.0433254
0.0369354
0.0220475
0.00335088
-0.0131325
-0.0246346
-0.0315157
-0.0352067
-0.0370411
-0.0376303
0.0143845
0.0145537
0.0145059
0.0143404
0.0146388
0.0160358
0.0191758
0.0247257
0.032855
0.0419131
0.0449887
0.0388128
0.0277105
0.0155991
0.0052543
-0.00217622
-0.00682993
-0.00937721
-0.0106004
-0.0110104
0.0274689
0.0275614
0.0274395
0.0271003
0.0270129
0.0276535
0.0294284
0.0326924
0.0374037
0.0421713
0.0426284
0.0374925
0.0296991
0.02173
0.0150289
0.0100824
0.00684321
0.0050387
0.00420976
0.00395734
0.0338696
0.0339037
0.033731
0.033286
0.0329501
0.0330461
0.0338478
0.0355291
0.0379332
0.0400264
0.0392128
0.0350744
0.0295846
0.0242121
0.019721
0.0163253
0.014021
0.0127232
0.0121551
0.0119858
0.0359166
0.0359146
0.0357121
0.0352194
0.0347389
0.0344786
0.0346154
0.0352361
0.0361936
0.0367411
0.0353745
0.0320914
0.0281727
0.0244574
0.0213571
0.0189723
0.0173116
0.0163712
0.0159771
0.0158556
0.0351857
0.0351647
0.034957
0.0344714
0.0339323
0.0334813
0.0332302
0.0332092
0.0332951
0.0329957
0.0314792
0.0288817
0.0260151
0.0233712
0.0211722
0.0194607
0.0182475
0.0175594
0.0172812
0.0172007
0.0327231
0.0326948
0.0325013
0.0320559
0.0315205
0.0309949
0.0305479
0.0301878
0.0298175
0.0291021
0.0276066
0.0255344
0.0233964
0.0214727
0.0198793
0.0186308
0.0177359
0.0172287
0.01703
0.0169741
0.0292075
0.029179
0.0290104
0.0286211
0.0281283
0.0276013
0.0270814
0.0265649
0.025981
0.0251127
0.0237519
0.022105
0.0204912
0.0190696
0.0178989
0.0169791
0.0163155
0.0159399
0.0157966
0.0157571
0.0250676
0.0250424
0.0249037
0.0245788
0.0241508
0.0236704
0.0231607
0.0226138
0.0219779
0.0211107
0.0199311
0.0186301
0.017408
0.0163507
0.015485
0.0148043
0.0143114
0.0140331
0.0139295
0.0139016
0.0205686
0.020548
0.0204394
0.0201802
0.0198267
0.0194187
0.0189669
0.0184628
0.0178698
0.0170964
0.0161265
0.0151212
0.0142063
0.0134263
0.0127907
0.01229
0.0119263
0.0117221
0.0116482
0.0116285
0.0158697
0.015854
0.0157736
0.0155771
0.0153024
0.0149801
0.0146149
0.0141988
0.0137064
0.0130795
0.0123312
0.0115875
0.0109262
0.0103681
0.00991401
0.00955491
0.00929294
0.00914726
0.0090962
0.00908254
0.0110624
0.0110516
0.0109969
0.0108591
0.010664
0.0104346
0.010172
0.00986971
0.00951082
0.00906036
0.00853872
0.00803447
0.00759327
0.00722327
0.00692152
0.00668078
0.00650383
0.00640653
0.00637354
0.00636424
0.00619248
0.00618721
0.00615888
0.00607988
0.00596716
0.00583578
0.00568445
0.00550871
0.0052994
0.00503923
0.00474319
0.00446202
0.00421919
0.00401682
0.00385182
0.00371886
0.00362049
0.00356874
0.00355267
0.00354644
0.00129384
0.00129804
0.00131963
0.00133528
0.00132122
0.00128745
0.0012424
0.00119012
0.00112904
0.00105551
0.000969838
0.000883987
0.000808452
0.000744657
0.000693793
0.000656238
0.000633823
0.000633821
0.000652824
0.000664647
-0.745231
-0.521566
-0.267916
-0.0597673
0.109287
0.245589
0.360692
0.457852
0.502425
0.479975
-0.343329
-0.189495
-0.0290774
0.109172
0.2266
0.325031
0.405174
0.462485
0.492268
0.503518
-0.0676128
0.034503
0.141976
0.237556
0.320049
0.3893
0.444366
0.484578
0.512808
0.529905
0.125769
0.195912
0.271156
0.339442
0.398789
0.449031
0.490018
0.522286
0.547759
0.565494
0.271806
0.32251
0.376384
0.427302
0.472162
0.511061
0.544002
0.571016
0.593049
0.61055
0.389097
0.426671
0.469456
0.509641
0.546178
0.578632
0.606719
0.630044
0.648972
0.666166
0.489523
0.520837
0.558082
0.593009
0.625398
0.654592
0.679935
0.700825
0.717064
0.734101
0.582907
0.613763
0.649773
0.683533
0.714637
0.742504
0.766395
0.78564
0.799526
0.816582
0.6812
0.715342
0.753207
0.787865
0.818857
0.845856
0.868466
0.886236
0.898473
0.915918
0.798088
0.836282
0.875723
0.910692
0.94062
0.965869
0.986653
1.00287
1.01458
1.0327
0.944227
0.983166
1.01955
1.05062
1.07665
1.09905
1.11836
1.13409
1.14668
1.16472
1.11965
1.1517
1.17813
1.20077
1.22095
1.23986
1.25772
1.27431
1.28976
1.30786
1.30865
1.32603
1.34129
1.35769
1.37371
1.38833
1.40163
1.41563
1.43324
1.45342
1.49083
1.5003
1.5119
1.52277
1.5321
1.54177
1.55267
1.5641
1.5755
1.59088
1.69807
1.70177
1.68684
1.67205
1.66587
1.67161
1.69012
1.72047
1.75268
1.77935
2.0044
1.86956
1.79299
1.75074
1.73333
1.7373
1.76475
1.82116
1.92379
2.14816
0.293713
0.291594
0.287111
0.278497
0.266292
0.254186
0.24398
0.236094
0.230454
0.227126
0.226617
0.22914
0.234036
0.241077
0.250315
0.261738
0.274301
0.285274
0.291361
0.294387
0.218127
0.223979
0.230334
0.23486
0.237359
0.237065
0.234355
0.23056
0.227038
0.224702
0.224388
0.22636
0.229793
0.233879
0.237523
0.239273
0.238234
0.234664
0.229433
0.222787
0.209663
0.211962
0.215399
0.218448
0.220582
0.222134
0.222935
0.222648
0.221603
0.220623
0.220613
0.221803
0.223376
0.224448
0.224422
0.223358
0.221659
0.219196
0.215843
0.212885
0.204104
0.205187
0.207076
0.209547
0.211664
0.213173
0.214251
0.215027
0.215419
0.215561
0.215851
0.216361
0.216657
0.216452
0.2158
0.214734
0.213065
0.210799
0.208574
0.207148
0.198881
0.199531
0.200719
0.202579
0.204529
0.206321
0.207745
0.208821
0.209682
0.210368
0.210862
0.211074
0.210927
0.210428
0.209524
0.208137
0.206401
0.204583
0.203069
0.202244
0.193948
0.194376
0.19526
0.19679
0.198527
0.200281
0.201951
0.203387
0.204548
0.205475
0.206105
0.206287
0.205998
0.205261
0.204098
0.202659
0.201107
0.199588
0.198411
0.197858
0.189413
0.189709
0.190424
0.191792
0.193424
0.195078
0.196749
0.198377
0.199814
0.20096
0.201733
0.201957
0.20159
0.200725
0.199555
0.198243
0.196847
0.195472
0.194486
0.194085
0.185232
0.185417
0.186003
0.187246
0.188765
0.190316
0.19184
0.193348
0.194834
0.196199
0.19716
0.197439
0.197148
0.196497
0.195594
0.194485
0.193245
0.192022
0.191183
0.190904
0.181779
0.181863
0.182321
0.183466
0.184932
0.186455
0.188044
0.189629
0.191155
0.19257
0.1937
0.194251
0.194204
0.193692
0.192848
0.191842
0.19072
0.189609
0.188918
0.188753
0.179269
0.179302
0.179591
0.1804
0.181538
0.18275
0.184032
0.185444
0.186992
0.188585
0.189958
0.19076
0.19098
0.190834
0.190441
0.189857
0.189129
0.188423
0.188027
0.187941
0.176894
0.176921
0.177107
0.17759
0.178353
0.179307
0.180467
0.18184
0.183403
0.185121
0.186784
0.187969
0.188579
0.188751
0.188676
0.188449
0.18819
0.187926
0.187778
0.187723
0.173832
0.173857
0.174007
0.174353
0.174921
0.175719
0.176784
0.17817
0.179904
0.181914
0.183963
0.185546
0.186509
0.187055
0.187239
0.187361
0.187442
0.187459
0.18743
0.187393
0.169915
0.169929
0.17007
0.170418
0.170943
0.171715
0.172839
0.174333
0.176261
0.178599
0.181125
0.183225
0.184627
0.185518
0.186155
0.186561
0.186809
0.186927
0.18694
0.186919
0.165335
0.165335
0.165475
0.165887
0.166545
0.167439
0.16872
0.170466
0.172756
0.175554
0.178689
0.181396
0.183306
0.184592
0.185462
0.186038
0.186394
0.186548
0.1866
0.186604
0.160219
0.160207
0.160342
0.160801
0.16157
0.162742
0.164226
0.166265
0.168963
0.172391
0.176297
0.179755
0.182269
0.184041
0.185237
0.186033
0.186475
0.186703
0.186812
0.186833
0.154555
0.154528
0.154682
0.155187
0.156097
0.157412
0.159285
0.161731
0.165012
0.169229
0.174093
0.178476
0.181707
0.183957
0.185542
0.186604
0.187234
0.187592
0.18777
0.187804
0.148114
0.14808
0.148271
0.14884
0.149881
0.15144
0.153631
0.156659
0.160718
0.165952
0.172031
0.177534
0.181605
0.184519
0.18657
0.187928
0.188796
0.189317
0.189567
0.18961
0.140523
0.140484
0.140713
0.14142
0.142643
0.144493
0.147183
0.150941
0.155999
0.162537
0.170135
0.177023
0.182138
0.185845
0.1884
0.190135
0.19128
0.191981
0.192303
0.192355
0.131385
0.131335
0.131637
0.132497
0.13402
0.136335
0.139695
0.144398
0.150748
0.158949
0.168441
0.177012
0.183404
0.187983
0.191178
0.193364
0.194823
0.195722
0.196125
0.196188
0.120254
0.120195
0.120604
0.121719
0.123645
0.126585
0.130853
0.13683
0.144873
0.155179
0.167008
0.177625
0.185497
0.191145
0.195101
0.197817
0.19964
0.200767
0.201268
0.201343
0.106458
0.106386
0.106949
0.108434
0.11096
0.114793
0.120334
0.128035
0.138275
0.151232
0.165919
0.178978
0.188618
0.195534
0.200387
0.203731
0.205986
0.207386
0.208007
0.208096
0.0890562
0.0889761
0.0897844
0.0918234
0.0952276
0.100359
0.107696
0.117734
0.130853
0.147145
0.165286
0.181229
0.192943
0.201352
0.207273
0.211375
0.214154
0.215882
0.216652
0.216757
0.0666498
0.0665803
0.0677986
0.070691
0.0754353
0.0825086
0.0924424
0.105711
0.122599
0.143022
0.165259
0.184538
0.198643
0.208795
0.215992
0.221017
0.224448
0.226584
0.227527
0.22765
0.0368636
0.0368512
0.0388137
0.0431986
0.0502223
0.0604044
0.0742029
0.0919296
0.113656
0.139075
0.166045
0.189079
0.205871
0.218019
0.226727
0.232891
0.237152
0.239814
0.240977
0.241119
-0.00452935
-0.00431956
-0.000679274
0.00681906
0.0180373
0.0333529
0.0528702
0.0766008
0.104359
0.135627
0.167878
0.194995
0.214708
0.229078
0.239544
0.247114
0.252473
0.255842
0.257272
0.257425
-0.0653304
-0.06374
-0.0550284
-0.040952
-0.0219865
0.00148248
0.0290014
0.0603741
0.095265
0.133058
0.170946
0.202321
0.225088
0.241828
0.254246
0.263484
0.270199
0.274539
0.276378
0.276568
-0.13808
-0.135491
-0.119203
-0.0945284
-0.0649981
-0.0320384
0.00424306
0.0438003
0.0863694
0.131426
0.17597
0.212796
0.239803
0.260063
0.275509
0.287407
0.296583
0.302291
0.304209
0.304771
-0.212984
-0.20472
-0.180689
-0.145927
-0.106779
-0.0646405
-0.0197084
0.0279803
0.0782224
0.130569
0.181839
0.224177
0.255419
0.279158
0.297623
0.31218
0.323549
0.330722
0.334129
0.335192
-0.271096
-0.261428
-0.232489
-0.19107
-0.144505
-0.0947135
-0.0421426
0.0130031
0.070422
0.129609
0.18708
0.234271
0.269012
0.295398
0.315916
0.332094
0.344709
0.353241
0.357699
0.358953
-0.318125
-0.307913
-0.275581
-0.22939
-0.177276
-0.121461
-0.0625742
-0.000981825
0.0628189
0.128188
0.191204
0.242549
0.280039
0.30826
0.330013
0.347057
0.360321
0.369597
0.374355
0.375667
-0.357039
-0.346742
-0.312321
-0.262488
-0.20591
-0.145231
-0.0810897
-0.0139689
0.055453
0.126338
0.194304
0.249207
0.288868
0.318396
0.34091
0.35835
0.371767
0.381165
0.385933
0.38738
-0.390749
-0.380472
-0.344486
-0.29177
-0.231542
-0.166771
-0.0981005
-0.026167
0.0482522
0.124132
0.196593
0.254733
0.296333
0.326945
0.349979
0.367585
0.381014
0.3904
0.395165
0.396577
-0.420795
-0.410573
-0.373433
-0.318301
-0.255063
-0.186773
-0.114158
-0.0379303
0.0410283
0.12154
0.198281
0.2595
0.302883
0.334449
0.357923
0.375685
0.389093
0.39847
0.403273
0.404545
-0.448384
-0.438179
-0.400097
-0.342941
-0.277125
-0.205762
-0.129652
-0.0495568
0.0335624
0.11842
0.199245
0.263473
0.308692
0.341299
0.365307
0.383281
0.396749
0.406114
0.410934
0.412052
-0.474274
-0.46406
-0.425156
-0.366235
-0.298132
-0.224083
-0.144884
-0.0613101
0.0256343
0.114575
0.199431
0.26683
0.314071
0.347868
0.372518
0.3908
0.404375
0.413716
0.418523
0.41954
-0.498922
-0.488684
-0.449025
-0.388569
-0.318461
-0.242019
-0.160059
-0.0733435
0.017126
0.109998
0.198907
0.269617
0.319082
0.354287
0.379753
0.398469
0.41224
0.421603
0.42638
0.427361
-0.522711
-0.512378
-0.471971
-0.410219
-0.338284
-0.259708
-0.17528
-0.0857168
0.00802829
0.104636
0.19755
0.271753
0.323709
0.360591
0.387098
0.406412
0.420493
0.429943
0.434611
0.435584
-0.545821
-0.535321
-0.494258
-0.431295
-0.357719
-0.277262
-0.190624
-0.0984848
-0.00174881
0.0983627
0.195253
0.273162
0.327927
0.366777
0.39458
0.414679
0.429185
0.438776
0.443343
0.444286
-0.568274
-0.55758
-0.515977
-0.45186
-0.376844
-0.294716
-0.206116
-0.111688
-0.0122532
0.0911402
0.191935
0.273707
0.331624
0.372801
0.40218
0.423264
0.438315
0.448081
0.452555
0.453387
-0.590202
-0.579287
-0.537095
-0.471931
-0.395659
-0.312058
-0.221741
-0.125298
-0.0234361
0.0829712
0.187501
0.273235
0.334603
0.37852
0.409822
0.43212
0.447832
0.457797
0.462147
0.462843
-0.611538
-0.600402
-0.55765
-0.491536
-0.414143
-0.329254
-0.23744
-0.139241
-0.0352557
0.0738461
0.181886
0.271588
0.336654
0.383727
0.417393
0.441206
0.457698
0.467848
0.472029
0.472539
-0.632301
-0.620918
-0.5776
-0.510639
-0.43226
-0.346251
-0.253149
-0.153448
-0.0476478
0.0638087
0.175055
0.26861
0.337546
0.388188
0.424764
0.450501
0.467886
0.478079
0.48193
0.482241
-0.652345
-0.640787
-0.596908
-0.529193
-0.449944
-0.362968
-0.268796
-0.167839
-0.0605176
0.0529429
0.167001
0.264181
0.337014
0.39158
0.43171
0.460034
0.47853
0.488471
0.491675
0.491716
-0.671769
-0.659957
-0.615554
-0.54717
-0.467162
-0.379365
-0.28429
-0.182318
-0.073759
0.0413487
0.15777
0.258212
0.334811
0.393468
0.437824
0.469786
0.490093
0.49938
0.5011
0.500649
-0.690448
-0.678382
-0.63351
-0.564517
-0.483838
-0.39536
-0.299544
-0.196763
-0.0872529
0.0291209
0.14745
0.250671
0.33075
0.393377
0.442418
0.479401
0.503275
0.512296
0.510892
0.508677
-0.708415
-0.696139
-0.650732
-0.581187
-0.499933
-0.410887
-0.314479
-0.211092
-0.100878
0.0164194
0.136168
0.241562
0.324714
0.390861
0.444431
0.487654
0.517962
0.530176
0.525946
0.51467
-0.725605
-0.713166
-0.667331
-0.597324
-0.515646
-0.426218
-0.329421
-0.225702
-0.11509
0.0027155
0.123326
0.230215
0.31599
0.38518
0.442199
0.491975
0.531451
0.551128
0.549239
0.539408
-0.741997
-0.729351
-0.683319
-0.612891
-0.530972
-0.441357
-0.344346
-0.240595
-0.129906
-0.0120604
0.10881
0.216396
0.304016
0.375727
0.433476
0.486128
0.529969
0.553673
0.530431
0.467679
-0.757378
-0.743995
-0.698616
-0.627874
-0.546051
-0.456428
-0.359297
-0.255653
-0.145248
-0.0278054
0.0926453
0.200069
0.288165
0.362312
0.417883
0.46072
0.500499
0.503727
0.449592
0.378209
-0.771925
-0.758351
-0.713059
-0.641772
-0.560563
-0.470972
-0.374473
-0.270814
-0.160965
-0.0443343
0.0749159
0.181186
0.267747
0.346004
0.396857
0.445088
0.427447
0.396101
0.324378
0.248231
-0.756388
-0.738863
-0.691941
-0.617978
-0.532337
-0.439549
-0.338416
-0.232482
-0.120436
-0.00158835
0.110627
0.203453
0.280831
0.361074
0.426315
0.339226
0.293092
0.228991
0.148916
0.0950733
-0.779956
-0.762651
-0.728976
-0.663761
-0.582887
-0.493946
-0.397543
-0.294814
-0.186251
-0.0716839
0.0443556
0.146802
0.228127
0.299437
0.366267
0.367555
0.24663
0.156084
0.0882914
-0.0061067
-0.797699
-0.782119
-0.742165
-0.67564
-0.594593
-0.506312
-0.411157
-0.309517
-0.202262
-0.0896746
0.0237079
0.122666
0.199996
0.258181
0.280283
0.207527
0.0468968
-0.0614925
-0.146042
-0.248079
-0.815839
-0.803698
-0.759097
-0.691344
-0.610271
-0.521971
-0.427023
-0.325944
-0.219919
-0.109378
0.00039506
0.0939212
0.163859
0.207027
0.178286
0.0318456
-0.149215
-0.2877
-0.404064
-0.563
-0.836766
-0.824114
-0.777697
-0.708935
-0.627717
-0.539453
-0.444764
-0.344483
-0.239864
-0.131697
-0.0260115
0.0615001
0.122824
0.147349
0.0750484
-0.140193
-0.3619
-0.547363
-0.722513
-0.957609
-0.856406
-0.844095
-0.796704
-0.726917
-0.645383
-0.55722
-0.46302
-0.363754
-0.260757
-0.155286
-0.0540551
0.0270449
0.0794767
0.0774418
-0.0542382
-0.305771
-0.570575
-0.831415
-1.05185
-1.54792
-0.875533
-0.86381
-0.816187
-0.745656
-0.663892
-0.575794
-0.482084
-0.383823
-0.282528
-0.17994
-0.0834657
-0.00929054
0.0331951
-0.00765145
-0.192366
-0.454003
-0.736209
-1.01715
-1.2621
-1.68812
-0.89513
-0.883846
-0.83627
-0.765364
-0.683479
-0.595441
-0.502178
-0.404882
-0.30532
-0.205743
-0.114236
-0.0473459
-0.0160477
-0.0911815
-0.318619
-0.575202
-0.839563
-1.07236
-1.17625
-1.2158
-0.915671
-0.904672
-0.857248
-0.786248
-0.704418
-0.616576
-0.523884
-0.427731
-0.33017
-0.234024
-0.14804
-0.0891233
-0.0716905
-0.175552
-0.434476
-0.677457
-0.90026
-1.06266
-1.10982
-1.12635
-0.937216
-0.926505
-0.879279
-0.808264
-0.726585
-0.639078
-0.547112
-0.452291
-0.357009
-0.264717
-0.184837
-0.134519
-0.134368
-0.28122
-0.539652
-0.76855
-0.965236
-1.06751
-1.08974
-1.09133
-0.959914
-0.949329
-0.90247
-0.831361
-0.749903
-0.662853
-0.571751
-0.478453
-0.385689
-0.297615
-0.224451
-0.18264
-0.207774
-0.393806
-0.641171
-0.852403
-1.01569
-1.07435
-1.0711
-1.07099
-0.983536
-0.9731
-0.926232
-0.855438
-0.774248
-0.68775
-0.597646
-0.506029
-0.415978
-0.332437
-0.266407
-0.233237
-0.287464
-0.502232
-0.744482
-0.928208
-1.02743
-1.05162
-1.05532
-1.05618
-1.0077
-0.997499
-0.950729
-0.880279
-0.799391
-0.713543
-0.624548
-0.534731
-0.447538
-0.368688
-0.309846
-0.286604
-0.362972
-0.605142
-0.853215
-1.0019
-1.00291
-1.03703
-1.05014
-1.05299
-1.03194
-1.02203
-0.975592
-0.905392
-0.82502
-0.739872
-0.652056
-0.564119
-0.47984
-0.405629
-0.353956
-0.341913
-0.434832
-0.692167
-0.978097
-1.15479
-1.12525
-1.09594
-1.0738
-1.0658
-1.05569
-1.04602
-1.00027
-0.930472
-0.850585
-0.766237
-0.679655
-0.593577
-0.512163
-0.442261
-0.397726
-0.393487
-0.50462
-0.755149
-1.07121
-1.45221
-1.34157
-1.17039
-1.08247
-1.05678
-1.07813
-1.06888
-1.02383
-0.954864
-0.875525
-0.791982
-0.706634
-0.622285
-0.543501
-0.477294
-0.439376
-0.438709
-0.568947
-0.776622
-0.940581
-1.44923
-1.34456
-1.26191
-1.2079
-1.1532
-1.09823
-1.08952
-1.04556
-0.977479
-0.899062
-0.816374
-0.732116
-0.649258
-0.572513
-0.509272
-0.476268
-0.476172
-0.628497
-0.757134
-0.49531
-0.0721708
-0.719801
-1.2945
-1.38448
-1.37172
-1.11499
-1.1069
-1.06455
-0.997619
-0.920142
-0.838381
-0.755122
-0.673322
-0.597712
-0.536444
-0.505109
-0.510605
-0.728791
-0.953148
-0.82598
-0.75278
-1.14766
-1.42891
-1.41275
-1.41252
-1.12721
-1.11984
-1.07963
-1.01424
-0.937795
-0.856918
-0.774481
-0.693296
-0.617682
-0.556257
-0.523561
-0.546279
-0.895249
-1.62053
-2.75324
-3.50992
-3.81433
-3.41411
-2.78815
-2.35031
-1.13348
-1.12709
-1.08986
-1.02628
-0.950995
-0.870972
-0.789054
-0.707794
-0.631043
-0.565648
-0.528495
-0.554332
-0.989477
-2.04027
-3.53035
-4.45409
-4.69987
-4.36898
-3.86463
-3.45144
-1.13264
-1.12742
-1.09464
-1.03302
-0.958817
-0.879623
-0.797957
-0.716045
-0.636433
-0.563875
-0.511656
-0.511041
-0.779065
-1.42214
-2.08006
-2.52276
-2.45135
-2.11268
-1.73427
-1.45422
-1.12417
-1.12034
-1.09214
-1.03357
-0.960571
-0.882099
-0.800726
-0.717664
-0.634031
-0.54993
-0.470708
-0.419209
-0.381843
-0.301266
-0.0415182
0.339424
0.768789
1.15674
1.38357
1.47643
-1.10732
-1.10457
-1.08158
-1.02701
-0.955376
-0.877979
-0.797188
-0.713449
-0.62555
-0.529655
-0.425433
-0.313785
-0.153925
0.250697
0.909716
1.56713
2.11545
2.48171
2.67318
2.73806
-1.0818
-1.08009
-1.06237
-1.01247
-0.942628
-0.866954
-0.788086
-0.705926
-0.616592
-0.512057
-0.385326
-0.248785
-0.133566
0.283948
0.943439
1.5651
2.05484
2.37093
2.53172
2.58736
-1.04564
-1.04481
-1.03087
-0.98635
-0.920824
-0.848803
-0.774958
-0.698155
-0.612356
-0.505649
-0.365765
-0.213443
-0.081042
0.15941
0.689962
1.16167
1.53272
1.78572
1.92956
1.99285
-0.993251
-0.992853
-0.98279
-0.946122
-0.887841
-0.82332
-0.758591
-0.692137
-0.618773
-0.52262
-0.378188
-0.204128
-0.0451256
0.123419
0.421698
0.743032
1.00957
1.20594
1.33173
1.39736
-0.922826
-0.922082
-0.914846
-0.887986
-0.842693
-0.791576
-0.741723
-0.693369
-0.640729
-0.568172
-0.445406
-0.259461
-0.0699061
0.0603777
0.232729
0.422469
0.592694
0.71771
0.79598
0.841461
-0.840705
-0.839944
-0.835042
-0.819069
-0.791277
-0.759101
-0.729531
-0.705859
-0.687154
-0.657869
-0.595601
-0.432634
-0.212646
-0.0752721
0.0269619
0.171024
0.298625
0.395362
0.452957
0.472349
-0.775015
-0.774407
-0.771673
-0.763936
-0.75062
-0.736433
-0.72824
-0.734433
-0.767365
-0.836332
-0.904399
-0.797723
-0.518833
-0.333261
-0.236827
-0.11379
0.00747227
0.0987114
0.151663
0.171319
-0.727064
-0.727098
-0.726679
-0.724676
-0.721896
-0.722909
-0.736155
-0.777004
-0.879232
-1.10635
-1.40823
-1.39996
-1.00396
-0.682975
-0.527143
-0.37358
-0.23392
-0.133786
-0.0778141
-0.0631982
-0.680571
-0.681514
-0.683143
-0.684776
-0.6892
-0.702029
-0.733516
-0.806573
-0.978492
-1.37314
-1.98902
-2.09527
-1.57413
-1.09717
-0.854824
-0.624116
-0.445423
-0.327691
-0.272029
-0.262233
-0.617194
-0.618687
-0.621501
-0.625767
-0.634722
-0.654324
-0.696029
-0.785967
-0.989281
-1.45542
-2.18963
-2.31004
-1.77539
-1.31905
-1.0223
-0.76798
-0.596715
-0.505666
-0.4713
-0.464005
-0.5313
-0.532949
-0.536021
-0.541195
-0.550962
-0.570825
-0.610502
-0.693377
-0.880074
-1.30001
-1.90688
-1.97862
-1.59199
-1.25146
-0.962054
-0.764545
-0.659228
-0.627986
-0.618154
-0.611155
-0.427913
-0.429313
-0.431821
-0.43617
-0.443982
-0.458963
-0.487705
-0.545963
-0.673735
-0.957043
-1.3461
-1.39808
-1.17406
-0.924754
-0.728439
-0.622899
-0.604519
-0.614413
-0.61774
-0.613863
-0.319313
-0.320263
-0.321796
-0.324535
-0.329042
-0.337215
-0.35226
-0.381607
-0.443451
-0.576338
-0.760721
-0.775953
-0.640632
-0.505953
-0.433849
-0.443612
-0.47119
-0.491236
-0.498239
-0.497899
-0.218413
-0.218926
-0.219533
-0.220793
-0.222449
-0.224934
-0.228992
-0.236359
-0.251128
-0.279944
-0.302038
-0.298987
-0.232261
-0.212515
-0.243117
-0.287561
-0.319991
-0.337448
-0.34428
-0.346097
-0.134132
-0.134333
-0.134354
-0.134723
-0.134742
-0.134022
-0.132014
-0.127883
-0.120428
-0.107176
-0.0829653
-0.0625809
-0.044218
-0.0769306
-0.125753
-0.165101
-0.190533
-0.203869
-0.210169
-0.212484
-0.0699448
-0.0699772
-0.0697534
-0.0697969
-0.0692716
-0.0674737
-0.0635061
-0.0558928
-0.0426378
-0.0215788
0.00438176
0.0138962
0.00906737
-0.0198518
-0.056042
-0.0837801
-0.101178
-0.11049
-0.115118
-0.117178
-0.0248859
-0.0248543
-0.0246003
-0.0246359
-0.0241912
-0.0225045
-0.0187181
-0.0116386
0.000162309
0.0174158
0.034962
0.0377682
0.0264704
0.00540724
-0.0175918
-0.0353206
-0.0465699
-0.0527705
-0.055962
-0.0574706
0.00442057
0.00445744
0.00464233
0.00448878
0.00465145
0.00574163
0.00850391
0.0137807
0.0222923
0.0338318
0.0437627
0.0429022
0.0325351
0.017898
0.0035013
-0.0076472
-0.0149794
-0.0191829
-0.0213592
-0.0223017
0.0219788
0.0219981
0.0220878
0.0218213
0.0216867
0.0221621
0.023796
0.0271181
0.0324928
0.039383
0.0442605
0.0418578
0.0339214
0.024032
0.0148301
0.00764811
0.00273179
-0.000202694
-0.0017067
-0.00233071
0.0313698
0.0313695
0.0313768
0.0310379
0.0306918
0.0306968
0.0314509
0.0332495
0.0362116
0.0398312
0.041757
0.0390395
0.0332057
0.0264877
0.0204213
0.0156413
0.0122487
0.0101548
0.00910024
0.00869224
0.0353492
0.0353358
0.0352865
0.0349175
0.0344408
0.034142
0.0342833
0.0350444
0.0364488
0.0380467
0.0383013
0.0356638
0.0313436
0.0266997
0.0225792
0.0192986
0.0169047
0.0153896
0.0146399
0.0143659
0.0358432
0.0358241
0.0357445
0.0353738
0.034838
0.0343679
0.0341255
0.034207
0.0345998
0.0349837
0.0343957
0.0320583
0.028835
0.025545
0.0226642
0.0203558
0.018638
0.0175323
0.0169948
0.0168078
0.0341373
0.0341171
0.0340285
0.0336829
0.0331529
0.0326174
0.0321784
0.0318891
0.0317193
0.0314355
0.0304524
0.0284279
0.0259741
0.0235817
0.0215145
0.0198519
0.0185985
0.0177834
0.0173935
0.0172639
0.0310776
0.031059
0.0309744
0.0306686
0.0301812
0.0296457
0.029128
0.0286538
0.0281942
0.0275879
0.0264809
0.0247654
0.0228803
0.0211102
0.0195995
0.0183838
0.0174605
0.0168566
0.0165716
0.0164803
0.0272048
0.0271889
0.0271155
0.0268575
0.0264323
0.0259418
0.0254259
0.0248959
0.0243255
0.0236049
0.0225288
0.0211065
0.0196518
0.0183276
0.0172106
0.0163132
0.0156289
0.0151797
0.0149703
0.0149055
0.0228574
0.0228446
0.0227852
0.022577
0.0222231
0.0218016
0.0213357
0.0208295
0.020261
0.0195558
0.0185967
0.0174463
0.016332
0.0153427
0.0145167
0.0138545
0.013348
0.0130149
0.0128619
0.0128161
0.0182411
0.018231
0.0181857
0.0180254
0.0177457
0.0174042
0.0170155
0.01658
0.0160804
0.0154669
0.0146756
0.0137832
0.0129512
0.0122265
0.0116258
0.0111442
0.0107743
0.0105312
0.0104217
0.0103899
0.0134778
0.0134701
0.0134379
0.0133222
0.0131152
0.012859
0.0125632
0.0122267
0.0118359
0.0113588
0.0107623
0.0101157
0.00952877
0.00902419
0.0086074
0.00827194
0.00801242
0.00784208
0.00776736
0.00774616
0.00863401
0.00862839
0.00860893
0.00853464
0.00839833
0.00823048
0.00803681
0.00781475
0.00755511
0.00723895
0.00685075
0.00644029
0.00607453
0.00576323
0.00550654
0.00529835
0.0051349
0.00502758
0.00498233
0.00496966
0.0012934
0.0013075
0.00133099
0.00133216
0.00130619
0.00126577
0.00121708
0.00116029
0.00109403
0.00101483
0.000927218
0.000845082
0.000774919
0.000717615
0.000673382
0.000642892
0.000630605
0.000642624
0.000661034
0.00212133
-1.98753
-1.10977
-0.593899
-0.284937
-0.0549143
0.124065
0.267021
0.387738
0.508853
0.606239
-0.717365
-0.462078
-0.236275
-0.0507742
0.103896
0.232113
0.338343
0.425536
0.480774
0.490113
-0.284549
-0.139427
-0.0012368
0.122168
0.228574
0.318984
0.393414
0.450157
0.487206
0.508299
-0.0222549
0.0730528
0.166101
0.251838
0.327003
0.391237
0.444004
0.485221
0.516173
0.53727
0.161179
0.22658
0.293973
0.356054
0.410942
0.458483
0.498541
0.531429
0.557781
0.5761
0.301589
0.347829
0.400436
0.44675
0.489293
0.526947
0.55963
0.587255
0.609921
0.625085
0.415612
0.453138
0.494772
0.532624
0.56816
0.600514
0.629044
0.653339
0.673174
0.685558
0.515637
0.548768
0.585373
0.620247
0.652963
0.683006
0.709512
0.731861
0.749573
0.759572
0.610917
0.644744
0.681555
0.716912
0.749427
0.778771
0.804208
0.825216
0.841181
0.849728
0.715481
0.753636
0.792765
0.829904
0.862714
0.891237
0.915224
0.934669
0.949144
0.957868
0.84406
0.886796
0.926369
0.96276
0.99363
1.0197
1.04157
1.05948
1.07321
1.08353
1.00634
1.0482
1.08228
1.11194
1.13672
1.15848
1.17827
1.19586
1.21074
1.22353
1.19714
1.22809
1.24968
1.269
1.2872
1.30456
1.32088
1.3368
1.35339
1.37038
1.3954
1.40691
1.41807
1.43226
1.44661
1.45951
1.47097
1.4819
1.49487
1.51179
1.58143
1.59136
1.60007
1.60251
1.60336
1.60769
1.6186
1.63462
1.65229
1.65691
1.88254
1.82717
1.77638
1.73615
1.71384
1.70986
1.72334
1.75716
1.81364
1.88921
0.435931
0.377238
0.334775
0.30093
0.276286
0.258746
0.246244
0.237315
0.231182
0.227631
0.227083
0.229727
0.234954
0.24271
0.253489
0.268436
0.289372
0.31841
0.357126
0.404926
0.237463
0.246235
0.251792
0.252629
0.249167
0.243146
0.236733
0.23126
0.227369
0.225583
0.226561
0.229931
0.235003
0.241298
0.247923
0.253088
0.254642
0.25136
0.243933
0.236258
0.21446
0.216496
0.221121
0.224665
0.227213
0.228676
0.228421
0.226696
0.22448
0.222818
0.222651
0.224235
0.226719
0.229129
0.230425
0.229936
0.227961
0.225061
0.220951
0.216539
0.207496
0.208368
0.210899
0.21369
0.215777
0.217199
0.218222
0.218692
0.218531
0.218181
0.218328
0.219141
0.219956
0.220179
0.219659
0.218623
0.217042
0.214651
0.211893
0.209885
0.201807
0.202272
0.203734
0.20587
0.207932
0.209619
0.210843
0.211766
0.21245
0.21292
0.213324
0.213644
0.213649
0.213263
0.212512
0.211281
0.209528
0.207485
0.205677
0.204616
0.196617
0.196901
0.197908
0.199568
0.201396
0.203186
0.204765
0.20603
0.207053
0.207893
0.208464
0.208626
0.208379
0.207753
0.206694
0.205252
0.203606
0.201968
0.200655
0.199988
0.191796
0.191984
0.192777
0.194222
0.195907
0.197626
0.199338
0.200902
0.202185
0.203182
0.203872
0.204104
0.203802
0.202986
0.201771
0.20036
0.198883
0.197436
0.19636
0.195891
0.187384
0.187512
0.188158
0.189452
0.191014
0.192593
0.194161
0.195746
0.197276
0.198588
0.199462
0.199662
0.199258
0.198448
0.197426
0.196247
0.194944
0.193655
0.192751
0.192412
0.183439
0.183509
0.184036
0.185247
0.186754
0.188313
0.189886
0.191413
0.192864
0.194218
0.195255
0.195686
0.195559
0.195011
0.194129
0.193042
0.191841
0.190655
0.189876
0.189657
0.180459
0.180489
0.180863
0.181865
0.183204
0.184598
0.186058
0.187594
0.189184
0.19071
0.191959
0.192611
0.192644
0.19226
0.191601
0.190785
0.189825
0.18888
0.188325
0.188207
0.17814
0.178162
0.178386
0.179006
0.179936
0.180992
0.182177
0.183528
0.185035
0.186664
0.188171
0.189167
0.189613
0.18967
0.189475
0.189083
0.188604
0.188138
0.187884
0.187818
0.175478
0.175501
0.175664
0.176055
0.176691
0.177573
0.178688
0.180085
0.181749
0.183609
0.185454
0.186825
0.187603
0.187924
0.187924
0.187892
0.187809
0.187704
0.187627
0.187582
0.171976
0.171995
0.172137
0.172466
0.173004
0.173755
0.174816
0.176231
0.178036
0.18019
0.182462
0.18429
0.185448
0.186191
0.186672
0.186924
0.187103
0.187185
0.187182
0.187154
0.167693
0.167699
0.167836
0.168211
0.168793
0.169633
0.170826
0.17245
0.17457
0.177097
0.179906
0.182292
0.183941
0.185031
0.185757
0.18623
0.18654
0.186674
0.186706
0.1867
0.162825
0.162835
0.162962
0.163406
0.16418
0.165118
0.166512
0.168406
0.170878
0.17398
0.177478
0.180537
0.182733
0.184259
0.185293
0.185965
0.186344
0.186517
0.186595
0.186611
0.157427
0.157431
0.157568
0.158047
0.158932
0.160195
0.161809
0.16407
0.167033
0.170826
0.175181
0.179071
0.181931
0.183965
0.185336
0.186237
0.186745
0.187019
0.187159
0.187189
0.151401
0.151404
0.151584
0.152087
0.153083
0.154524
0.156546
0.159271
0.162913
0.167605
0.173044
0.177961
0.181588
0.184143
0.185961
0.187163
0.187896
0.18832
0.18853
0.188568
0.144436
0.144441
0.14465
0.145267
0.146381
0.14809
0.150528
0.153885
0.158406
0.164255
0.171054
0.177219
0.181777
0.18511
0.187384
0.188918
0.189903
0.190494
0.190775
0.190822
0.136128
0.136135
0.136385
0.137126
0.138507
0.140599
0.14359
0.147777
0.153442
0.160763
0.169255
0.176938
0.182672
0.186791
0.189662
0.191613
0.19289
0.193663
0.194021
0.194078
0.126063
0.126073
0.1264
0.127339
0.129054
0.131688
0.135472
0.140772
0.14791
0.157095
0.167691
0.177239
0.184338
0.189427
0.192989
0.195427
0.197037
0.19801
0.198454
0.198523
0.113699
0.113712
0.114138
0.115363
0.117591
0.120984
0.125849
0.132619
0.141679
0.153233
0.166419
0.178203
0.186922
0.19318
0.19757
0.200584
0.202584
0.203789
0.204337
0.204419
0.0982822
0.0983027
0.0988755
0.100514
0.103476
0.10795
0.11431
0.123077
0.134663
0.149199
0.165535
0.17998
0.190619
0.198257
0.20363
0.207337
0.209811
0.211298
0.211959
0.212057
0.0786474
0.0786773
0.0794722
0.0817575
0.0858468
0.0919239
0.100434
0.11195
0.126826
0.145075
0.165182
0.182737
0.195608
0.204861
0.211405
0.215955
0.219018
0.220869
0.221678
0.221788
0.0529942
0.0530434
0.0542264
0.0576076
0.0635392
0.0720773
0.0837468
0.0990571
0.118209
0.141015
0.16554
0.186647
0.20206
0.213182
0.221115
0.226696
0.230496
0.232803
0.233799
0.233921
0.0182671
0.0183676
0.0203707
0.0258626
0.0350321
0.0475446
0.0639217
0.0844356
0.109027
0.13727
0.166821
0.191863
0.210092
0.22333
0.2329
0.239756
0.244516
0.247431
0.248661
0.248786
-0.0315246
-0.0311046
-0.0265729
-0.01627
-0.0010721
0.0179772
0.0411899
0.0685459
0.0997498
0.13421
0.16925
0.198486
0.219719
0.23527
0.246715
0.255127
0.261143
0.264945
0.266545
0.266676
-0.104437
-0.101568
-0.0888342
-0.0683746
-0.0434298
-0.0151665
0.0167325
0.0521754
0.0908465
0.13216
0.173189
0.207069
0.231755
0.250088
0.263924
0.274515
0.282523
0.287891
0.290358
0.290754
-0.182
-0.174599
-0.151994
-0.121069
-0.086139
-0.0484742
-0.007815
0.0358367
0.0822656
0.131005
0.178969
0.218625
0.247829
0.269924
0.287039
0.300575
0.311198
0.319146
0.323614
0.324337
-0.245588
-0.238347
-0.208762
-0.169484
-0.126154
-0.0799822
-0.0310778
0.0204469
0.0743471
0.130172
0.184618
0.229474
0.262564
0.287739
0.307377
0.322986
0.33531
0.344831
0.34938
0.35022
-0.296849
-0.289043
-0.255773
-0.21101
-0.161396
-0.108436
-0.0525617
0.00593422
0.0666456
0.128997
0.189317
0.238667
0.274869
0.302265
0.323505
0.340293
0.353536
0.363438
0.36838
0.369476
-0.338795
-0.330775
-0.29532
-0.246487
-0.191954
-0.133607
-0.0719975
-0.00754897
0.0591516
0.12735
0.1929
0.246089
0.284711
0.313623
0.335805
0.353168
0.36677
0.376663
0.38185
0.382991
-0.374448
-0.366318
-0.329465
-0.277503
-0.218978
-0.156186
-0.0897047
-0.0201061
0.0518754
0.12532
0.195568
0.252104
0.292752
0.322844
0.34565
0.363245
0.376868
0.386659
0.391943
0.39318
-0.405806
-0.397636
-0.359778
-0.3053
-0.243469
-0.176878
-0.10618
-0.0320474
0.0446844
0.122914
0.197543
0.257241
0.299747
0.330835
0.354087
0.371805
0.38536
0.395037
0.400318
0.401619
-0.434294
-0.426069
-0.387394
-0.330805
-0.266195
-0.196333
-0.121924
-0.0437138
0.0373687
0.120083
0.198888
0.2616
0.305887
0.337957
0.361686
0.379572
0.393115
0.402715
0.407928
0.409299
-0.460744
-0.452469
-0.413104
-0.354693
-0.287693
-0.214952
-0.137254
-0.0553804
0.0296899
0.116616
0.199441
0.265234
0.311446
0.344639
0.368953
0.387084
0.400689
0.410228
0.41528
0.416731
-0.485814
-0.477466
-0.437484
-0.377467
-0.308332
-0.233059
-0.152447
-0.0672646
0.0214726
0.112394
0.199282
0.268315
0.316624
0.3511
0.376143
0.394638
0.408368
0.417895
0.422818
0.424267
-0.509857
-0.501412
-0.460837
-0.399441
-0.328398
-0.250863
-0.167638
-0.0794633
0.0126733
0.10744
0.19836
0.270788
0.32145
0.357443
0.383412
0.402423
0.416391
0.425961
0.430764
0.432105
-0.533149
-0.524572
-0.483341
-0.420797
-0.348019
-0.268476
-0.182915
-0.0920309
0.0032454
0.101632
0.196537
0.272574
0.325905
0.363719
0.390837
0.410531
0.424848
0.434496
0.439207
0.440385
-0.555754
-0.547072
-0.505327
-0.441619
-0.367298
-0.285982
-0.198337
-0.105017
-0.00689863
0.0948815
0.19374
0.273564
0.329874
0.36985
0.398391
0.418958
0.433747
0.443526
0.448168
0.449157
-0.577809
-0.568876
-0.526731
-0.461937
-0.386272
-0.303388
-0.213902
-0.118434
-0.0177476
0.0871861
0.189875
0.273619
0.33322
0.375722
0.406016
0.427682
0.443064
0.453002
0.457537
0.458371
-0.59929
-0.59026
-0.547534
-0.48178
-0.404926
-0.320662
-0.229572
-0.132217
-0.0292614
0.078531
0.184852
0.272577
0.335769
0.381203
0.413632
0.436653
0.452756
0.462863
0.467229
0.467892
-0.620218
-0.611022
-0.567775
-0.501142
-0.423239
-0.337767
-0.24529
-0.146307
-0.04138
0.0689463
0.17863
0.270281
0.337274
0.386084
0.421128
0.445845
0.462779
0.473007
0.477101
0.477559
-0.640517
-0.631173
-0.587389
-0.519979
-0.441149
-0.35464
-0.260975
-0.160623
-0.0540228
0.0584829
0.171186
0.266591
0.33748
0.390054
0.428318
0.455254
0.473157
0.483298
0.486929
0.487145
-0.660144
-0.65066
-0.606355
-0.538254
-0.458603
-0.371208
-0.276558
-0.175069
-0.0670928
0.0472382
0.162533
0.261397
0.336144
0.392748
0.434911
0.464911
0.484181
0.493848
0.496494
0.496359
-0.67909
-0.669458
-0.624651
-0.555922
-0.475562
-0.387405
-0.291946
-0.189542
-0.0804786
0.0353072
0.152748
0.254644
0.33303
0.393708
0.44037
0.474679
0.496479
0.505469
0.505866
0.504863
-0.697295
-0.687509
-0.642243
-0.57294
-0.491958
-0.403176
-0.307057
-0.203949
-0.0940581
0.0228217
0.141921
0.246315
0.32799
0.392449
0.443817
0.483844
0.510566
0.520528
0.517311
0.513429
-0.714785
-0.704872
-0.659129
-0.589311
-0.507816
-0.418543
-0.321918
-0.218323
-0.10786
0.00975057
0.13
0.236232
0.320765
0.388491
0.443989
0.490625
0.525431
0.541826
0.53917
0.52196
-0.731602
-0.7215
-0.675436
-0.605193
-0.523356
-0.433806
-0.336889
-0.23311
-0.122423
-0.00454257
0.11628
0.223623
0.310453
0.380962
0.438709
0.490716
0.53433
0.552503
0.555036
0.505669
-0.748011
-0.737002
-0.691106
-0.620473
-0.538501
-0.448876
-0.351798
-0.248088
-0.137499
-0.0197999
0.100946
0.208563
0.296641
0.369534
0.426442
0.47624
0.519287
0.539222
0.495387
0.425517
-0.764852
-0.750618
-0.705999
-0.635126
-0.553546
-0.463923
-0.366882
-0.263245
-0.153084
-0.0360031
0.0839462
0.190938
0.278546
0.354394
0.408096
0.43715
0.469665
0.456809
0.391951
0.318415
-0.781181
-0.785061
-0.723237
-0.646818
-0.565771
-0.476322
-0.381582
-0.277973
-0.168497
-0.0524232
0.0659087
0.171148
0.256265
0.338047
0.373298
0.354405
0.377364
0.326426
0.250377
0.170664
-0.756402
-0.755663
-0.69907
-0.624371
-0.538819
-0.446244
-0.347311
-0.241733
-0.130282
-0.0123568
0.0985099
0.189882
0.263761
0.340957
0.37851
0.275824
0.19161
0.124045
0.0442559
-0.124942
-0.794752
-0.770146
-0.710775
-0.635285
-0.550078
-0.45798
-0.359755
-0.255074
-0.145009
-0.0293435
0.0779134
0.164894
0.23174
0.280083
0.254053
0.12002
-0.0129896
-0.103462
-0.198484
-0.392365
-0.816847
-0.787277
-0.727745
-0.65211
-0.567268
-0.475511
-0.377344
-0.273692
-0.165324
-0.0525098
0.0505485
0.13174
0.189735
0.208635
0.127208
-0.0622888
-0.224567
-0.344204
-0.479547
-0.756471
-0.8381
-0.806063
-0.74571
-0.669492
-0.584668
-0.4931
-0.395467
-0.29298
-0.186515
-0.0769252
0.0212
0.0956252
0.141687
0.12749
-0.0253445
-0.252435
-0.460199
-0.63066
-0.834129
-1.28542
-0.85795
-0.825242
-0.764106
-0.687205
-0.602306
-0.510986
-0.414118
-0.312883
-0.20848
-0.102414
-0.00981882
0.0574642
0.0883227
0.0331199
-0.178421
-0.436534
-0.702151
-0.940569
-1.2379
-2.0579
-0.877219
-0.844771
-0.783137
-0.705779
-0.620792
-0.529746
-0.43361
-0.333677
-0.231488
-0.129189
-0.0424888
0.0170361
0.0300432
-0.068727
-0.321096
-0.593138
-0.878678
-1.14509
-1.38571
-2.36357
-0.896934
-0.864739
-0.802974
-0.725411
-0.640374
-0.549574
-0.454122
-0.355492
-0.255603
-0.157247
-0.0766356
-0.0255725
-0.0305645
-0.187101
-0.444315
-0.709365
-0.963135
-1.14623
-1.18581
-1.25007
-0.91748
-0.885613
-0.823858
-0.746311
-0.661366
-0.570939
-0.476305
-0.379197
-0.281943
-0.18807
-0.114058
-0.0727572
-0.106146
-0.30598
-0.553687
-0.794851
-0.992719
-1.10206
-1.11911
-1.12947
-0.939127
-0.907449
-0.845836
-0.768392
-0.683669
-0.593745
-0.500116
-0.404756
-0.310456
-0.221581
-0.154683
-0.12522
-0.186954
-0.417231
-0.655313
-0.872209
-1.03513
-1.08257
-1.09079
-1.09092
-0.961884
-0.930171
-0.868848
-0.791568
-0.707165
-0.617889
-0.525425
-0.432013
-0.340982
-0.257563
-0.198294
-0.181653
-0.270113
-0.525562
-0.750213
-0.944094
-1.05786
-1.06992
-1.07101
-1.07034
-0.98559
-0.953881
-0.892895
-0.81576
-0.731736
-0.643219
-0.552058
-0.46078
-0.373249
-0.295641
-0.244756
-0.239391
-0.363772
-0.631335
-0.843677
-0.991448
-1.04373
-1.05407
-1.05623
-1.05582
-1.00976
-0.978313
-0.91744
-0.840702
-0.757162
-0.669495
-0.579753
-0.490753
-0.406841
-0.335261
-0.293027
-0.297667
-0.46401
-0.735219
-0.947016
-1.0198
-1.02761
-1.04594
-1.0523
-1.05297
-1.03403
-1.00299
-0.942387
-0.86607
-0.783083
-0.696352
-0.608101
-0.521443
-0.44115
-0.375679
-0.341632
-0.36417
-0.553306
-0.830661
-1.10465
-1.13173
-1.10501
-1.08283
-1.06832
-1.06455
-1.05769
-1.02723
-0.967332
-0.891382
-0.808992
-0.723272
-0.63653
-0.552186
-0.475365
-0.415722
-0.388744
-0.428301
-0.629538
-0.889723
-1.28856
-1.43416
-1.24721
-1.1163
-1.06447
-1.0533
-1.08014
-1.05043
-0.991335
-0.916034
-0.834298
-0.749591
-0.66429
-0.582061
-0.50841
-0.453551
-0.432872
-0.48478
-0.685976
-0.845116
-1.11156
-1.50019
-1.28192
-1.24018
-1.17662
-1.13773
-1.10015
-1.07167
-1.01347
-0.939129
-0.858246
-0.77447
-0.690461
-0.609935
-0.538875
-0.487163
-0.473149
-0.532416
-0.726417
-0.672123
-0.312002
-0.390516
-1.0415
-1.39873
-1.38014
-1.36798
-1.11674
-1.08986
-1.03306
-0.959767
-0.879755
-0.796972
-0.714004
-0.634559
-0.564965
-0.515082
-0.50833
-0.57356
-0.874434
-0.95412
-0.665536
-0.944182
-1.31025
-1.44929
-1.39166
-1.42645
-1.12873
-1.10386
-1.04898
-0.976955
-0.897848
-0.815932
-0.733688
-0.654648
-0.584673
-0.535245
-0.531787
-0.628278
-1.23522
-2.1696
-3.16204
-3.78775
-3.66712
-3.09668
-2.52785
-2.32217
-1.1351
-1.11267
-1.06025
-0.989639
-0.911486
-0.830285
-0.748358
-0.668742
-0.59641
-0.542083
-0.532154
-0.664339
-1.45129
-2.74287
-4.12298
-4.66479
-4.57227
-4.12774
-3.62566
-3.37489
-1.1345
-1.11527
-1.06622
-0.99695
-0.91981
-0.839166
-0.757066
-0.675932
-0.598843
-0.533071
-0.504242
-0.549907
-1.08812
-1.74884
-2.36742
-2.54305
-2.29755
-1.91652
-1.57504
-1.37233
-1.12572
-1.11026
-1.06571
-0.99815
-0.92203
-0.841834
-0.75942
-0.676065
-0.592378
-0.509777
-0.435478
-0.386155
-0.362994
-0.19885
0.144268
0.54639
0.979267
1.29085
1.44311
1.4987
-1.10857
-1.09689
-1.05748
-0.992465
-0.917326
-0.838078
-0.75598
-0.670601
-0.579439
-0.476511
-0.365818
-0.26833
-0.00118362
0.569006
1.24178
1.86327
2.32163
2.59808
2.71734
2.7479
-1.08274
-1.07466
-1.04101
-0.979117
-0.905201
-0.828158
-0.747897
-0.662367
-0.566367
-0.448935
-0.318624
-0.187151
0.013099
0.606548
1.26426
1.83106
2.23471
2.46851
2.56916
2.59562
-1.04627
-1.04087
-1.01245
-0.954955
-0.88533
-0.812179
-0.736843
-0.656239
-0.562541
-0.439682
-0.287448
-0.142064
-0.00839015
0.416375
0.93814
1.36063
1.6744
1.87013
1.96947
2.003
-0.993599
-0.990276
-0.968066
-0.918566
-0.855865
-0.791066
-0.726134
-0.657412
-0.574289
-0.453803
-0.289855
-0.12369
0.0240258
0.253675
0.58834
0.88356
1.11738
1.27689
1.37197
1.40743
-0.922556
-0.920183
-0.904269
-0.866823
-0.817324
-0.766567
-0.718102
-0.670303
-0.611216
-0.514313
-0.355286
-0.163603
0.0055247
0.13903
0.325886
0.512264
0.661966
0.761558
0.82308
0.84783
-0.840539
-0.838493
-0.828726
-0.806257
-0.775247
-0.743753
-0.716764
-0.695949
-0.677642
-0.640386
-0.522133
-0.323762
-0.130639
-0.028519
0.0973562
0.238609
0.351309
0.428866
0.4669
0.473676
-0.774883
-0.773447
-0.768606
-0.757767
-0.743258
-0.73115
-0.7287
-0.745646
-0.795942
-0.887412
-0.884831
-0.659157
-0.405237
-0.288445
-0.17863
-0.0513794
0.0576946
0.129841
0.165308
0.17016
-0.727079
-0.726998
-0.725953
-0.723226
-0.721538
-0.727353
-0.751706
-0.817019
-0.97153
-1.26965
-1.48325
-1.21521
-0.81552
-0.599966
-0.451144
-0.299055
-0.178419
-0.100048
-0.0661151
-0.0658536
-0.680907
-0.68233
-0.683883
-0.686382
-0.694123
-0.714549
-0.762709
-0.874469
-1.13989
-1.6761
-2.16397
-1.87073
-1.30047
-0.974228
-0.736185
-0.5273
-0.378185
-0.292322
-0.26306
-0.264794
-0.617777
-0.619953
-0.623331
-0.629358
-0.642725
-0.671398
-0.732528
-0.867124
-1.17839
-1.83185
-2.37777
-2.07164
-1.51333
-1.16746
-0.885053
-0.672032
-0.542128
-0.483508
-0.465501
-0.465223
-0.531995
-0.534286
-0.538206
-0.545297
-0.559257
-0.587283
-0.644268
-0.767746
-1.05207
-1.62016
-2.0452
-1.79604
-1.40849
-1.10704
-0.847723
-0.699769
-0.638107
-0.622422
-0.614058
-0.610501
-0.428562
-0.43037
-0.433742
-0.439454
-0.450319
-0.471003
-0.511611
-0.597288
-0.790365
-1.16655
-1.43394
-1.2984
-1.05082
-0.814714
-0.664661
-0.605843
-0.60899
-0.617595
-0.615963
-0.612899
-0.319821
-0.320868
-0.32306
-0.326433
-0.33254
-0.343585
-0.364433
-0.406743
-0.498409
-0.674462
-0.805517
-0.711711
-0.564424
-0.457399
-0.43337
-0.457095
-0.482803
-0.496218
-0.49859
-0.497241
-0.218761
-0.219124
-0.220164
-0.221515
-0.223558
-0.226696
-0.232097
-0.242451
-0.263543
-0.296333
-0.301218
-0.265178
-0.212621
-0.225651
-0.264868
-0.305828
-0.330375
-0.341911
-0.345533
-0.346011
-0.134348
-0.134278
-0.134588
-0.134767
-0.1345
-0.133217
-0.130275
-0.124659
-0.114805
-0.0963959
-0.0720965
-0.0493107
-0.0563836
-0.101656
-0.146645
-0.179697
-0.198439
-0.207662
-0.211691
-0.212672
-0.0700723
-0.0698196
-0.0698263
-0.069621
-0.068573
-0.0658295
-0.0602618
-0.0500971
-0.0331929
-0.00814347
0.0125137
0.0130653
-0.00289032
-0.0381991
-0.071162
-0.0937542
-0.106644
-0.113223
-0.116424
-0.117426
-0.0249617
-0.0246915
-0.0246478
-0.0244931
-0.0235462
-0.020931
-0.0156709
-0.00640357
0.00814778
0.0271668
0.0389404
0.033249
0.0168869
-0.00635138
-0.027288
-0.0417241
-0.0501803
-0.0546417
-0.0569097
-0.0576681
0.00437114
0.00458054
0.00457113
0.00451624
0.00503864
0.00686997
0.0107804
0.0176108
0.0277758
0.0397177
0.044973
0.0385178
0.0254897
0.0104523
-0.00256209
-0.0117744
-0.017411
-0.0204642
-0.0219492
-0.0224441
0.0219419
0.0220712
0.0219846
0.0217224
0.021813
0.0228067
0.0252178
0.0295509
0.035847
0.0425281
0.0440503
0.0383593
0.0290385
0.0192435
0.0109531
0.00491421
0.00104321
-0.00109742
-0.0021072
-0.00241892
0.0313397
0.0314002
0.0312496
0.0308506
0.030621
0.0309637
0.0322075
0.0345953
0.0380145
0.0412733
0.0409883
0.036377
0.0298462
0.0233224
0.017859
0.0137746
0.0110482
0.00952008
0.00883559
0.00862828
0.0353242
0.0353376
0.0351471
0.0346703
0.0342515
0.0341474
0.0345809
0.0356792
0.0372801
0.0384896
0.0373248
0.0336282
0.0290007
0.0245488
0.0208302
0.0179918
0.0160382
0.0149338
0.0144608
0.0143216
0.0358229
0.0358095
0.0356011
0.0351061
0.0345865
0.0342127
0.0341244
0.0343749
0.0348314
0.0348889
0.0334196
0.030505
0.0271643
0.0240405
0.021438
0.0194232
0.0180063
0.0172027
0.0168718
0.0167743
0.0341213
0.0340955
0.033893
0.0334249
0.0328822
0.0323828
0.0320158
0.031798
0.0316177
0.0310679
0.0295436
0.0272231
0.0247515
0.0225013
0.0206334
0.0191739
0.018133
0.0175425
0.0173076
0.0172406
0.0310653
0.0310362
0.0308541
0.0304355
0.0299173
0.0293834
0.0288868
0.0284289
0.0279271
0.0271111
0.025674
0.023826
0.0219709
0.0203198
0.018956
0.0178854
0.0171156
0.0166795
0.0165107
0.0164637
0.0271955
0.0271682
0.0270143
0.0266567
0.0261946
0.0256867
0.0251644
0.024621
0.0239958
0.0231133
0.0218391
0.0203731
0.0189682
0.0177424
0.0167358
0.0159443
0.0153723
0.0150489
0.0149268
0.0148935
0.0228504
0.0228273
0.022704
0.0224121
0.0220205
0.0215743
0.0210892
0.0205568
0.0199334
0.0191044
0.0180273
0.0168793
0.0158193
0.0149094
0.0141665
0.0135818
0.0131576
0.0129188
0.0128311
0.0128075
0.0182359
0.0182176
0.0181237
0.0178964
0.0175822
0.017216
0.016805
0.0163409
0.015793
0.015088
0.014228
0.0133571
0.0125745
0.0119111
0.0113712
0.0109452
0.0106351
0.010462
0.0104002
0.0103836
0.0134738
0.0134604
0.0133937
0.0132273
0.0129927
0.0127163
0.0124012
0.0120399
0.0116114
0.0110703
0.0104351
0.00981366
0.00926595
0.00880542
0.00843037
0.00813256
0.00791462
0.00779448
0.00775312
0.00774157
0.00863092
0.00862259
0.00858104
0.00847239
0.00831784
0.00813711
0.00793006
0.00769064
0.00740589
0.0070501
0.00664206
0.00625144
0.00591215
0.00562856
0.00539701
0.00521087
0.00507305
0.00499842
0.004974
0.00496622
0.00373878
0.00373631
0.00373683
0.003712
0.00365221
0.00357722
0.00348817
0.00338475
0.00326284
0.00311414
0.00293418
0.00274799
0.00258446
0.00244684
0.00233466
0.0022447
0.0021746
0.00213286
0.00212268
0.00211847
-1.45479
-0.799361
-0.427361
-0.164744
0.038791
0.198158
0.330242
0.445241
0.571611
0.561735
-0.534936
-0.341305
-0.139051
0.0302791
0.171178
0.287611
0.384557
0.458661
0.49117
0.495125
-0.192311
-0.0686987
0.0627222
0.177436
0.275751
0.35824
0.424207
0.470958
0.500035
0.516191
0.0373209
0.120616
0.210286
0.290786
0.360521
0.419078
0.46602
0.501805
0.528817
0.5468
0.203713
0.262847
0.325891
0.384422
0.435647
0.479432
0.515852
0.545349
0.569044
0.586974
0.333342
0.377
0.42382
0.468635
0.508742
0.543907
0.574089
0.599145
0.619544
0.637099
0.440879
0.474662
0.51397
0.550743
0.584786
0.615282
0.641757
0.66378
0.681316
0.698596
0.536478
0.567126
0.603079
0.636891
0.668377
0.696737
0.721246
0.741296
0.756317
0.773442
0.63063
0.662982
0.699575
0.733525
0.764543
0.792012
0.815299
0.833853
0.846835
0.864125
0.736558
0.772982
0.811852
0.846834
0.877529
0.90381
0.925531
0.942522
0.954382
0.972269
0.867217
0.906596
0.945254
0.978842
1.00722
1.03113
1.05104
1.0668
1.0788
1.09709
1.02893
1.06568
1.09783
1.12482
1.14789
1.1686
1.18739
1.20358
1.2174
1.23531
1.21403
1.23941
1.25954
1.2782
1.296
1.31286
1.32883
1.34492
1.36212
1.38129
1.40113
1.41212
1.42494
1.43958
1.45326
1.46541
1.47641
1.48783
1.50329
1.52274
1.5832
1.59673
1.60182
1.60281
1.60481
1.61227
1.62608
1.64374
1.65752
1.66887
1.85219
1.80164
1.75419
1.72266
1.7097
1.71428
1.73751
1.7826
1.84932
1.94345
0.292555
0.289555
0.283498
0.272588
0.260116
0.248827
0.239785
0.233019
0.228505
0.226489
0.227525
0.231294
0.23726
0.245379
0.255746
0.267964
0.280244
0.288908
0.293408
0.295548
0.220819
0.227478
0.232756
0.236403
0.237545
0.235938
0.232503
0.228713
0.225686
0.224245
0.225126
0.227931
0.2318
0.235844
0.238728
0.239142
0.236732
0.232272
0.225938
0.220098
0.210666
0.213647
0.217054
0.2196
0.221419
0.222651
0.222915
0.222174
0.221053
0.220454
0.221096
0.222595
0.224028
0.224597
0.223996
0.222586
0.220551
0.217573
0.214174
0.211881
0.204564
0.206012
0.208305
0.210673
0.212483
0.213747
0.214677
0.215268
0.215497
0.215669
0.216104
0.216564
0.216624
0.216176
0.215333
0.213991
0.211994
0.209609
0.207766
0.206684
0.199172
0.200018
0.201609
0.203549
0.205456
0.207079
0.208313
0.209271
0.210044
0.210645
0.211014
0.211047
0.210725
0.210039
0.208894
0.207303
0.205498
0.203738
0.202599
0.201947
0.194148
0.194721
0.195983
0.197646
0.199403
0.201132
0.2027
0.203995
0.205037
0.20584
0.206262
0.206202
0.20569
0.204731
0.203405
0.201894
0.200331
0.198917
0.198083
0.197652
0.189552
0.189974
0.191057
0.192602
0.194246
0.195908
0.197573
0.199124
0.20042
0.201409
0.201925
0.201848
0.201214
0.200169
0.198915
0.197555
0.196132
0.194899
0.194238
0.193939
0.18532
0.185621
0.186567
0.187995
0.189539
0.19108
0.192591
0.194093
0.19554
0.196761
0.197392
0.197354
0.196861
0.196077
0.195065
0.193875
0.19261
0.191524
0.191
0.190809
0.181816
0.182006
0.182825
0.184185
0.185686
0.187238
0.18884
0.1904
0.191877
0.193198
0.194063
0.194294
0.194005
0.193302
0.192361
0.191297
0.190139
0.189185
0.188797
0.188707
0.17928
0.17939
0.179934
0.18095
0.182135
0.183381
0.184711
0.186202
0.187789
0.189334
0.190447
0.190934
0.19094
0.190669
0.190173
0.189508
0.188755
0.188174
0.187963
0.187919
0.176899
0.176984
0.177308
0.177945
0.1788
0.179861
0.18113
0.182593
0.184245
0.185999
0.187461
0.188337
0.188712
0.188734
0.188574
0.188329
0.188048
0.187837
0.187744
0.187702
0.173836
0.173911
0.174153
0.174601
0.175301
0.176208
0.177435
0.178994
0.180877
0.18298
0.184846
0.186088
0.186838
0.187186
0.187289
0.187411
0.187458
0.18745
0.187411
0.18737
0.169913
0.169975
0.170218
0.170663
0.171276
0.172239
0.173536
0.175236
0.177377
0.179892
0.182273
0.184005
0.18512
0.185847
0.186406
0.186697
0.186886
0.186943
0.186933
0.186895
0.165326
0.165379
0.165643
0.166193
0.166963
0.168019
0.169531
0.171539
0.174088
0.177145
0.180152
0.182436
0.184018
0.185063
0.185781
0.186246
0.186491
0.186582
0.186609
0.186582
0.1602
0.160244
0.160527
0.161152
0.162093
0.163424
0.165163
0.167526
0.170581
0.174363
0.178154
0.181124
0.183231
0.184711
0.18567
0.186293
0.186612
0.186769
0.186834
0.186812
0.154527
0.15458
0.15488
0.155589
0.15668
0.15832
0.160413
0.163257
0.166998
0.171678
0.176439
0.180216
0.182952
0.184799
0.186134
0.186961
0.187441
0.187701
0.187802
0.18778
0.148079
0.148136
0.148503
0.149298
0.150591
0.152445
0.155028
0.158546
0.16318
0.169007
0.174966
0.179744
0.183157
0.185657
0.18732
0.188414
0.189095
0.189474
0.189609
0.18958
0.140479
0.140555
0.140999
0.141967
0.143477
0.145719
0.148913
0.153291
0.159073
0.166354
0.173809
0.17978
0.184166
0.18724
0.189354
0.19077
0.191682
0.192186
0.192354
0.192318
0.131328
0.131432
0.131989
0.133172
0.135065
0.137865
0.141858
0.147347
0.154607
0.163723
0.173017
0.180455
0.185892
0.189728
0.192378
0.194171
0.195339
0.19598
0.196189
0.196142
0.120182
0.120328
0.121066
0.122574
0.12497
0.128529
0.133602
0.140571
0.149733
0.16114
0.172683
0.181871
0.188564
0.193304
0.19659
0.198824
0.200287
0.201088
0.201345
0.201286
0.106363
0.10657
0.10757
0.109556
0.112691
0.117321
0.123885
0.132813
0.144405
0.158655
0.17291
0.18418
0.192372
0.198181
0.202218
0.204976
0.206788
0.207787
0.2081
0.208025
0.0889333
0.0892459
0.0906454
0.0933392
0.0975515
0.103717
0.112346
0.123884
0.138597
0.156349
0.173838
0.187553
0.197505
0.204578
0.209516
0.212907
0.215144
0.216379
0.216764
0.216669
0.0664915
0.0670005
0.0690323
0.0728098
0.0786518
0.0870821
0.0986277
0.113683
0.132369
0.154356
0.175622
0.192153
0.204144
0.212709
0.218735
0.222906
0.225675
0.227194
0.227661
0.227542
0.0366598
0.0375546
0.0407016
0.046354
0.0548895
0.0668206
0.0825489
0.102279
0.125907
0.152892
0.178452
0.198141
0.212439
0.222739
0.23008
0.235231
0.238684
0.240569
0.241136
0.240986
-0.00476744
-0.00297832
0.00263603
0.0119293
0.0251634
0.0425674
0.0641877
0.0899637
0.119555
0.15224
0.182514
0.205626
0.222455
0.234725
0.24364
0.25004
0.254416
0.25678
0.257455
0.257264
-0.0655136
-0.0601995
-0.0485591
-0.032101
-0.0108006
0.0147123
0.0441766
0.0773575
0.113786
0.152681
0.187913
0.214586
0.234083
0.24849
0.259207
0.267133
0.2727
0.275748
0.276625
0.276342
-0.138123
-0.128909
-0.107595
-0.0802672
-0.0489903
-0.0143731
0.0235507
0.0646528
0.108537
0.154539
0.195867
0.227295
0.250629
0.26829
0.281835
0.292299
0.299998
0.30363
0.30457
0.304755
-0.211024
-0.194684
-0.164081
-0.126817
-0.0861434
-0.0426088
0.00370792
0.0527034
0.104059
0.157206
0.204697
0.24091
0.268052
0.288937
0.305322
0.318237
0.327825
0.332689
0.33495
0.335293
-0.268877
-0.24909
-0.212742
-0.168329
-0.120064
-0.0688672
-0.0149874
0.0413351
0.0997057
0.159519
0.212582
0.252884
0.283054
0.306265
0.324471
0.338833
0.349634
0.355873
0.35869
0.359064
-0.315881
-0.29412
-0.253577
-0.203959
-0.149877
-0.0924974
-0.0322138
0.0305431
0.0952115
0.161043
0.219003
0.262678
0.295092
0.319803
0.339035
0.354146
0.365578
0.372429
0.375388
0.375751
-0.35485
-0.332217
-0.288611
-0.234886
-0.176137
-0.113694
-0.0479996
0.0203546
0.0906154
0.16183
0.224102
0.270558
0.30466
0.330376
0.350169
0.365535
0.377081
0.384038
0.387022
0.387432
-0.388642
-0.365418
-0.319467
-0.262396
-0.199796
-0.133021
-0.0626443
0.0106303
0.0859171
0.162019
0.22821
0.277185
0.312756
0.339242
0.359355
0.374776
0.386294
0.393323
0.396193
0.396598
-0.418749
-0.395163
-0.347301
-0.287496
-0.221619
-0.151103
-0.076601
0.0011055
0.0809971
0.1617
0.231636
0.282975
0.319866
0.347016
0.367403
0.382883
0.394331
0.401458
0.40422
0.404555
-0.446341
-0.422473
-0.373063
-0.310907
-0.242206
-0.168401
-0.0902099
-0.00847968
0.0756826
0.160742
0.234283
0.28799
0.326274
0.354185
0.374923
0.390521
0.401968
0.409129
0.41183
0.411987
-0.472279
-0.448054
-0.397354
-0.333113
-0.261925
-0.185232
-0.103754
-0.0183669
0.0697627
0.158991
0.236223
0.292482
0.332334
0.361129
0.382321
0.398112
0.409605
0.416714
0.419379
0.41944
-0.496967
-0.4724
-0.420506
-0.354495
-0.281107
-0.201839
-0.117413
-0.0286929
0.0631651
0.156506
0.23751
0.296499
0.338141
0.368015
0.38981
0.405904
0.417503
0.42458
0.427217
0.427246
-0.520746
-0.495816
-0.442875
-0.37527
-0.299906
-0.218343
-0.131261
-0.039489
0.0558682
0.153187
0.238029
0.299995
0.343697
0.374909
0.3975
0.414032
0.425828
0.432862
0.435445
0.435441
-0.543806
-0.518485
-0.46467
-0.395558
-0.318435
-0.234836
-0.14537
-0.0508208
0.0477626
0.148901
0.237699
0.302923
0.348993
0.381819
0.405428
0.422551
0.434624
0.441669
0.444134
0.444121
-0.566249
-0.540537
-0.485879
-0.415431
-0.336761
-0.251353
-0.159767
-0.0627369
0.0388144
0.143609
0.236389
0.30514
0.353958
0.388716
0.413584
0.431458
0.443885
0.450947
0.453268
0.453211
-0.588135
-0.562029
-0.506511
-0.434899
-0.354872
-0.267868
-0.174427
-0.0751951
0.029044
0.137257
0.233979
0.306464
0.358407
0.395495
0.421912
0.440708
0.453556
0.460624
0.462773
0.462631
-0.609408
-0.582917
-0.526619
-0.453962
-0.372738
-0.284347
-0.18929
-0.0881339
0.0184744
0.129817
0.230352
0.306712
0.362118
0.401993
0.430343
0.450269
0.463581
0.470614
0.472544
0.472288
-0.63009
-0.603211
-0.546163
-0.472584
-0.390313
-0.300727
-0.204283
-0.10149
0.00717239
0.121297
0.225423
0.305682
0.364848
0.408017
0.438812
0.460137
0.473878
0.480689
0.482316
0.481955
-0.650077
-0.622849
-0.565111
-0.490719
-0.407536
-0.316927
-0.219328
-0.115168
-0.00477392
0.111741
0.219122
0.303172
0.366286
0.41326
0.447213
0.470431
0.484527
0.490745
0.491867
0.491411
-0.669429
-0.641777
-0.583441
-0.508316
-0.424346
-0.332885
-0.234329
-0.129055
-0.0172701
0.10123
0.211433
0.299032
0.366084
0.417266
0.455288
0.48141
0.496033
0.500868
0.500909
0.50038
-0.687997
-0.660001
-0.601103
-0.525328
-0.440691
-0.348519
-0.249202
-0.143062
-0.0301865
0.0898794
0.202388
0.293152
0.363929
0.419406
0.462419
0.493155
0.509661
0.512358
0.50949
0.508361
-0.705912
-0.6775
-0.618059
-0.541702
-0.4565
-0.363751
-0.263833
-0.157055
-0.0433842
0.0778172
0.192077
0.285479
0.35959
0.418922
0.467355
0.504776
0.526602
0.529759
0.520964
0.502085
-0.723072
-0.694282
-0.634448
-0.55763
-0.472052
-0.3789
-0.278626
-0.171488
-0.0573863
0.0644798
0.179877
0.275285
0.352417
0.414751
0.467909
0.513454
0.5448
0.55288
0.537584
0.550606
-0.739635
-0.710362
-0.650226
-0.57305
-0.487304
-0.393904
-0.293565
-0.18632
-0.0721732
0.0498178
0.165674
0.262126
0.34183
0.405938
0.459738
0.510393
0.543628
0.555047
0.495543
0.46635
-0.756115
-0.726302
-0.665147
-0.587555
-0.501796
-0.408344
-0.308454
-0.201298
-0.0874537
0.0340775
0.149588
0.24586
0.32737
0.392493
0.439338
0.483911
0.508725
0.483525
0.411508
0.362721
-0.773111
-0.742612
-0.678736
-0.600919
-0.515165
-0.422106
-0.32295
-0.216255
-0.103128
0.0173288
0.131609
0.226562
0.307916
0.375649
0.418678
0.427264
0.418922
0.36245
0.283745
0.234845
-0.387792
-0.284465
-0.17538
-0.059961
0.0570961
0.160648
0.243335
0.0746708
-0.79053
-0.771146
-0.735117
-0.66956
-0.588609
-0.500128
-0.404469
-0.302386
-0.194487
-0.0808934
0.0339593
0.135003
0.214885
0.280156
0.326489
0.294439
0.142574
0.0463894
-0.0290446
-0.805719
-0.793025
-0.750214
-0.683006
-0.601933
-0.513656
-0.418669
-0.317324
-0.210674
-0.0990885
0.0125685
0.108962
0.182872
0.233811
0.23066
0.118711
-0.0488438
-0.171566
-0.274388
-0.82626
-0.813874
-0.768274
-0.700072
-0.618956
-0.53067
-0.435806
-0.335074
-0.229722
-0.12032
-0.0125436
0.0780337
0.143842
0.178259
0.127009
-0.0542091
-0.253825
-0.413278
-0.556658
-0.846573
-0.834049
-0.787098
-0.717852
-0.636482
-0.548269
-0.453811
-0.354022
-0.250203
-0.143352
-0.039838
0.0445443
0.101605
0.113985
0.0146165
-0.224395
-0.468516
-0.689667
-0.906345
-0.865803
-0.853838
-0.806306
-0.736156
-0.654513
-0.566379
-0.472441
-0.37369
-0.271541
-0.167508
-0.0686406
0.00904819
0.0567989
0.0356025
-0.12493
-0.383123
-0.662094
-0.933614
-1.18134
-0.884937
-0.873578
-0.826036
-0.755343
-0.673508
-0.585419
-0.491927
-0.394135
-0.293672
-0.192534
-0.0984625
-0.0278168
0.00978579
-0.0499414
-0.256359
-0.516898
-0.794635
-1.06516
-1.23493
-1.29276
-0.904992
-0.893955
-0.846522
-0.775642
-0.693787
-0.605823
-0.51283
-0.416079
-0.317484
-0.219568
-0.130746
-0.0677382
-0.0431961
-0.131801
-0.37823
-0.628532
-0.87181
-1.06748
-1.13358
-1.16536
-0.925908
-0.915217
-0.868001
-0.797097
-0.715347
-0.627662
-0.535303
-0.439795
-0.343341
-0.249071
-0.166052
-0.111299
-0.102119
-0.225871
-0.488052
-0.724401
-0.932286
-1.0641
-1.10856
-1.1075
-0.947997
-0.937435
-0.89062
-0.819649
-0.7381
-0.65081
-0.559254
-0.465179
-0.371122
-0.280894
-0.204292
-0.158096
-0.169231
-0.337975
-0.590526
-0.811306
-0.996153
-1.06822
-1.07729
-1.07979
-0.971107
-0.96064
-0.91408
-0.843253
-0.761957
-0.675161
-0.584548
-0.49207
-0.400638
-0.314794
-0.245162
-0.207309
-0.248126
-0.448205
-0.692866
-0.891379
-1.02794
-1.07646
-1.06511
-1.06323
-0.995008
-0.984607
-0.9382
-0.867739
-0.786729
-0.700545
-0.610982
-0.520249
-0.431616
-0.350404
-0.287976
-0.259156
-0.325451
-0.554997
-0.79805
-0.964951
-1.00864
-1.03958
-1.04988
-1.05248
-1.01901
-1.00891
-0.962935
-0.892741
-0.812171
-0.726659
-0.638242
-0.549359
-0.463621
-0.387104
-0.331827
-0.313908
-0.400001
-0.650982
-0.915026
-1.05528
-1.04967
-1.05701
-1.06021
-1.05936
-1.04269
-1.03299
-0.987739
-0.917882
-0.837842
-0.753075
-0.66587
-0.578869
-0.496042
-0.424037
-0.375922
-0.367998
-0.470155
-0.726688
-1.03809
-1.30162
-1.24432
-1.14292
-1.08218
-1.06546
-1.06555
-1.05617
-1.01202
-0.942671
-0.863172
-0.779223
-0.693253
-0.60806
-0.528007
-0.460046
-0.418915
-0.416524
-0.538517
-0.774707
-1.05394
-1.55371
-1.39613
-1.20002
-1.09003
-1.05246
-1.08669
-1.0777
-1.03466
-0.966342
-0.88752
-0.804397
-0.7196
-0.636044
-0.558352
-0.493758
-0.458651
-0.458269
-0.596706
-0.7659
-0.752886
-0.879288
-1.12997
-1.31548
-1.32966
-1.29314
-1.10489
-1.09645
-1.05507
-0.987828
-0.909959
-0.82773
-0.743983
-0.661696
-0.585661
-0.523598
-0.491812
-0.492975
-0.670388
-0.803512
-0.431138
0.0231355
-0.644364
-1.23411
-1.3471
-1.37424
-1.11896
-1.1113
-1.07209
-1.00639
-0.929467
-0.84814
-0.765301
-0.683874
-0.608407
-0.54744
-0.515825
-0.526582
-0.798988
-1.25803
-1.74999
-2.14308
-2.50838
-2.29157
-1.86433
-1.68646
-1.12789
-1.12127
-1.08471
-1.02089
-0.945044
-0.864561
-0.782412
-0.701257
-0.625226
-0.562199
-0.528081
-0.554463
-0.9677
-1.93003
-3.4357
-4.28889
-4.5438
-4.20338
-3.5824
-3.09246
-1.13102
-1.12529
-1.09197
-1.03043
-0.955716
-0.876038
-0.794225
-0.712728
-0.634716
-0.56616
-0.523362
-0.538091
-0.933604
-1.85239
-3.02823
-3.9402
-4.09767
-3.72082
-3.20689
-2.83214
-1.12676
-1.12223
-1.09283
-1.03424
-0.960677
-0.881661
-0.800114
-0.717637
-0.636206
-0.558237
-0.492733
-0.468776
-0.577215
-0.842203
-0.967142
-0.933425
-0.684682
-0.343903
-0.0585545
0.10279
-1.11421
-1.11085
-1.08576
-1.03119
-0.95924
-0.880919
-0.79971
-0.716156
-0.630216
-0.539861
-0.448353
-0.365632
-0.234815
0.074697
0.575515
1.16457
1.69028
2.03072
2.2148
2.28671
-1.09331
-1.0912
-1.07095
-1.02055
-0.950281
-0.87336
-0.793223
-0.709874
-0.620864
-0.520152
-0.403756
-0.273672
-0.137045
0.296412
0.996014
1.65552
2.18599
2.53159
2.71082
2.77869
-1.06327
-1.06222
-1.04666
-1.00051
-0.932795
-0.858764
-0.781929
-0.701981
-0.613598
-0.506872
-0.372676
-0.229436
-0.107121
0.226794
0.830598
1.37861
1.80507
2.08005
2.2298
2.29569
-1.01999
-1.01962
-1.0084
-0.967917
-0.905833
-0.836966
-0.767099
-0.694647
-0.613993
-0.510076
-0.366685
-0.204502
-0.0592778
0.132767
0.548923
0.946437
1.26575
1.48429
1.61076
1.67451
-0.960031
-0.959631
-0.95124
-0.919327
-0.866717
-0.807997
-0.749859
-0.691637
-0.627368
-0.543101
-0.40389
-0.21952
-0.0418817
0.102242
0.314376
0.558477
0.771963
0.931946
1.02525
1.06875
-0.880586
-0.879951
-0.874024
-0.852917
-0.816449
-0.774644
-0.734628
-0.697932
-0.660005
-0.603637
-0.504856
-0.325182
-0.123891
0.0105586
0.14501
0.307123
0.449427
0.554552
0.622803
0.655058
-0.805249
-0.804518
-0.800596
-0.789025
-0.769038
-0.746188
-0.727247
-0.717773
-0.722407
-0.734182
-0.726694
-0.588122
-0.344224
-0.195582
-0.103863
0.0250907
0.147683
0.241224
0.293297
0.312672
-0.749474
-0.749134
-0.747585
-0.743117
-0.735495
-0.729259
-0.731915
-0.755124
-0.821064
-0.962853
-1.13226
-1.069
-0.737648
-0.494237
-0.373796
-0.243726
-0.118691
-0.0254776
0.0289238
0.0464872
-0.70507
-0.705552
-0.706219
-0.706177
-0.707334
-0.714766
-0.737814
-0.795822
-0.934898
-1.25133
-1.7175
-1.76397
-1.30082
-0.895553
-0.695076
-0.504497
-0.343811
-0.23294
-0.175429
-0.163559
-0.651614
-0.652888
-0.655236
-0.658361
-0.665498
-0.682329
-0.720257
-0.804378
-0.999391
-1.44655
-2.15167
-2.2918
-1.7379
-1.24955
-0.969598
-0.714911
-0.530827
-0.419382
-0.371874
-0.363627
-0.577019
-0.57862
-0.581671
-0.586624
-0.596415
-0.616947
-0.659043
-0.74817
-0.950319
-1.4086
-2.09789
-2.18714
-1.71419
-1.3156
-1.01849
-0.782309
-0.641254
-0.579507
-0.558717
-0.551558
-0.481117
-0.482683
-0.485554
-0.490489
-0.499549
-0.517435
-0.55241
-0.624432
-0.78472
-1.14314
-1.64545
-1.70999
-1.41286
-1.1202
-0.863274
-0.708895
-0.646207
-0.639801
-0.637887
-0.632013
-0.373401
-0.374586
-0.376626
-0.380208
-0.386404
-0.398004
-0.41984
-0.463315
-0.556968
-0.762101
-1.04222
-1.07274
-0.899161
-0.71036
-0.57351
-0.530537
-0.543033
-0.561054
-0.567136
-0.56539
-0.267219
-0.267939
-0.268979
-0.270918
-0.273869
-0.278927
-0.287918
-0.305
-0.34009
-0.412943
-0.512937
-0.514912
-0.408605
-0.338312
-0.326872
-0.362474
-0.395143
-0.414313
-0.421399
-0.422115
-0.173853
-0.174192
-0.174457
-0.175191
-0.17587
-0.176431
-0.176837
-0.17721
-0.178132
-0.179542
-0.168332
-0.146651
-0.107973
-0.130113
-0.177383
-0.221218
-0.250659
-0.266116
-0.272776
-0.275094
-0.0995041
-0.0996049
-0.0994682
-0.0996181
-0.0992556
-0.0977937
-0.0944197
-0.0878057
-0.0760575
-0.0564275
-0.028679
-0.0144825
-0.0100705
-0.0423477
-0.085927
-0.119554
-0.140835
-0.152178
-0.157501
-0.159811
-0.0452039
-0.0451943
-0.0449366
-0.0449506
-0.0444184
-0.0425754
-0.038532
-0.0309002
-0.0178888
0.00189929
0.0238775
0.0296255
0.0199951
-0.00489956
-0.0339357
-0.0562571
-0.0702763
-0.0778781
-0.0817506
-0.0835184
-0.00851509
-0.00847617
-0.00824991
-0.00833988
-0.00802562
-0.0066142
-0.0032888
0.0029526
0.0131434
0.0274837
0.0409201
0.0415791
0.0303435
0.0127007
-0.00547317
-0.0195084
-0.0285625
-0.0336542
-0.0363069
-0.0374576
0.0144266
0.0144558
0.0145932
0.0143795
0.0143875
0.015158
0.0173373
0.0216135
0.0285015
0.0375463
0.0446358
0.0427801
0.0336009
0.0215518
0.0100842
0.00117026
-0.00481119
-0.00831035
-0.0101122
-0.0108903
0.027502
0.0275109
0.0275566
0.027248
0.0269943
0.0272133
0.0283701
0.0308575
0.0349048
0.039985
0.0431832
0.0405435
0.0337432
0.0256096
0.018167
0.0123328
0.0082632
0.00579062
0.0045343
0.00403502
0.0338972
0.0338892
0.0338646
0.0335074
0.0330887
0.0329233
0.0333413
0.0345742
0.0366753
0.0391555
0.0401179
0.0374039
0.032385
0.0268124
0.0218306
0.0178835
0.0150397
0.0132606
0.0123724
0.0120386
0.0359392
0.0359223
0.0358549
0.0354815
0.0349656
0.0345656
0.0344873
0.0348638
0.0357
0.0366108
0.036367
0.0338673
0.030144
0.0262496
0.0228167
0.0200734
0.0180502
0.0167581
0.0161248
0.0159002
0.0352037
0.0351836
0.0350975
0.034737
0.0341978
0.0336843
0.0333252
0.0331915
0.0332576
0.0332519
0.0324258
0.0302475
0.0274406
0.0246424
0.022209
0.0202546
0.0187893
0.0178407
0.0173837
0.0172284
0.0327371
0.0327175
0.0326299
0.0323028
0.0317905
0.0312485
0.0307583
0.0303578
0.0300173
0.0295401
0.0284684
0.0265981
0.024449
0.022395
0.0206311
0.0192115
0.0181365
0.0174351
0.0171021
0.0169937
0.0292182
0.029201
0.0291215
0.0288388
0.0283809
0.0278634
0.0273387
0.0268234
0.0262899
0.0256056
0.0245006
0.0229352
0.0212793
0.0197492
0.0184512
0.0174075
0.016613
0.0160921
0.0158479
0.0157712
0.0250756
0.0250614
0.0249949
0.0247618
0.0243716
0.0239136
0.0234181
0.0228925
0.0223127
0.0215875
0.0205613
0.0192765
0.0180008
0.0168548
0.0158932
0.0151217
0.0145326
0.0141454
0.0139661
0.0139117
0.0205745
0.0205633
0.0205109
0.020327
0.0200102
0.0196276
0.0191974
0.0187218
0.0181811
0.0175144
0.0166349
0.0156153
0.0146477
0.0137974
0.0130904
0.0125237
0.0120896
0.011804
0.011674
0.0116358
0.015874
0.0158655
0.0158267
0.0156889
0.0154456
0.0151462
0.0148024
0.0144136
0.0139646
0.013415
0.0127185
0.0119501
0.011244
0.0106333
0.0101282
0.00972277
0.00941056
0.00920533
0.00911382
0.00908779
0.0110657
0.0110594
0.0110332
0.0109377
0.0107658
0.0105531
0.0103072
0.0100262
0.00969886
0.0092999
0.00880639
0.00827887
0.00780469
0.00739902
0.00706409
0.00679363
0.00658327
0.00644498
0.00638482
0.00636807
0.00619517
0.0061907
0.00617829
0.00612534
0.00602569
0.00590375
0.0057626
0.00559993
0.00540914
0.005177
0.00489403
0.00459764
0.00433531
0.00411286
0.00392985
0.00378142
0.00366449
0.00358863
0.00355811
0.00354949
0.00373615
0.00373743
0.00372965
0.00368528
0.00361633
0.00353438
0.00343848
0.00332629
0.00319235
0.00302696
0.00283976
0.00266332
0.00251242
0.00238777
0.0022872
0.00220698
0.00214928
0.00212487
0.00212226
0.000665045
-1.10424
-0.683625
-0.392079
-0.159647
0.0283823
0.180632
0.305288
0.412106
0.489216
0.489752
-0.477061
-0.280606
-0.106359
0.042782
0.17041
0.278043
0.367492
0.437216
0.480633
0.49743
-0.142514
-0.0237677
0.0894154
0.19144
0.280437
0.356353
0.418688
0.466249
0.499893
0.521396
0.0757996
0.154751
0.233693
0.30644
0.370241
0.425058
0.47067
0.50715
0.535803
0.555401
0.23562
0.28899
0.349094
0.402608
0.450487
0.49235
0.528273
0.55822
0.582658
0.599221
0.361421
0.401962
0.44843
0.489945
0.528408
0.562928
0.593248
0.618977
0.640111
0.65371
0.466769
0.501471
0.539754
0.57584
0.609561
0.640433
0.667789
0.690955
0.70966
0.720656
0.563105
0.595803
0.631976
0.666981
0.699449
0.729021
0.754987
0.776634
0.793434
0.802415
0.661069
0.696656
0.734535
0.771011
0.803832
0.832881
0.857728
0.877998
0.893183
0.901427
0.775881
0.816561
0.856341
0.89388
0.926253
0.953813
0.976799
0.995369
1.00931
1.01857
0.920879
0.96406
1.00182
1.03581
1.06416
1.08824
1.10911
1.12671
1.14073
1.15198
1.09919
1.13695
1.16536
1.18986
1.21107
1.23053
1.24893
1.26619
1.28219
1.29678
1.29721
1.31834
1.33346
1.34944
1.36583
1.38122
1.39503
1.40836
1.42392
1.44233
1.48827
1.49542
1.50597
1.51758
1.52753
1.53679
1.54715
1.55832
1.56998
1.57887
1.70134
1.70312
1.69522
1.67871
1.66762
1.66714
1.67933
1.70396
1.73812
1.76267
2.121
1.92711
1.82609
1.76834
1.73926
1.73263
1.74786
1.7887
1.86455
2.00751
-0.756096
-0.76075
-0.722615
-0.654904
-0.573896
-0.484528
0.319836
0.391453
0.392359
0.315732
0.244049
0.167179
-0.107464
-0.381351
-0.721918
-1.17065
-1.68421
)
;

boundaryField
{
    wall-4
    {
        type            zeroGradient;
    }
    pressure-outlet-7
    {
        type            fixedValue;
        value           uniform 0;
    }
    velocity-inlet-6
    {
        type            zeroGradient;
    }
    velocity-inlet-5
    {
        type            zeroGradient;
    }
    frontAndBackPlanes
    {
        type            empty;
    }
}


// ************************************************************************* //
