/*--------------------------------*- C++ -*----------------------------------*\
  =========                 |
  \\      /  F ield         | OpenFOAM: The Open Source CFD Toolbox
   \\    /   O peration     | Website:  https://openfoam.org
    \\  /    A nd           | Version:  10
     \\/     M anipulation  |
\*---------------------------------------------------------------------------*/
FoamFile
{
    format      ascii;
    class       volScalarField;
    location    "17";
    object      p;
}
// * * * * * * * * * * * * * * * * * * * * * * * * * * * * * * * * * * * * * //

dimensions      [0 2 -2 0 0 0 0];

internalField   nonuniform List<scalar> 
8800
(
0.41091
0.363134
0.324467
0.295492
0.274649
0.259842
0.249266
0.241794
0.23695
0.234803
0.235872
0.239841
0.246278
0.25542
0.268065
0.285701
0.310408
0.344295
0.386792
0.445489
0.242122
0.249804
0.257316
0.260649
0.259176
0.254137
0.247689
0.241646
0.236925
0.234017
0.233581
0.235866
0.240125
0.245859
0.252456
0.258602
0.262141
0.261345
0.25584
0.247102
0.220486
0.226665
0.230829
0.233829
0.235933
0.236594
0.235539
0.233453
0.231399
0.23037
0.231122
0.233265
0.23583
0.237793
0.238211
0.23686
0.234389
0.230896
0.226287
0.222513
0.214599
0.217273
0.220108
0.222607
0.224331
0.225565
0.22636
0.226512
0.226201
0.226028
0.226541
0.22742
0.227971
0.227781
0.22695
0.22566
0.223664
0.220935
0.218435
0.216929
0.209168
0.210614
0.212523
0.214719
0.216667
0.218149
0.219228
0.220049
0.22062
0.221044
0.221419
0.221589
0.221375
0.220782
0.219774
0.218225
0.216252
0.214164
0.212727
0.211906
0.204087
0.205013
0.206448
0.208272
0.210154
0.211897
0.213348
0.214501
0.215445
0.216174
0.216541
0.216467
0.216004
0.215135
0.213827
0.212208
0.21048
0.208874
0.207891
0.207372
0.199415
0.20007
0.201279
0.202938
0.204696
0.20647
0.208182
0.209655
0.210805
0.211663
0.212133
0.212079
0.211474
0.210373
0.208972
0.207462
0.205904
0.204525
0.20376
0.203409
0.195112
0.195562
0.196621
0.198161
0.199772
0.201351
0.202905
0.204457
0.205893
0.207034
0.207566
0.20742
0.206783
0.205862
0.204755
0.203468
0.202077
0.200852
0.200239
0.200019
0.191641
0.191903
0.192812
0.194259
0.19582
0.197404
0.198986
0.20047
0.201859
0.203077
0.203822
0.203949
0.203595
0.202834
0.201805
0.200631
0.199359
0.198284
0.19783
0.197727
0.189281
0.189422
0.190026
0.191107
0.192345
0.19364
0.195008
0.196509
0.19804
0.199463
0.200423
0.200749
0.200585
0.200134
0.199493
0.198716
0.197857
0.197182
0.196925
0.196876
0.187096
0.187198
0.187538
0.188171
0.189005
0.190026
0.191234
0.192611
0.194149
0.195745
0.197016
0.197722
0.197982
0.197919
0.197661
0.197337
0.197004
0.196748
0.19663
0.196585
0.184176
0.184258
0.184501
0.184924
0.185645
0.186526
0.187708
0.189187
0.190929
0.192822
0.194451
0.195478
0.196021
0.196233
0.196201
0.196235
0.196225
0.196175
0.19612
0.196079
0.180446
0.180507
0.180746
0.181192
0.181743
0.182651
0.183864
0.185439
0.187379
0.189629
0.191716
0.193192
0.194115
0.194696
0.195094
0.195306
0.195414
0.195425
0.195405
0.195372
0.17612
0.176157
0.176407
0.176937
0.17769
0.178612
0.180012
0.181824
0.184105
0.186833
0.189479
0.191464
0.192815
0.193695
0.194268
0.194613
0.194763
0.194806
0.194825
0.194804
0.17134
0.171363
0.171609
0.172196
0.173104
0.174257
0.175848
0.17796
0.180678
0.184026
0.187367
0.189964
0.191787
0.193076
0.193882
0.194368
0.194594
0.194706
0.194763
0.194747
0.16609
0.166116
0.166371
0.167014
0.168014
0.169433
0.171306
0.173834
0.177148
0.181293
0.185503
0.188821
0.191244
0.192864
0.193983
0.194679
0.195067
0.19528
0.195371
0.195353
0.16013
0.160157
0.160469
0.161167
0.162305
0.163936
0.166215
0.16932
0.173418
0.178583
0.18387
0.188102
0.191129
0.193308
0.194763
0.195704
0.196277
0.1966
0.196719
0.196695
0.153141
0.153175
0.153561
0.154394
0.1557
0.157677
0.160475
0.164319
0.169427
0.175886
0.182512
0.187807
0.191715
0.194428
0.196293
0.197526
0.198304
0.198739
0.19889
0.198858
0.144791
0.144836
0.1453
0.146312
0.147981
0.150421
0.153895
0.158712
0.165124
0.173213
0.181488
0.188123
0.192962
0.196375
0.198722
0.200292
0.201292
0.201847
0.202035
0.201994
0.134691
0.134751
0.135352
0.136635
0.138738
0.141837
0.146257
0.152366
0.160447
0.170578
0.180885
0.189109
0.195092
0.199318
0.202236
0.204198
0.205452
0.206142
0.206376
0.206325
0.122293
0.12237
0.123156
0.124841
0.127582
0.131598
0.137297
0.145099
0.155323
0.168007
0.18078
0.190905
0.198259
0.203458
0.207056
0.209486
0.211041
0.211893
0.21218
0.212114
0.10684
0.106948
0.108007
0.11027
0.113922
0.119218
0.126657
0.136719
0.14971
0.165557
0.181296
0.19368
0.202657
0.209016
0.213432
0.21643
0.218357
0.219398
0.219743
0.219661
0.0871999
0.0873599
0.088833
0.0919794
0.0969849
0.104135
0.11402
0.12712
0.143637
0.163343
0.182588
0.197603
0.208479
0.216215
0.221623
0.225324
0.227722
0.229016
0.229429
0.229322
0.0615343
0.0617837
0.0639751
0.0686182
0.0757687
0.0857316
0.0991123
0.116269
0.137225
0.161549
0.184839
0.202853
0.215909
0.22526
0.23187
0.236453
0.239451
0.241072
0.241574
0.241433
0.0267946
0.0272758
0.0309374
0.0383242
0.0490897
0.0634256
0.0817909
0.104299
0.130721
0.160415
0.188235
0.209563
0.225061
0.236281
0.244347
0.250057
0.253862
0.255917
0.256522
0.256332
-0.0229909
-0.0213881
-0.0139488
-0.000947718
0.016106
0.0371632
0.0624068
0.0916766
0.124538
0.160226
0.192921
0.217778
0.235911
0.249226
0.259026
0.26618
0.271113
0.273844
0.27462
0.274354
-0.0974581
-0.088402
-0.0713832
-0.0482109
-0.0216908
0.00833686
0.0419743
0.0790256
0.119045
0.161299
0.199341
0.228167
0.249398
0.265304
0.277404
0.286703
0.293527
0.297619
0.298954
0.29892
-0.177066
-0.156679
-0.12941
-0.0958998
-0.0597104
-0.0206003
0.0215081
0.0665231
0.114116
0.163689
0.208136
0.242037
0.267386
0.28682
0.302069
0.314203
0.323643
0.33042
0.333029
0.333165
-0.240292
-0.217465
-0.182004
-0.140251
-0.0955262
-0.0480361
0.0021332
0.0548153
0.10968
0.166173
0.216502
0.254848
0.283629
0.305841
0.323385
0.337443
0.348435
0.356315
0.358603
0.359008
-0.291606
-0.266671
-0.22641
-0.178737
-0.127441
-0.0730646
-0.0159223
0.0436489
0.105174
0.168
0.223539
0.265583
0.296953
0.321006
0.339855
0.354868
0.366531
0.374622
0.377345
0.377792
-0.333395
-0.30769
-0.263958
-0.211856
-0.155391
-0.0954771
-0.0324824
0.0330756
0.100532
0.16903
0.229136
0.274189
0.307429
0.332629
0.352168
0.367573
0.379407
0.387436
0.390377
0.390791
-0.368966
-0.342822
-0.296652
-0.24093
-0.180278
-0.115702
-0.0477027
0.0230677
0.0958041
0.169412
0.233573
0.281231
0.316016
0.342072
0.361996
0.37746
0.389238
0.397216
0.400298
0.400704
-0.400226
-0.373877
-0.325805
-0.267142
-0.202963
-0.134389
-0.0620221
0.0134057
0.0909328
0.169281
0.237283
0.287368
0.323513
0.35024
0.370417
0.385879
0.397583
0.405408
0.4086
0.40899
-0.42864
-0.402107
-0.3525
-0.291352
-0.224155
-0.15209
-0.0758242
0.00382089
0.0857853
0.16861
0.240264
0.292683
0.330175
0.357608
0.378096
0.393638
0.405283
0.41297
0.416182
0.416587
-0.455053
-0.428342
-0.377456
-0.314128
-0.244299
-0.169172
-0.0894391
-0.00596237
0.0801212
0.16719
0.242503
0.297403
0.33639
0.364653
0.385536
0.401218
0.412869
0.420388
0.423557
0.424043
-0.480153
-0.45321
-0.401109
-0.335927
-0.263786
-0.185939
-0.103099
-0.0161351
0.0737989
0.165055
0.244129
0.301677
0.342335
0.371591
0.393004
0.40892
0.420618
0.428057
0.431117
0.431611
-0.504199
-0.47699
-0.423784
-0.357027
-0.282808
-0.202539
-0.116909
-0.026748
0.0668263
0.162152
0.245057
0.305481
0.348062
0.37853
0.400653
0.416936
0.428767
0.436158
0.43908
0.439506
-0.527535
-0.499948
-0.445882
-0.377596
-0.301514
-0.219099
-0.130949
-0.0378629
0.0590868
0.158333
0.245185
0.30877
0.353596
0.385536
0.40857
0.425364
0.437409
0.444792
0.447551
0.447877
-0.550199
-0.522192
-0.46742
-0.39772
-0.320007
-0.235672
-0.145272
-0.0495575
0.0505074
0.153543
0.244408
0.311422
0.358859
0.392583
0.416751
0.434212
0.446565
0.453962
0.456589
0.456755
-0.572254
-0.543912
-0.48837
-0.417434
-0.338281
-0.252257
-0.159881
-0.0618168
0.0411037
0.147721
0.242597
0.313281
0.363673
0.399561
0.425146
0.443453
0.456197
0.463601
0.466093
0.466101
-0.593774
-0.565037
-0.508776
-0.436751
-0.35634
-0.268833
-0.174722
-0.0745838
0.0308894
0.140819
0.239628
0.314167
0.367869
0.406339
0.433688
0.453048
0.466266
0.473652
0.475956
0.475816
-0.614808
-0.585602
-0.52863
-0.455646
-0.374127
-0.285339
-0.189727
-0.0878057
0.0199
0.132824
0.235395
0.313864
0.371223
0.412751
0.442304
0.462956
0.476678
0.483964
0.485984
0.485717
-0.635172
-0.60553
-0.547906
-0.474076
-0.391588
-0.301702
-0.204832
-0.101396
0.00822132
0.123778
0.229814
0.312171
0.373421
0.418524
0.450891
0.47321
0.487399
0.494355
0.495975
0.495577
-0.65484
-0.624794
-0.566573
-0.491987
-0.40867
-0.317862
-0.219938
-0.115258
-0.00405266
0.11373
0.222851
0.308908
0.374125
0.423261
0.459254
0.483985
0.498672
0.504749
0.50562
0.505107
-0.67387
-0.643347
-0.584597
-0.509341
-0.425308
-0.333734
-0.234951
-0.12928
-0.0168112
0.102778
0.214511
0.303951
0.37301
0.426414
0.466955
0.495461
0.511325
0.515618
0.514645
0.513997
-0.692108
-0.661181
-0.601928
-0.526078
-0.441446
-0.349237
-0.249779
-0.143349
-0.0299218
0.0910547
0.204853
0.297217
0.36979
0.42727
0.473049
0.507299
0.526769
0.529706
0.524506
0.522465
-0.709643
-0.678296
-0.618591
-0.542224
-0.457117
-0.364422
-0.264478
-0.157522
-0.0434494
0.0784941
0.193778
0.288478
0.364171
0.425014
0.475904
0.517785
0.544998
0.552764
0.543974
0.522545
-0.726419
-0.694701
-0.634708
-0.557957
-0.4726
-0.379602
-0.279446
-0.172266
-0.057927
0.0644433
0.18058
0.276855
0.355319
0.418447
0.472248
0.521439
0.556061
0.563219
0.547652
0.522477
-0.742292
-0.710581
-0.650112
-0.573028
-0.487619
-0.394444
-0.294459
-0.187255
-0.0730232
0.0492329
0.165488
0.262224
0.342856
0.407171
0.457624
0.506819
0.538382
0.535115
0.465305
0.423358
-0.756685
-0.726908
-0.66444
-0.586879
-0.501495
-0.408501
-0.309239
-0.202273
-0.0885187
0.0330274
0.148552
0.24456
0.326133
0.391834
0.432793
0.462158
0.478964
0.435749
0.360217
0.311019
-0.809791
-0.74058
-0.677433
-0.600949
-0.515606
-0.423102
-0.323853
-0.217565
-0.10472
0.0154773
0.129357
0.223597
0.302976
0.373922
0.383466
0.391731
0.363146
0.297464
0.212989
0.165513
-0.769672
-0.754909
-0.695871
-0.620925
-0.535836
-0.443869
-0.345825
-0.240699
-0.129628
-0.0121524
0.0976813
0.187546
0.258367
0.321016
0.32467
0.207192
0.0926471
0.0140034
-0.0681754
-0.0246766
-0.797951
-0.770407
-0.711288
-0.636203
-0.551672
-0.460142
-0.362106
-0.257913
-0.148346
-0.0333731
0.0726413
0.157505
0.221033
0.252827
0.199778
0.0368383
-0.112271
-0.21771
-0.33341
-0.264617
-0.819375
-0.788516
-0.728931
-0.653457
-0.569119
-0.477838
-0.380139
-0.277052
-0.169272
-0.0573089
0.044236
0.122813
0.176434
0.180258
0.0610236
-0.151632
-0.33699
-0.479811
-0.647102
-0.586102
-0.839838
-0.807556
-0.747086
-0.670967
-0.586589
-0.495548
-0.398544
-0.29666
-0.19082
-0.0821577
0.0142271
0.0859467
0.126287
0.0914084
-0.0947401
-0.342532
-0.581425
-0.797351
-1.04086
-1.03013
-0.859173
-0.826835
-0.76575
-0.689085
-0.604654
-0.513911
-0.417682
-0.317078
-0.213366
-0.108278
-0.0175704
0.0467766
0.0696967
-0.00638015
-0.245427
-0.517648
-0.803138
-1.06019
-1.37935
-1.75005
-0.878505
-0.846444
-0.785117
-0.708162
-0.623674
-0.53319
-0.437653
-0.338325
-0.236779
-0.135411
-0.0505211
0.00590756
0.0118746
-0.115646
-0.378969
-0.654472
-0.938413
-1.17888
-1.277
-1.42914
-0.898434
-0.866789
-0.805445
-0.728454
-0.644019
-0.553869
-0.459092
-0.361164
-0.262034
-0.164771
-0.086108
-0.0386446
-0.0554158
-0.238786
-0.497029
-0.754057
-0.983426
-1.12762
-1.15599
-1.18433
-0.919324
-0.887978
-0.826883
-0.749964
-0.665729
-0.576041
-0.482207
-0.385901
-0.289516
-0.196855
-0.124914
-0.0876552
-0.133888
-0.354552
-0.604207
-0.833739
-1.01574
-1.0942
-1.11248
-1.11573
-0.941334
-0.910112
-0.849346
-0.772615
-0.688678
-0.599614
-0.506894
-0.412439
-0.31912
-0.231546
-0.166772
-0.141989
-0.216232
-0.463826
-0.707385
-0.913844
-1.05464
-1.08716
-1.08684
-1.08653
-0.964368
-0.933259
-0.872785
-0.796311
-0.712783
-0.624463
-0.533015
-0.440624
-0.350621
-0.268573
-0.211423
-0.199069
-0.30201
-0.568274
-0.811157
-0.993548
-1.04578
-1.06816
-1.07461
-1.07538
-0.988143
-0.957236
-0.896991
-0.820885
-0.737851
-0.650401
-0.560369
-0.470216
-0.383727
-0.307472
-0.258277
-0.255602
-0.397087
-0.664888
-0.916519
-1.07407
-1.08502
-1.08019
-1.07665
-1.07549
-1.01217
-0.981604
-0.921715
-0.846075
-0.763613
-0.677125
-0.58862
-0.500841
-0.417967
-0.347563
-0.306122
-0.315717
-0.487067
-0.750095
-1.013
-1.18264
-1.13413
-1.09936
-1.0804
-1.07407
-1.03583
-1.00586
-0.946552
-0.871463
-0.789625
-0.704195
-0.617281
-0.531941
-0.452684
-0.387963
-0.353761
-0.381033
-0.563348
-0.794193
-1.05797
-1.19265
-1.1551
-1.09114
-1.05809
-1.04973
-1.05865
-1.02923
-0.971114
-0.896484
-0.815358
-0.731004
-0.645707
-0.562731
-0.486997
-0.427403
-0.400036
-0.44188
-0.642545
-0.771635
-0.903199
-1.11772
-1.15529
-1.13079
-1.10967
-1.09354
-1.07958
-1.05118
-0.994083
-0.920392
-0.8401
-0.756803
-0.673076
-0.592229
-0.519688
-0.464394
-0.444172
-0.494817
-0.754772
-0.818433
-0.580331
-0.685451
-1.19597
-1.52553
-1.50531
-1.48233
-1.0975
-1.07061
-1.01501
-0.942216
-0.862863
-0.78067
-0.698461
-0.619186
-0.549074
-0.497419
-0.484863
-0.545146
-0.941433
-1.19344
-0.981656
-1.08122
-1.44511
-1.61124
-1.5376
-1.57513
-1.11141
-1.08644
-1.03275
-0.961043
-0.882624
-0.801541
-0.720377
-0.642377
-0.573253
-0.524405
-0.517703
-0.609991
-1.21698
-2.13417
-3.18828
-3.74433
-3.66602
-3.08632
-2.50599
-2.33825
-1.11995
-1.09757
-1.04625
-0.975767
-0.898278
-0.818169
-0.737844
-0.660241
-0.590554
-0.540302
-0.534444
-0.66046
-1.4013
-2.62857
-4.05368
-4.54138
-4.47592
-4.05498
-3.52805
-3.21496
-1.12257
-1.10296
-1.05432
-0.985322
-0.908739
-0.829504
-0.749654
-0.671749
-0.59903
-0.540961
-0.526226
-0.598515
-1.12871
-1.78717
-2.4529
-2.7817
-2.67124
-2.34496
-2.02033
-1.82773
-1.11713
-1.10065
-1.05573
-0.988582
-0.912842
-0.834497
-0.755257
-0.676359
-0.598671
-0.52554
-0.472078
-0.460619
-0.491069
-0.416884
-0.194053
0.099635
0.418808
0.674609
0.848906
0.924572
-1.1029
-1.08954
-1.04873
-0.983894
-0.9094
-0.832618
-0.754575
-0.674648
-0.590429
-0.496281
-0.396369
-0.318278
-0.0411784
0.473259
1.07994
1.65755
2.10401
2.37751
2.50691
2.54395
-1.0783
-1.06831
-1.0319
-0.969824
-0.897443
-0.823475
-0.748205
-0.669365
-0.580917
-0.469321
-0.333704
-0.191192
0.0488507
0.643385
1.30217
1.87043
2.28939
2.54142
2.66276
2.6988
-1.04127
-1.03433
-1.00239
-0.94401
-0.876341
-0.807469
-0.738488
-0.666332
-0.582055
-0.461311
-0.294507
-0.113422
0.0763233
0.518141
1.068
1.53107
1.87144
2.07656
2.1804
2.21409
-0.986779
-0.981916
-0.955983
-0.905512
-0.845596
-0.786011
-0.728822
-0.671357
-0.598937
-0.489264
-0.306918
-0.0973678
0.109401
0.354715
0.722451
1.05694
1.31909
1.48416
1.57544
1.60628
-0.91795
-0.913824
-0.894432
-0.855197
-0.807569
-0.761816
-0.722176
-0.689731
-0.660327
-0.601692
-0.457404
-0.222159
0.000293819
0.158246
0.369418
0.593937
0.779722
0.90231
0.965247
0.983378
-0.835822
-0.833297
-0.821441
-0.79687
-0.766585
-0.739661
-0.723614
-0.727527
-0.764503
-0.846894
-0.843414
-0.59385
-0.301006
-0.128158
0.054727
0.242623
0.388162
0.486406
0.542897
0.554195
-0.760694
-0.759629
-0.753852
-0.741925
-0.728307
-0.720838
-0.730804
-0.780584
-0.920671
-1.22314
-1.46797
-1.19103
-0.743996
-0.506056
-0.303593
-0.103923
0.0522919
0.150443
0.192158
0.197425
-0.692323
-0.692571
-0.691325
-0.687775
-0.686527
-0.695325
-0.728927
-0.82249
-1.06926
-1.60995
-2.1668
-1.85828
-1.22455
-0.881624
-0.594458
-0.361054
-0.20083
-0.111343
-0.0774287
-0.076444
-0.617923
-0.619399
-0.620056
-0.62086
-0.626774
-0.645209
-0.692089
-0.80533
-1.08832
-1.72591
-2.33885
-2.03864
-1.45416
-1.07274
-0.752435
-0.519424
-0.381333
-0.318909
-0.298054
-0.297342
-0.525618
-0.52731
-0.529086
-0.532111
-0.540011
-0.5591
-0.602591
-0.704368
-0.954115
-1.48958
-1.95136
-1.72698
-1.32324
-0.983154
-0.709874
-0.541828
-0.470555
-0.449337
-0.441205
-0.438828
-0.419169
-0.420701
-0.422703
-0.425797
-0.432275
-0.446191
-0.476117
-0.543755
-0.70435
-1.03874
-1.30066
-1.16949
-0.902058
-0.661116
-0.510308
-0.453672
-0.448698
-0.453849
-0.453731
-0.451898
-0.309818
-0.310852
-0.312583
-0.314758
-0.318525
-0.325439
-0.339347
-0.369726
-0.439144
-0.578563
-0.683019
-0.588503
-0.439531
-0.343177
-0.316402
-0.331962
-0.351038
-0.362968
-0.366139
-0.365744
-0.20986
-0.210391
-0.211613
-0.212791
-0.214015
-0.215317
-0.217327
-0.221734
-0.232228
-0.247519
-0.22781
-0.198555
-0.139916
-0.146419
-0.176177
-0.208478
-0.230173
-0.241786
-0.246013
-0.246683
-0.127325
-0.127499
-0.128285
-0.128849
-0.128607
-0.126838
-0.122774
-0.115064
-0.101583
-0.0775475
-0.0445752
-0.0323957
-0.0225437
-0.049682
-0.0841733
-0.111132
-0.12813
-0.137224
-0.141257
-0.142367
-0.064765
-0.0647499
-0.0652782
-0.0656467
-0.0650168
-0.0623816
-0.056599
-0.045878
-0.0279008
-0.000815667
0.0245743
0.0262315
0.0186725
-0.0036234
-0.0283328
-0.0469039
-0.0586156
-0.0650172
-0.0680683
-0.0690757
-0.0207852
-0.0207083
-0.0211215
-0.0215198
-0.0210838
-0.0188735
-0.0137948
-0.00436442
0.0107805
0.0313087
0.0467674
0.0453836
0.034801
0.0190706
0.00330339
-0.00872721
-0.0165377
-0.0209266
-0.0230815
-0.0237515
0.00801485
0.00808631
0.00773247
0.00723487
0.0073434
0.00882245
0.0124689
0.0192835
0.0299775
0.0434758
0.0519873
0.049795
0.0412668
0.0305806
0.0204812
0.0126146
0.00729189
0.00422147
0.0027518
0.00226586
0.0255046
0.025543
0.0252248
0.0246634
0.0244668
0.0252372
0.0275652
0.032025
0.0388569
0.0470257
0.051389
0.0490904
0.0429218
0.0356983
0.0290593
0.0237508
0.0199952
0.0177749
0.0167502
0.0164127
0.035124
0.0351249
0.0348242
0.0342337
0.0338254
0.034032
0.0352551
0.0378784
0.0419591
0.0465765
0.0484794
0.0463056
0.0419467
0.0370381
0.032537
0.0288536
0.0261525
0.0245264
0.0238054
0.0235776
0.0395152
0.0394882
0.0391993
0.0386027
0.0380797
0.0379159
0.0383773
0.0396705
0.0418047
0.0441557
0.0447438
0.0428518
0.0396891
0.0362428
0.0330954
0.0304784
0.028509
0.0273116
0.0268001
0.0266432
0.0405037
0.0404617
0.0401862
0.0396125
0.0390353
0.0386482
0.038635
0.0391203
0.0400663
0.0410202
0.0408163
0.0391315
0.0367504
0.0342614
0.0319984
0.0300973
0.0286434
0.0277567
0.0273905
0.0272808
0.0392904
0.0392433
0.0389869
0.0384536
0.0378655
0.0373577
0.0370477
0.0370067
0.0372076
0.0373459
0.0367444
0.0352849
0.0334542
0.0316066
0.0299417
0.0285388
0.0274571
0.0267984
0.0265338
0.0264561
0.0366629
0.0366178
0.036391
0.0359164
0.0353594
0.0348177
0.0343678
0.034047
0.0338264
0.0335052
0.0327146
0.031443
0.0299978
0.0285925
0.0273419
0.02629
0.0254768
0.0249831
0.0247891
0.0247333
0.0331455
0.0331058
0.0329137
0.0325044
0.0320023
0.0314772
0.0309774
0.0305231
0.0300907
0.0295446
0.028696
0.027599
0.0264471
0.0253633
0.0244121
0.023616
0.023001
0.0226288
0.0224852
0.0224447
0.0290801
0.029047
0.0288904
0.0285498
0.0281163
0.0276416
0.0271539
0.0266624
0.0261482
0.0255229
0.0247053
0.023774
0.0228521
0.0220093
0.02128
0.0206736
0.0202059
0.019924
0.0198174
0.019788
0.0246896
0.024663
0.0245399
0.0242663
0.023907
0.0235008
0.0230628
0.022596
0.0220857
0.0214727
0.0207356
0.0199612
0.0192288
0.0185748
0.0180161
0.0175543
0.0171993
0.0169868
0.0169081
0.0168867
0.0201174
0.0200966
0.0200029
0.0197909
0.0195053
0.0191746
0.0188061
0.0184
0.0179448
0.0174017
0.0167786
0.0161566
0.0155871
0.015088
0.0146656
0.014318
0.0140517
0.0138937
0.0138362
0.0138208
0.0154505
0.0154349
0.0153665
0.0152092
0.0149934
0.0147398
0.0144518
0.0141276
0.0137583
0.0133189
0.0128289
0.0123557
0.0119321
0.0115654
0.0112568
0.0110031
0.010809
0.0106949
0.0106541
0.010643
0.0107372
0.0107264
0.0106797
0.0105705
0.0104197
0.0102426
0.0100398
0.00980893
0.0095434
0.00922782
0.00888178
0.00855448
0.00826599
0.0080182
0.00780968
0.00763736
0.00750467
0.00742703
0.00739978
0.00739204
0.0059957
0.00598991
0.00596476
0.00590202
0.00581547
0.00571503
0.00559965
0.00546706
0.00531349
0.0051314
0.00493336
0.00474852
0.00458742
0.00444996
0.00433442
0.00423809
0.00416317
0.00412031
0.00410604
0.0041007
0.00124222
0.001245
0.00125927
0.0012659
0.00125258
0.00122701
0.00119377
0.00115534
0.00111102
0.00105879
0.00100022
0.000943295
0.000893442
0.000850802
0.000815721
0.000787963
0.00076842
0.000763032
0.000773953
0.000782244
-0.748154
-0.521583
-0.265574
-0.0556803
0.114722
0.25216
0.368355
0.46651
0.511664
0.489225
-0.341747
-0.186503
-0.0247474
0.11462
0.23302
0.332306
0.413195
0.471086
0.501205
0.512429
-0.0635667
0.0393697
0.14765
0.243968
0.32712
0.396938
0.452467
0.493024
0.521466
0.53854
0.131173
0.201843
0.277666
0.346442
0.406218
0.456827
0.498104
0.530589
0.556196
0.573918
0.278118
0.329187
0.383408
0.434651
0.479785
0.518917
0.552045
0.579201
0.60132
0.618814
0.396023
0.433815
0.476794
0.517191
0.553904
0.586509
0.614719
0.638135
0.657119
0.67431
0.496786
0.528227
0.565617
0.600674
0.633181
0.662474
0.687895
0.708844
0.725121
0.742158
0.59039
0.621319
0.657429
0.69128
0.722457
0.75038
0.77432
0.793603
0.807517
0.824576
0.68882
0.723032
0.76095
0.795644
0.826679
0.853719
0.876364
0.894159
0.906417
0.923867
0.805786
0.844002
0.883487
0.918487
0.948448
0.973726
0.994532
1.01076
1.0225
1.04062
0.951964
0.990927
1.02734
1.05844
1.08449
1.1069
1.12623
1.14197
1.15457
1.17261
1.12743
1.15949
1.18594
1.20859
1.22879
1.24771
1.26558
1.28218
1.29763
1.31574
1.31648
1.33384
1.34911
1.36551
1.38154
1.39618
1.40948
1.42348
1.44109
1.46128
1.49863
1.50813
1.51974
1.5306
1.53993
1.54961
1.56052
1.57195
1.58335
1.59873
1.7059
1.70961
1.69468
1.67989
1.67371
1.67946
1.69796
1.72831
1.76052
1.7872
2.01222
1.87738
1.80083
1.75859
1.74118
1.74515
1.77259
1.829
1.93163
2.15601
0.301504
0.299388
0.294905
0.286296
0.274099
0.262004
0.251811
0.24394
0.238312
0.234989
0.234477
0.236987
0.241866
0.248887
0.258105
0.269513
0.282064
0.293027
0.299112
0.302134
0.225897
0.23175
0.238115
0.242647
0.245154
0.244872
0.242177
0.238394
0.234883
0.232555
0.232239
0.234194
0.237608
0.241676
0.245301
0.247034
0.245982
0.242403
0.237162
0.230511
0.217419
0.219718
0.223168
0.226238
0.228395
0.229963
0.230775
0.230504
0.229479
0.228509
0.228493
0.229669
0.231216
0.232261
0.232217
0.231135
0.229413
0.226926
0.223555
0.220588
0.211836
0.212918
0.21482
0.217309
0.219449
0.220986
0.222093
0.222889
0.223291
0.223436
0.223721
0.224217
0.224496
0.224267
0.223583
0.222482
0.220782
0.218493
0.216248
0.214815
0.206585
0.20723
0.208441
0.210351
0.212347
0.214175
0.215627
0.216726
0.217611
0.218316
0.218808
0.218991
0.218808
0.218276
0.217338
0.215915
0.214134
0.21226
0.210705
0.209872
0.201699
0.20212
0.203027
0.20461
0.206408
0.208223
0.209949
0.211417
0.212578
0.213482
0.214098
0.214288
0.213997
0.213231
0.21201
0.210499
0.208879
0.207296
0.206072
0.205514
0.197208
0.19749
0.198228
0.199653
0.201328
0.203002
0.204679
0.206331
0.207811
0.208994
0.209766
0.209941
0.209514
0.2086
0.20741
0.20608
0.204643
0.203207
0.202171
0.201769
0.193228
0.19338
0.193977
0.195292
0.196873
0.198464
0.200011
0.201503
0.202939
0.204256
0.205197
0.205492
0.205234
0.2046
0.203675
0.202518
0.20122
0.199914
0.199022
0.198763
0.190358
0.190417
0.190841
0.191936
0.193353
0.194814
0.196345
0.197893
0.199414
0.200825
0.201942
0.202472
0.202401
0.20189
0.201075
0.200122
0.199043
0.197978
0.19733
0.197187
0.188246
0.188281
0.188531
0.189187
0.190135
0.191196
0.192357
0.193676
0.195141
0.196679
0.19803
0.19884
0.199107
0.199019
0.198722
0.198242
0.197676
0.197143
0.196835
0.196754
0.185743
0.185774
0.185946
0.186342
0.186965
0.187816
0.188903
0.190234
0.191773
0.193472
0.195112
0.196282
0.196899
0.197109
0.19699
0.196826
0.1967
0.196552
0.196445
0.196391
0.182401
0.182423
0.182569
0.182905
0.183412
0.184131
0.185151
0.18649
0.188171
0.190138
0.192157
0.193724
0.19466
0.195166
0.195534
0.195749
0.195816
0.195831
0.195796
0.195761
0.178338
0.178343
0.178478
0.178847
0.179422
0.180178
0.181282
0.182756
0.184644
0.186937
0.189431
0.191513
0.19292
0.193833
0.194407
0.194775
0.194999
0.19507
0.195077
0.195068
0.173785
0.173782
0.173905
0.174321
0.175012
0.175924
0.177161
0.178871
0.181093
0.183853
0.186953
0.18964
0.191545
0.192848
0.19373
0.194266
0.194549
0.194665
0.194718
0.19473
0.168789
0.168769
0.168901
0.169337
0.170094
0.171194
0.17273
0.174693
0.177331
0.180697
0.184554
0.187985
0.190485
0.192219
0.193403
0.194194
0.19463
0.19486
0.19498
0.195004
0.163235
0.163212
0.16337
0.163837
0.164686
0.165944
0.167706
0.170116
0.173345
0.177505
0.182325
0.186682
0.189894
0.192135
0.193716
0.194748
0.195387
0.195764
0.19595
0.195983
0.156812
0.156784
0.156971
0.157517
0.158472
0.159951
0.162067
0.165025
0.169022
0.174201
0.180233
0.185705
0.189729
0.192668
0.194672
0.196022
0.196898
0.197431
0.197683
0.197727
0.149173
0.149136
0.149364
0.150033
0.151227
0.153007
0.155609
0.159292
0.164286
0.170764
0.178309
0.185148
0.190256
0.193896
0.196431
0.19815
0.19929
0.199992
0.200315
0.200369
0.13998
0.139933
0.140236
0.141081
0.142556
0.144813
0.148104
0.152739
0.159018
0.167152
0.176586
0.18511
0.191451
0.195985
0.199141
0.201294
0.202733
0.203621
0.204024
0.20409
0.128789
0.128733
0.129143
0.130248
0.132139
0.135027
0.139235
0.145138
0.153108
0.163349
0.175116
0.185675
0.193492
0.199087
0.202994
0.205666
0.207457
0.208569
0.20907
0.209148
0.11495
0.114884
0.115453
0.116927
0.119413
0.123192
0.128667
0.136297
0.146471
0.159364
0.173986
0.186983
0.196563
0.203419
0.208216
0.211509
0.213722
0.2151
0.215722
0.215816
0.0974969
0.0974218
0.0982377
0.100269
0.103639
0.10872
0.115997
0.125971
0.13902
0.155242
0.173315
0.189194
0.200845
0.20919
0.215051
0.219095
0.221826
0.223531
0.224305
0.224416
0.075014
0.0749501
0.0761834
0.0790799
0.0838036
0.0908294
0.100708
0.113911
0.130728
0.151083
0.173255
0.192472
0.206516
0.216606
0.22374
0.228704
0.232084
0.2342
0.235154
0.235286
0.0451534
0.0451527
0.0471442
0.0515338
0.0585331
0.0686592
0.0823997
0.100067
0.121734
0.147091
0.174002
0.196982
0.213723
0.225819
0.234473
0.24058
0.244794
0.247449
0.248633
0.24879
0.00362237
0.00385023
0.00755403
0.0150831
0.0262688
0.0415409
0.0610068
0.0846831
0.112384
0.143593
0.175792
0.202867
0.222546
0.236883
0.247314
0.254844
0.260165
0.263563
0.265042
0.265218
-0.0574013
-0.0557622
-0.0469413
-0.0328023
-0.0138238
0.00961033
0.0370833
0.0684004
0.103234
0.140974
0.178818
0.210165
0.232916
0.249648
0.262061
0.2713
0.278048
0.28245
0.284389
0.284618
-0.130429
-0.127758
-0.111298
-0.0864671
-0.0569312
-0.0239978
0.0122397
0.0517471
0.094263
0.13927
0.183777
0.220588
0.247602
0.267887
0.283373
0.295325
0.304594
0.310475
0.312523
0.313173
-0.205633
-0.197155
-0.172852
-0.137904
-0.098758
-0.0566546
-0.0117708
0.0358594
0.0860381
0.138326
0.189558
0.231886
0.263144
0.286921
0.305445
0.320089
0.331584
0.339136
0.34277
0.343961
-0.263681
-0.253872
-0.224635
-0.183062
-0.136519
-0.0867829
-0.0342724
0.0208093
0.0781601
0.137279
0.194694
0.241856
0.276594
0.302998
0.323549
0.339779
0.352511
0.361375
0.366076
0.367446
-0.310668
-0.300312
-0.267682
-0.221368
-0.169294
-0.113554
-0.0547545
0.00674909
0.0704693
0.135759
0.198703
0.249994
0.28744
0.315624
0.337345
0.354368
0.367653
0.37717
0.38212
0.38358
-0.349513
-0.33909
-0.304406
-0.254438
-0.197949
-0.137371
-0.0733224
-0.00630155
0.0630193
0.133817
0.201693
0.256508
0.296099
0.325563
0.348018
0.365408
0.37883
0.388358
0.393317
0.394882
-0.383181
-0.372791
-0.33655
-0.283697
-0.22359
-0.158931
-0.0903824
-0.0185665
0.0557445
0.131522
0.2039
0.261961
0.303482
0.334009
0.35696
0.374499
0.387908
0.397429
0.402389
0.403891
-0.413191
-0.402866
-0.365467
-0.310267
-0.247135
-0.178983
-0.106499
-0.0303906
0.0484615
0.12888
0.205538
0.266664
0.309959
0.341439
0.364832
0.382527
0.395934
0.405428
0.41042
0.411769
-0.440755
-0.430453
-0.392143
-0.334916
-0.269215
-0.198006
-0.12204
-0.0420779
0.0409338
0.125703
0.206438
0.270595
0.315743
0.348277
0.372211
0.390122
0.403582
0.413058
0.418057
0.419267
-0.466636
-0.456335
-0.417207
-0.358229
-0.290266
-0.216385
-0.137341
-0.0539017
0.0329325
0.121797
0.206611
0.273959
0.321134
0.354862
0.379448
0.397674
0.411242
0.420697
0.425689
0.426796
-0.491283
-0.480959
-0.441087
-0.380593
-0.310638
-0.234373
-0.152579
-0.066
0.0243723
0.117196
0.206084
0.276767
0.32619
0.361334
0.386744
0.405411
0.419179
0.428663
0.433623
0.434687
-0.515071
-0.504663
-0.464063
-0.40227
-0.330504
-0.252115
-0.167861
-0.0784345
0.0152276
0.111799
0.204718
0.278939
0.330895
0.36774
0.394194
0.413458
0.427533
0.437103
0.441965
0.443017
-0.538186
-0.527612
-0.486357
-0.423394
-0.349989
-0.269735
-0.183272
-0.0912666
0.00538782
0.105491
0.202432
0.280388
0.33518
0.37403
0.401792
0.421844
0.436347
0.446068
0.450836
0.451861
-0.560643
-0.549884
-0.508083
-0.44399
-0.369164
-0.287247
-0.198832
-0.104542
-0.00516955
0.0982456
0.199127
0.280987
0.338948
0.380144
0.409514
0.430571
0.445631
0.455545
0.46023
0.461149
-0.582572
-0.571595
-0.529245
-0.464103
-0.388028
-0.304652
-0.214529
-0.118217
-0.0164036
0.0900498
0.194706
0.28057
0.342023
0.385977
0.417298
0.439592
0.455339
0.465483
0.470057
0.470838
-0.603905
-0.592712
-0.549821
-0.483744
-0.40657
-0.321914
-0.230295
-0.132227
-0.0282774
0.0808992
0.189107
0.278975
0.34416
0.391309
0.425019
0.448857
0.465421
0.475793
0.480223
0.48081
-0.624664
-0.613229
-0.569785
-0.502881
-0.424734
-0.338971
-0.246073
-0.146503
-0.0407241
0.070839
0.182293
0.276047
0.345116
0.39586
0.432512
0.458324
0.475842
0.486315
0.490433
0.490812
-0.644699
-0.633094
-0.589108
-0.521471
-0.442467
-0.35575
-0.261791
-0.160961
-0.0536456
0.0599497
0.174255
0.271663
0.344645
0.399313
0.439545
0.468002
0.48673
0.497043
0.500529
0.500616
-0.664112
-0.65226
-0.607763
-0.539477
-0.459733
-0.372209
-0.277352
-0.175506
-0.0669395
0.0483337
0.165041
0.265738
0.342487
0.401232
0.445686
0.477831
0.498512
0.508304
0.510315
0.509868
-0.682775
-0.670675
-0.625727
-0.556851
-0.476453
-0.388261
-0.292672
-0.190015
-0.0804837
0.0360855
0.15474
0.258236
0.338456
0.401132
0.450222
0.487401
0.511813
0.521574
0.520467
0.518168
-0.700723
-0.688418
-0.642954
-0.573545
-0.49259
-0.403844
-0.307671
-0.204408
-0.094157
0.0233661
0.143478
0.249169
0.332442
0.398578
0.452087
0.495438
0.526412
0.539701
0.535913
0.524518
-0.717892
-0.705427
-0.659555
-0.589702
-0.508342
-0.419229
-0.322677
-0.21908
-0.108416
0.00964565
0.130661
0.237872
0.323735
0.392845
0.449629
0.499321
0.539429
0.560518
0.559294
0.549569
-0.734258
-0.721587
-0.675543
-0.605286
-0.523705
-0.434422
-0.337665
-0.234036
-0.12328
-0.00514486
0.116175
0.22412
0.31178
0.383345
0.440667
0.492864
0.53701
0.561813
0.540051
0.476794
-0.749615
-0.73621
-0.690839
-0.620287
-0.538819
-0.449545
-0.352677
-0.249155
-0.13867
-0.0209025
0.100044
0.207878
0.295976
0.369892
0.42491
0.466991
0.50657
0.5107
0.457271
0.385869
-0.764127
-0.750613
-0.705281
-0.634215
-0.553366
-0.464137
-0.36791
-0.264376
-0.154431
-0.0374379
0.0823584
0.189092
0.275684
0.353437
0.403929
0.45086
0.433423
0.40264
0.330955
0.254529
-0.748532
-0.731038
-0.684262
-0.610615
-0.525357
-0.432909
-0.331998
-0.22608
-0.113783
0.00560072
0.118421
0.211629
0.288798
0.367384
0.433153
0.345776
0.299206
0.234985
0.154475
0.100311
-0.772102
-0.754668
-0.721187
-0.656214
-0.575739
-0.487179
-0.391065
-0.288464
-0.179783
-0.0648006
0.0518831
0.1549
0.23653
0.307446
0.372678
0.373549
0.252837
0.161653
0.0934508
-0.00156671
-0.789798
-0.774187
-0.734353
-0.668107
-0.58748
-0.499603
-0.404748
-0.303233
-0.195844
-0.0827976
0.0313063
0.13093
0.208738
0.266928
0.28757
0.214264
0.0520516
-0.0573109
-0.142472
-0.245166
-0.807904
-0.795764
-0.75125
-0.683817
-0.603178
-0.515308
-0.420675
-0.319725
-0.213546
-0.102492
0.0080811
0.102352
0.172892
0.21662
0.187192
0.0388044
-0.144805
-0.285169
-0.402675
-0.562216
-0.828765
-0.816143
-0.769835
-0.701405
-0.620649
-0.532836
-0.438479
-0.338332
-0.23354
-0.124806
-0.0182351
0.0701207
0.132286
0.157976
0.0841712
-0.133779
-0.35875
-0.546894
-0.724432
-0.961857
-0.848349
-0.836044
-0.788828
-0.719381
-0.638346
-0.550653
-0.456802
-0.357673
-0.254478
-0.148381
-0.0461798
0.0358526
0.0889498
0.0883589
-0.0447516
-0.300572
-0.569388
-0.834071
-1.05769
-1.55948
-0.867399
-0.855756
-0.808265
-0.738122
-0.656888
-0.569284
-0.475941
-0.37782
-0.276303
-0.17303
-0.075495
-0.000346069
0.0432672
0.00338299
-0.184078
-0.449889
-0.737004
-1.02259
-1.27145
-1.70711
-0.886904
-0.875692
-0.828309
-0.757831
-0.676507
-0.588991
-0.496118
-0.398965
-0.299159
-0.198827
-0.10614
-0.0381422
-0.00574832
-0.0810007
-0.311738
-0.572321
-0.841346
-1.07904
-1.18532
-1.22458
-0.907339
-0.896414
-0.849222
-0.778722
-0.697477
-0.610188
-0.51791
-0.42191
-0.324079
-0.22709
-0.139783
-0.0796416
-0.0613474
-0.165572
-0.429874
-0.675778
-0.901715
-1.06878
-1.11861
-1.13513
-0.928767
-0.918119
-0.871337
-0.800735
-0.719676
-0.632755
-0.541233
-0.44658
-0.350999
-0.257781
-0.176378
-0.124624
-0.121797
-0.269478
-0.537732
-0.769854
-0.965177
-1.07251
-1.09729
-1.09892
-0.951326
-0.940857
-0.894298
-0.823809
-0.743015
-0.656596
-0.565979
-0.472872
-0.379786
-0.290698
-0.215739
-0.172465
-0.19609
-0.380679
-0.641393
-0.864096
-1.01794
-1.07132
-1.07632
-1.07955
-0.974803
-0.964473
-0.918017
-0.847837
-0.76737
-0.681557
-0.591994
-0.5006
-0.41022
-0.325537
-0.257418
-0.222486
-0.273619
-0.486552
-0.742462
-0.963894
-1.0522
-1.06481
-1.07221
-1.07395
-0.998744
-0.988753
-0.942452
-0.872625
-0.792524
-0.707426
-0.619022
-0.529487
-0.441982
-0.36182
-0.300684
-0.274947
-0.34704
-0.582353
-0.83835
-1.07214
-1.11267
-1.09459
-1.08295
-1.07741
-1.02279
-1.01306
-0.967266
-0.897684
-0.818143
-0.733827
-0.646679
-0.559094
-0.474568
-0.398914
-0.344768
-0.328397
-0.415685
-0.655786
-0.911946
-1.15943
-1.21699
-1.13443
-1.08418
-1.06884
-1.04632
-1.03684
-0.991706
-0.922793
-0.843703
-0.760264
-0.674447
-0.588818
-0.50727
-0.435936
-0.388609
-0.378249
-0.486512
-0.702058
-0.889322
-1.1257
-1.17948
-1.11263
-1.06403
-1.04573
-1.06853
-1.05951
-1.01511
-0.946959
-0.868678
-0.786066
-0.701597
-0.617859
-0.53906
-0.471726
-0.430495
-0.423002
-0.565294
-0.761447
-0.750373
-0.855378
-1.06171
-1.28002
-1.31841
-1.26798
-1.08843
-1.07993
-1.03672
-0.969463
-0.892079
-0.810473
-0.727203
-0.645243
-0.568697
-0.504896
-0.468357
-0.467485
-0.665717
-0.934146
-0.777489
-0.304322
-0.884831
-1.47242
-1.58861
-1.56489
-1.10502
-1.09715
-1.05555
-0.989467
-0.912998
-0.83239
-0.750371
-0.669752
-0.594754
-0.533494
-0.500462
-0.514507
-0.800381
-1.34822
-1.86121
-2.10497
-2.41187
-2.25034
-1.89946
-1.77237
-1.11709
-1.10993
-1.07049
-1.00581
-0.930359
-0.850766
-0.769783
-0.690078
-0.615722
-0.554554
-0.52422
-0.556787
-0.937108
-1.86015
-3.33537
-4.28894
-4.56287
-4.17395
-3.51215
-3.04576
-1.12305
-1.11685
-1.08059
-1.01748
-0.943063
-0.864411
-0.784262
-0.705062
-0.630012
-0.565968
-0.531773
-0.564158
-0.932696
-1.82592
-2.934
-3.81502
-4.02055
-3.75127
-3.33528
-2.99174
-1.1219
-1.11698
-1.08469
-1.02327
-0.949977
-0.872263
-0.792951
-0.713656
-0.636602
-0.565067
-0.513161
-0.514551
-0.661032
-0.962671
-1.16859
-1.28873
-1.16432
-0.90429
-0.660495
-0.481126
-1.11243
-1.10871
-1.08047
-1.02207
-0.949885
-0.873399
-0.794987
-0.715703
-0.635618
-0.553323
-0.473984
-0.417529
-0.318711
-0.0610549
0.337083
0.845381
1.32624
1.68323
1.89184
1.97747
-1.09338
-1.09072
-1.06719
-1.01219
-0.941354
-0.866798
-0.790389
-0.712556
-0.630499
-0.537101
-0.426067
-0.298928
-0.140577
0.2977
0.964898
1.6008
2.13982
2.50309
2.68536
2.74553
-1.06326
-1.06159
-1.04231
-0.991273
-0.923518
-0.852153
-0.780075
-0.706658
-0.626227
-0.525947
-0.389747
-0.226501
-0.0770912
0.299189
0.909407
1.4839
1.94517
2.2564
2.42085
2.48183
-1.01779
-1.01675
-1.00086
-0.956198
-0.894714
-0.829455
-0.765277
-0.700775
-0.63038
-0.536751
-0.391189
-0.194401
0.00269647
0.238048
0.674299
1.10718
1.46081
1.70795
1.84804
1.91123
-0.954608
-0.953761
-0.941952
-0.906611
-0.854676
-0.800022
-0.748582
-0.700569
-0.650735
-0.582569
-0.451686
-0.241672
-0.00817331
0.158661
0.399661
0.687557
0.942197
1.13406
1.25855
1.32069
-0.878336
-0.877086
-0.869008
-0.844389
-0.806989
-0.767874
-0.734681
-0.712475
-0.705182
-0.70426
-0.685078
-0.527479
-0.252099
-0.0538564
0.110136
0.312871
0.49275
0.622122
0.703146
0.747704
-0.796994
-0.796284
-0.791819
-0.77847
-0.757841
-0.73748
-0.726105
-0.735279
-0.787245
-0.918171
-1.09244
-1.03606
-0.67218
-0.386398
-0.221441
-0.0265535
0.142667
0.26783
0.340401
0.364115
-0.726324
-0.726306
-0.724995
-0.719538
-0.711645
-0.707656
-0.717286
-0.759701
-0.881619
-1.19022
-1.68634
-1.76165
-1.26108
-0.815353
-0.582484
-0.347271
-0.156292
-0.028606
0.035849
0.0539325
-0.656664
-0.657505
-0.65803
-0.657009
-0.657338
-0.664796
-0.690101
-0.757156
-0.92884
-1.35899
-2.10352
-2.28686
-1.68649
-1.16352
-0.842662
-0.563784
-0.367297
-0.252657
-0.202692
-0.191363
-0.573424
-0.574796
-0.576473
-0.577805
-0.581948
-0.594321
-0.624709
-0.696337
-0.87061
-1.29645
-2.00115
-2.13601
-1.66037
-1.2389
-0.900582
-0.640276
-0.483408
-0.413678
-0.388932
-0.381837
-0.472824
-0.474292
-0.476175
-0.478529
-0.483313
-0.494746
-0.519913
-0.576281
-0.709794
-1.02611
-1.5134
-1.6038
-1.30217
-0.986282
-0.714806
-0.549601
-0.482559
-0.46879
-0.465981
-0.462108
-0.363436
-0.364636
-0.36623
-0.368429
-0.372065
-0.379382
-0.39427
-0.426311
-0.499585
-0.667907
-0.914579
-0.943473
-0.763769
-0.566065
-0.435015
-0.396188
-0.399889
-0.411914
-0.41795
-0.417347
-0.25755
-0.258366
-0.259434
-0.261077
-0.263017
-0.26597
-0.271109
-0.281552
-0.304863
-0.355577
-0.417761
-0.406693
-0.308788
-0.236423
-0.230023
-0.254409
-0.280566
-0.297618
-0.305253
-0.306762
-0.165808
-0.166286
-0.16686
-0.167926
-0.168541
-0.168456
-0.16737
-0.164985
-0.161029
-0.154238
-0.132234
-0.107151
-0.070109
-0.0739644
-0.107962
-0.141488
-0.166735
-0.181471
-0.188428
-0.190789
-0.0933459
-0.0935876
-0.0938386
-0.0945661
-0.0946133
-0.0932173
-0.0894991
-0.0820934
-0.0688381
-0.0467108
-0.0147377
0.00359102
0.00667478
-0.00819995
-0.0383633
-0.0648171
-0.0832166
-0.0938901
-0.0992492
-0.10145
-0.040499
-0.0406077
-0.0407075
-0.0413047
-0.0413208
-0.0398949
-0.0360116
-0.0282432
-0.0147695
0.00601362
0.0305712
0.0412446
0.0346973
0.0195968
-0.000782747
-0.0183544
-0.0305712
-0.0378135
-0.0415783
-0.0432146
-0.00464097
-0.00468929
-0.00474528
-0.00532492
-0.00549883
-0.00453309
-0.00156852
0.00454019
0.0150314
0.0303234
0.0461548
0.0511112
0.0442701
0.0324717
0.0192719
0.00801189
-2.92648e-05
-0.00496452
-0.00756502
-0.00867586
0.0180066
0.0179763
0.0179174
0.0173556
0.0169962
0.0174414
0.019386
0.0235549
0.0306345
0.0405865
0.0499821
0.0518299
0.0465261
0.0381547
0.0294835
0.0221267
0.0166769
0.0131896
0.0113482
0.0105985
0.0311618
0.0311295
0.0310482
0.0305141
0.0300227
0.0300317
0.0310692
0.03364
0.0380925
0.044132
0.0493146
0.0494884
0.0454565
0.0396759
0.0338854
0.0289245
0.0251153
0.0225859
0.0212573
0.0207481
0.0378822
0.0378444
0.0377376
0.0372319
0.0366631
0.0363745
0.0367312
0.0380384
0.0405102
0.0438822
0.0464852
0.045911
0.0428842
0.0388628
0.0348825
0.0314413
0.0287283
0.0268762
0.0259129
0.0255649
0.0403806
0.0403411
0.0402186
0.0397502
0.0391467
0.03869
0.0386216
0.0391315
0.0403116
0.0419501
0.0430042
0.0420838
0.0397122
0.036806
0.0339827
0.0315278
0.0295559
0.0281855
0.0274823
0.027241
0.0401422
0.0401054
0.0399783
0.0395459
0.0389444
0.0383981
0.0380615
0.0380561
0.0384369
0.0390325
0.0391648
0.0380872
0.0361963
0.0340442
0.031989
0.0301995
0.0287476
0.0277287
0.0272135
0.0270438
0.038136
0.0381039
0.0379834
0.0375959
0.0370309
0.0364622
0.0359902
0.035686
0.0355746
0.0355435
0.0351822
0.0340953
0.0325626
0.0309207
0.0293859
0.0280558
0.0269724
0.0262095
0.0258285
0.0257072
0.0350061
0.0349795
0.0348734
0.0345386
0.0340331
0.033489
0.0329733
0.032529
0.0321665
0.0318009
0.0311821
0.0301349
0.0288745
0.0275984
0.0264315
0.0254278
0.0246113
0.0240361
0.0237516
0.0236636
0.0311765
0.0311552
0.0310666
0.0307867
0.0303502
0.0298586
0.0293543
0.0288618
0.028384
0.0278635
0.0271536
0.026198
0.0251626
0.024161
0.0232641
0.0225001
0.0218808
0.021445
0.0212315
0.0211671
0.0269233
0.0269066
0.0268355
0.0266098
0.0262468
0.0258245
0.0253689
0.0248934
0.0243962
0.0238367
0.0231317
0.0222913
0.0214463
0.0206587
0.0199664
0.0193822
0.0189105
0.0185796
0.0184195
0.0183724
0.0224255
0.0224124
0.0223572
0.0221811
0.0218906
0.0215435
0.0211558
0.0207338
0.0202735
0.0197472
0.01911
0.018402
0.0177254
0.0171126
0.0165824
0.0161384
0.0157811
0.0155316
0.0154127
0.0153784
0.017796
0.0177859
0.0177446
0.017612
0.017389
0.0171172
0.0168064
0.0164591
0.0160707
0.0156216
0.0150894
0.0145231
0.0140006
0.0135371
0.0131405
0.0128102
0.0125448
0.0123603
0.0122739
0.0122494
0.0131003
0.0130926
0.0130634
0.0129687
0.0128068
0.0126075
0.012377
0.0121155
0.0118186
0.0114728
0.0110682
0.0106492
0.0102716
0.00994126
0.00966029
0.00942621
0.00923766
0.00910697
0.00904664
0.00902976
0.00837027
0.00836472
0.00834659
0.00828571
0.00818025
0.00805144
0.00790281
0.00773306
0.00753834
0.00731061
0.00704603
0.00677649
0.00653714
0.00632971
0.0061538
0.00600654
0.00588645
0.0058028
0.00576505
0.00575453
0.0012417
0.00125159
0.00126538
0.00126161
0.00124098
0.00121101
0.00117506
0.00113356
0.00108604
0.00103094
0.000972017
0.00091762
0.000871106
0.000832352
0.000800985
0.00077701
0.000763383
0.000767443
0.000779855
0.00245221
-2.00151
-1.11326
-0.59373
-0.282487
-0.0507734
0.129563
0.273705
0.395639
0.517888
0.61573
-0.719776
-0.461524
-0.233672
-0.0466228
0.109307
0.238592
0.345784
0.433834
0.489709
0.499278
-0.282338
-0.135935
0.00333036
0.127718
0.234972
0.326134
0.401214
0.458479
0.495892
0.517141
-0.0177793
0.0781942
0.17192
0.258291
0.334022
0.398753
0.45193
0.493467
0.524646
0.545849
0.166865
0.232809
0.300569
0.363059
0.418317
0.466176
0.506497
0.539589
0.566087
0.584478
0.308098
0.354591
0.407484
0.454089
0.496871
0.534728
0.567578
0.595337
0.618097
0.633313
0.422638
0.460288
0.50214
0.540154
0.575848
0.608336
0.636976
0.661358
0.681254
0.693674
0.522965
0.556183
0.592916
0.627902
0.660722
0.690852
0.717424
0.739828
0.75758
0.767606
0.618447
0.652329
0.689225
0.724652
0.757226
0.786617
0.812098
0.833143
0.849136
0.857703
0.723125
0.761338
0.80051
0.837669
0.870517
0.89908
0.923097
0.942567
0.957063
0.965801
0.851774
0.894509
0.934118
0.97056
1.00145
1.02754
1.04943
1.06736
1.08111
1.09144
1.0141
1.05598
1.09008
1.11975
1.14455
1.16632
1.18612
1.20373
1.21861
1.23141
1.20493
1.2359
1.2575
1.27682
1.29503
1.3124
1.32873
1.34465
1.36125
1.37824
1.4032
1.41471
1.42588
1.44009
1.45445
1.46735
1.47881
1.48975
1.50272
1.51964
1.58926
1.5992
1.60789
1.61034
1.61119
1.61552
1.62644
1.64247
1.66013
1.66476
1.89039
1.83503
1.78422
1.74398
1.72168
1.71771
1.73119
1.76501
1.82148
1.89706
0.443722
0.385029
0.342572
0.308731
0.284094
0.266561
0.254071
0.245153
0.23903
0.235485
0.234935
0.237565
0.242775
0.250513
0.261276
0.27621
0.297137
0.326169
0.364878
0.412676
0.245239
0.254015
0.259582
0.260426
0.256976
0.250966
0.244564
0.239107
0.23523
0.233447
0.234417
0.237767
0.242814
0.249091
0.255702
0.260852
0.262394
0.259101
0.251665
0.243989
0.222229
0.224267
0.228901
0.232458
0.235022
0.236501
0.236265
0.234558
0.23235
0.230687
0.230515
0.232091
0.234561
0.23695
0.23822
0.237712
0.235716
0.232797
0.228675
0.224257
0.215235
0.216107
0.218651
0.221457
0.223559
0.224998
0.226038
0.226525
0.226383
0.226049
0.226193
0.226983
0.227769
0.227967
0.227422
0.226364
0.224765
0.222357
0.219584
0.217568
0.209524
0.20999
0.211471
0.213646
0.215749
0.217475
0.21873
0.219672
0.220366
0.22084
0.221239
0.221544
0.221531
0.22112
0.220336
0.219062
0.217265
0.215177
0.213335
0.212266
0.204323
0.204604
0.205634
0.207345
0.209224
0.211058
0.21267
0.213959
0.214999
0.215844
0.216408
0.216553
0.216279
0.215621
0.214526
0.213039
0.211338
0.209641
0.208284
0.207613
0.199576
0.199762
0.200579
0.202077
0.203819
0.205586
0.20735
0.208963
0.210274
0.211273
0.211952
0.212171
0.211841
0.21097
0.209691
0.208221
0.206682
0.205173
0.204051
0.203577
0.195213
0.195327
0.195994
0.197357
0.198969
0.200571
0.202131
0.20369
0.205204
0.206519
0.207385
0.207562
0.207145
0.206344
0.205329
0.204128
0.202781
0.201419
0.200456
0.200127
0.191684
0.191739
0.192257
0.193499
0.19504
0.196612
0.198208
0.199742
0.201181
0.202503
0.20352
0.203953
0.203824
0.203255
0.20234
0.201231
0.199999
0.198768
0.197973
0.197778
0.189295
0.189322
0.18965
0.190526
0.191722
0.192984
0.194313
0.195752
0.197281
0.198782
0.200014
0.200657
0.200711
0.200389
0.199828
0.199122
0.198282
0.197475
0.197004
0.196899
0.187105
0.18713
0.18733
0.187821
0.18857
0.189497
0.190603
0.191905
0.193365
0.194954
0.196437
0.197433
0.197901
0.19798
0.197804
0.197494
0.197171
0.196858
0.196672
0.196606
0.184182
0.184203
0.184356
0.184696
0.185247
0.186057
0.187079
0.188411
0.190033
0.191869
0.193689
0.195039
0.195786
0.196168
0.196232
0.196217
0.196237
0.196203
0.196144
0.196101
0.180446
0.180461
0.1806
0.180943
0.181446
0.182151
0.183212
0.184606
0.186367
0.188476
0.190716
0.192532
0.193712
0.194438
0.194911
0.195208
0.195376
0.195428
0.195414
0.195393
0.176113
0.176118
0.176246
0.176642
0.177295
0.178106
0.179266
0.180861
0.182907
0.185418
0.188196
0.190563
0.192209
0.193302
0.194021
0.194465
0.194708
0.19479
0.194818
0.194822
0.171322
0.17133
0.171444
0.171863
0.172595
0.173658
0.174993
0.176835
0.179243
0.182281
0.185734
0.188769
0.190957
0.192488
0.19352
0.194169
0.194498
0.194657
0.194743
0.194764
0.166066
0.166069
0.166203
0.166648
0.167473
0.168667
0.170296
0.17248
0.175389
0.179124
0.18343
0.187295
0.190136
0.192147
0.193482
0.194382
0.1949
0.195189
0.19534
0.195373
0.1601
0.160104
0.160277
0.160756
0.161685
0.163049
0.164984
0.167653
0.171239
0.175874
0.181265
0.186149
0.189737
0.192331
0.19411
0.195289
0.196026
0.196464
0.196681
0.196721
0.153104
0.15311
0.153314
0.153925
0.154975
0.156594
0.158961
0.162252
0.166707
0.172497
0.179245
0.185362
0.189918
0.19319
0.195453
0.196976
0.197962
0.198559
0.198843
0.19889
0.144745
0.144753
0.145008
0.145729
0.147063
0.14909
0.152009
0.156118
0.161711
0.168972
0.177412
0.185052
0.19075
0.194825
0.197661
0.199589
0.200852
0.20162
0.201977
0.202035
0.134631
0.134643
0.134974
0.1359
0.137573
0.140147
0.143859
0.149082
0.156153
0.165275
0.175813
0.185307
0.192353
0.197395
0.200915
0.203318
0.204901
0.205859
0.206304
0.206376
0.122214
0.12223
0.12266
0.123876
0.126069
0.129408
0.13421
0.140914
0.149903
0.161387
0.174508
0.186231
0.194891
0.201091
0.205427
0.208394
0.210359
0.211545
0.212092
0.212178
0.106737
0.106759
0.107339
0.108977
0.11191
0.116336
0.122639
0.131339
0.142852
0.157319
0.173588
0.187969
0.198545
0.206119
0.21143
0.215082
0.217512
0.218976
0.219637
0.219741
0.0870604
0.0870954
0.0879035
0.0901849
0.0942378
0.100255
0.108704
0.120156
0.134969
0.153153
0.173194
0.190685
0.203494
0.212685
0.219166
0.223655
0.226668
0.228495
0.229305
0.229422
0.0613364
0.0613913
0.0625917
0.0659744
0.0718795
0.0803587
0.0919722
0.107222
0.126309
0.14905
0.173513
0.194561
0.209918
0.220983
0.228858
0.23438
0.238132
0.240421
0.241427
0.241559
0.0264957
0.0266033
0.0286481
0.0341648
0.0433123
0.0557797
0.0721043
0.0925567
0.117083
0.145265
0.174758
0.199751
0.217936
0.231129
0.240653
0.24746
0.252184
0.255097
0.256352
0.256493
-0.0234582
-0.0230205
-0.018411
-0.00804693
0.00712561
0.0261313
0.0492949
0.0765975
0.107747
0.142153
0.177145
0.206346
0.227554
0.243083
0.254505
0.262897
0.268916
0.272753
0.274415
0.274572
-0.0966906
-0.093762
-0.0808419
-0.0602623
-0.0353141
-0.00708765
0.0247662
0.0601616
0.0987796
0.140041
0.18103
0.21489
0.239573
0.257914
0.271762
0.282369
0.290428
0.295936
0.298563
0.299022
-0.174578
-0.167078
-0.144114
-0.113
-0.0780921
-0.0404558
0.000156068
0.0437512
0.090124
0.13881
0.186733
0.226377
0.255598
0.277729
0.294895
0.308497
0.31924
0.32749
0.332306
0.333116
-0.238185
-0.230863
-0.200899
-0.16148
-0.118159
-0.0720323
-0.0231802
0.0282813
0.0821196
0.137889
0.192291
0.237128
0.270225
0.295431
0.315121
0.33081
0.343269
0.352983
0.357959
0.358911
-0.289417
-0.281502
-0.247874
-0.202993
-0.153412
-0.100511
-0.0447084
0.013708
0.074335
0.136613
0.196871
0.246181
0.282365
0.309754
0.330993
0.347791
0.361121
0.371181
0.376515
0.377685
-0.33129
-0.32317
-0.287381
-0.238465
-0.183985
-0.125729
-0.0642108
0.000150239
0.0667608
0.134868
0.200341
0.253457
0.292016
0.320873
0.343006
0.36033
0.373964
0.383963
0.389452
0.390706
-0.366893
-0.358671
-0.321503
-0.269464
-0.211015
-0.148333
-0.0819573
-0.012471
0.0594081
0.132752
0.202901
0.259357
0.299934
0.329956
0.352689
0.370218
0.383824
0.393747
0.399299
0.400642
-0.398211
-0.389958
-0.351819
-0.297225
-0.235523
-0.169065
-0.0984961
-0.0244802
0.0521455
0.130284
0.204829
0.264442
0.306856
0.337854
0.36102
0.378663
0.392211
0.402022
0.40754
0.408946
-0.426665
-0.418363
-0.379424
-0.322764
-0.258289
-0.188559
-0.114284
-0.0362019
0.0447716
0.127398
0.206117
0.268737
0.312941
0.344929
0.368582
0.386403
0.399934
0.40965
0.415081
0.416566
-0.4531
-0.444755
-0.405147
-0.346684
-0.279796
-0.207222
-0.129678
-0.0479355
0.0370266
0.123861
0.206624
0.272361
0.318508
0.351625
0.375865
0.393935
0.407524
0.417179
0.422442
0.423991
-0.478164
-0.469748
-0.429535
-0.369472
-0.30049
-0.225391
-0.144937
-0.059892
0.0287406
0.119605
0.206459
0.275454
0.323717
0.358135
0.383111
0.401549
0.415266
0.424909
0.430036
0.431582
-0.502206
-0.4937
-0.4529
-0.391476
-0.320596
-0.24324
-0.160186
-0.07215
0.0198967
0.114621
0.205529
0.277949
0.328585
0.364542
0.390458
0.409414
0.423372
0.433056
0.438062
0.439505
-0.5255
-0.516863
-0.475442
-0.412874
-0.340262
-0.260917
-0.17553
-0.0847786
0.010415
0.108776
0.203711
0.27978
0.333106
0.370894
0.397977
0.417627
0.431939
0.441713
0.446629
0.447909
-0.548112
-0.539369
-0.497421
-0.433733
-0.359595
-0.278485
-0.191018
-0.0978357
0.000209856
0.101998
0.200925
0.280819
0.33717
0.377141
0.405659
0.42619
0.440983
0.450899
0.45575
0.456837
-0.570167
-0.561192
-0.518857
-0.454087
-0.378614
-0.295949
-0.206654
-0.11132
-0.010689
0.0942786
0.197073
0.280925
0.340602
0.38314
0.413427
0.43507
0.450471
0.460569
0.465327
0.466253
-0.591652
-0.582568
-0.539697
-0.473971
-0.397325
-0.313291
-0.222394
-0.125169
-0.0222553
0.085597
0.192066
0.279939
0.343227
0.388727
0.421184
0.444215
0.460369
0.470675
0.475283
0.476034
-0.612574
-0.603337
-0.559951
-0.493367
-0.41569
-0.330457
-0.23818
-0.139327
-0.0344301
0.0759872
0.185861
0.277693
0.344813
0.393705
0.428815
0.453582
0.470616
0.481091
0.485445
0.485981
-0.632867
-0.623484
-0.579582
-0.512239
-0.433647
-0.347391
-0.253934
-0.153711
-0.0471249
0.0655015
0.178431
0.274052
0.345088
0.397762
0.436119
0.463155
0.481235
0.491697
0.495607
0.495885
-0.652485
-0.642967
-0.598559
-0.530546
-0.451151
-0.364022
-0.269587
-0.168224
-0.0602475
0.0542333
0.169795
0.268901
0.343797
0.400502
0.442767
0.472928
0.492496
0.502594
0.505531
0.505426
-0.671421
-0.661758
-0.616865
-0.548243
-0.468156
-0.380278
-0.285041
-0.182762
-0.0736849
0.0422815
0.160027
0.262189
0.340722
0.401471
0.448212
0.48272
0.504976
0.514573
0.515261
0.514223
-0.689611
-0.679796
-0.634463
-0.565286
-0.484594
-0.396105
-0.300217
-0.197233
-0.0873136
0.0297767
0.14922
0.2539
0.335708
0.400188
0.451558
0.491759
0.519094
0.529962
0.527075
0.523006
-0.707079
-0.697143
-0.651352
-0.581679
-0.500492
-0.411527
-0.315142
-0.21167
-0.101164
0.0166884
0.137321
0.243861
0.328501
0.396184
0.451541
0.498217
0.533713
0.55133
0.549334
0.532227
-0.723872
-0.713749
-0.66766
-0.597579
-0.51607
-0.426844
-0.330177
-0.226519
-0.115774
0.0023797
0.123629
0.231311
0.318205
0.388601
0.446019
0.497767
0.541902
0.561517
0.564826
0.515302
-0.740252
-0.729224
-0.683329
-0.612875
-0.531251
-0.441967
-0.345147
-0.241559
-0.130897
-0.0128905
0.108327
0.216326
0.304419
0.377135
0.433542
0.482687
0.525744
0.546723
0.503982
0.433978
-0.757054
-0.742841
-0.698225
-0.627551
-0.546331
-0.457064
-0.360292
-0.256778
-0.146529
-0.0291033
0.0913677
0.198795
0.286403
0.361929
0.415127
0.443365
0.475613
0.463543
0.398989
0.325301
-0.77332
-0.777358
-0.715302
-0.639275
-0.558598
-0.469515
-0.375046
-0.271561
-0.161979
-0.0455209
0.0733902
0.179124
0.264314
0.345385
0.380748
0.36029
0.383527
0.332748
0.256507
0.176393
-0.748559
-0.747876
-0.691323
-0.617032
-0.531857
-0.43963
-0.340914
-0.23535
-0.123636
-0.00514956
0.106351
0.198151
0.272149
0.347316
0.385288
0.281948
0.197361
0.129426
0.0491333
-0.121234
-0.786847
-0.76239
-0.703039
-0.627969
-0.54317
-0.451433
-0.353426
-0.248745
-0.138374
-0.0220737
0.0859084
0.173418
0.240817
0.287669
0.261312
0.125879
-0.00840654
-0.0996013
-0.195231
-0.390498
-0.808895
-0.779421
-0.72004
-0.644794
-0.560398
-0.469022
-0.371087
-0.267434
-0.158736
-0.0452354
0.0586344
0.140467
0.199143
0.217712
0.135452
-0.0567344
-0.22116
-0.342301
-0.478334
-0.758083
-0.830098
-0.798124
-0.737997
-0.662186
-0.577835
-0.486666
-0.389279
-0.286785
-0.17996
-0.0696165
0.0294173
0.104587
0.151993
0.137696
-0.0170191
-0.24776
-0.458468
-0.631374
-0.837543
-1.29285
-0.849884
-0.81734
-0.756371
-0.679916
-0.595513
-0.504612
-0.408
-0.306749
-0.201949
-0.0950441
-0.00144532
0.0666215
0.0985378
0.0433599
-0.171068
-0.433395
-0.702803
-0.945168
-1.24515
-2.08263
-0.869083
-0.836751
-0.775385
-0.698508
-0.614045
-0.52344
-0.427571
-0.327616
-0.224985
-0.121761
-0.0339761
0.0263902
0.0410572
-0.0588682
-0.314936
-0.591338
-0.881841
-1.15246
-1.39756
-2.40003
-0.888709
-0.856694
-0.795199
-0.718158
-0.633674
-0.54334
-0.44817
-0.349511
-0.249133
-0.149758
-0.0679339
-0.0160053
-0.0193378
-0.177466
-0.439709
-0.708462
-0.967557
-1.15465
-1.19466
-1.25989
-0.909148
-0.877535
-0.816082
-0.739074
-0.654713
-0.56478
-0.470449
-0.373303
-0.27551
-0.180486
-0.105147
-0.0628379
-0.0944592
-0.297937
-0.55135
-0.794436
-0.99645
-1.11008
-1.12855
-1.13835
-0.930665
-0.899151
-0.838069
-0.761168
-0.677062
-0.587666
-0.494367
-0.398964
-0.304071
-0.213898
-0.145486
-0.114304
-0.174923
-0.409883
-0.656173
-0.87226
-1.0364
-1.08873
-1.09841
-1.09848
-0.953276
-0.921831
-0.861021
-0.784354
-0.700602
-0.611897
-0.519796
-0.42635
-0.334661
-0.249804
-0.188808
-0.170885
-0.258303
-0.516936
-0.758794
-0.952448
-1.05474
-1.07254
-1.0784
-1.07923
-0.976817
-0.945456
-0.884955
-0.808516
-0.725216
-0.637323
-0.546566
-0.455274
-0.367014
-0.287847
-0.234691
-0.227559
-0.348779
-0.618197
-0.863366
-1.02984
-1.05594
-1.06956
-1.07377
-1.07378
-1.00079
-0.969784
-0.909449
-0.833425
-0.750672
-0.663701
-0.57442
-0.485443
-0.400754
-0.327431
-0.28225
-0.284978
-0.443835
-0.710206
-0.964934
-1.13113
-1.10719
-1.09086
-1.07946
-1.07619
-1.02482
-0.994278
-0.93431
-0.858786
-0.77663
-0.690666
-0.602949
-0.516388
-0.435332
-0.367806
-0.330167
-0.348684
-0.525952
-0.779676
-1.04782
-1.21863
-1.15015
-1.10106
-1.07398
-1.06593
-1.04829
-1.0183
-0.959174
-0.884065
-0.802555
-0.717693
-0.631589
-0.54745
-0.469994
-0.407928
-0.377232
-0.41284
-0.601264
-0.788038
-1.01193
-1.15076
-1.15045
-1.0841
-1.05114
-1.04217
-1.0705
-1.04137
-0.982973
-0.908657
-0.827912
-0.744086
-0.659607
-0.577725
-0.503669
-0.446343
-0.422683
-0.469433
-0.691559
-0.770483
-0.749401
-0.967143
-1.18276
-1.32212
-1.29292
-1.25586
-1.09027
-1.06243
-1.00502
-0.93162
-0.851791
-0.769069
-0.686088
-0.60612
-0.534944
-0.481529
-0.465457
-0.519922
-0.836992
-0.93418
-0.522359
-0.567386
-1.22198
-1.58116
-1.56959
-1.56477
-1.1067
-1.08047
-1.02446
-0.952103
-0.873178
-0.791584
-0.709908
-0.63136
-0.561991
-0.511774
-0.502856
-0.57645
-1.06895
-1.63107
-1.94413
-2.3076
-2.37437
-2.07556
-1.79661
-1.79629
-1.11851
-1.09431
-1.04021
-0.96897
-0.891015
-0.810481
-0.729779
-0.652112
-0.582844
-0.534128
-0.528338
-0.645019
-1.34751
-2.52584
-4.007
-4.50991
-4.43146
-3.8552
-3.23917
-2.96744
-1.12478
-1.10294
-1.05125
-0.981113
-0.904199
-0.824589
-0.744545
-0.666862
-0.596132
-0.54283
-0.535577
-0.65337
-1.33625
-2.35924
-3.48375
-3.98797
-3.93134
-3.54395
-3.10592
-2.95023
-1.12364
-1.10508
-1.05641
-0.987546
-0.911622
-0.832865
-0.753259
-0.67492
-0.599938
-0.535409
-0.504962
-0.526754
-0.814524
-1.08581
-1.23693
-1.25822
-1.0377
-0.778184
-0.557836
-0.428341
-1.11386
-1.09865
-1.05402
-0.987008
-0.912075
-0.834477
-0.755728
-0.676244
-0.595388
-0.511816
-0.434607
-0.392911
-0.220243
0.122689
0.579644
1.10085
1.52092
1.80762
1.94498
1.99519
-1.0945
-1.08287
-1.04272
-0.977949
-0.904456
-0.828979
-0.752024
-0.672197
-0.58517
-0.481219
-0.362221
-0.24494
0.0216987
0.624616
1.28994
1.88795
2.34674
2.61408
2.72698
2.75387
-1.06405
-1.05555
-1.02017
-0.958374
-0.888099
-0.816276
-0.743563
-0.667119
-0.579869
-0.462964
-0.309934
-0.147603
0.0682897
0.59505
1.20764
1.73093
2.12066
2.35537
2.46113
2.49087
-1.0183
-1.01191
-0.981744
-0.926611
-0.862174
-0.79735
-0.733488
-0.667345
-0.587512
-0.467625
-0.293111
-0.0962611
0.0918674
0.437806
0.899641
1.29542
1.59917
1.78998
1.88769
1.92085
-0.955075
-0.950221
-0.927213
-0.881748
-0.827273
-0.773988
-0.724828
-0.678886
-0.624296
-0.527852
-0.353472
-0.124525
0.0910357
0.261596
0.54365
0.821079
1.04685
1.20415
1.29767
1.32804
-0.87789
-0.874641
-0.858859
-0.8266
-0.787136
-0.75028
-0.721806
-0.706201
-0.705718
-0.709891
-0.625016
-0.391113
-0.142665
0.0228345
0.210417
0.408045
0.564392
0.667524
0.730378
0.754748
-0.796775
-0.794908
-0.786325
-0.768645
-0.747148
-0.730151
-0.727033
-0.753004
-0.837543
-1.01939
-1.12705
-0.860442
-0.504051
-0.308279
-0.124559
0.0634955
0.212158
0.310927
0.357318
0.364297
-0.72633
-0.726061
-0.722761
-0.715598
-0.708731
-0.710019
-0.732609
-0.805963
-1.00346
-1.43066
-1.84846
-1.54599
-0.996239
-0.701001
-0.462402
-0.244416
-0.0840414
0.011101
0.0495088
0.0522984
-0.656996
-0.657941
-0.657652
-0.656702
-0.659687
-0.674305
-0.716147
-0.823492
-1.10074
-1.7181
-2.33504
-2.04384
-1.38492
-0.998398
-0.693994
-0.45585
-0.300262
-0.221337
-0.193501
-0.193214
-0.57401
-0.575681
-0.577052
-0.579255
-0.5867
-0.606375
-0.653154
-0.764405
-1.04122
-1.64621
-2.19502
-1.91885
-1.42868
-1.07098
-0.756937
-0.549217
-0.439606
-0.397916
-0.383882
-0.382208
-0.473506
-0.475201
-0.477185
-0.480452
-0.487934
-0.504942
-0.542493
-0.628846
-0.837489
-1.27786
-1.64039
-1.47229
-1.14115
-0.835056
-0.618713
-0.505054
-0.472418
-0.467402
-0.463957
-0.461567
-0.364046
-0.365347
-0.367262
-0.369939
-0.375122
-0.385509
-0.407224
-0.455476
-0.567886
-0.798861
-0.974971
-0.86083
-0.660696
-0.488762
-0.407082
-0.395019
-0.406054
-0.416122
-0.418058
-0.41695
-0.258023
-0.258793
-0.260277
-0.26193
-0.264327
-0.268145
-0.275367
-0.290906
-0.325902
-0.391121
-0.422296
-0.359427
-0.265431
-0.228776
-0.239456
-0.268321
-0.290308
-0.302536
-0.306468
-0.306676
-0.166141
-0.166472
-0.167455
-0.168265
-0.168604
-0.168052
-0.166357
-0.163216
-0.158259
-0.146633
-0.115775
-0.0923451
-0.0655858
-0.0891811
-0.124965
-0.155602
-0.175283
-0.185739
-0.190012
-0.191028
-0.0935653
-0.0936248
-0.0942603
-0.0946858
-0.0941395
-0.0917081
-0.0863639
-0.0763468
-0.0591093
-0.031239
-0.000944738
0.00419309
0.00303091
-0.0224592
-0.0524591
-0.0751568
-0.0893946
-0.097089
-0.10066
-0.101745
-0.0406397
-0.0405817
-0.0410402
-0.0414067
-0.0408381
-0.0383275
-0.0327106
-0.0223278
-0.00533647
0.0188346
0.0389957
0.0387159
0.0284996
0.00961037
-0.0102065
-0.0251792
-0.0347409
-0.040038
-0.0426156
-0.0434543
-0.00473265
-0.00465318
-0.00503308
-0.00548146
-0.00520432
-0.00335437
0.00101995
0.0091841
0.0221294
0.0389896
0.0505527
0.0485946
0.0388262
0.0258429
0.0132627
0.00356545
-0.00285213
-0.00650354
-0.00827146
-0.00885858
0.0179426
0.0179994
0.0176658
0.0171302
0.0170761
0.0181901
0.0211514
0.0267081
0.0353202
0.0459096
0.0520854
0.0498183
0.0425354
0.0337447
0.0255851
0.0191507
0.0146956
0.0120924
0.0108675
0.0104624
0.0311126
0.0311318
0.0308242
0.0302458
0.0299308
0.0303954
0.0321382
0.0356305
0.0409773
0.0471775
0.0501305
0.0478519
0.0426604
0.0367219
0.0312771
0.0268668
0.0236864
0.021787
0.0209279
0.0206509
0.0378421
0.0378275
0.0375324
0.0369342
0.0364583
0.0364564
0.037251
0.0391305
0.0421345
0.0454884
0.0466386
0.0446148
0.0409269
0.0368321
0.0330824
0.0299878
0.0276859
0.0262919
0.0256855
0.0254969
0.0403479
0.040312
0.0400298
0.0394422
0.0388864
0.0385971
0.0387973
0.0396423
0.0411072
0.0426701
0.0428107
0.0410226
0.0382842
0.0353641
0.0327033
0.0304771
0.0287861
0.0277557
0.0273233
0.0271925
0.0401163
0.0400707
0.0398033
0.0392467
0.0386577
0.0381975
0.0380134
0.0382026
0.0387326
0.0392226
0.0387801
0.0372094
0.0351295
0.0329933
0.0310579
0.0294283
0.0281755
0.0274117
0.0271009
0.0270088
0.0381158
0.038069
0.0378262
0.0373203
0.0367437
0.0362107
0.0358158
0.0356098
0.0355651
0.0354387
0.0347257
0.0333646
0.0317414
0.0301337
0.028694
0.0274811
0.0265439
0.0259738
0.0257476
0.0256818
0.0349908
0.034948
0.034738
0.0342955
0.0337638
0.0332258
0.032742
0.032341
0.0319955
0.0315385
0.0307038
0.0295199
0.0282307
0.0269982
0.0259089
0.0249948
0.0242881
0.0238595
0.0236925
0.023645
0.0311651
0.0311285
0.0309541
0.0305792
0.0301105
0.0296072
0.029107
0.0286238
0.0281368
0.027537
0.0266967
0.0256842
0.0246535
0.0236981
0.0228657
0.0221715
0.0216358
0.0213119
0.021188
0.0211534
0.0269148
0.0268849
0.0267455
0.0264391
0.0260425
0.0256006
0.0251344
0.0246497
0.0241295
0.0235014
0.0227186
0.0218663
0.0210434
0.0203002
0.0196613
0.0191318
0.0187242
0.0184794
0.0183876
0.0183624
0.0224191
0.0223953
0.0222875
0.0220457
0.0217236
0.0213548
0.0209499
0.02051
0.0200222
0.0194389
0.0187561
0.0180586
0.0174102
0.0168372
0.0163502
0.0159486
0.0156404
0.0154569
0.0153894
0.0153711
0.0177912
0.0177729
0.0176925
0.0175088
0.0172587
0.0169668
0.016638
0.0162711
0.0158561
0.0153616
0.0148033
0.0142561
0.0137613
0.0133307
0.0129676
0.0126692
0.0124405
0.0123058
0.0122572
0.012244
0.0130966
0.0130834
0.0130265
0.0128941
0.0127114
0.0124963
0.0122506
0.0119722
0.0116534
0.0112741
0.0108551
0.0104554
0.0101006
0.00979496
0.00953785
0.00932607
0.00916365
0.00906875
0.00903523
0.00902572
0.00836741
0.00835899
0.00832311
0.00823715
0.00811843
0.00797976
0.00782095
0.00763925
0.00742946
0.00718037
0.00690852
0.00665326
0.00642962
0.00623814
0.00607696
0.00594296
0.00583901
0.00577871
0.00575808
0.00575146
0.00361507
0.00361248
0.00361067
0.00358819
0.00354129
0.00348394
0.00341638
0.00333842
0.00324814
0.0031415
0.00301832
0.00289492
0.00278673
0.00269423
0.00261666
0.00255212
0.00249924
0.00246436
0.00245364
0.00244976
-1.46048
-0.801108
-0.426041
-0.161435
0.0436412
0.204251
0.337526
0.453729
0.58119
0.570854
-0.535434
-0.33962
-0.135635
0.0350929
0.177142
0.29458
0.392446
0.467319
0.500264
0.504205
-0.189334
-0.0646568
0.0677998
0.183422
0.282538
0.365729
0.432287
0.479482
0.508826
0.524956
0.0421313
0.12608
0.216434
0.297529
0.367799
0.42681
0.474117
0.510176
0.537358
0.555323
0.209618
0.269145
0.332693
0.391618
0.443188
0.487264
0.523916
0.55359
0.577392
0.595313
0.339998
0.383963
0.43102
0.476098
0.516425
0.551776
0.582108
0.60728
0.627748
0.645299
0.447994
0.481943
0.521418
0.558355
0.592544
0.623161
0.649735
0.671833
0.689415
0.706693
0.543866
0.574607
0.61068
0.6446
0.676182
0.704619
0.729188
0.749285
0.764338
0.781465
0.63819
0.670609
0.707282
0.741296
0.772366
0.79988
0.823208
0.841795
0.854801
0.872095
0.744226
0.780711
0.819608
0.854615
0.885354
0.911669
0.933417
0.950431
0.962309
0.9802
0.874931
0.914322
0.95303
0.986655
1.01505
1.03899
1.05892
1.07469
1.0867
1.105
1.0367
1.07346
1.10563
1.13264
1.15573
1.17645
1.19525
1.21145
1.22528
1.24319
1.22183
1.24722
1.26736
1.28603
1.30384
1.32071
1.33669
1.35278
1.36998
1.38915
1.40893
1.41992
1.43276
1.44742
1.4611
1.47325
1.48425
1.49568
1.51114
1.5306
1.59105
1.60456
1.60965
1.61064
1.61264
1.62011
1.63392
1.65159
1.66537
1.67672
1.86004
1.80949
1.76203
1.73049
1.71754
1.72213
1.74535
1.79045
1.85717
1.9513
0.300346
0.297349
0.291293
0.28039
0.267929
0.256652
0.247623
0.240872
0.236366
0.23435
0.23538
0.239133
0.24508
0.253178
0.263529
0.275733
0.288002
0.296659
0.301159
0.303296
0.228589
0.235253
0.24054
0.244194
0.245346
0.243753
0.240332
0.236552
0.233534
0.2321
0.232968
0.235755
0.239606
0.243632
0.246497
0.246896
0.244475
0.240007
0.233664
0.227823
0.218421
0.221409
0.224833
0.227402
0.22924
0.230486
0.230763
0.230041
0.228936
0.228338
0.228972
0.230449
0.231854
0.2324
0.231783
0.230353
0.228294
0.225292
0.221879
0.219584
0.212294
0.213748
0.216058
0.218445
0.220282
0.221575
0.22253
0.223137
0.223371
0.223542
0.223967
0.224412
0.224453
0.223976
0.223098
0.221723
0.219699
0.217292
0.215434
0.214353
0.206873
0.207725
0.209354
0.211346
0.213293
0.214948
0.216207
0.217188
0.217984
0.218596
0.218948
0.218946
0.218589
0.217869
0.21669
0.215058
0.213203
0.211391
0.210227
0.20958
0.201893
0.202471
0.203775
0.205495
0.207315
0.209104
0.210718
0.212029
0.213056
0.213837
0.214258
0.214204
0.213678
0.212675
0.211281
0.2097
0.208069
0.206597
0.205738
0.205315
0.197339
0.197761
0.198888
0.200487
0.202163
0.203835
0.205511
0.207099
0.208438
0.209449
0.209937
0.209803
0.209111
0.208031
0.206764
0.205374
0.203899
0.202603
0.201917
0.201631
0.193299
0.19358
0.194575
0.196076
0.197667
0.199241
0.200763
0.202225
0.203619
0.204802
0.205434
0.205421
0.20496
0.204173
0.203124
0.201882
0.200545
0.19938
0.198842
0.198686
0.190381
0.190547
0.19132
0.192631
0.194077
0.195568
0.197114
0.198661
0.200136
0.201449
0.202295
0.202504
0.202198
0.201511
0.200612
0.199601
0.198485
0.197577
0.197221
0.197155
0.188255
0.188361
0.18881
0.189639
0.190649
0.191765
0.192992
0.194389
0.195907
0.197413
0.198519
0.199032
0.199095
0.198895
0.198505
0.197966
0.197394
0.196953
0.196778
0.196733
0.185751
0.185835
0.186114
0.186625
0.18736
0.188326
0.189543
0.190976
0.192607
0.194338
0.19578
0.196645
0.197058
0.197089
0.196889
0.19677
0.196622
0.196493
0.196413
0.196369
0.182404
0.182474
0.182712
0.183138
0.18374
0.184599
0.185777
0.187289
0.189123
0.191187
0.19303
0.194263
0.194948
0.195353
0.195677
0.195787
0.195832
0.195817
0.195778
0.195739
0.178336
0.178386
0.178633
0.179116
0.179767
0.180685
0.18197
0.183647
0.185741
0.188212
0.190567
0.19229
0.193422
0.194151
0.194618
0.194909
0.195049
0.195077
0.195075
0.195048
0.173773
0.173814
0.174071
0.174635
0.175442
0.176459
0.177954
0.179913
0.182403
0.185426
0.188402
0.190677
0.192267
0.193336
0.194024
0.194439
0.194622
0.194695
0.194731
0.194712
0.168767
0.168812
0.169073
0.169679
0.170573
0.171967
0.17363
0.175926
0.178918
0.182642
0.1864
0.189343
0.191436
0.192865
0.193839
0.194448
0.194766
0.194932
0.195004
0.194985
0.163209
0.16326
0.163553
0.164215
0.165257
0.166757
0.168819
0.171617
0.175302
0.17993
0.184652
0.188416
0.191087
0.193011
0.194288
0.195109
0.195603
0.195879
0.195982
0.19596
0.156779
0.156841
0.1572
0.157932
0.159141
0.160918
0.163428
0.16688
0.171456
0.17723
0.18315
0.187889
0.191339
0.193764
0.195416
0.19651
0.197203
0.19759
0.197726
0.197698
0.14913
0.14921
0.149635
0.150566
0.15203
0.154188
0.1573
0.16161
0.167329
0.174553
0.181961
0.187894
0.192235
0.195285
0.197376
0.198782
0.199691
0.200197
0.200368
0.200333
0.139924
0.14003
0.140585
0.141734
0.143575
0.146308
0.150233
0.155652
0.162843
0.171896
0.181136
0.18853
0.193916
0.197709
0.200323
0.20209
0.203242
0.203878
0.20409
0.204045
0.128718
0.128866
0.129603
0.131088
0.13344
0.136943
0.141948
0.148842
0.157934
0.169278
0.180761
0.189894
0.196532
0.201221
0.20446
0.206655
0.208094
0.208889
0.209148
0.209092
0.114858
0.115072
0.116072
0.118032
0.121119
0.125688
0.132183
0.141042
0.152569
0.166754
0.180946
0.192156
0.200287
0.206037
0.210021
0.212731
0.21451
0.2155
0.215817
0.215746
0.0973758
0.097696
0.0990977
0.10177
0.10594
0.112049
0.120615
0.132087
0.146729
0.164411
0.181835
0.195486
0.205375
0.212386
0.217265
0.220601
0.222801
0.224029
0.22442
0.224329
0.0748572
0.0753773
0.077422
0.0811929
0.0869971
0.095377
0.106862
0.121848
0.140464
0.162384
0.183586
0.200056
0.211986
0.220488
0.226452
0.230565
0.233295
0.234814
0.235294
0.23518
0.0449533
0.0458709
0.0490412
0.0546809
0.0631709
0.0750473
0.090716
0.110387
0.133954
0.160878
0.186381
0.206019
0.220266
0.230513
0.237798
0.242894
0.246315
0.248214
0.248802
0.248659
0.0033888
0.00521467
0.0108886
0.0201847
0.0333738
0.0507293
0.0722979
0.0980176
0.12755
0.160178
0.190406
0.21348
0.230277
0.242513
0.25139
0.25775
0.262117
0.264527
0.265241
0.265057
-0.0575755
-0.0521708
-0.0404322
-0.023937
-0.00265345
0.0228199
0.0522311
0.0853549
0.121728
0.160573
0.195769
0.222421
0.241907
0.256307
0.26702
0.274959
0.280563
0.283713
0.284666
0.284384
-0.130444
-0.121099
-0.0995923
-0.0721908
-0.0409364
-0.00635434
0.031524
0.0725733
0.116405
0.162362
0.203663
0.235088
0.258438
0.276132
0.289724
0.300254
0.308089
0.311889
0.312936
0.313161
-0.203615
-0.186966
-0.156123
-0.118797
-0.0781327
-0.0346469
0.0116166
0.0605512
0.111845
0.164941
0.212407
0.248625
0.275794
0.296727
0.313182
0.326204
0.336059
0.341217
0.343693
0.344062
-0.261428
-0.241377
-0.204783
-0.160324
-0.112107
-0.060964
-0.00714879
0.0491075
0.107409
0.167158
0.220177
0.260464
0.290643
0.31388
0.332125
0.346561
0.357563
0.364141
0.367155
0.367558
-0.308396
-0.286361
-0.24558
-0.195956
-0.14193
-0.0846336
-0.024438
0.0382328
0.102823
0.168575
0.226472
0.2701
0.302474
0.327151
0.346354
0.361455
0.373013
0.380115
0.383243
0.383651
-0.347296
-0.324424
-0.280585
-0.226884
-0.168227
-0.10588
-0.0402814
0.027971
0.0981371
0.169265
0.231444
0.277822
0.311858
0.337513
0.357249
0.372579
0.384182
0.391339
0.394475
0.394927
-0.381051
-0.357597
-0.311414
-0.254388
-0.191897
-0.12524
-0.0549865
0.0181768
0.0933569
0.169365
0.235477
0.284374
0.319862
0.346265
0.366299
0.381668
0.393228
0.400468
0.403472
0.403913
-0.411124
-0.387318
-0.339269
-0.279501
-0.213763
-0.14338
-0.0690026
0.00858994
0.0883831
0.168997
0.238848
0.290094
0.326898
0.353965
0.374275
0.389711
0.401214
0.408514
0.411425
0.411778
-0.438692
-0.414614
-0.36504
-0.302938
-0.23437
-0.160718
-0.0826669
-0.00105754
0.0830091
0.167978
0.241439
0.295076
0.333289
0.361126
0.381792
0.397346
0.408846
0.416157
0.419017
0.419202
-0.464623
-0.440205
-0.389348
-0.325169
-0.254144
-0.177613
-0.0962818
-0.0110164
0.077017
0.166192
0.243379
0.299581
0.339362
0.368092
0.38922
0.404971
0.416516
0.423784
0.42661
0.426695
-0.48931
-0.464564
-0.412523
-0.346587
-0.273374
-0.194277
-0.110004
-0.0214036
0.0703832
0.16369
0.244676
0.303631
0.345218
0.375034
0.396774
0.412833
0.424486
0.43173
0.434523
0.434568
-0.51309
-0.488
-0.434902
-0.3674
-0.292217
-0.210842
-0.123915
-0.0322543
0.0630443
0.160349
0.245209
0.307182
0.35087
0.382033
0.404569
0.421065
0.432908
0.440122
0.44286
0.442872
-0.536154
-0.510689
-0.456733
-0.387736
-0.310807
-0.2274
-0.13809
-0.0436506
0.0548856
0.156051
0.244904
0.310164
0.356252
0.389054
0.412616
0.429702
0.44183
0.449069
0.451689
0.451693
-0.558604
-0.532743
-0.477967
-0.407648
-0.329189
-0.24398
-0.152559
-0.0556324
0.0458989
0.150754
0.243629
0.312449
0.361293
0.396059
0.420905
0.438758
0.451254
0.458526
0.461007
0.460969
-0.580493
-0.554242
-0.498644
-0.427159
-0.347356
-0.260564
-0.167289
-0.0681494
0.0360882
0.144394
0.241253
0.313849
0.365848
0.402966
0.429387
0.448185
0.461131
0.468435
0.470746
0.470623
-0.601763
-0.575152
-0.518776
-0.44627
-0.365284
-0.277111
-0.182219
-0.0811496
0.0254756
0.136949
0.237663
0.314163
0.369668
0.4096
0.437982
0.457942
0.471394
0.4787
0.4808
0.48055
-0.622442
-0.595454
-0.538345
-0.464934
-0.382913
-0.293555
-0.197283
-0.09457
0.0141342
0.128426
0.232768
0.313192
0.372472
0.415729
0.446597
0.468011
0.481955
0.489078
0.490877
0.490515
-0.642421
-0.615095
-0.557319
-0.483112
-0.400192
-0.309823
-0.212399
-0.10831
0.00214828
0.118866
0.226502
0.310738
0.37397
0.421042
0.455108
0.478495
0.492902
0.499485
0.500767
0.500294
-0.661764
-0.634025
-0.575669
-0.500748
-0.417058
-0.325846
-0.227467
-0.122257
-0.0103869
0.108354
0.218845
0.306643
0.373808
0.425072
0.463224
0.489609
0.50471
0.509986
0.510142
0.509575
-0.680319
-0.652247
-0.593349
-0.517795
-0.433454
-0.341542
-0.242407
-0.136324
-0.0233404
0.0970013
0.209835
0.300803
0.371667
0.427177
0.470289
0.501368
0.518592
0.521867
0.519023
0.517819
-0.698216
-0.669741
-0.610319
-0.534202
-0.449311
-0.356835
-0.257103
-0.150374
-0.036573
0.0849408
0.19956
0.293165
0.367329
0.426603
0.47503
0.5128
0.535601
0.539639
0.530896
0.511849
-0.715353
-0.686515
-0.626719
-0.550159
-0.464911
-0.372045
-0.27196
-0.164864
-0.0506097
0.071608
0.187404
0.283012
0.360147
0.422309
0.475247
0.520982
0.553495
0.56278
0.547666
0.560806
-0.73189
-0.702588
-0.642505
-0.565605
-0.480209
-0.387107
-0.286963
-0.179753
-0.0654296
0.0569546
0.173254
0.26991
0.349543
0.413377
0.466662
0.517156
0.551098
0.564013
0.505017
0.475232
-0.748339
-0.718513
-0.657431
-0.58013
-0.494745
-0.401604
-0.301914
-0.194787
-0.0807414
0.0412261
0.15723
0.253739
0.335054
0.399906
0.445956
0.48992
0.515198
0.490958
0.419288
0.370312
-0.765291
-0.734754
-0.671015
-0.593518
-0.508161
-0.415425
-0.316473
-0.2098
-0.0964466
0.0244956
0.139322
0.234577
0.315626
0.383249
0.425091
0.433369
0.425219
0.369085
0.290178
0.241134
-0.381288
-0.278081
-0.168877
-0.053051
0.06462
0.168692
0.251521
0.0797509
-0.782657
-0.763172
-0.72732
-0.66202
-0.581481
-0.49339
-0.398026
-0.296071
-0.188047
-0.07402
0.0415137
0.143179
0.223467
0.288453
0.333148
0.300678
0.148198
0.0512211
-0.0246547
-0.797807
-0.785104
-0.742386
-0.675478
-0.594831
-0.50697
-0.41229
-0.311072
-0.204277
-0.0922053
0.0202135
0.11731
0.191794
0.243119
0.238908
0.125607
-0.0440014
-0.168162
-0.271827
-0.818297
-0.805928
-0.760417
-0.692545
-0.611875
-0.52403
-0.429489
-0.328889
-0.223374
-0.113433
-0.00481542
0.0865504
0.153012
0.187996
0.1361
-0.0474942
-0.249922
-0.411611
-0.556888
-0.838543
-0.826033
-0.779235
-0.710319
-0.629429
-0.541676
-0.447559
-0.347905
-0.243902
-0.136454
-0.0320147
0.053269
0.111169
0.125096
0.0240175
-0.218668
-0.466293
-0.690537
-0.910434
-0.857722
-0.845787
-0.79841
-0.728622
-0.647493
-0.55984
-0.46626
-0.367647
-0.265287
-0.160598
-0.0607161
0.0179195
0.0665727
0.0467273
-0.115914
-0.378648
-0.661939
-0.937675
-1.18927
-0.876763
-0.865469
-0.818097
-0.74781
-0.666521
-0.578939
-0.485826
-0.388174
-0.287478
-0.185622
-0.0904312
-0.0187427
0.0198995
-0.0391104
-0.248519
-0.51359
-0.795973
-1.07139
-1.24447
-1.30335
-0.896719
-0.88575
-0.83853
-0.768114
-0.686831
-0.599403
-0.506813
-0.410208
-0.311357
-0.212643
-0.122565
-0.0583784
-0.0327753
-0.12204
-0.372173
-0.626638
-0.873701
-1.07386
-1.14307
-1.17425
-0.917526
-0.906878
-0.860041
-0.789572
-0.708423
-0.621306
-0.529376
-0.434027
-0.337289
-0.242133
-0.157706
-0.101643
-0.0909952
-0.214811
-0.484683
-0.724274
-0.932791
-1.06956
-1.11687
-1.11574
-0.939485
-0.929
-0.882572
-0.812113
-0.731205
-0.64452
-0.553427
-0.45953
-0.365163
-0.273966
-0.195723
-0.148106
-0.157014
-0.325322
-0.589612
-0.816785
-0.996192
-1.06911
-1.08295
-1.08713
-0.962448
-0.952087
-0.90588
-0.835684
-0.755074
-0.668936
-0.578835
-0.486561
-0.394801
-0.307886
-0.236309
-0.197031
-0.235317
-0.434153
-0.692014
-0.915863
-1.03669
-1.07659
-1.07534
-1.07542
-0.9862
-0.975891
-0.929968
-0.860116
-0.779859
-0.694389
-0.60539
-0.514907
-0.425949
-0.343523
-0.278881
-0.24812
-0.310848
-0.536072
-0.792094
-1.01999
-1.06825
-1.07537
-1.07677
-1.07602
-1.00991
-1.00012
-0.954625
-0.885052
-0.805303
-0.72058
-0.632788
-0.54422
-0.458187
-0.380295
-0.322668
-0.301439
-0.38235
-0.622525
-0.881547
-1.1221
-1.17692
-1.11671
-1.08783
-1.07629
-1.03338
-1.02387
-0.979439
-0.910185
-0.830959
-0.747063
-0.660577
-0.573973
-0.490937
-0.417468
-0.366794
-0.35362
-0.450194
-0.680737
-0.920789
-1.16574
-1.22203
-1.12351
-1.0699
-1.05281
-1.05608
-1.0469
-1.00333
-0.93494
-0.856317
-0.773259
-0.688135
-0.603466
-0.523343
-0.454024
-0.409878
-0.400749
-0.524355
-0.72546
-0.814797
-1.05364
-1.14718
-1.14524
-1.11807
-1.10238
-1.07702
-1.06824
-1.02588
-0.958367
-0.880628
-0.798512
-0.714615
-0.631794
-0.554234
-0.488712
-0.449982
-0.444232
-0.611503
-0.827334
-0.716402
-0.429391
-0.920032
-1.40888
-1.52111
-1.49122
-1.095
-1.08681
-1.04615
-0.979797
-0.902907
-0.821778
-0.739092
-0.657914
-0.582209
-0.519913
-0.48529
-0.490633
-0.72675
-1.10594
-1.14198
-0.954387
-1.27943
-1.58351
-1.56194
-1.56253
-1.10894
-1.10155
-1.06302
-0.998139
-0.922191
-0.842084
-0.760604
-0.680497
-0.605938
-0.545195
-0.513598
-0.536434
-0.874903
-1.6157
-2.74055
-3.49504
-3.80453
-3.40935
-2.76503
-2.34766
-1.11766
-1.11134
-1.07547
-1.01236
-0.937384
-0.858238
-0.777667
-0.698265
-0.623813
-0.561557
-0.530742
-0.567309
-0.96453
-1.95781
-3.3982
-4.36075
-4.59402
-4.28852
-3.78548
-3.3256
-1.12088
-1.11531
-1.08243
-1.02134
-0.947399
-0.869101
-0.78936
-0.71016
-0.634184
-0.567004
-0.525927
-0.546397
-0.821836
-1.45971
-2.12276
-2.68546
-2.76812
-2.51818
-2.17084
-1.9032
-1.11585
-1.11145
-1.08212
-1.02397
-0.950989
-0.873721
-0.794803
-0.715425
-0.63693
-0.560166
-0.495227
-0.471615
-0.476557
-0.470126
-0.31864
-0.0522517
0.263044
0.556277
0.77287
0.896546
-1.10185
-1.09857
-1.07322
-1.01837
-0.946913
-0.871078
-0.793444
-0.714607
-0.633261
-0.545165
-0.450061
-0.354284
-0.196164
0.18958
0.776797
1.37936
1.90109
2.26187
2.45611
2.53227
-1.07743
-1.07537
-1.05429
-1.00315
-0.93382
-0.86048
-0.785856
-0.709777
-0.627891
-0.529992
-0.405118
-0.258121
-0.122646
0.329099
0.98011
1.6015
2.10114
2.4342
2.61511
2.68827
-1.04065
-1.03956
-1.02255
-0.975313
-0.910562
-0.841743
-0.773107
-0.703459
-0.626711
-0.527602
-0.38289
-0.204358
-0.0304846
0.259391
0.803818
1.31121
1.71904
1.98907
2.13825
2.20477
-0.986269
-0.985595
-0.972713
-0.932939
-0.87577
-0.815353
-0.756883
-0.699627
-0.637471
-0.553678
-0.414025
-0.202072
0.0185654
0.212654
0.53824
0.897601
1.19955
1.4125
1.53741
1.60075
-0.917413
-0.916676
-0.906934
-0.876749
-0.831547
-0.783964
-0.740951
-0.704774
-0.673108
-0.629812
-0.545538
-0.34927
-0.0974628
0.0782117
0.258375
0.485101
0.693524
0.849497
0.939952
0.980297
-0.836129
-0.835172
-0.829052
-0.810497
-0.781795
-0.752151
-0.729795
-0.722827
-0.743168
-0.799448
-0.861839
-0.748167
-0.432653
-0.205356
-0.0426103
0.152709
0.321362
0.442635
0.520646
0.553152
-0.760803
-0.760477
-0.757586
-0.748524
-0.734844
-0.723153
-0.722565
-0.74854
-0.835383
-1.05434
-1.3727
-1.38309
-0.959029
-0.597694
-0.406999
-0.199836
-0.0193734
0.108654
0.177157
0.19801
-0.692166
-0.69251
-0.69229
-0.689571
-0.686455
-0.688923
-0.707448
-0.764165
-0.916252
-1.29972
-1.95564
-2.10032
-1.52735
-1.00166
-0.734221
-0.468386
-0.272051
-0.147818
-0.0890447
-0.0743668
-0.617434
-0.618643
-0.619926
-0.620153
-0.622808
-0.633677
-0.663305
-0.735996
-0.91238
-1.35504
-2.11734
-2.2826
-1.72862
-1.24444
-0.904557
-0.624148
-0.439341
-0.343065
-0.304985
-0.29617
-0.525008
-0.526399
-0.528226
-0.530264
-0.535065
-0.547555
-0.57631
-0.642221
-0.800839
-1.18177
-1.78911
-1.90157
-1.51412
-1.14972
-0.831157
-0.613176
-0.496334
-0.457014
-0.444664
-0.439082
-0.418516
-0.419871
-0.421655
-0.424017
-0.428346
-0.437909
-0.458196
-0.502727
-0.606386
-0.848518
-1.21054
-1.27046
-1.03606
-0.777146
-0.572831
-0.471662
-0.44826
-0.451406
-0.454532
-0.452426
-0.309272
-0.310283
-0.311624
-0.313577
-0.316369
-0.321413
-0.33109
-0.35142
-0.39717
-0.499954
-0.647947
-0.655884
-0.512935
-0.383279
-0.320516
-0.322946
-0.342179
-0.358136
-0.365388
-0.365966
-0.209459
-0.210094
-0.210899
-0.21223
-0.213418
-0.214631
-0.216162
-0.219038
-0.225903
-0.240596
-0.242134
-0.227365
-0.15538
-0.13741
-0.160719
-0.193431
-0.220702
-0.23709
-0.244582
-0.246599
-0.127053
-0.127399
-0.127788
-0.128654
-0.128896
-0.127956
-0.125168
-0.119495
-0.109244
-0.0914285
-0.0604485
-0.0381497
-0.0221354
-0.0338374
-0.0680371
-0.098798
-0.120758
-0.133472
-0.139695
-0.142094
-0.0645892
-0.0647532
-0.0649103
-0.0655514
-0.0655398
-0.0640169
-0.0599889
-0.052005
-0.0379616
-0.0154718
0.0135042
0.0279365
0.0242046
0.00847128
-0.0166425
-0.0384524
-0.0535238
-0.0623412
-0.066851
-0.0687821
-0.0206723
-0.0207437
-0.020813
-0.021396
-0.0214815
-0.0202652
-0.0167912
-0.00972984
0.00243122
0.0206021
0.0405923
0.048054
0.0408417
0.0272188
0.0108247
-0.00322852
-0.0131182
-0.0190776
-0.0222117
-0.0235433
0.00809054
0.008055
0.00800125
0.00742831
0.00715779
0.00786105
0.0103061
0.0154102
0.0241371
0.0366213
0.0489147
0.0520546
0.0459715
0.0359823
0.0253059
0.016236
0.00964598
0.00551605
0.00333473
0.00241944
0.0255601
0.0255301
0.0254613
0.0249133
0.0244803
0.0246906
0.0261619
0.0294942
0.0351567
0.0429621
0.050017
0.0509026
0.0462745
0.0393023
0.0322345
0.0262175
0.0216742
0.0187099
0.0171477
0.0165301
0.0351683
0.0351329
0.0350381
0.0345172
0.033982
0.0338242
0.0344861
0.0363705
0.0397585
0.0443389
0.0480595
0.0477654
0.0442762
0.0394762
0.034696
0.0305782
0.0273713
0.0252092
0.0240786
0.0236586
0.0395514
0.0395122
0.039396
0.0389088
0.0383172
0.0379319
0.0380509
0.0389085
0.0406475
0.0430449
0.044783
0.0440171
0.041354
0.0379482
0.0346076
0.0317109
0.0294034
0.0278124
0.02699
0.0267007
0.040533
0.0404943
0.0403681
0.0399176
0.0393116
0.0388021
0.0385829
0.0388093
0.0395497
0.0406029
0.0411267
0.0400985
0.037981
0.0354882
0.0330871
0.030996
0.0293065
0.0281257
0.027524
0.027322
0.0393133
0.0392786
0.0391536
0.0387425
0.0381555
0.0375902
0.0371706
0.0369893
0.0370861
0.0373245
0.0371729
0.0360834
0.0343867
0.0325134
0.0307423
0.0292032
0.0279514
0.0270712
0.026629
0.0264859
0.0366805
0.0366512
0.0365375
0.0361762
0.0356392
0.0350786
0.0345765
0.0341888
0.0339304
0.0337032
0.033188
0.0321138
0.0307239
0.0292785
0.0279425
0.0267884
0.0258487
0.0251868
0.0248581
0.024755
0.0331588
0.033135
0.0330376
0.0327303
0.0322582
0.031737
0.0312211
0.0307427
0.0303082
0.0298478
0.0291678
0.0281615
0.027019
0.0258898
0.024868
0.023993
0.0232823
0.0227819
0.0225357
0.0224607
0.0290899
0.0290711
0.0289915
0.028739
0.0283387
0.0278805
0.0273974
0.0269074
0.0264107
0.0258593
0.0251424
0.0242423
0.0233054
0.0224168
0.0216287
0.0209605
0.0204197
0.0200395
0.0198546
0.0197997
0.0246969
0.0246823
0.0246196
0.0244191
0.0240927
0.0237078
0.0232844
0.0228323
0.022348
0.021798
0.0211207
0.0203447
0.0195861
0.0188897
0.0182826
0.0177726
0.0173615
0.0170735
0.0169353
0.0168953
0.0201228
0.0201115
0.0200636
0.0199098
0.0196538
0.0193445
0.0189942
0.0186074
0.0181797
0.0176879
0.0170996
0.0164614
0.0158632
0.0153275
0.0148668
0.0144822
0.0141732
0.0139578
0.0138559
0.0138271
0.0154546
0.015446
0.0154108
0.0152977
0.0151061
0.0148707
0.0145997
0.0142942
0.0139494
0.0135495
0.013079
0.0125858
0.0121366
0.011741
0.0114037
0.0111229
0.0108974
0.010741
0.010668
0.0106476
0.0107403
0.010734
0.01071
0.010632
0.0104984
0.0103342
0.0101442
0.00992798
0.00968112
0.00939306
0.00905728
0.00871286
0.00840485
0.00813675
0.00790903
0.00771894
0.00756518
0.00745829
0.00740899
0.00739539
0.00599817
0.0059937
0.00598141
0.00593756
0.00586037
0.00576699
0.00565921
0.00553565
0.00539336
0.0052265
0.0050332
0.00483761
0.00466482
0.00451569
0.00438951
0.00428385
0.00419732
0.00413728
0.00411083
0.00410336
0.00361274
0.00361259
0.00360336
0.00356683
0.00351376
0.00345141
0.00337877
0.00329481
0.00319712
0.00308136
0.00295565
0.00283903
0.00273857
0.00265372
0.00258296
0.00252411
0.00247874
0.00245648
0.00245297
0.000782804
-1.11012
-0.685412
-0.390737
-0.156381
0.0331744
0.186649
0.312408
0.420285
0.498256
0.499029
-0.47686
-0.278333
-0.102656
0.0476888
0.176361
0.284903
0.375156
0.445552
0.48944
0.506428
-0.139047
-0.0193276
0.0947007
0.197492
0.28719
0.36372
0.426572
0.474537
0.508467
0.530096
0.0809484
0.160484
0.239956
0.313202
0.377463
0.432679
0.47862
0.515353
0.544185
0.563872
0.241728
0.29552
0.355928
0.409802
0.457979
0.500095
0.536229
0.56634
0.590894
0.607519
0.368234
0.40893
0.455659
0.497394
0.536049
0.570732
0.60119
0.627025
0.648236
0.661878
0.473954
0.508768
0.54722
0.583441
0.617287
0.648268
0.675713
0.698947
0.7177
0.728728
0.570545
0.603307
0.639584
0.674684
0.707235
0.73687
0.762889
0.78458
0.801412
0.810417
0.668665
0.704308
0.742256
0.778771
0.811633
0.840724
0.865609
0.885909
0.901117
0.90938
0.783566
0.824268
0.864082
0.901663
0.934064
0.961657
0.984668
1.00326
1.01721
1.02649
0.928605
0.971804
1.0096
1.04362
1.07199
1.09608
1.11697
1.13459
1.14861
1.15987
1.10697
1.14473
1.17316
1.19768
1.2189
1.23838
1.25678
1.27405
1.29005
1.30465
1.30503
1.32616
1.34127
1.35725
1.37367
1.38906
1.40287
1.41621
1.43178
1.45019
1.49607
1.50324
1.51381
1.52541
1.53536
1.54462
1.55499
1.56617
1.57783
1.58672
1.70918
1.71096
1.70306
1.68654
1.67546
1.67499
1.68717
1.71181
1.74596
1.77052
2.12881
1.93493
1.83392
1.77619
1.74711
1.74048
1.75571
1.79655
1.8724
2.01536
-0.748248
-0.752897
-0.714821
-0.647364
-0.566739
-0.477743
0.327748
0.398103
0.398754
0.322045
0.250082
0.172847
-0.103596
-0.379296
-0.723053
-1.17745
-1.70025
)
;

boundaryField
{
    wall-4
    {
        type            zeroGradient;
    }
    pressure-outlet-7
    {
        type            fixedValue;
        value           uniform 0;
    }
    velocity-inlet-6
    {
        type            zeroGradient;
    }
    velocity-inlet-5
    {
        type            zeroGradient;
    }
    frontAndBackPlanes
    {
        type            empty;
    }
}


// ************************************************************************* //
