/*--------------------------------*- C++ -*----------------------------------*\
  =========                 |
  \\      /  F ield         | OpenFOAM: The Open Source CFD Toolbox
   \\    /   O peration     | Website:  https://openfoam.org
    \\  /    A nd           | Version:  10
     \\/     M anipulation  |
\*---------------------------------------------------------------------------*/
FoamFile
{
    format      ascii;
    class       volVectorField;
    location    "58";
    object      U;
}
// * * * * * * * * * * * * * * * * * * * * * * * * * * * * * * * * * * * * * //

dimensions      [0 1 -1 0 0 0 0];

internalField   nonuniform List<vector> 
2200
(
(0.878856 -0.0304114 0)
(1.0058 -0.0512811 0)
(1.00331 -0.0353849 0)
(1.00033 -0.024437 0)
(0.99991 -0.0166589 0)
(1 -0.0107287 0)
(1.00002 -0.0068355 0)
(1.00002 -0.00418827 0)
(0.999996 -0.00216557 0)
(1.00018 -0.000624701 0)
(0.999993 0.00109948 0)
(0.99997 0.00256079 0)
(1.00018 0.00447913 0)
(1.00014 0.00704922 0)
(1.00009 0.0108249 0)
(1.00006 0.0166453 0)
(1.00038 0.024372 0)
(1.00349 0.0348725 0)
(1.00599 0.0513763 0)
(0.879054 0.0302997 0)
(0.711992 -0.0327668 0)
(0.99664 -0.0630169 0)
(1.03329 -0.0561895 0)
(1.02482 -0.0464414 0)
(1.01583 -0.036153 0)
(1.00967 -0.0264168 0)
(1.00593 -0.0181771 0)
(1.00378 -0.0114581 0)
(1.0026 -0.00613391 0)
(1.00206 -0.00167674 0)
(1.00206 0.00251423 0)
(1.00243 0.00708303 0)
(1.00341 0.0123468 0)
(1.00561 0.0189531 0)
(1.00938 0.027204 0)
(1.01546 0.0369607 0)
(1.02457 0.0474483 0)
(1.03315 0.057966 0)
(0.996704 0.063143 0)
(0.711775 0.0330319 0)
(0.535576 -0.0238884 0)
(0.969915 -0.0569231 0)
(1.05645 -0.0546881 0)
(1.05231 -0.0487284 0)
(1.03629 -0.0403809 0)
(1.02445 -0.0322174 0)
(1.01589 -0.0239369 0)
(1.01037 -0.0160828 0)
(1.00712 -0.00875635 0)
(1.00564 -0.00205898 0)
(1.00569 0.00432838 0)
(1.00716 0.0107161 0)
(1.01039 0.0177663 0)
(1.01572 0.025433 0)
(1.02421 0.0334254 0)
(1.03624 0.0413955 0)
(1.05229 0.0493894 0)
(1.05633 0.0532814 0)
(0.969222 0.0576373 0)
(0.534415 0.0239344 0)
(0.392298 -0.0136573 0)
(0.911766 -0.0464075 0)
(1.05748 -0.0469584 0)
(1.06948 -0.0443406 0)
(1.05483 -0.0382116 0)
(1.03934 -0.0315129 0)
(1.02759 -0.0247246 0)
(1.01912 -0.0174661 0)
(1.01378 -0.0100156 0)
(1.0111 -0.00251317 0)
(1.01071 0.00499235 0)
(1.01297 0.0125261 0)
(1.01813 0.0198027 0)
(1.02659 0.0266462 0)
(1.03839 0.0330665 0)
(1.05389 0.0395267 0)
(1.0681 0.045623 0)
(1.0555 0.0483169 0)
(0.909893 0.0469893 0)
(0.389944 0.0137783 0)
(0.307682 -0.00451388 0)
(0.846755 -0.0323814 0)
(1.04946 -0.039923 0)
(1.07953 -0.0381661 0)
(1.06828 -0.0335192 0)
(1.05172 -0.0279414 0)
(1.03832 -0.0225455 0)
(1.02807 -0.0165129 0)
(1.02095 -0.00956972 0)
(1.01716 -0.00186484 0)
(1.01721 0.00605099 0)
(1.02082 0.0132793 0)
(1.02752 0.0197601 0)
(1.03735 0.0254445 0)
(1.05037 0.0303757 0)
(1.06679 0.0356657 0)
(1.07783 0.0399788 0)
(1.04743 0.0417056 0)
(0.843081 0.0329438 0)
(0.303815 0.00473073 0)
(0.264249 0.000105041 0)
(0.788958 -0.0200619 0)
(1.03335 -0.0314534 0)
(1.08349 -0.0320202 0)
(1.07725 -0.0287573 0)
(1.06082 -0.0238483 0)
(1.04723 -0.0193935 0)
(1.03638 -0.0142892 0)
(1.0286 -0.00825073 0)
(1.02414 -0.00129331 0)
(1.02342 0.00594831 0)
(1.02702 0.0127953 0)
(1.0344 0.0184476 0)
(1.04498 0.0230322 0)
(1.05851 0.0270624 0)
(1.0748 0.0314956 0)
(1.08028 0.0342526 0)
(1.02911 0.0333073 0)
(0.782643 0.0207324 0)
(0.258816 0.000117724 0)
(0.240329 0.00106523 0)
(0.738361 -0.0122956 0)
(1.01371 -0.0250128 0)
(1.08409 -0.0267983 0)
(1.08305 -0.024514 0)
(1.06781 -0.0203632 0)
(1.05425 -0.0163208 0)
(1.04338 -0.0118244 0)
(1.03518 -0.00645268 0)
(1.03022 -3.97131e-05 0)
(1.03008 0.00677514 0)
(1.0343 0.0125592 0)
(1.04165 0.0172471 0)
(1.05191 0.0211802 0)
(1.06493 0.0245323 0)
(1.07958 0.0279863 0)
(1.0801 0.0295892 0)
(1.00779 0.0271849 0)
(0.729128 0.013126 0)
(0.233238 -0.000841911 0)
(0.225964 0.000956372 0)
(0.69541 -0.00805047 0)
(0.993016 -0.0207669 0)
(1.08218 -0.0231481 0)
(1.08685 -0.0212871 0)
(1.0734 -0.0177192 0)
(1.05991 -0.0139233 0)
(1.04931 -0.0096046 0)
(1.04138 -0.00461942 0)
(1.03653 0.000991493 0)
(1.03542 0.00674355 0)
(1.0388 0.0121287 0)
(1.04585 0.0164721 0)
(1.0559 0.0199427 0)
(1.06923 0.0230239 0)
(1.08199 0.0258055 0)
(1.07562 0.0267405 0)
(0.983325 0.0234047 0)
(0.681994 0.00910461 0)
(0.216801 -0.000715435 0)
(0.21639 0.000623542 0)
(0.660022 -0.00567709 0)
(0.972532 -0.0176302 0)
(1.07954 -0.0202377 0)
(1.09026 -0.0186827 0)
(1.07824 -0.0155663 0)
(1.06488 -0.0119046 0)
(1.05436 -0.00772987 0)
(1.04639 -0.00294058 0)
(1.04119 0.00247883 0)
(1.04058 0.00803247 0)
(1.04423 0.0126405 0)
(1.05084 0.0163796 0)
(1.06025 0.0196231 0)
(1.07274 0.0222756 0)
(1.08357 0.0244145 0)
(1.07114 0.0249127 0)
(0.959606 0.020949 0)
(0.642141 0.00705156 0)
(0.204786 -0.000338225 0)
(0.209166 0.000293954 0)
(0.631365 -0.00423539 0)
(0.953538 -0.0150557 0)
(1.07627 -0.0179996 0)
(1.09328 -0.0166653 0)
(1.08286 -0.0137274 0)
(1.06943 -0.0101475 0)
(1.05899 -0.00604138 0)
(1.05125 -0.00133767 0)
(1.0464 0.00366832 0)
(1.04481 0.00859005 0)
(1.04717 0.0131159 0)
(1.05329 0.016867 0)
(1.06268 0.0196333 0)
(1.07558 0.022029 0)
(1.08447 0.0237827 0)
(1.06406 0.0237185 0)
(0.934732 0.0190462 0)
(0.607203 0.00589241 0)
(0.194354 3.25242e-05 0)
(0.203313 8.11918e-05 0)
(0.608057 -0.00316657 0)
(0.935641 -0.0126002 0)
(1.0733 -0.0156256 0)
(1.09669 -0.0144715 0)
(1.08758 -0.0117346 0)
(1.07411 -0.00821578 0)
(1.06339 -0.00421658 0)
(1.05525 0.000421399 0)
(1.04973 0.00555608 0)
(1.04837 0.0104505 0)
(1.05135 0.0146162 0)
(1.05722 0.0176032 0)
(1.06609 0.0202601 0)
(1.07808 0.0223044 0)
(1.08494 0.0235043 0)
(1.05742 0.0229309 0)
(0.9112 0.01751 0)
(0.577161 0.00524312 0)
(0.184833 0.000317138 0)
(0.198695 1.73916e-06 0)
(0.589738 -0.00231527 0)
(0.920104 -0.0103027 0)
(1.07018 -0.0135594 0)
(1.09995 -0.0125145 0)
(1.09244 -0.00975743 0)
(1.07883 -0.00617664 0)
(1.06794 -0.00227812 0)
(1.05975 0.00218695 0)
(1.05435 0.00697595 0)
(1.05207 0.011756 0)
(1.05334 0.0155497 0)
(1.05871 0.0187948 0)
(1.06779 0.0208499 0)
(1.08035 0.0226205 0)
(1.08469 0.0235412 0)
(1.04838 0.0222604 0)
(0.886615 0.0162522 0)
(0.549622 0.00484206 0)
(0.175439 0.000483004 0)
(0.195101 2.61842e-05 0)
(0.575009 -0.00156585 0)
(0.905497 -0.00813734 0)
(1.06743 -0.011071 0)
(1.10356 -0.0100081 0)
(1.09738 -0.00733512 0)
(1.08361 -0.00380146 0)
(1.07214 0.000197692 0)
(1.06317 0.00479489 0)
(1.05667 0.00981852 0)
(1.05418 0.0143207 0)
(1.05656 0.0180442 0)
(1.06214 0.0201484 0)
(1.07086 0.0221218 0)
(1.08192 0.0235113 0)
(1.08396 0.0238909 0)
(1.03952 0.0221304 0)
(0.863051 0.0153835 0)
(0.524838 0.00465686 0)
(0.166432 0.000569782 0)
(0.192961 6.39472e-05 0)
(0.56441 -0.000796552 0)
(0.89417 -0.0059494 0)
(1.06498 -0.00883091 0)
(1.10705 -0.00763181 0)
(1.10254 -0.00477775 0)
(1.08884 -0.00105472 0)
(1.07724 0.00284571 0)
(1.06816 0.0072619 0)
(1.06166 0.0119345 0)
(1.05823 0.0164941 0)
(1.05838 0.0196811 0)
(1.06291 0.0222887 0)
(1.07183 0.0235315 0)
(1.083 0.0244359 0)
(1.0822 0.0244683 0)
(1.02756 0.0221501 0)
(0.837736 0.0147874 0)
(0.500633 0.00458715 0)
(0.157273 0.000610127 0)
(0.192038 9.98062e-05 0)
(0.556861 -0.000243821 0)
(0.883761 -0.0040112 0)
(1.06328 -0.00614788 0)
(1.11109 -0.00473403 0)
(1.10788 -0.00176664 0)
(1.09407 0.00198162 0)
(1.08174 0.00621684 0)
(1.07155 0.0109696 0)
(1.06363 0.0160146 0)
(1.05973 0.0201688 0)
(1.06096 0.0231439 0)
(1.0661 0.0244875 0)
(1.07438 0.0256702 0)
(1.08307 0.0261619 0)
(1.07956 0.0256257 0)
(1.01605 0.0225785 0)
(0.81345 0.0145556 0)
(0.478041 0.00460683 0)
(0.148392 0.000626226 0)
(0.192584 8.65623e-05 0)
(0.552469 0.000813433 0)
(0.877472 -0.0015933 0)
(1.06253 -0.00347331 0)
(1.11529 -0.00167446 0)
(1.11355 0.0016172 0)
(1.09983 0.0057878 0)
(1.08746 0.0100911 0)
(1.07721 0.0147617 0)
(1.069 0.019322 0)
(1.06375 0.0233672 0)
(1.06255 0.0260068 0)
(1.06566 0.0275429 0)
(1.07394 0.0280676 0)
(1.08285 0.0281734 0)
(1.0751 0.027211 0)
(1.00076 0.023383 0)
(0.786521 0.0146787 0)
(0.4546 0.00474393 0)
(0.139054 0.000651652 0)
(0.194601 0.000223367 0)
(0.552663 0.00150961 0)
(0.87253 0.000448132 0)
(1.0632 -0.000133796 0)
(1.12038 0.00207186 0)
(1.11967 0.00570014 0)
(1.10568 0.0100711 0)
(1.09231 0.0148751 0)
(1.08057 0.0199903 0)
(1.07072 0.0250456 0)
(1.06489 0.0287946 0)
(1.06429 0.0305924 0)
(1.0685 0.0315785 0)
(1.07578 0.031831 0)
(1.08129 0.0311104 0)
(1.07001 0.0294455 0)
(0.985937 0.0247325 0)
(0.760269 0.0151326 0)
(0.43185 0.00500012 0)
(0.129711 0.000680774 0)
(0.198707 0.000660757 0)
(0.555241 0.00229464 0)
(0.872766 0.00328279 0)
(1.06567 0.00316135 0)
(1.12631 0.00599638 0)
(1.1267 0.0100023 0)
(1.11246 0.0149916 0)
(1.09888 0.0200814 0)
(1.08711 0.025321 0)
(1.07684 0.0301255 0)
(1.069 0.0336087 0)
(1.06538 0.0355405 0)
(1.06634 0.0358455 0)
(1.07338 0.0353004 0)
(1.07967 0.0346895 0)
(1.06256 0.0323413 0)
(0.966245 0.0264668 0)
(0.730248 0.0159766 0)
(0.406899 0.00536446 0)
(0.119431 0.000715304 0)
(0.204999 0.000866662 0)
(0.561791 0.00340063 0)
(0.876396 0.00573453 0)
(1.07025 0.00733408 0)
(1.13317 0.0107956 0)
(1.13443 0.0155033 0)
(1.11967 0.0209868 0)
(1.10469 0.0268053 0)
(1.09077 0.0327559 0)
(1.07793 0.0380878 0)
(1.06904 0.0416598 0)
(1.06622 0.0424373 0)
(1.06857 0.0421359 0)
(1.07447 0.0413548 0)
(1.07573 0.0393318 0)
(1.05399 0.0358416 0)
(0.946602 0.0288806 0)
(0.700135 0.0171519 0)
(0.38164 0.00582509 0)
(0.108821 0.000752807 0)
(0.213366 0.00104936 0)
(0.572994 0.00471569 0)
(0.884496 0.00885911 0)
(1.07764 0.0119213 0)
(1.14142 0.0164456 0)
(1.14322 0.0216013 0)
(1.12756 0.0278874 0)
(1.1117 0.0341984 0)
(1.09713 0.0404867 0)
(1.08368 0.0459073 0)
(1.0724 0.0488713 0)
(1.06573 0.0497825 0)
(1.06449 0.0488874 0)
(1.06945 0.0467281 0)
(1.07209 0.0448286 0)
(1.04235 0.0403249 0)
(0.920862 0.031686 0)
(0.664761 0.0186802 0)
(0.352927 0.00634605 0)
(0.0969082 0.000782078 0)
(0.225572 0.00139211 0)
(0.590959 0.00666879 0)
(0.89903 0.0131724 0)
(1.08819 0.0181435 0)
(1.15119 0.0235753 0)
(1.15316 0.0298018 0)
(1.13664 0.0370044 0)
(1.11918 0.044355 0)
(1.102 0.0515325 0)
(1.08484 0.0572233 0)
(1.07134 0.0598176 0)
(1.06529 0.0592635 0)
(1.06537 0.0576022 0)
(1.06915 0.0553219 0)
(1.06479 0.0514554 0)
(1.02857 0.0455423 0)
(0.894369 0.0353242 0)
(0.628207 0.0205114 0)
(0.323021 0.00691763 0)
(0.0844964 0.000809471 0)
(0.241231 0.0019347 0)
(0.614296 0.00848992 0)
(0.91973 0.0178328 0)
(1.10336 0.0251331 0)
(1.16348 0.0323451 0)
(1.16502 0.0396011 0)
(1.14669 0.0480771 0)
(1.12717 0.0560245 0)
(1.10775 0.0632624 0)
(1.08881 0.0685264 0)
(1.07308 0.0708547 0)
(1.06339 0.0700238 0)
(1.05946 0.067277 0)
(1.06094 0.0630626 0)
(1.05784 0.0590539 0)
(1.01097 0.0517167 0)
(0.859779 0.0391042 0)
(0.584559 0.0225042 0)
(0.28865 0.00743728 0)
(0.0706515 0.000812257 0)
(0.26304 0.00279762 0)
(0.647119 0.0122233 0)
(0.948683 0.0245819 0)
(1.12298 0.034656 0)
(1.17846 0.043086 0)
(1.17881 0.052558 0)
(1.15824 0.0622118 0)
(1.13614 0.0714247 0)
(1.11364 0.0795651 0)
(1.09097 0.0851318 0)
(1.07168 0.0856587 0)
(1.06108 0.0826301 0)
(1.05826 0.0785593 0)
(1.05894 0.0744796 0)
(1.04656 0.0681534 0)
(0.989836 0.0586947 0)
(0.823675 0.0440374 0)
(0.538993 0.0247145 0)
(0.252873 0.00792521 0)
(0.0565375 0.000793719 0)
(0.294077 0.00367956 0)
(0.691762 0.015405 0)
(0.986945 0.0327216 0)
(1.14909 0.0464248 0)
(1.19702 0.0578192 0)
(1.19466 0.0693017 0)
(1.17032 0.0807386 0)
(1.14458 0.0904604 0)
(1.11827 0.0978182 0)
(1.09169 0.101209 0)
(1.06971 0.100679 0)
(1.05661 0.0972751 0)
(1.05004 0.0919661 0)
(1.04737 0.0848429 0)
(1.03453 0.0781436 0)
(0.963648 0.0667813 0)
(0.776312 0.048431 0)
(0.48329 0.0266461 0)
(0.211691 0.00815829 0)
(0.0410799 0.000699383 0)
(0.330419 0.00707872 0)
(0.749942 0.024661 0)
(1.03668 0.0466147 0)
(1.1814 0.0645303 0)
(1.21955 0.0773264 0)
(1.21299 0.0918616 0)
(1.18399 0.103965 0)
(1.15416 0.113732 0)
(1.12395 0.12074 0)
(1.09431 0.123985 0)
(1.06897 0.121715 0)
(1.05268 0.114467 0)
(1.04541 0.106646 0)
(1.04227 0.0997214 0)
(1.01742 0.0897151 0)
(0.931365 0.0749794 0)
(0.726577 0.0539333 0)
(0.427334 0.0287943 0)
(0.170786 0.0081871 0)
(0.026857 0.000609833 0)
(0.410221 0.0106147 0)
(0.837213 0.0356774 0)
(1.10218 0.0671453 0)
(1.22146 0.0897894 0)
(1.24635 0.105889 6.26896e-34)
(1.23263 0.122108 -2.82708e-34)
(1.1971 0.13431 0)
(1.16222 0.14297 0)
(1.12719 0.147883 0)
(1.09205 0.147195 0)
(1.06185 0.140344 0)
(1.04426 0.132353 0)
(1.03564 0.123583 0)
(1.02628 0.112932 0)
(0.997673 0.101729 0)
(0.892758 0.0842014 0)
(0.662025 0.0579162 0)
(0.3554 0.0291745 0)
(0.121349 0.00771693 0)
(0.010856 0.000748203 0)
(0.481036 0.0258562 4.61631e-20)
(0.939436 0.0595773 -3.49582e-20)
(1.17335 0.101868 0)
(1.26255 0.128732 2.70856e-20)
(1.27402 0.144027 -2.19653e-20)
(1.25101 0.162248 2.98283e-34)
(1.20848 0.172545 0)
(1.16821 0.179026 1.59066e-20)
(1.12761 0.181255 -5.22546e-20)
(1.0882 0.178299 1.06687e-20)
(1.0574 0.171145 0)
(1.03674 0.15917 -2.7103e-20)
(1.02371 0.146315 -3.25372e-20)
(1.01426 0.135092 5.69469e-20)
(0.964667 0.119117 -4.49821e-20)
(0.830421 0.0939769 0)
(0.574017 0.0619309 -1.6199e-20)
(0.272885 0.0285394 0)
(0.0711909 0.0073738 -8.93922e-20)
(-0.00613483 0.000508787 1.05352e-19)
(0.517358 0.0535351 -6.06222e-21)
(1.00405 0.102485 1.04134e-19)
(1.22364 0.151975 -5.69321e-21)
(1.29626 0.176368 -6.65538e-20)
(1.2987 0.19372 -4.65115e-20)
(1.26656 0.210056 7.56806e-20)
(1.2176 0.217502 0)
(1.1718 0.221215 0)
(1.1263 0.221003 8.31367e-20)
(1.08231 0.214872 0)
(1.04305 0.201197 9.78328e-20)
(1.0176 0.185661 2.90819e-20)
(1.00507 0.172712 4.55102e-22)
(0.980906 0.157831 -6.19732e-20)
(0.924381 0.13816 0)
(0.771721 0.109396 0)
(0.501762 0.0670128 -2.64157e-19)
(0.214766 0.0278533 6.64133e-19)
(0.0404378 0.00582229 -3.92511e-19)
(-0.0172767 -0.00118415 -4.62578e-19)
(0.524955 0.0760128 -5.81486e-20)
(1.04098 0.159411 2.23715e-20)
(1.26008 0.212416 1.23224e-20)
(1.3225 0.235662 1.15979e-19)
(1.31767 0.251376 1.4511e-20)
(1.27823 0.263266 -1.97175e-19)
(1.22371 0.26677 6.73081e-20)
(1.17246 0.267259 0)
(1.12071 0.263289 -1.75718e-19)
(1.06974 0.252893 1.56182e-19)
(1.02818 0.236586 -2.64007e-19)
(1.00234 0.220778 1.23753e-19)
(0.983246 0.204833 -8.02729e-20)
(0.964151 0.187677 1.80895e-19)
(0.892168 0.165226 0)
(0.727673 0.124756 -6.60246e-20)
(0.459752 0.074853 0)
(0.198178 0.0298524 3.63086e-19)
(0.0344965 0.00560188 -8.60862e-19)
(-0.0200345 -0.00288832 5.39431e-19)
(0.521051 0.107881 1.5761e-19)
(1.06249 0.216329 -6.94334e-20)
(1.28226 0.277669 -1.49262e-20)
(1.33963 0.300287 0)
(1.32992 0.313917 -8.59734e-20)
(1.28526 0.320684 1.06137e-19)
(1.22608 0.319391 -7.19787e-20)
(1.17012 0.315508 0)
(1.11436 0.307468 1.24829e-19)
(1.06061 0.29295 -1.09711e-19)
(1.01546 0.273917 2.28607e-19)
(0.982983 0.254359 0)
(0.961756 0.235928 -1.70546e-19)
(0.928737 0.215262 9.60664e-20)
(0.85968 0.186858 2.42162e-19)
(0.697717 0.144624 -2.1307e-19)
(0.442656 0.0870188 3.37266e-19)
(0.195731 0.0361563 -7.45488e-19)
(0.0373348 0.0066985 4.72082e-19)
(-0.0191323 -0.00394972 -5.90559e-19)
(0.509073 0.131959 -5.14962e-20)
(1.06891 0.269577 3.6686e-20)
(1.29269 0.343047 -4.97214e-20)
(1.34864 0.365823 1.00516e-19)
(1.33555 0.377289 -9.5767e-20)
(1.28726 0.37902 3.34031e-20)
(1.2247 0.373019 3.6858e-21)
(1.165 0.364813 -1.40914e-19)
(1.10461 0.352215 -1.30782e-19)
(1.04452 0.333292 -2.35668e-19)
(0.993294 0.310018 -4.91666e-19)
(0.959847 0.287368 -1.51647e-19)
(0.936636 0.266147 2.24021e-21)
(0.910883 0.2457 -3.29354e-19)
(0.835221 0.21658 -5.50907e-21)
(0.675406 0.164733 3.10232e-19)
(0.434189 0.100473 -9.33796e-20)
(0.201119 0.0447382 -5.40467e-20)
(0.0464486 0.00932127 0)
(-0.0150508 -0.00400765 1.25604e-18)
(0.493145 0.152929 0)
(1.06522 0.320012 -2.10712e-21)
(1.29544 0.406682 -7.76598e-21)
(1.35085 0.42993 -1.2864e-20)
(1.33532 0.440261 9.20793e-20)
(1.28463 0.437566 -7.81314e-20)
(1.21923 0.427113 7.84552e-20)
(1.1559 0.414518 2.31483e-19)
(1.09163 0.397871 -7.2892e-20)
(1.02866 0.375049 1.16387e-19)
(0.976031 0.348245 2.64349e-19)
(0.939694 0.322072 3.30652e-19)
(0.912936 0.299455 -1.9926e-19)
(0.87623 0.274285 3.56753e-19)
(0.805816 0.239467 -2.82777e-19)
(0.655959 0.188502 0)
(0.430326 0.118133 -7.08966e-19)
(0.212082 0.0563493 9.54216e-19)
(0.0598986 0.0149888 7.12275e-20)
(-0.00871693 -0.00295149 -1.32892e-18)
(0.477828 0.172735 -5.08294e-21)
(1.05569 0.367129 -7.90243e-21)
(1.29207 0.466939 5.63402e-20)
(1.34818 0.491732 -7.90354e-20)
(1.33063 0.501022 7.70248e-20)
(1.27794 0.494355 -7.54206e-20)
(1.21035 0.480106 1.55275e-19)
(1.14465 0.463655 -6.92763e-20)
(1.07763 0.442527 -2.93813e-19)
(1.01167 0.414943 -1.45661e-22)
(0.95502 0.384131 -2.87544e-19)
(0.913998 0.354687 -3.56031e-19)
(0.886205 0.330021 2.20209e-19)
(0.858186 0.305199 -1.28388e-19)
(0.784159 0.271156 3.07696e-19)
(0.639277 0.209718 0)
(0.426651 0.136558 -4.4071e-19)
(0.220876 0.0687101 6.50928e-19)
(0.0717642 0.0217716 1.23141e-18)
(-0.00248842 -0.0012232 -1.44817e-18)
(0.464082 0.190587 -7.65412e-20)
(1.04462 0.412478 3.26628e-20)
(1.28544 0.524922 -3.53896e-20)
(1.34143 0.550892 8.15685e-20)
(1.32214 0.559731 1.20957e-20)
(1.26814 0.549655 -1.47658e-19)
(1.19899 0.531779 -9.02895e-20)
(1.13126 0.511422 -8.89392e-20)
(1.06187 0.486597 -1.65975e-19)
(0.993038 0.455771 2.67101e-19)
(0.932515 0.42075 2.90433e-19)
(0.891695 0.389171 5.64936e-19)
(0.86251 0.362095 0)
(0.823238 0.333483 6.51455e-21)
(0.757228 0.292809 -8.46171e-19)
(0.621891 0.234809 1.98271e-19)
(0.423173 0.155166 9.55682e-19)
(0.228649 0.0822722 -2.82042e-19)
(0.082709 0.0295027 5.85633e-19)
(0.00354124 0.00103573 -4.88094e-20)
(0.453423 0.208279 5.8329e-21)
(1.03167 0.4543 5.26265e-20)
(1.27561 0.579378 -1.24949e-20)
(1.33208 0.607417 8.49906e-20)
(1.31146 0.615462 -1.49106e-19)
(1.25636 0.602131 1.46309e-19)
(1.18594 0.581202 9.34295e-20)
(1.1168 0.557687 2.6544e-19)
(1.04529 0.529314 3.32929e-19)
(0.973565 0.494542 -3.09003e-19)
(0.911763 0.455705 0)
(0.867041 0.421634 -2.13947e-19)
(0.834944 0.390696 2.45636e-19)
(0.805823 0.362537 3.10408e-19)
(0.736283 0.324235 -1.79572e-19)
(0.605309 0.25531 -4.37461e-19)
(0.417562 0.173626 -1.30439e-19)
(0.23346 0.0955794 -1.90547e-21)
(0.0908377 0.0371808 0)
(0.00830718 0.00331097 0)
(0.44541 0.224483 -7.82249e-20)
(1.02039 0.495204 0)
(1.26476 0.631524 2.42752e-21)
(1.32059 0.661051 -1.39389e-20)
(1.29875 0.668574 1.70407e-19)
(1.24283 0.652544 -4.30817e-20)
(1.17143 0.628776 9.49074e-20)
(1.10079 0.602064 -1.79491e-19)
(1.02734 0.570716 2.52533e-19)
(0.95363 0.53277 -1.01888e-19)
(0.889006 0.490161 1.66554e-19)
(0.843384 0.45217 6.78913e-19)
(0.811986 0.420638 1.43526e-20)
(0.772371 0.388349 -3.23834e-19)
(0.70973 0.343099 6.00158e-19)
(0.586416 0.279288 3.85113e-21)
(0.410281 0.190693 1.39551e-19)
(0.234398 0.108338 -6.65392e-19)
(0.0953371 0.0438104 6.85828e-19)
(0.0116344 0.00531231 -8.07993e-19)
(0.438224 0.241897 2.78178e-23)
(1.00766 0.532356 0)
(1.25221 0.679883 0)
(1.30784 0.711958 -4.5338e-22)
(1.28509 0.718715 -4.99225e-20)
(1.22844 0.699991 6.81286e-20)
(1.15617 0.673774 -1.7617e-19)
(1.08449 0.644613 0)
(1.00946 0.610485 -3.72535e-19)
(0.933191 0.569282 4.4782e-19)
(0.866593 0.523822 4.75588e-19)
(0.818002 0.48312 -2.49273e-19)
(0.784572 0.447166 -3.01996e-19)
(0.755216 0.413819 7.08329e-19)
(0.688541 0.372027 -2.13338e-19)
(0.567861 0.295904 -2.5453e-19)
(0.398886 0.206246 -1.52271e-19)
(0.231217 0.118262 -7.18633e-19)
(0.0960598 0.0491241 1.05365e-19)
(0.0134815 0.00665709 8.74189e-19)
(0.433825 0.25985 -3.83898e-20)
(0.997524 0.569403 -5.10921e-20)
(1.23959 0.726151 2.36402e-20)
(1.29407 0.759847 -1.9582e-22)
(1.27041 0.766071 -5.30962e-20)
(1.21312 0.745221 1.08992e-19)
(1.14013 0.716814 0)
(1.06744 0.68512 1.08694e-19)
(0.991058 0.648769 -8.57059e-20)
(0.913292 0.605 7.47325e-19)
(0.84394 0.555907 -1.07807e-19)
(0.795116 0.510342 1.23496e-19)
(0.76195 0.474465 0)
(0.721529 0.43783 -3.83645e-19)
(0.661681 0.385668 4.65048e-19)
(0.547207 0.315967 0)
(0.387397 0.21923 -3.27972e-19)
(0.225765 0.127054 9.65209e-19)
(0.0939756 0.0526529 1.14395e-19)
(0.0138502 0.00746523 -1.07651e-18)
(0.430921 0.276869 -9.65601e-20)
(0.986519 0.602834 1.23486e-19)
(1.22605 0.768802 0)
(1.27986 0.805016 1.86317e-20)
(1.25549 0.810697 0)
(1.19767 0.78767 -1.4222e-19)
(1.12422 0.757254 0)
(1.05097 0.723681 0)
(0.973332 0.68522 -1.13802e-19)
(0.892877 0.638879 -7.10479e-19)
(0.820742 0.587403 -8.79244e-19)
(0.76911 0.539542 1.44643e-19)
(0.733391 0.498292 5.22283e-19)
(0.703992 0.458579 4.22835e-19)
(0.639842 0.410997 -1.49225e-18)
(0.527214 0.326379 -5.97692e-19)
(0.37272 0.22998 3.50247e-19)
(0.217459 0.132973 0)
(0.0904401 0.0544206 9.80058e-19)
(0.0131703 0.00788021 -1.15969e-18)
(0.429275 0.292484 1.15193e-19)
(0.97773 0.636279 -1.4335e-19)
(1.21309 0.809726 0)
(1.2654 0.847286 -1.12071e-20)
(1.24029 0.852522 -1.77016e-21)
(1.18205 0.827882 0)
(1.10821 0.795812 5.43269e-20)
(1.03418 0.760279 7.55955e-20)
(0.955147 0.720219 -2.13807e-19)
(0.873253 0.672204 9.40591e-20)
(0.798762 0.6176 0)
(0.745781 0.565514 5.99161e-19)
(0.710117 0.523454 5.57487e-21)
(0.669639 0.479475 2.28159e-19)
(0.612512 0.41828 2.70908e-19)
(0.505904 0.341235 0)
(0.359025 0.237076 -5.71152e-19)
(0.20815 0.136529 1.11931e-18)
(0.0856751 0.0550864 -1.18555e-18)
(0.0120588 0.00781349 2.49744e-18)
(0.42787 0.307436 0)
(0.967845 0.666214 0)
(1.19979 0.847141 -7.02899e-20)
(1.25107 0.887039 0)
(1.22536 0.891946 0)
(1.16675 0.865593 -1.15969e-19)
(1.09267 0.831921 5.5569e-20)
(1.01822 0.794972 1.77393e-20)
(0.938078 0.75333 -4.8778e-20)
(0.853763 0.703354 0)
(0.776005 0.646781 -1.34088e-19)
(0.719033 0.593299 -4.88781e-19)
(0.680475 0.544687 -5.89026e-19)
(0.650312 0.49495 -2.37041e-19)
(0.589666 0.438591 2.93379e-19)
(0.485046 0.344462 -6.91321e-19)
(0.343358 0.241564 1.22922e-18)
(0.198818 0.137361 1.81743e-21)
(0.080945 0.0549024 -1.13416e-18)
(0.0109943 0.00766461 -1.68422e-19)
(0.426856 0.321859 0)
(0.960102 0.696704 -1.16689e-19)
(1.18744 0.883238 8.5766e-20)
(1.23694 0.924163 0)
(1.21057 0.92866 0)
(1.15167 0.901105 2.31577e-19)
(1.07736 0.866247 0)
(1.00227 0.827848 0)
(0.920905 0.785136 -4.69065e-19)
(0.835045 0.73434 1.30385e-19)
(0.754565 0.675837 -1.18878e-18)
(0.695661 0.618331 0)
(0.655807 0.567543 -6.40359e-19)
(0.613913 0.512684 1.04886e-20)
(0.56014 0.437563 -9.43773e-19)
(0.463004 0.35197 3.71863e-19)
(0.330511 0.240864 1.35189e-21)
(0.191533 0.134855 -1.28582e-18)
(0.0777625 0.0531393 6.10287e-19)
(0.00891947 0.00587927 1.80154e-19)
(0.425769 0.336031 0)
(0.951403 0.723786 -1.60424e-19)
(1.17496 0.916058 9.04955e-20)
(1.2232 0.959045 1.2158e-19)
(1.19628 0.963337 -9.25623e-21)
(1.13709 0.934421 2.30287e-20)
(1.06268 0.898309 -3.23928e-20)
(0.98736 0.858903 4.46749e-19)
(0.90501 0.815089 5.01766e-19)
(0.816617 0.762854 9.92599e-19)
(0.732916 0.702788 9.87719e-19)
(0.669109 0.644343 1.73817e-19)
(0.624245 0.58687 9.21245e-19)
(0.591732 0.523221 5.69669e-19)
(0.534291 0.452294 6.77414e-19)
(0.441453 0.344283 -4.06938e-19)
(0.315218 0.234017 -4.70736e-19)
(0.188863 0.129428 5.51978e-19)
(0.0820334 0.058117 -3.28086e-19)
(0.0147771 0.0137938 5.83482e-19)
(0.424986 0.349711 2.25236e-19)
(0.944743 0.751588 2.51339e-19)
(1.16348 0.94799 5.23709e-20)
(1.20981 0.991593 1.58203e-20)
(1.18233 0.995427 -3.99868e-21)
(1.12295 0.965606 -6.40586e-20)
(1.04848 0.928701 3.1058e-20)
(0.972653 0.888292 -1.96298e-20)
(0.8891 0.8438 -5.84154e-19)
(0.799265 0.791378 -1.0774e-18)
(0.713055 0.731057 6.85632e-20)
(0.646096 0.669478 0)
(0.598877 0.60899 0)
(0.551369 0.539763 -2.97095e-19)
(0.499395 0.442527 -1.10968e-18)
(0.416893 0.34075 8.76722e-19)
(0.310306 0.215086 5.14969e-19)
(0.198127 0.109985 0)
(0.0975582 0.0304454 1.05017e-18)
(0.0086619 -0.0120894 -6.2247e-19)
(0.424082 0.362923 -1.19481e-19)
(0.937025 0.775797 1.05616e-19)
(1.15185 0.976774 -1.25643e-19)
(1.19694 1.02214 -1.03573e-19)
(1.16898 1.02584 -1.72824e-20)
(1.10943 0.994918 -2.04803e-20)
(1.03498 0.957044 0)
(0.959014 0.91596 -5.61531e-19)
(0.874646 0.870771 7.11106e-20)
(0.782562 0.81753 0)
(0.693007 0.756518 0)
(0.620217 0.694232 1.11199e-19)
(0.564978 0.627906 1.49665e-19)
(0.524757 0.547229 -3.21139e-19)
(0.466881 0.454368 7.96514e-19)
(0.386699 0.317721 -9.55412e-19)
(0.288675 0.190771 -1.10343e-18)
(0.213954 0.094965 9.77689e-19)
(0.160635 0.0781795 -3.7347e-19)
(0.112111 0.0775755 2.17285e-19)
(0.423378 0.375285 1.4934e-19)
(0.931112 0.800826 0)
(1.1412 1.00499 0)
(1.18448 1.0506 -2.8767e-20)
(1.15609 1.05378 2.32892e-20)
(1.09646 1.02218 -2.02458e-20)
(1.0221 0.983833 1.40042e-19)
(0.945744 0.942123 5.74543e-19)
(0.860353 0.896603 1.05997e-18)
(0.76709 0.843625 -8.12581e-20)
(0.675083 0.78349 1.68197e-19)
(0.598664 0.719774 -9.94888e-19)
(0.540032 0.65155 -9.93359e-19)
(0.47901 0.566561 -1.72554e-19)
(0.417918 0.438793 0)
(0.348261 0.311387 -5.70616e-21)
(0.266936 0.119373 6.08724e-19)
(0.251203 -0.00764825 -1.02295e-18)
(0.216426 -0.100239 7.77457e-19)
(0.0870041 -0.097775 6.43799e-19)
(0.422335 0.387337 -3.29736e-19)
(0.923945 0.822178 -1.48622e-19)
(1.13031 1.03022 6.94121e-21)
(1.17247 1.07747 5.88656e-20)
(1.14367 1.08067 0)
(1.08394 1.04826 -5.8968e-20)
(1.00963 1.00925 -2.02448e-19)
(0.933208 0.967235 -2.07242e-21)
(0.847187 0.921482 -5.55336e-19)
(0.751756 0.868296 -7.97721e-20)
(0.656096 0.808426 7.40952e-20)
(0.573679 0.745506 8.74098e-19)
(0.50295 0.672878 9.69144e-19)
(0.446665 0.574421 1.68309e-19)
(0.377292 0.459011 8.598e-19)
(0.282457 0.278324 0)
(0.157526 0.10385 0)
(-0.00455184 0.188685 7.01366e-19)
(-0.0784927 0.630096 -2.83032e-20)
(0.00852629 1.54093 -8.67469e-19)
(0.421591 0.398625 1.82087e-19)
(0.918586 0.844873 4.18128e-19)
(1.12038 1.05551 -5.76003e-19)
(1.16079 1.10288 2.91126e-19)
(1.13156 1.1057 -9.12395e-21)
(1.07172 1.07299 -1.03825e-20)
(0.997515 1.03402 0)
(0.920723 0.991971 -4.7851e-19)
(0.833717 0.946549 0)
(0.737202 0.894392 1.12205e-18)
(0.639178 0.836527 -9.05159e-20)
(0.552424 0.774231 1.01495e-19)
(0.478656 0.703228 1.11296e-18)
(0.392277 0.608682 -3.65561e-19)
(0.285473 0.447533 -4.36911e-19)
(0.189255 0.330582 0)
(0.0804427 0.4798 0)
(0.0251573 1.34704 0)
(0.0716622 2.46862 -3.98206e-19)
(0.098613 2.91329 -2.45597e-19)
(0.420196 0.409415 0)
(0.911854 0.863652 0)
(1.11016 1.07782 2.09949e-19)
(1.14958 1.12692 -2.36715e-19)
(1.11992 1.13008 1.07559e-19)
(1.05997 1.09696 1.84335e-20)
(0.985801 1.05774 2.6332e-20)
(0.908976 1.01592 -2.05013e-20)
(0.821532 0.970957 7.85856e-20)
(0.722957 0.919534 -1.28773e-18)
(0.620822 0.863124 1.63912e-19)
(0.528083 0.804009 8.75997e-19)
(0.438099 0.731963 -1.10842e-18)
(0.355913 0.619069 -1.22177e-18)
(0.265835 0.506275 4.10776e-19)
(0.184658 0.646606 0)
(0.117248 1.57403 5.63645e-19)
(0.120385 2.69762 6.12829e-19)
(0.128172 3.0894 -6.84892e-19)
(0.120431 3.22289 7.32213e-19)
(0.419198 0.419935 0)
(0.907001 0.884095 3.68223e-19)
(1.10097 1.10048 -5.26314e-20)
(1.13875 1.14961 3.30029e-19)
(1.10867 1.15252 -1.12901e-19)
(1.04864 1.11941 0)
(0.974599 1.08065 0)
(0.897492 1.03931 0)
(0.809193 0.995306 4.40926e-19)
(0.709799 0.94573 5.92763e-20)
(0.605864 0.892196 0)
(0.508721 0.834905 -8.70799e-19)
(0.421828 0.767433 0)
(0.302625 0.665986 8.74102e-19)
(0.202339 0.721121 -5.91099e-19)
(0.149239 1.46419 -4.7456e-19)
(0.152488 2.68472 -1.10012e-18)
(0.175199 3.12644 -5.7902e-19)
(0.165952 3.26623 -7.82091e-19)
(0.152584 3.30645 5.78513e-19)
(0.41765 0.429405 -1.28494e-19)
(0.900645 0.900333 1.51328e-20)
(1.09144 1.12006 -5.84977e-20)
(1.12843 1.17106 -2.55463e-19)
(1.09791 1.17462 0)
(1.0378 1.14142 0)
(0.963784 1.10269 0)
(0.886712 1.06195 3.35862e-20)
(0.798216 1.01895 -5.57545e-19)
(0.6971 0.970935 0)
(0.589367 0.919946 0)
(0.488817 0.868033 0)
(0.378271 0.796881 0)
(0.308171 0.757914 6.40236e-19)
(0.268238 1.1509 1.57303e-18)
(0.242801 2.39348 4.63652e-19)
(0.25842 3.08236 9.30901e-19)
(0.253031 3.28066 -7.13337e-19)
(0.204576 3.34615 2.62237e-19)
(0.17254 3.35911 0)
(0.416487 0.438725 1.32191e-19)
(0.896117 0.919236 -8.16857e-19)
(1.08279 1.14099 -2.19917e-19)
(1.11824 1.19191 -4.85659e-20)
(1.08733 1.19527 2.62523e-20)
(1.02718 1.1623 -9.82847e-20)
(0.953364 1.12436 -1.76123e-21)
(0.87612 1.08446 -3.70617e-19)
(0.786926 1.04285 0)
(0.685435 0.997367 -7.55444e-20)
(0.577238 0.9501 6.87226e-20)
(0.472524 0.899071 0)
(0.380012 0.843352 0)
(0.32073 0.947566 -8.01773e-19)
(0.26912 1.85387 9.96263e-20)
(0.265595 2.94442 -3.48425e-19)
(0.289484 3.28428 7.28256e-19)
(0.261266 3.38254 5.24815e-19)
(0.196347 3.40701 -7.11555e-19)
(0.17181 3.41691 3.51884e-19)
(0.414445 0.448295 2.59413e-19)
(0.889167 0.934715 7.95817e-19)
(1.07281 1.16009 2.6433e-19)
(1.10771 1.21316 0)
(1.07645 1.21738 0)
(1.01631 1.18438 7.64018e-20)
(0.94262 1.14647 6.03284e-20)
(0.865596 1.10722 3.30212e-19)
(0.776598 1.06684 2.16764e-20)
(0.674013 1.02339 9.63913e-19)
(0.563055 0.97916 -1.14403e-18)
(0.452093 0.930914 0)
(0.375382 0.916232 0)
(0.333762 1.31917 -5.46395e-19)
(0.331593 2.49299 -6.56929e-19)
(0.375449 3.1961 0)
(0.400171 3.36544 -7.3644e-19)
(0.329804 3.42817 4.97176e-20)
(0.261118 3.47336 3.42866e-19)
(0.238873 3.49872 -1.12443e-19)
(0.412645 0.45818 -4.93237e-19)
(0.883935 0.95563 -3.82023e-19)
(1.06302 1.18298 0)
(1.09632 1.23544 0)
(1.06479 1.23916 0)
(1.00477 1.20625 0)
(0.931551 1.16914 -7.19461e-20)
(0.854645 1.13075 2.88281e-19)
(0.765296 1.09182 0)
(0.663147 1.05111 -8.77506e-19)
(0.553591 1.0107 2.0522e-18)
(0.444739 0.972214 8.39755e-20)
(0.395379 1.04261 1.12697e-19)
(0.38569 1.74659 8.90359e-19)
(0.397469 2.90179 -4.791e-19)
(0.436583 3.3166 0)
(0.419825 3.43866 2.06701e-19)
(0.33424 3.52738 9.13246e-20)
(0.259825 3.59118 1.48812e-19)
(0.184432 3.57065 -1.36296e-20)
(0.409644 0.468621 2.34477e-19)
(0.875111 0.972058 -3.89897e-19)
(1.0511 1.20363 0)
(1.08414 1.25855 -7.11663e-20)
(1.05235 1.26325 2.45082e-19)
(0.992558 1.23011 0)
(0.919691 1.19267 0)
(0.843361 1.15469 -4.99763e-19)
(0.754832 1.11686 -5.60402e-20)
(0.652517 1.0782 8.59933e-19)
(0.537984 1.04019 -9.75048e-19)
(0.447397 1.01976 5.71137e-19)
(0.408917 1.22369 0)
(0.420309 2.18702 -4.72028e-19)
(0.463284 3.14434 3.0969e-19)
(0.527547 3.4192 1.9437e-19)
(0.518923 3.51489 0)
(0.456403 3.5963 -3.71066e-20)
(0.387116 3.63654 -4.10183e-19)
(0.306685 3.60839 -9.63691e-20)
(0.406919 0.47921 -4.66816e-19)
(0.868627 0.996 5.58252e-19)
(1.03958 1.22941 3.87068e-19)
(1.07092 1.28289 -9.61926e-20)
(1.03898 1.28654 -3.74391e-19)
(0.979553 1.25323 0)
(0.907538 1.21655 1.7269e-20)
(0.831736 1.17937 1.80392e-19)
(0.743313 1.14289 2.93957e-20)
(0.642307 1.10678 -7.42919e-19)
(0.530764 1.07415 -5.16109e-20)
(0.451336 1.08166 -6.44453e-19)
(0.448366 1.46142 7.05898e-19)
(0.493195 2.55426 1.5524e-19)
(0.558365 3.30538 -2.73069e-19)
(0.610501 3.47023 1.42159e-19)
(0.570325 3.52076 0)
(0.513016 3.5245 0)
(0.420225 3.48815 -6.80584e-19)
(0.192782 3.27863 1.25651e-18)
(0.402301 0.490215 2.23409e-19)
(0.857308 1.01329 5.50014e-19)
(1.02534 1.25158 -3.95132e-19)
(1.05684 1.30791 3.50882e-19)
(1.0248 1.31264 3.91113e-19)
(0.965888 1.27886 0)
(0.894566 1.24141 -9.5759e-21)
(0.819803 1.20424 1.44406e-19)
(0.732965 1.16856 0)
(0.63295 1.13409 0)
(0.525015 1.10703 0)
(0.459646 1.15965 0)
(0.486128 1.6968 -7.96719e-19)
(0.549603 2.85978 -2.06957e-19)
(0.62651 3.39142 0)
(0.66979 3.48249 -2.46066e-20)
(0.667664 3.48798 0)
(0.745228 3.32819 1.40528e-19)
(0.840678 2.95841 -1.7746e-18)
(0.447641 2.57677 1.86182e-18)
(0.398532 0.500546 -4.53604e-19)
(0.849025 1.04061 -3.5263e-19)
(1.01169 1.28066 -2.62194e-19)
(1.04146 1.33452 -3.28152e-19)
(1.00946 1.33746 -1.90588e-19)
(0.951283 1.30316 0)
(0.881329 1.26641 2.48416e-21)
(0.8076 1.22998 -4.08876e-20)
(0.72138 1.19542 -2.21822e-19)
(0.623768 1.1632 0)
(0.521369 1.14446 5.10056e-20)
(0.47677 1.25443 -5.79908e-20)
(0.535489 1.95681 0)
(0.625939 3.08317 2.69799e-19)
(0.717133 3.43382 0)
(0.747074 3.46911 -1.00183e-19)
(0.750601 3.37781 2.75704e-19)
(0.743976 2.99603 -1.38711e-19)
(0.499049 1.98461 2.73208e-19)
(-0.341803 0.493727 -6.63947e-19)
(0.390653 0.511682 -1.31407e-20)
(0.834168 1.05833 -1.80114e-19)
(0.994333 1.30441 3.61379e-19)
(1.02487 1.36194 -1.979e-20)
(0.992933 1.36635 -6.02931e-20)
(0.935628 1.33153 0)
(0.866714 1.29367 7.3158e-20)
(0.794507 1.25694 -7.13499e-20)
(0.710747 1.22302 3.97142e-19)
(0.612094 1.19189 -4.97148e-19)
(0.523559 1.18381 -6.00292e-19)
(0.500669 1.37207 0)
(0.587521 2.25857 4.00834e-19)
(0.687311 3.21478 -5.59731e-20)
(0.761752 3.41271 2.82698e-20)
(0.769864 3.40334 0)
(0.699015 3.17124 -1.44878e-19)
(0.530089 2.39648 1.52298e-19)
(0.100309 0.621706 -1.80666e-19)
(-0.248766 -0.393277 -1.66068e-19)
(0.38531 0.522345 4.24758e-19)
(0.82319 1.08922 -1.7639e-19)
(0.977687 1.33743 2.5452e-19)
(1.00654 1.3916 1.96627e-19)
(0.974873 1.3935 1.21096e-19)
(0.918739 1.35797 2.32732e-19)
(0.851815 1.32107 -1.60767e-19)
(0.781214 1.2854 5.9226e-21)
(0.698491 1.25272 -2.87849e-19)
(0.602791 1.22494 3.37791e-20)
(0.525993 1.2321 9.752e-20)
(0.529856 1.51985 -3.94883e-19)
(0.64063 2.5238 1.07767e-19)
(0.75095 3.2897 -2.13292e-19)
(0.814257 3.3896 3.51016e-20)
(0.788257 3.30804 7.81964e-20)
(0.661787 2.85985 -2.06247e-19)
(0.403024 1.62191 1.3435e-19)
(0.0590593 0.0486361 0)
(-0.0798223 -0.158148 -2.91284e-19)
(0.373673 0.529956 0)
(0.803597 1.10614 -6.69421e-19)
(0.956293 1.36227 2.3859e-20)
(0.986819 1.42147 -3.23988e-19)
(0.955456 1.42559 0)
(0.900705 1.3897 -1.72053e-19)
(0.835246 1.35142 1.60267e-19)
(0.76676 1.31513 -5.54049e-21)
(0.687656 1.28303 1.99883e-19)
(0.595126 1.25755 3.55126e-19)
(0.531157 1.2842 4.6233e-19)
(0.563598 1.67685 4.83287e-20)
(0.69598 2.76866 -2.94029e-19)
(0.799287 3.3167 1.37935e-20)
(0.833099 3.34411 6.26592e-21)
(0.759071 3.12847 7.60126e-20)
(0.523048 2.31178 8.77488e-20)
(0.11597 0.439474 -1.03999e-19)
(-0.137934 -0.245545 0)
(-0.115797 -0.207191 0)
(0.364383 0.541108 -4.11444e-19)
(0.788475 1.13928 6.63648e-19)
(0.935826 1.39896 0)
(0.964908 1.45403 0)
(0.934124 1.45475 0)
(0.881217 1.41789 0)
(0.818568 1.38081 -8.36445e-20)
(0.752448 1.34596 -1.60936e-20)
(0.675092 1.31525 -3.59159e-20)
(0.588923 1.29411 3.7102e-20)
(0.537503 1.34952 -3.79575e-19)
(0.599359 1.86035 2.78706e-19)
(0.747271 2.95375 0)
(0.840559 3.31764 3.62667e-20)
(0.861391 3.28492 5.94728e-20)
(0.717827 2.85934 -2.31067e-20)
(0.391148 1.67802 1.03252e-19)
(0.0168881 -0.0421534 5.97125e-20)
(-0.156701 -0.201762 -2.42389e-19)
(-0.0572259 -0.137391 -2.8336e-19)
(0.348012 0.544055 2.08597e-19)
(0.762491 1.15314 3.10321e-19)
(0.909617 1.42352 -9.33521e-21)
(0.941402 1.48568 1.70772e-19)
(0.911179 1.48955 0)
(0.860467 1.45267 3.23692e-19)
(0.799748 1.41395 -6.73688e-20)
(0.736407 1.37795 1.94315e-20)
(0.662558 1.34744 -3.60456e-20)
(0.583313 1.3304 2.6572e-20)
(0.549073 1.41819 2.56496e-19)
(0.641333 2.06779 -1.2657e-19)
(0.796326 3.07476 -1.1047e-19)
(0.873609 3.30732 2.21052e-21)
(0.852315 3.1767 -3.14746e-20)
(0.622507 2.50718 1.40442e-19)
(0.186436 0.704486 -7.82189e-20)
(-0.0851868 -0.27144 1.1568e-19)
(-0.128213 -0.222094 -3.54235e-19)
(-0.0598984 -0.122149 2.47885e-19)
(0.332066 0.551224 -1.95122e-19)
(0.74036 1.18434 0)
(0.884714 1.46263 -2.27857e-19)
(0.915008 1.52051 -3.29215e-19)
(0.885786 1.5199 0)
(0.837987 1.48176 -2.52568e-19)
(0.780972 1.44441 0)
(0.720876 1.4102 -1.24304e-19)
(0.647794 1.38116 -1.6689e-20)
(0.579925 1.37096 6.12587e-20)
(0.561293 1.50327 -1.22019e-19)
(0.68173 2.27019 7.01639e-20)
(0.834885 3.14415 1.74158e-19)
(0.901042 3.2788 1.18027e-20)
(0.842116 3.03365 -3.21789e-20)
(0.523204 2.06905 -4.81783e-20)
(0.0730084 0.114845 1.24117e-19)
(-0.185082 -0.252551 -1.37654e-19)
(-0.105633 -0.210461 4.80642e-22)
(-0.0528045 -0.0758944 -2.59505e-20)
(0.308932 0.546844 3.87774e-19)
(0.707239 1.19198 -2.97052e-19)
(0.853028 1.48417 2.42209e-19)
(0.886626 1.55253 1.58534e-19)
(0.858613 1.5564 2.83608e-20)
(0.814208 1.51878 1.58121e-19)
(0.759438 1.47956 0)
(0.702873 1.44342 -3.84772e-20)
(0.634129 1.41492 0)
(0.574976 1.41095 -5.72928e-20)
(0.577315 1.5881 1.2138e-19)
(0.724057 2.44916 -2.60879e-21)
(0.875354 3.18689 -5.69228e-20)
(0.920042 3.24248 3.77668e-20)
(0.795916 2.83597 -1.2732e-20)
(0.373769 1.50528 6.33033e-20)
(-0.0514218 -0.13266 -1.88229e-19)
(-0.227979 -0.254119 -1.06626e-19)
(-0.124537 -0.248781 -4.0361e-20)
(-0.0737123 -0.0883794 1.9312e-19)
(0.285947 0.545017 4.29034e-21)
(0.678282 1.21891 1.52195e-19)
(0.822272 1.52217 0)
(0.854265 1.58792 2.98017e-19)
(0.828577 1.5867 -4.2541e-19)
(0.788334 1.54745 1.59644e-19)
(0.738056 1.50972 -1.07173e-19)
(0.685979 1.47566 1.04411e-19)
(0.619395 1.44944 -9.36774e-20)
(0.571082 1.45462 -1.14823e-21)
(0.592217 1.68314 2.24188e-20)
(0.764094 2.60581 4.53953e-20)
(0.897776 3.19514 3.51849e-20)
(0.923125 3.18287 -5.98168e-20)
(0.740873 2.59057 -5.85793e-20)
(0.282011 0.999753 1.11189e-19)
(-0.0476565 -0.256813 -1.08242e-19)
(-0.193889 -0.292293 7.63891e-20)
(-0.113129 -0.275981 1.97479e-21)
(-0.0805508 -0.107471 -1.63189e-19)
(0.25559 0.526899 7.20662e-19)
(0.636289 1.21372 -1.51537e-19)
(0.783361 1.53618 -4.14779e-19)
(0.820006 1.61699 3.36726e-19)
(0.797225 1.62327 -1.86248e-19)
(0.761023 1.58516 3.08518e-19)
(0.713271 1.54551 1.67556e-19)
(0.665681 1.50876 0)
(0.605708 1.48307 1.07792e-19)
(0.564505 1.49675 -1.56571e-20)
(0.60845 1.77016 -1.07875e-20)
(0.799858 2.72529 -2.25661e-21)
(0.920491 3.1963 1.80143e-20)
(0.930007 3.12303 7.92076e-21)
(0.67599 2.38627 -8.40537e-20)
(0.170135 0.454603 -3.05108e-20)
(-0.0418738 -0.275642 1.04424e-19)
(-0.115493 -0.287608 4.72783e-20)
(-0.0872175 -0.245784 1.58519e-20)
(-0.0483466 -0.103982 1.34139e-19)
(0.224413 0.506577 0)
(0.597778 1.2284 1.41055e-19)
(0.744631 1.56855 -1.88452e-19)
(0.780975 1.64928 3.26384e-19)
(0.762871 1.65118 -4.05814e-19)
(0.730892 1.61157 1.692e-19)
(0.688788 1.57365 0)
(0.646687 1.53912 0)
(0.592252 1.51533 0)
(0.557854 1.5406 2.2731e-20)
(0.620484 1.85627 -2.1298e-20)
(0.828406 2.81473 1.78573e-20)
(0.932217 3.19267 4.74335e-20)
(0.910128 3.04323 4.472e-20)
(0.597038 2.12526 -7.90364e-20)
(0.0498847 0.121608 5.24438e-20)
(-0.127951 -0.284562 4.9752e-21)
(-0.105391 -0.290949 -1.06214e-19)
(-0.0778604 -0.204335 1.29794e-20)
(-0.0218705 -0.0646371 0)
(0.18616 0.463232 6.59888e-19)
(0.544053 1.19789 -1.31899e-19)
(0.69715 1.56834 4.62737e-21)
(0.74141 1.67169 0)
(0.727202 1.68436 -1.95291e-19)
(0.699528 1.64782 1.84769e-20)
(0.660469 1.6078 0)
(0.623667 1.57038 5.21571e-20)
(0.577309 1.54599 -4.11577e-20)
(0.549559 1.57902 0)
(0.631733 1.92818 0)
(0.848057 2.87556 -3.25654e-20)
(0.940102 3.18567 -5.70577e-20)
(0.901923 2.97459 2.1344e-21)
(0.526237 1.89753 -2.0571e-20)
(-0.000287013 -0.0116189 2.80921e-20)
(-0.164134 -0.279434 0)
(-0.133161 -0.325816 -6.2628e-20)
(-0.0891241 -0.201491 -9.77867e-20)
(-0.0171229 -0.05605 2.3431e-19)
(0.146373 0.409746 5.44229e-19)
(0.493994 1.18638 -1.26221e-19)
(0.649157 1.58633 1.79191e-19)
(0.695876 1.69589 -4.44757e-19)
(0.687049 1.70547 0)
(0.66545 1.67027 0)
(0.632821 1.63194 0)
(0.602442 1.59691 5.50351e-20)
(0.562066 1.57329 -4.34251e-20)
(0.540506 1.61446 0)
(0.634331 1.99223 0)
(0.859281 2.91319 9.92997e-20)
(0.939962 3.18604 -3.30169e-20)
(0.871102 2.90577 3.67899e-20)
(0.49677 1.7283 5.71787e-20)
(0.00603663 -0.0578001 0)
(-0.175732 -0.290243 -1.37402e-20)
(-0.13635 -0.357574 -2.05167e-20)
(-0.0988563 -0.253684 1.90994e-19)
(-0.0138504 -0.08041 -2.32098e-19)
(0.102369 0.326088 -5.05884e-19)
(0.42565 1.10776 1.32154e-19)
(0.592194 1.55911 3.75861e-19)
(0.650762 1.70591 2.56472e-19)
(0.646797 1.73078 -2.07696e-19)
(0.63052 1.70171 -1.38554e-19)
(0.600955 1.66114 9.53058e-20)
(0.576623 1.62384 0)
(0.545212 1.59823 0)
(0.527788 1.63956 0)
(0.633094 2.02123 -8.00183e-20)
(0.864965 2.93572 -9.61193e-20)
(0.936984 3.19135 3.20744e-20)
(0.861947 2.91292 -1.87887e-20)
(0.498001 1.68694 3.8317e-21)
(-0.000858267 0.0498971 0)
(-0.18717 -0.241393 3.01677e-20)
(-0.166625 -0.363756 -1.38553e-19)
(-0.0970839 -0.291906 3.25789e-19)
(0.0136414 -0.011454 -1.87731e-19)
(0.0527682 0.223134 5.351e-19)
(0.360502 1.04691 -4.39598e-19)
(0.531612 1.54421 0)
(0.596938 1.7118 1.27021e-19)
(0.601721 1.7409 9.22555e-20)
(0.592933 1.71724 1.95298e-19)
(0.570396 1.67945 -8.90861e-20)
(0.552201 1.64378 0)
(0.527018 1.61817 0)
(0.513874 1.658 -1.59631e-19)
(0.618536 2.02589 -3.47942e-21)
(0.869546 2.93784 8.42798e-20)
(0.937466 3.20335 5.23257e-20)
(0.832328 2.92063 8.31399e-20)
(0.449931 1.72752 -1.00657e-19)
(-0.109432 0.310244 1.80259e-19)
(-0.291761 -0.294601 -1.26773e-19)
(-0.325451 -0.536306 0)
(-0.235258 -0.504377 -1.64572e-20)
(-0.0319162 -0.0228167 3.00603e-19)
(0.0136448 0.132407 5.47332e-19)
(0.266567 0.880385 0)
(0.462932 1.46415 0)
(0.546618 1.6978 0)
(0.558012 1.75278 7.78337e-20)
(0.554714 1.73902 -1.9329e-19)
(0.535177 1.69957 -8.74708e-20)
(0.523186 1.66265 0)
(0.50674 1.6343 0)
(0.49698 1.66772 9.86513e-20)
(0.603068 1.99908 3.32887e-20)
(0.85238 2.90013 -4.20892e-20)
(0.955321 3.2043 2.06897e-20)
(0.874091 3.03236 1.01388e-19)
(0.519283 1.87448 -1.82082e-19)
(0.0247258 0.422489 2.92115e-19)
(-0.333047 -0.357196 -2.80336e-19)
(-0.391859 -0.850785 0)
(-0.378581 -1.04228 1.49647e-20)
(-0.175134 -0.680505 4.13833e-19)
(-0.00588296 0.0731411 -5.08506e-19)
(0.182576 0.73549 1.75086e-19)
(0.387181 1.37477 2.73027e-19)
(0.484323 1.66244 -1.3974e-20)
(0.510086 1.7453 -1.66381e-19)
(0.513905 1.74368 -1.08593e-19)
(0.502557 1.71298 2.45731e-19)
(0.493667 1.67404 -4.95323e-21)
(0.482796 1.64232 0)
(0.477352 1.66801 2.706e-20)
(0.572254 1.94419 -1.5579e-20)
(0.852803 2.82427 4.27517e-20)
(1.0068 3.17688 0)
(1.0584 3.05247 -5.13868e-20)
(0.92659 2.42036 0)
(0.557471 1.15688 -6.69238e-20)
(0.130592 0.188251 -2.39572e-20)
(-0.133881 -0.849952 0)
(-0.294823 -1.28155 0)
(-0.181823 -1.14584 4.55999e-19)
(-0.00109477 0.00694017 4.09967e-19)
(0.0772395 0.359229 -1.53734e-19)
(0.323412 1.18569 1.22463e-19)
(0.433414 1.59641 -1.93504e-19)
(0.464552 1.73353 7.60812e-20)
(0.471023 1.74523 -2.63578e-20)
(0.464699 1.72379 1.68398e-20)
(0.459319 1.68349 -3.23946e-20)
(0.45559 1.64526 -2.13623e-20)
(0.453067 1.65584 -2.05779e-20)
(0.528193 1.85863 3.90807e-21)
(0.801754 2.64423 0)
(1.02959 3.06419 -1.65473e-22)
(1.06335 2.98784 0)
(1.03643 2.63268 0)
(0.877351 1.84985 0)
(0.541524 0.850304 3.60886e-20)
(0.259629 0.0193043 -3.52027e-20)
(0.0535715 -0.799345 -1.89508e-20)
(-0.101597 -1.19832 8.62315e-20)
(0.00879544 -0.0452677 7.35207e-20)
(0.0175291 0.133532 6.89089e-20)
(0.207551 0.896865 -5.61453e-20)
(0.358176 1.45944 -4.27955e-20)
(0.416595 1.69282 3.45923e-20)
(0.430007 1.74151 2.45927e-20)
(0.426268 1.73197 1.7485e-20)
(0.419237 1.6888 0)
(0.417687 1.64085 -8.97865e-21)
(0.420826 1.63699 -5.4564e-21)
(0.454899 1.75695 1.44294e-20)
(0.655614 2.40184 0)
(0.891787 2.92281 1.37411e-20)
(0.962208 2.89778 -1.51066e-20)
(0.935641 2.68673 0)
(0.847057 2.21717 0)
(0.608801 1.41533 -1.15296e-20)
(0.371835 0.63201 0)
(0.184511 -0.20801 -1.02079e-20)
(0.0601067 -0.516461 0)
(0.000832496 -0.074533 0)
(0.00344433 -0.0150448 0)
(0.0817602 0.422608 0)
(0.277875 1.23639 0)
(0.354229 1.60868 -8.6448e-34)
(0.379636 1.71624 6.60941e-34)
(0.382218 1.72424 0)
(0.377866 1.69797 0)
(0.373858 1.6357 0)
(0.376681 1.61297 0)
(0.383588 1.6795 0)
(0.486505 2.11126 0)
(0.718906 2.7892 0)
(0.75869 2.82505 0)
(0.739518 2.72529 0)
(0.694722 2.44374 0)
(0.551845 1.88808 0)
(0.368117 1.22472 0)
(0.191419 0.574245 0)
(0.0438569 0.0803545 0)
(-0.00492529 -0.0745032 0)
(0.00973631 -0.0954016 0)
(0.0245379 0.117483 0)
(0.182874 0.906788 0)
(0.293026 1.48704 0)
(0.327717 1.69294 0)
(0.332233 1.7194 0)
(0.32959 1.70136 0)
(0.323322 1.63585 0)
(0.325615 1.5966 0)
(0.320338 1.63487 0)
(0.35821 1.95854 0)
(0.564993 2.66361 0)
(0.59012 2.80223 0)
(0.570229 2.76723 0)
(0.539162 2.59752 0)
(0.448544 2.20696 0)
(0.294315 1.60443 0)
(0.149129 1.00008 0)
(0.0356581 0.46692 0)
(-0.00425566 -0.0832008 0)
(0.00922159 -0.134469 0)
(0.00674497 -0.00777424 0)
(0.0935349 0.622853 0)
(0.2204 1.31474 0)
(0.27411 1.63029 0)
(0.282966 1.70541 0)
(0.28116 1.69898 0)
(0.271592 1.63934 0)
(0.269231 1.58723 0)
(0.26366 1.61204 0)
(0.253907 1.87759 0)
(0.425373 2.57168 0)
(0.451856 2.80754 0)
(0.418384 2.81422 0)
(0.393654 2.72524 0)
(0.334951 2.45361 0)
(0.219432 1.94309 0)
(0.105624 1.3989 0)
(0.0212913 0.79987 0)
(-0.00458983 -0.0753264 0)
(-0.00346703 -0.140632 0)
(-0.00695889 -0.0553091 0)
(0.037427 0.400803 0)
(0.165044 1.20038 0)
(0.212289 1.58406 0)
(0.228332 1.69465 0)
(0.228528 1.69632 0)
(0.219453 1.64661 0)
(0.214505 1.58786 0)
(0.214969 1.60695 0)
(0.176426 1.83497 0)
(0.307771 2.51008 0)
(0.335973 2.8217 0)
(0.297948 2.86885 0)
(0.273507 2.82381 0)
(0.232031 2.62743 0)
(0.149159 2.19086 0)
(0.0643133 1.66133 0)
(0.00929584 0.989753 0)
(-0.00339472 -0.047372 0)
(-0.00283086 -0.138659 0)
(0.0163686 -0.0911381 0)
(0.0243542 0.197446 0)
(0.125793 1.03913 0)
(0.167778 1.52574 0)
(0.174479 1.67963 0)
(0.174108 1.69299 0)
(0.16674 1.65279 0)
(0.161454 1.59459 0)
(0.172108 1.61174 0)
(0.118183 1.81405 0)
(0.214222 2.46806 0)
(0.242096 2.83643 0)
(0.203336 2.91908 0)
(0.182565 2.90223 0)
(0.1535 2.75548 0)
(0.0967545 2.38015 0)
(0.0361889 1.87746 0)
(0.000486332 1.12299 0)
(0.0041778 -0.061464 0)
(0.0267393 -0.204808 0)
(0.0672932 -0.153727 0)
(0.0487804 0.116869 0)
(0.0976258 0.919725 0)
(0.123994 1.47588 0)
(0.125929 1.66822 0)
(0.123565 1.69048 0)
(0.119132 1.65655 0)
(0.113166 1.60209 0)
(0.132702 1.6196 0)
(0.0771326 1.80318 0)
(0.142673 2.44355 0)
(0.166486 2.85214 0)
(0.132083 2.96229 0)
(0.113789 2.96094 0)
(0.0928023 2.84524 0)
(0.0522944 2.50271 0)
(0.00976383 1.99806 0)
(-0.00707401 1.1536 0)
(0.0151909 -0.163142 0)
(0.048383 -0.335956 0)
(0.081345 -0.220361 0)
(0.0509754 0.144367 0)
(0.0457805 0.894131 0)
(0.0626223 1.46104 0)
(0.0621222 1.66134 0)
(0.0658018 1.68751 0)
(0.0713938 1.65682 0)
(0.0690826 1.60645 0)
(0.0958308 1.62607 0)
(0.0460702 1.79683 0)
(0.0908834 2.42478 0)
(0.107542 2.86405 0)
(0.0779067 2.99601 0)
(0.0629918 3.00835 0)
(0.0494377 2.9093 0)
(0.0216475 2.58935 0)
(-0.00186454 2.08234 0)
(-0.0114313 1.14109 0)
(0.0170033 -0.306549 0)
(0.0434949 -0.424209 0)
(0.0541586 -0.233025 0)
(0.00812603 0.224298 0)
(-0.0329775 0.917912 0)
(-0.021607 1.46078 0)
(-0.0125174 1.65541 0)
(0.00897514 1.67948 0)
(0.0268033 1.6498 0)
(0.0294435 1.60511 0)
(0.06212 1.62901 0)
(0.0217711 1.79512 0)
(0.0522183 2.41536 0)
(0.0619634 2.87377 0)
(0.0370703 3.02136 0)
(0.0265187 3.04197 0)
(0.0160536 2.95239 0)
(-0.00184478 2.63986 0)
(-0.0207679 2.11576 0)
(-0.0132515 1.1017 0)
(0.00978999 -0.377342 0)
(0.0124604 -0.454965 0)
(-0.015469 -0.118971 0)
(-0.0797153 0.386408 0)
(-0.126905 1.02833 0)
(-0.119389 1.46559 0)
(-0.0918692 1.63344 0)
(-0.0523814 1.66078 0)
(-0.0164426 1.63488 0)
(-0.00631769 1.59573 0)
(0.0316334 1.628 0)
(0.00307213 1.79263 0)
(0.0237046 2.40821 0)
(0.0270528 2.88058 0)
(0.00866978 3.04003 0)
(-6.58683e-05 3.0686 0)
(-0.00875378 2.98081 0)
(-0.0206762 2.6664 0)
(-0.0275944 2.11089 0)
(-0.0160515 1.02255 0)
(-0.00264347 -0.361027 0)
(-0.0360667 -0.337163 0)
(-0.0886039 0.0127851 0)
(-0.141455 0.519646 0)
(-0.188682 1.08919 0)
(-0.174715 1.43327 0)
(-0.143561 1.58306 0)
(-0.0979498 1.62378 0)
(-0.052316 1.60897 0)
(-0.0357021 1.57832 0)
(0.00656474 1.62257 0)
(-0.012196 1.79416 0)
(0.00215637 2.40743 0)
(0.000976666 2.88659 0)
(-0.012492 3.05363 0)
(-0.0188994 3.0842 0)
(-0.0264179 2.99554 0)
(-0.0333737 2.67709 0)
(-0.0331828 2.09043 0)
(-0.0173036 0.928457 0)
(-0.0119214 -0.258484 0)
(-0.0517533 -0.181385 0)
(-0.112037 0.165331 0)
(-0.166059 0.629951 0)
(-0.194735 1.10367 0)
(-0.189704 1.37976 0)
(-0.159296 1.51897 0)
(-0.118956 1.57148 0)
(-0.0736622 1.57169 0)
(-0.0557291 1.55512 0)
(-0.0111581 1.61315 0)
(-0.0243497 1.79271 0)
(-0.0137797 2.40451 0)
(-0.017984 2.89122 0)
(-0.0272709 3.06309 0)
(-0.0322474 3.09583 0)
(-0.0368887 3.00374 0)
(-0.0409264 2.67212 0)
(-0.0349254 2.05115 0)
(-0.0143453 0.835114 0)
(-0.0124607 -0.142547 0)
(-0.0512414 -0.0189939 0)
(-0.108475 0.305907 0)
(-0.161156 0.719882 0)
(-0.184094 1.10995 0)
(-0.175989 1.33877 0)
(-0.149439 1.46371 0)
(-0.118769 1.52005 0)
(-0.0806948 1.53198 0)
(-0.0645119 1.52923 0)
(-0.0217507 1.60064 0)
(-0.0331295 1.79305 0)
(-0.0255242 2.40554 0)
(-0.0301122 2.89571 0)
(-0.0369687 3.0691 0)
(-0.0393153 3.10159 0)
(-0.0424819 3.00403 0)
(-0.0423701 2.65765 0)
(-0.0331691 1.9939 0)
(-0.0101559 0.748264 0)
(-0.00969223 -0.0322009 0)
(-0.0423363 0.134042 0)
(-0.0907638 0.433396 0)
(-0.134033 0.797698 0)
(-0.158082 1.12354 0)
(-0.150252 1.3171 0)
(-0.132021 1.42623 0)
(-0.10919 1.48055 0)
(-0.0775203 1.49768 0)
(-0.0649269 1.50475 0)
(-0.0253398 1.58631 0)
(-0.0387824 1.79051 0)
(-0.0327044 2.40707 0)
(-0.0375982 2.89968 0)
(-0.0421159 3.07385 0)
(-0.0430627 3.10616 0)
(-0.0433502 3.00097 0)
(-0.0409389 2.64343 0)
(-0.0291979 1.94004 0)
(-0.00606214 0.678471 0)
(-0.00659427 0.0509499 0)
(-0.0306629 0.254774 0)
(-0.0684563 0.538042 0)
(-0.102378 0.864595 0)
(-0.122922 1.14441 0)
(-0.120447 1.31091 0)
(-0.110527 1.40671 0)
(-0.0955576 1.45624 0)
(-0.0696603 1.47377 0)
(-0.0611064 1.48569 0)
(-0.0261235 1.57446 0)
(-0.0402036 1.7907 0)
(-0.0357446 2.41167 0)
(-0.0406992 2.90383 0)
(-0.043746 3.0763 0)
(-0.0428926 3.10611 0)
(-0.0425043 2.99332 0)
(-0.0380323 2.61431 0)
(-0.0245658 1.87626 0)
(-0.00310425 0.62215 0)
(-0.00374038 0.107363 0)
(-0.0200269 0.345728 0)
(-0.04824 0.621273 0)
(-0.0745614 0.920252 0)
(-0.0916348 1.16552 0)
(-0.0929982 1.31162 0)
(-0.0888582 1.39691 0)
(-0.0802397 1.44171 0)
(-0.0596446 1.45836 0)
(-0.0555224 1.47229 0)
(-0.025543 1.56504 0)
(-0.0393725 1.7915 0)
(-0.0355951 2.41503 0)
(-0.0411615 2.90656 0)
(-0.0429023 3.07755 0)
(-0.0419241 3.10513 0)
(-0.0404047 2.98653 0)
(-0.034805 2.59395 0)
(-0.020236 1.82242 0)
(-0.00118217 0.581093 0)
(-0.00185965 0.141979 0)
(-0.0121108 0.408453 0)
(-0.0323789 0.682353 0)
(-0.0521998 0.964093 0)
(-0.066053 1.18688 0)
(-0.0697847 1.31805 0)
(-0.0697252 1.39405 0)
(-0.0661375 1.43361 0)
(-0.0501618 1.44828 0)
(-0.0505438 1.46399 0)
(-0.0231329 1.55974 0)
(-0.0379166 1.79444 0)
(-0.0340742 2.4214 0)
(-0.0402447 2.90975 0)
(-0.0414397 3.07729 0)
(-0.040233 3.10204 0)
(-0.0377592 2.9721 0)
(-0.0315834 2.55891 0)
(-0.016375 1.76017 0)
(-7.05338e-05 0.547437 0)
(-0.000753127 0.16189 0)
(-0.00668536 0.451493 0)
(-0.0208602 0.728346 0)
(-0.035972 0.997603 0)
(-0.0470027 1.2041 0)
(-0.051582 1.32478 0)
(-0.05362 1.3936 0)
(-0.0533608 1.42836 0)
(-0.0409364 1.44083 0)
(-0.0455173 1.45757 0)
(-0.0201039 1.55604 0)
(-0.0348755 1.79612 0)
(-0.0313483 2.42476 0)
(-0.0385329 2.91119 0)
(-0.0393267 3.07686 0)
(-0.0382381 3.09946 0)
(-0.0354057 2.96343 0)
(-0.0287921 2.53627 0)
(-0.0132409 1.71236 0)
(0.000502565 0.524689 0)
(-0.000219941 0.171848 0)
(-0.00339111 0.478173 0)
(-0.0129038 0.761326 0)
(-0.0241653 1.02492 0)
(-0.0330822 1.22126 0)
(-0.0381589 1.33445 0)
(-0.0411811 1.39707 0)
(-0.0432045 1.42677 0)
(-0.0332433 1.43613 0)
(-0.0404266 1.45286 0)
(-0.0171692 1.55396 0)
(-0.0325996 1.80098 0)
(-0.0294458 2.43088 0)
(-0.0371114 2.91373 0)
(-0.0369669 3.0756 0)
(-0.0355838 3.09435 0)
(-0.0325003 2.94698 0)
(-0.0259171 2.50024 0)
(-0.0106318 1.65667 0)
(0.000805124 0.504155 0)
(2.38798e-05 0.17656 0)
(-0.00144707 0.49484 0)
(-0.00784061 0.783923 0)
(-0.0164458 1.04313 0)
(-0.0232299 1.23244 0)
(-0.0280792 1.34104 0)
(-0.0313894 1.39981 0)
(-0.0348424 1.42579 0)
(-0.0268423 1.43245 0)
(-0.0354686 1.4491 0)
(-0.0144848 1.55196 0)
(-0.0305448 1.80344 0)
(-0.0273502 2.43416 0)
(-0.0355232 2.91464 0)
(-0.0348026 3.07436 0)
(-0.0338727 3.091 0)
(-0.0306765 2.93758 0)
(-0.0238686 2.47843 0)
(-0.00869525 1.61821 0)
(0.000785697 0.491816 0)
(0.000118443 0.17797 0)
(-0.00034429 0.504699 0)
(-0.00432012 0.801876 0)
(-0.0110754 1.06043 0)
(-0.0166404 1.24521 0)
(-0.021322 1.34996 0)
(-0.0241614 1.40486 0)
(-0.0280989 1.42708 0)
(-0.021113 1.43098 0)
(-0.0309678 1.44643 0)
(-0.0127296 1.55089 0)
(-0.0298328 1.80839 0)
(-0.0266257 2.44075 0)
(-0.0348405 2.91664 0)
(-0.0329785 3.07244 0)
(-0.0317749 3.08518 0)
(-0.0282801 2.92064 0)
(-0.0216988 2.44295 0)
(-0.00730125 1.56961 0)
(0.000709576 0.477605 0)
(0.000127431 0.177881 0)
(1.27542e-05 0.509689 0)
(-0.00254081 0.812552 0)
(-0.00780331 1.07066 0)
(-0.0122536 1.25281 0)
(-0.0167455 1.35559 0)
(-0.0194319 1.40842 0)
(-0.0237718 1.42829 0)
(-0.0173536 1.43057 0)
(-0.0279959 1.44554 0)
(-0.0114018 1.55096 0)
(-0.0282395 1.81113 0)
(-0.0252758 2.44392 0)
(-0.0337727 2.91732 0)
(-0.0314708 3.07083 0)
(-0.0304391 3.08168 0)
(-0.0269366 2.91141 0)
(-0.0201961 2.42359 0)
(-0.00631189 1.54035 0)
(0.000554338 0.470285 0)
(0.000140087 0.177481 0)
(0.000253585 0.513334 0)
(-0.00134132 0.822891 0)
(-0.00566823 1.08238 0)
(-0.00942071 1.2623 0)
(-0.0133384 1.36297 0)
(-0.0157671 1.41305 0)
(-0.0205716 1.4306 0)
(-0.015138 1.43145 0)
(-0.026438 1.44554 0)
(-0.0112951 1.55187 0)
(-0.0283756 1.81693 0)
(-0.0247271 2.45006 0)
(-0.0330743 2.9188 0)
(-0.0300381 3.06842 0)
(-0.0290408 3.07542 0)
(-0.0253062 2.89447 0)
(-0.0188601 2.38944 0)
(-0.0058118 1.49702 0)
(0.000438949 0.458327 0)
(0.000154017 0.176482 0)
(0.000300424 0.514227 0)
(-0.000694397 0.827822 0)
(-0.00401801 1.08861 0)
(-0.0074198 1.2674 0)
(-0.0110008 1.36716 0)
(-0.0130501 1.41586 0)
(-0.0183324 1.43192 0)
(-0.0135263 1.43204 0)
(-0.0250666 1.44596 0)
(-0.0106785 1.55296 0)
(-0.0274707 1.82018 0)
(-0.0242192 2.45332 0)
(-0.0322898 2.9195 0)
(-0.0295421 3.06669 0)
(-0.0287078 3.07189 0)
(-0.0250543 2.8855 0)
(-0.0184466 2.37174 0)
(-0.0053978 1.47386 0)
(0.000242022 0.452844 0)
(0.000127419 0.175862 0)
(0.000194048 0.515994 0)
(-0.0007398 0.834574 0)
(-0.0035126 1.0975 0)
(-0.0064849 1.27543 0)
(-0.00994266 1.37372 0)
(-0.0117594 1.42051 0)
(-0.0170453 1.43497 0)
(-0.01273 1.43363 0)
(-0.0239016 1.44668 0)
(-0.0110586 1.55516 0)
(-0.0273552 1.8268 0)
(-0.024265 2.459 0)
(-0.0319294 2.92125 0)
(-0.0287468 3.06453 0)
(-0.0280163 3.06601 0)
(-0.0241995 2.86894 0)
(-0.0179036 2.33851 0)
(-0.00549879 1.43313 0)
(0.000181176 0.441356 0)
(7.48946e-05 0.175144 0)
(-2.05928e-05 0.516684 0)
(-0.000938566 0.837414 0)
(-0.00343743 1.10128 0)
(-0.00607699 1.27895 0)
(-0.00944217 1.37664 0)
(-0.0105969 1.42256 0)
(-0.0159051 1.43624 0)
(-0.011152 1.43442 0)
(-0.0227241 1.4475 0)
(-0.0104038 1.55637 0)
(-0.0269108 1.83006 0)
(-0.024168 2.46167 0)
(-0.0313707 2.92209 0)
(-0.0287762 3.06353 0)
(-0.0282547 3.06327 0)
(-0.024774 2.86075 0)
(-0.0182658 2.32187 0)
(-0.00523196 1.41336 0)
(5.98378e-05 0.436699 0)
(-0.000112478 0.176445 0)
(-0.000495919 0.520538 0)
(-0.00162194 0.845163 0)
(-0.00386952 1.11062 0)
(-0.00616622 1.28749 0)
(-0.00929973 1.38357 0)
(-0.0100967 1.42755 0)
(-0.0149313 1.43943 0)
(-0.0105411 1.4372 0)
(-0.0214736 1.44916 0)
(-0.00996998 1.56005 0)
(-0.0258468 1.83891 0)
(-0.023812 2.46815 0)
(-0.0303979 2.92458 0)
(-0.0280815 3.06129 0)
(-0.0276616 3.05622 0)
(-0.0241522 2.83967 0)
(-0.0179467 2.27893 0)
(-0.00609268 1.36205 0)
(-0.000915918 0.417445 0)
(-0.234423 1.56143 1.26436e-22)
(0.393481 3.23034 1.68002e-20)
(0.0900897 3.46233 6.35952e-20)
(0.19642 3.43217 0)
(0.154715 3.38731 0)
(0.14873 3.34094 -3.75825e-19)
(0.150909 3.3144 3.86691e-19)
(0.123802 3.27295 -4.09079e-19)
(0.11198 3.1812 7.55856e-21)
(0.0940301 2.56921 5.61715e-19)
(-0.105238 2.31713 1.06593e-23)
(0.129434 3.28589 1.65681e-19)
(0.0090009 3.4357 0)
(0.0953919 3.38924 0)
(0.0707868 3.34383 1.11495e-20)
(0.0758128 3.30697 7.79315e-19)
(0.0722967 3.27695 -4.3461e-19)
(0.0489494 3.24194 -7.29962e-21)
(0.0496419 3.08486 6.96253e-21)
(0.000638953 2.08768 0)
(-0.0280183 2.06916 1.78024e-19)
(0.08435 3.13853 -1.88713e-19)
(0.0221959 3.34404 0)
(0.0704917 3.32394 3.58692e-19)
(0.0501157 3.30273 -1.34202e-21)
(0.0509465 3.28152 -4.05287e-19)
(0.0450863 3.26633 -5.03732e-19)
(0.0296993 3.24623 -2.0964e-22)
(0.0404883 3.11988 7.18136e-21)
(-0.0168513 2.21215 0)
(-0.0410078 2.01484 -4.49062e-20)
(0.0270831 3.11616 0)
(-0.0146559 3.30805 -1.8975e-19)
(0.0200312 3.30689 -1.55765e-19)
(0.015345 3.28323 1.41788e-20)
(0.0213334 3.26139 -2.62774e-19)
(0.0264016 3.24668 2.33884e-19)
(0.021085 3.23376 -8.41056e-21)
(0.0417276 3.12586 1.10861e-20)
(0.00715756 2.25085 2.89085e-19)
(-0.0530372 2.02362 -1.46743e-19)
(0.0125043 3.089 0)
(-0.00824519 3.26635 4.09759e-19)
(0.0102546 3.26193 -2.26354e-19)
(0.0135532 3.24817 -6.95937e-22)
(0.0163194 3.23786 -2.2311e-21)
(0.0211647 3.23323 -1.55597e-20)
(0.0216966 3.22447 -2.98892e-19)
(0.0428299 3.12793 8.20967e-21)
(-0.00313238 2.3124 -6.05721e-19)
(-0.0500108 2.08324 0)
(-0.0106291 3.08546 -2.25789e-19)
(-0.0288488 3.24243 1.89148e-20)
(-0.015548 3.24674 -1.57113e-20)
(-0.00605443 3.23214 1.60925e-20)
(0.00306089 3.21963 2.67179e-19)
(0.0153668 3.21152 2.79521e-19)
(0.0208443 3.20548 5.88257e-19)
(0.0426822 3.12409 3.26135e-19)
(0.0105651 2.35437 -1.67028e-20)
(-0.0513182 2.14082 0)
(-0.0201143 3.0817 2.33595e-19)
(-0.0193356 3.21371 -2.45247e-19)
(-0.0118153 3.2127 -1.69789e-20)
(-0.000546688 3.20249 3.51123e-20)
(0.00736817 3.1961 3.63908e-22)
(0.0166033 3.19531 -1.88889e-20)
(0.0217933 3.19119 -3.07659e-19)
(0.0422948 3.12172 -3.17135e-19)
(0.00383865 2.41988 -1.72939e-20)
(-0.0476802 2.22785 2.69769e-19)
(-0.0287323 3.08531 -1.25336e-20)
(-0.032238 3.19382 8.64794e-21)
(-0.0237946 3.19529 0)
(-0.0135385 3.18547 0)
(-0.00135177 3.1777 0)
(0.0130691 3.17204 0)
(0.0206236 3.16933 3.4354e-19)
(0.0412097 3.11266 -3.53967e-19)
(0.0153128 2.46395 3.49831e-19)
(-0.0464298 2.30642 2.63052e-20)
(-0.033019 3.08463 2.87569e-19)
(-0.0211606 3.16955 0)
(-0.014642 3.16539 -1.93693e-20)
(-0.00402006 3.15771 1.98087e-20)
(0.00522675 3.15342 0)
(0.015011 3.15397 -1.07431e-20)
(0.0207216 3.15289 -3.33423e-19)
(0.0401407 3.10934 3.55438e-19)
(0.0104159 2.5331 0)
(-0.0437227 2.40338 1.602e-20)
(-0.0358822 3.08617 -4.41096e-19)
(-0.0300733 3.14973 0)
(-0.0225101 3.14683 0)
(-0.013689 3.13908 2.12617e-20)
(-0.00207418 3.13344 -1.79478e-19)
(0.0114795 3.12923 -2.24376e-20)
(0.0191592 3.1293 1.91339e-19)
(0.0385927 3.09616 0)
(0.0192037 2.58107 0)
(-0.0400744 2.49061 -4.6641e-19)
(-0.0385666 3.08228 1.5807e-19)
(-0.0206036 3.12431 0)
(-0.0128435 3.1163 0)
(-0.00335722 3.10962 0)
(0.0055371 3.10678 3.69764e-19)
(0.0145081 3.10862 0)
(0.0201572 3.1107 -2.04138e-19)
(0.0378531 3.09052 1.26179e-20)
(0.0149487 2.65385 2.13801e-19)
(-0.0377117 2.58954 1.66433e-19)
(-0.0398247 3.07579 -1.61847e-20)
(-0.0296384 3.10133 1.94006e-19)
(-0.0210649 3.09502 1.88595e-19)
(-0.0124559 3.08838 0)
(-0.000754014 3.08404 -1.9006e-19)
(0.0123753 3.08149 0)
(0.020987 3.08446 0)
(0.0385415 3.07215 0)
(0.0222823 2.70642 -2.14794e-19)
(-0.0351254 2.67841 -1.76345e-19)
(-0.0429708 3.0624 1.82104e-19)
(-0.0235524 3.07218 -1.82879e-19)
(-0.013071 3.06222 -2.88397e-19)
(-0.00280643 3.05704 0)
(0.0070979 3.05565 2.58031e-20)
(0.0168582 3.05864 -1.31712e-20)
(0.0247804 3.06319 9.82398e-20)
(0.041717 3.06164 1.21977e-19)
(0.0208504 2.78046 -1.25512e-19)
(-0.0343583 2.77302 1.80938e-19)
(-0.0460933 3.04528 -1.74472e-19)
(-0.0329288 3.04588 1.24394e-20)
(-0.0209223 3.04032 7.34664e-20)
(-0.0112059 3.0362 -1.05509e-19)
(0.000308692 3.03363 0)
(0.0137618 3.03212 1.13394e-19)
(0.0256209 3.03558 4.95051e-21)
(0.0446191 3.03659 -2.36131e-19)
(0.0286854 2.83262 -6.55252e-21)
(-0.029586 2.85516 -5.17295e-20)
(-0.044257 3.02152 1.26457e-20)
(-0.0231711 3.01777 -6.56373e-20)
(-0.0111785 3.01444 2.68692e-20)
(-0.0022097 3.01412 1.28576e-19)
(0.006272 3.01344 -5.4694e-20)
(0.0145254 3.0142 -5.44255e-20)
(0.023343 3.01708 -5.65035e-20)
(0.0418089 3.02184 1.21308e-19)
(0.0248401 2.90033 5.92885e-20)
(-0.0176352 2.94054 4.15836e-20)
(-0.0259879 3.00084 1.83843e-20)
(-0.0161456 3.00084 3.61693e-20)
(-0.00938562 3.00161 -7.41307e-20)
(-0.00416614 3.00264 2.50528e-20)
(0.000687646 3.00215 5.09275e-20)
(0.00539825 3.00065 -5.31744e-20)
(0.0107376 2.999 -5.55272e-20)
(0.0217942 2.99714 7.52185e-21)
(0.0165211 2.94913 5.33497e-20)
)
;

boundaryField
{
    wall-4
    {
        type            noSlip;
    }
    pressure-outlet-7
    {
        type            zeroGradient;
    }
    velocity-inlet-6
    {
        type            fixedValue;
        value           uniform (0 3 0);
    }
    velocity-inlet-5
    {
        type            fixedValue;
        value           uniform (1 0 0);
    }
    frontAndBackPlanes
    {
        type            empty;
    }
}


// ************************************************************************* //
