/*--------------------------------*- C++ -*----------------------------------*\
  =========                 |
  \\      /  F ield         | OpenFOAM: The Open Source CFD Toolbox
   \\    /   O peration     | Website:  https://openfoam.org
    \\  /    A nd           | Version:  10
     \\/     M anipulation  |
\*---------------------------------------------------------------------------*/
FoamFile
{
    format      ascii;
    class       volScalarField;
    location    "64";
    object      p;
}
// * * * * * * * * * * * * * * * * * * * * * * * * * * * * * * * * * * * * * //

dimensions      [0 2 -2 0 0 0 0];

internalField   nonuniform List<scalar> 
8800
(
0.840408
0.792622
0.753935
0.724942
0.704083
0.689259
0.678673
0.671208
0.666409
0.664381
0.665682
0.6699
0.676565
0.685895
0.698685
0.716426
0.741209
0.775152
0.817705
0.876407
0.671653
0.679332
0.686811
0.690121
0.688621
0.683548
0.67707
0.671005
0.666301
0.663484
0.663238
0.665775
0.670289
0.676252
0.683034
0.689322
0.692969
0.692235
0.68682
0.678132
0.650051
0.656211
0.66034
0.663288
0.665342
0.665953
0.664858
0.662769
0.660777
0.659903
0.660901
0.663312
0.666134
0.668331
0.668949
0.667758
0.665423
0.662034
0.657477
0.653717
0.644231
0.646883
0.649637
0.652043
0.653683
0.654852
0.655606
0.655741
0.655472
0.655458
0.656251
0.657454
0.658318
0.658401
0.657804
0.656722
0.654913
0.652347
0.649947
0.648443
0.638838
0.640263
0.642045
0.64408
0.64587
0.64722
0.648222
0.64904
0.649684
0.650289
0.650986
0.651519
0.651646
0.651379
0.650697
0.649459
0.647772
0.64593
0.644625
0.643794
0.633746
0.634666
0.63591
0.637481
0.639119
0.640654
0.641954
0.643043
0.644042
0.644982
0.645723
0.646094
0.646085
0.645669
0.644806
0.643619
0.642302
0.641049
0.64023
0.639678
0.628819
0.629489
0.630453
0.63176
0.633176
0.634645
0.636101
0.637449
0.638686
0.639847
0.640729
0.641147
0.641101
0.640621
0.639836
0.638904
0.637904
0.636989
0.636407
0.636001
0.624011
0.624527
0.625313
0.626448
0.627733
0.629119
0.630583
0.632084
0.633555
0.634954
0.63603
0.636561
0.636581
0.63623
0.635653
0.634947
0.634188
0.633515
0.633084
0.632767
0.619249
0.61966
0.620318
0.62133
0.622544
0.623884
0.625349
0.626937
0.628608
0.630276
0.631603
0.632331
0.632549
0.63242
0.632068
0.631575
0.631023
0.630543
0.630224
0.629965
0.614447
0.614782
0.615351
0.616284
0.61745
0.618777
0.62028
0.621969
0.623831
0.625794
0.627446
0.628474
0.628973
0.629101
0.628982
0.628716
0.62836
0.62804
0.627806
0.627589
0.609516
0.609793
0.610302
0.611189
0.612338
0.613691
0.61527
0.617102
0.619197
0.621501
0.623562
0.624976
0.625813
0.626235
0.626372
0.626334
0.626173
0.625996
0.625829
0.625641
0.604366
0.604599
0.605068
0.60594
0.607112
0.608534
0.610231
0.61226
0.614654
0.617383
0.619944
0.621822
0.623055
0.623815
0.624237
0.624435
0.624473
0.624425
0.624315
0.624147
0.598905
0.599102
0.599552
0.600438
0.601675
0.60321
0.605081
0.607375
0.610149
0.613407
0.616575
0.619006
0.620702
0.621847
0.622591
0.623041
0.623293
0.623369
0.623306
0.623152
0.593029
0.593199
0.593646
0.594576
0.595917
0.597618
0.599729
0.602367
0.605623
0.609538
0.61344
0.616531
0.618772
0.620361
0.621472
0.622227
0.622692
0.622887
0.622863
0.622717
0.586621
0.586766
0.587227
0.588229
0.589722
0.591647
0.594076
0.597154
0.601016
0.605736
0.610528
0.614406
0.617294
0.619407
0.620934
0.622021
0.62273
0.62305
0.623064
0.622922
0.57954
0.579661
0.580148
0.581255
0.582952
0.585171
0.588006
0.591643
0.596257
0.601962
0.607828
0.612647
0.6163
0.619029
0.621051
0.622522
0.623502
0.623949
0.623997
0.623854
0.571601
0.571701
0.572233
0.573479
0.575438
0.578031
0.581385
0.585723
0.591269
0.598176
0.605335
0.611276
0.615831
0.619287
0.6219
0.623818
0.625102
0.625684
0.625763
0.625617
0.56258
0.56268
0.563266
0.564671
0.566961
0.57004
0.574053
0.57927
0.58597
0.594343
0.603054
0.610324
0.615946
0.620252
0.623567
0.626008
0.627634
0.628359
0.628467
0.628313
0.55216
0.552241
0.552918
0.554548
0.557274
0.560973
0.565817
0.57214
0.580271
0.59043
0.600998
0.609834
0.616707
0.622017
0.626132
0.629193
0.631206
0.632079
0.632212
0.632047
0.539967
0.540034
0.54081
0.542753
0.546036
0.550533
0.556441
0.564163
0.574076
0.58641
0.599185
0.609854
0.618179
0.624659
0.629703
0.633479
0.635912
0.636934
0.637086
0.636906
0.525443
0.525498
0.526418
0.528776
0.532799
0.538346
0.54564
0.555154
0.567296
0.582269
0.59765
0.610444
0.620429
0.628245
0.634368
0.638946
0.641824
0.642987
0.643148
0.642949
0.50782
0.507865
0.508997
0.51194
0.516975
0.523941
0.533081
0.544928
0.559873
0.578041
0.59646
0.611674
0.623531
0.632857
0.640165
0.645641
0.648968
0.650247
0.650402
0.650183
0.485933
0.485976
0.487456
0.491282
0.497775
0.50674
0.518411
0.533336
0.55181
0.573808
0.595717
0.613629
0.627554
0.638539
0.647145
0.653557
0.657296
0.658646
0.658778
0.658538
0.458032
0.458095
0.460166
0.465417
0.474176
0.486076
0.501316
0.520332
0.543216
0.569735
0.59557
0.61641
0.632547
0.645296
0.655288
0.662612
0.666667
0.668016
0.668102
0.667843
0.421073
0.421237
0.424522
0.432399
0.444982
0.461367
0.481693
0.506077
0.534355
0.566079
0.596209
0.620134
0.638563
0.65313
0.664515
0.672621
0.676824
0.678074
0.678092
0.677818
0.369223
0.37021
0.376742
0.390016
0.409242
0.432569
0.459909
0.49108
0.525714
0.563216
0.597863
0.624921
0.645633
0.661942
0.674631
0.683276
0.687386
0.688434
0.688375
0.688095
0.293528
0.300845
0.315954
0.339339
0.368466
0.401091
0.437002
0.475986
0.517668
0.561427
0.600907
0.631304
0.654465
0.672664
0.686572
0.695541
0.699408
0.70024
0.700135
0.699889
0.212191
0.229495
0.253973
0.288108
0.327525
0.369578
0.414124
0.461104
0.510213
0.560888
0.606071
0.640582
0.666686
0.687113
0.70238
0.711298
0.714547
0.715101
0.715026
0.714866
0.144388
0.164768
0.196986
0.240258
0.288756
0.339687
0.392602
0.44742
0.503817
0.561213
0.611827
0.650166
0.678988
0.701238
0.717195
0.725722
0.728537
0.729034
0.729022
0.728908
0.0888559
0.110896
0.148642
0.198367
0.254045
0.312462
0.372793
0.43482
0.498073
0.561872
0.61765
0.659589
0.690879
0.714704
0.731352
0.739873
0.742481
0.742974
0.742989
0.742904
0.0426446
0.0658617
0.107401
0.162252
0.223704
0.288306
0.355004
0.423435
0.492966
0.562777
0.623479
0.668855
0.702517
0.72794
0.745395
0.754101
0.756886
0.757293
0.757326
0.757259
0.0034801
0.027354
0.0717667
0.13067
0.196976
0.266841
0.339077
0.413221
0.488504
0.563935
0.62932
0.678011
0.713997
0.740989
0.759393
0.768579
0.771453
0.771896
0.771941
0.771904
-0.0306715
-0.00637469
0.0403015
0.102552
0.172964
0.247415
0.324574
0.40388
0.484453
0.565162
0.63502
0.686924
0.725184
0.753743
0.773073
0.782833
0.785947
0.786417
0.786473
0.786451
-0.0613142
-0.036649
0.0118708
0.0769813
0.15094
0.229414
0.310986
0.395004
0.480507
0.566229
0.640393
0.695406
0.735857
0.765949
0.786194
0.796468
0.799856
0.800413
0.800471
0.80046
-0.0894235
-0.0644299
-0.014335
0.0532447
0.130318
0.212361
0.297911
0.386264
0.476394
0.566905
0.645241
0.703269
0.745827
0.777327
0.798478
0.809258
0.812896
0.813557
0.813593
0.813581
-0.11581
-0.0904419
-0.0389181
0.030807
0.110664
0.195897
0.28505
0.377397
0.471872
0.566988
0.649417
0.710407
0.754999
0.78787
0.809767
0.820946
0.824786
0.825508
0.825524
0.825501
-0.140856
-0.115111
-0.0623175
0.00931964
0.0916604
0.179757
0.272176
0.368205
0.466778
0.566356
0.652841
0.716779
0.763356
0.797466
0.819957
0.831449
0.835418
0.836171
0.836173
0.836134
-0.165
-0.138787
-0.0849606
-0.011465
0.0730834
0.16375
0.25914
0.358566
0.460995
0.564894
0.655441
0.722384
0.770937
0.80619
0.829197
0.840825
0.844799
0.84556
0.845521
0.84546
-0.188378
-0.161711
-0.106856
-0.0317248
0.0547964
0.14777
0.24585
0.348398
0.45444
0.562529
0.657176
0.727236
0.777836
0.814193
0.837559
0.84916
0.853102
0.853823
0.853756
0.853675
-0.211133
-0.184006
-0.128122
-0.0515586
0.0367323
0.131766
0.232262
0.337654
0.447068
0.5592
0.657994
0.731358
0.784156
0.821626
0.84522
0.856666
0.860449
0.861092
0.861008
0.860909
-0.233402
-0.205748
-0.148877
-0.0710088
0.0188508
0.11572
0.218377
0.326341
0.438865
0.554858
0.657841
0.734752
0.790013
0.828685
0.852378
0.863468
0.866974
0.867504
0.867379
0.867263
-0.255228
-0.226948
-0.169172
-0.090086
0.00117057
0.0996502
0.204226
0.314487
0.429841
0.549467
0.656653
0.737393
0.79549
0.835564
0.859247
0.869729
0.872761
0.873114
0.872958
0.872834
-0.276457
-0.247586
-0.188943
-0.108774
-0.0162863
0.0836112
0.189859
0.302152
0.420041
0.543039
0.654357
0.739215
0.800608
0.842475
0.866166
0.875715
0.877962
0.878021
0.877826
0.877708
-0.297077
-0.267642
-0.208184
-0.127031
-0.0334716
0.0676534
0.175357
0.289405
0.409534
0.535587
0.650896
0.7401
0.805317
0.84957
0.873582
0.881968
0.882904
0.882338
0.882081
0.882025
-0.317158
-0.287085
-0.226878
-0.144838
-0.0503285
0.0518529
0.160799
0.276341
0.3984
0.527164
0.64621
0.739895
0.809456
0.85683
0.881931
0.889404
0.888469
0.88647
0.885907
0.886156
-0.336537
-0.305899
-0.244973
-0.162139
-0.0668037
0.0362878
0.146275
0.263066
0.386749
0.517855
0.640274
0.738413
0.812756
0.863953
0.891298
0.899101
0.896631
0.892238
0.889939
0.889763
-0.355307
-0.324076
-0.262489
-0.178968
-0.0829316
0.0209153
0.13173
0.249524
0.374516
0.507589
0.632955
0.735378
0.81492
0.870467
0.90114
0.911471
0.909829
0.902833
0.89519
0.88145
-0.373399
-0.341605
-0.279542
-0.195524
-0.0989912
0.00541265
0.116761
0.23525
0.361186
0.495757
0.623639
0.730055
0.815454
0.875766
0.909908
0.924573
0.924297
0.911105
0.890754
0.879906
-0.390643
-0.35863
-0.295944
-0.211616
-0.11463
-0.00988242
0.101587
0.220559
0.347052
0.482596
0.612354
0.721916
0.813445
0.878654
0.913525
0.928047
0.929934
0.905617
0.8382
0.808076
-0.406378
-0.376414
-0.311383
-0.226765
-0.12905
-0.0244708
0.086527
0.205679
0.332327
0.468221
0.599007
0.710605
0.807363
0.878375
0.906755
0.916237
0.902744
0.847254
0.778077
0.735588
-0.461347
-0.3921
-0.325354
-0.242103
-0.143899
-0.0398316
0.0715077
0.19032
0.316631
0.452153
0.582954
0.695393
0.793179
0.870918
0.873227
0.873478
0.820609
0.748367
0.671055
0.628051
-0.423051
-0.407107
-0.346213
-0.26187
-0.165887
-0.0618617
0.0484511
0.166626
0.29198
0.426166
0.555209
0.666292
0.756771
0.839985
0.823747
0.706628
0.599036
0.524215
0.449917
0.479352
-0.45356
-0.424453
-0.362671
-0.279169
-0.183218
-0.0793109
0.0312735
0.148814
0.273109
0.40552
0.531822
0.638758
0.71957
0.763884
0.713105
0.560682
0.430566
0.337628
0.238085
0.287118
-0.477068
-0.445039
-0.382099
-0.298467
-0.202396
-0.0985961
0.0119014
0.128605
0.251498
0.38151
0.504096
0.604811
0.67665
0.686155
0.576864
0.401585
0.247009
0.126757
-0.00523184
0.0270225
-0.500047
-0.466518
-0.402429
-0.317888
-0.221745
-0.118104
-0.00814062
0.107592
0.228882
0.356102
0.473981
0.566793
0.623134
0.600867
0.439704
0.241462
0.0497914
-0.119137
-0.30826
-0.327462
-0.522439
-0.488477
-0.423518
-0.338212
-0.241942
-0.138534
-0.0292334
0.0853979
0.204819
0.32883
0.441255
0.526033
0.562552
0.503565
0.309099
0.0970091
-0.121265
-0.311201
-0.553497
-0.850606
-0.545132
-0.511173
-0.44569
-0.359912
-0.263471
-0.160244
-0.0515387
0.0619508
0.179383
0.299903
0.406549
0.482767
0.497785
0.387417
0.19539
-0.0159182
-0.221165
-0.394093
-0.463939
-0.542723
-0.569078
-0.535061
-0.469291
-0.383302
-0.286824
-0.183875
-0.0758597
0.0363095
0.151427
0.267909
0.368361
0.433295
0.423143
0.279057
0.0942652
-0.09795
-0.261801
-0.355342
-0.379561
-0.395423
-0.59458
-0.560442
-0.494492
-0.408457
-0.31213
-0.209634
-0.102554
0.0079876
0.120362
0.23215
0.325877
0.376415
0.348466
0.1784
0.0026031
-0.164461
-0.291907
-0.331251
-0.344118
-0.345439
-0.62184
-0.587491
-0.521358
-0.435372
-0.33934
-0.237528
-0.13164
-0.0230645
0.0861226
0.192632
0.278694
0.31484
0.266909
0.0854461
-0.0812557
-0.230862
-0.307591
-0.324638
-0.325999
-0.325819
-0.650918
-0.616273
-0.549916
-0.464049
-0.368472
-0.267546
-0.163123
-0.0568618
0.0487193
0.149426
0.226924
0.251163
0.16708
0.000624528
-0.157807
-0.281063
-0.317801
-0.316174
-0.315267
-0.314667
-0.681533
-0.64661
-0.580066
-0.494403
-0.399442
-0.299636
-0.196972
-0.0933771
0.00819352
0.102643
0.171431
0.178695
0.0763288
-0.0780894
-0.218438
-0.29496
-0.305158
-0.307699
-0.308338
-0.308057
-0.713139
-0.678062
-0.611554
-0.526208
-0.432064
-0.333642
-0.233035
-0.132478
-0.0352674
0.0526347
0.112686
0.104961
-0.00481901
-0.144579
-0.262651
-0.294198
-0.302504
-0.303747
-0.303448
-0.303141
-0.745272
-0.710079
-0.643934
-0.559073
-0.465999
-0.369246
-0.271034
-0.173877
-0.0813776
7.93131e-05
0.0497726
0.03479
-0.0792521
-0.197889
-0.292409
-0.309446
-0.30062
-0.299614
-0.299523
-0.299266
-0.777034
-0.741941
-0.676338
-0.59241
-0.500708
-0.405979
-0.310521
-0.217096
-0.129664
-0.0543768
-0.014512
-0.0297025
-0.144299
-0.237212
-0.292679
-0.302698
-0.299396
-0.297944
-0.2973
-0.297037
-0.806884
-0.77248
-0.707797
-0.625303
-0.535432
-0.443149
-0.350849
-0.26145
-0.179326
-0.110164
-0.0737976
-0.10144
-0.197583
-0.270766
-0.275103
-0.293752
-0.298361
-0.296917
-0.296361
-0.295976
-0.833206
-0.799886
-0.737186
-0.656571
-0.569143
-0.479833
-0.391163
-0.306083
-0.229238
-0.166362
-0.130057
-0.171412
-0.247787
-0.288219
-0.306389
-0.304375
-0.303488
-0.30303
-0.302892
-0.302475
-0.853893
-0.822284
-0.762475
-0.684813
-0.600573
-0.514898
-0.430387
-0.349972
-0.27824
-0.221604
-0.188163
-0.229456
-0.296062
-0.344014
-0.355639
-0.340075
-0.327531
-0.324567
-0.322884
-0.321782
-0.866707
-0.837794
-0.781742
-0.708165
-0.628241
-0.547043
-0.467322
-0.391919
-0.325227
-0.274103
-0.244025
-0.277063
-0.337648
-0.411602
-0.383605
-0.362924
-0.354673
-0.349011
-0.34409
-0.343091
-0.869035
-0.844166
-0.793057
-0.724829
-0.650471
-0.574898
-0.500667
-0.430671
-0.368986
-0.322187
-0.289392
-0.307582
-0.340434
-0.438207
-0.392206
-0.352807
-0.333252
-0.326278
-0.324643
-0.324099
-0.858679
-0.838659
-0.794259
-0.733224
-0.665811
-0.596992
-0.529155
-0.464972
-0.408211
-0.364669
-0.322616
-0.304215
-0.259987
-0.297164
-0.288434
-0.280791
-0.284546
-0.288403
-0.290153
-0.289802
-0.833648
-0.818599
-0.78354
-0.732125
-0.673297
-0.612368
-0.551655
-0.49363
-0.441935
-0.401167
-0.349274
-0.279115
-0.11947
0.0758695
-0.0229872
-0.176432
-0.251757
-0.281944
-0.292267
-0.294758
-0.796504
-0.786806
-0.76172
-0.721692
-0.672922
-0.620795
-0.567602
-0.51573
-0.469252
-0.432436
-0.391089
-0.331215
-0.230352
-0.123004
-0.244837
-0.339058
-0.386415
-0.404731
-0.413135
-0.418199
-0.753985
-0.748484
-0.733671
-0.70473
-0.666601
-0.623037
-0.577098
-0.531099
-0.488789
-0.457377
-0.43686
-0.497786
-0.725108
-1.03895
-1.07083
-0.876577
-0.724561
-0.65147
-0.631879
-0.627522
-0.715944
-0.712631
-0.705625
-0.686678
-0.657216
-0.620884
-0.580953
-0.539303
-0.499433
-0.46875
-0.454144
-0.557972
-0.721862
-0.869504
-0.841924
-0.738467
-0.699097
-0.671307
-0.645578
-0.642444
-0.68898
-0.686965
-0.683431
-0.67178
-0.648578
-0.617145
-0.580853
-0.540675
-0.499393
-0.459053
-0.439674
-0.413681
-0.437404
-0.493133
-0.590626
-0.694859
-0.757738
-0.730188
-0.647942
-0.603717
-0.668532
-0.667803
-0.666667
-0.660885
-0.643236
-0.614754
-0.5788
-0.537985
-0.491833
-0.444298
-0.412739
-0.385371
-0.313445
-0.208181
-0.135669
-0.100531
-0.0909542
-0.0822377
-0.0389998
-0.0112833
-0.656631
-0.656336
-0.655718
-0.653066
-0.640658
-0.613659
-0.576535
-0.532482
-0.482063
-0.426075
-0.372615
-0.330215
-0.16493
0.0785702
0.328993
0.526811
0.588385
0.604177
0.601242
0.598507
-0.648834
-0.648655
-0.64809
-0.64715
-0.639722
-0.614748
-0.57567
-0.526638
-0.46926
-0.399083
-0.324712
-0.238577
-0.0488194
0.222641
0.465976
0.642094
0.749968
0.821607
0.867069
0.885723
-0.644627
-0.644354
-0.643597
-0.643139
-0.639764
-0.618809
-0.57693
-0.522453
-0.455911
-0.378436
-0.286155
-0.18927
0.0386237
0.30344
0.556641
0.764005
0.91418
1.03761
1.1217
1.15377
-0.644539
-0.644539
-0.644537
-0.644435
-0.644733
-0.626502
-0.580991
-0.520533
-0.447898
-0.359726
-0.256556
-0.162296
0.048607
0.346755
0.654838
0.93252
1.15167
1.2976
1.37611
1.4014
-0.644123
-0.645389
-0.648786
-0.654359
-0.657138
-0.635951
-0.586455
-0.523802
-0.446383
-0.3506
-0.246794
-0.145116
0.0319109
0.325654
0.637992
0.915608
1.14411
1.28513
1.34939
1.36651
-0.645804
-0.6467
-0.64532
-0.640194
-0.635937
-0.624508
-0.591401
-0.534271
-0.451565
-0.351004
-0.247898
-0.148028
-0.0195057
0.245405
0.51595
0.753053
0.940326
1.05059
1.0984
1.10981
-0.676968
-0.674149
-0.655256
-0.613839
-0.583856
-0.601275
-0.606784
-0.552032
-0.461806
-0.356502
-0.254941
-0.157266
-0.0551598
0.13495
0.35769
0.540842
0.682932
0.76259
0.795968
0.802234
-0.745353
-0.74281
-0.741253
-0.739486
-0.730902
-0.726437
-0.683092
-0.58634
-0.476575
-0.363662
-0.263514
-0.178074
-0.102774
0.0355584
0.203815
0.342149
0.447975
0.504003
0.52608
0.528692
-0.878982
-0.897272
-0.943221
-0.985642
-0.984406
-0.936227
-0.79669
-0.632428
-0.487941
-0.366816
-0.271989
-0.199082
-0.144687
-0.0451114
0.0775336
0.177358
0.249954
0.287728
0.301434
0.30277
-0.971019
-0.99562
-1.03879
-1.07175
-1.06762
-1.00659
-0.835675
-0.640158
-0.482113
-0.359473
-0.271844
-0.211518
-0.168692
-0.101409
-0.020921
0.0462164
0.0925259
0.115308
0.123359
0.122366
-0.881896
-0.903467
-0.939007
-0.969837
-0.968721
-0.901951
-0.738611
-0.575064
-0.438223
-0.333268
-0.2607
-0.213075
-0.176224
-0.132606
-0.0889571
-0.0562205
-0.0357368
-0.02792
-0.0252889
-0.0258384
-0.599378
-0.618201
-0.652574
-0.68797
-0.698765
-0.650687
-0.550219
-0.447541
-0.359805
-0.289464
-0.237812
-0.202625
-0.171979
-0.149483
-0.133605
-0.125556
-0.125884
-0.128909
-0.129876
-0.130044
-0.248755
-0.259379
-0.281494
-0.31245
-0.338563
-0.342026
-0.328994
-0.300883
-0.268906
-0.236261
-0.21064
-0.190265
-0.17226
-0.162728
-0.160981
-0.16681
-0.177326
-0.183468
-0.184145
-0.183739
0.0103551
0.00521528
-0.00990838
-0.0380683
-0.0783991
-0.121608
-0.153568
-0.174911
-0.183917
-0.184009
-0.183403
-0.184749
-0.182967
-0.176245
-0.17244
-0.176895
-0.184096
-0.187741
-0.187715
-0.187522
0.134567
0.131565
0.120413
0.0952809
0.0538975
0.00231504
-0.0474383
-0.0883426
-0.11759
-0.138392
-0.1576
-0.182025
-0.196932
-0.182387
-0.172262
-0.165358
-0.164492
-0.163435
-0.162596
-0.162772
0.165914
0.163917
0.155748
0.136123
0.10229
0.0582436
0.0112051
-0.032521
-0.0689591
-0.0989309
-0.128268
-0.16507
-0.185806
-0.165257
-0.145468
-0.135902
-0.130749
-0.128628
-0.128241
-0.128815
0.155315
0.153984
0.148397
0.134633
0.110412
0.0775555
0.0396679
0.00187812
-0.0324848
-0.0624233
-0.0897403
-0.118168
-0.12798
-0.113987
-0.102676
-0.0977747
-0.0951738
-0.0944218
-0.0946875
-0.0953045
0.131668
0.130869
0.127311
0.11831
0.102023
0.0790223
0.0510289
0.0216831
-0.00591748
-0.0289772
-0.0438458
-0.0538504
-0.0519152
-0.0493962
-0.0529468
-0.0571018
-0.0596603
-0.061019
-0.0618265
-0.062489
0.106596
0.10621
0.104103
0.0985397
0.0880948
0.0727759
0.053418
0.0324796
0.0129335
-0.00100116
-0.00364039
0.00724348
0.0207764
0.00813563
-0.00836186
-0.0204661
-0.0274037
-0.0307798
-0.0322707
-0.0329512
0.0839181
0.083698
0.0825408
0.0792688
0.0728619
0.0631173
0.0504956
0.0367225
0.0245649
0.0185412
0.0254109
0.0442736
0.0602044
0.0438547
0.0229425
0.00783643
-0.00110886
-0.00560529
-0.00778091
-0.00840722
0.0639555
0.0639005
0.0633252
0.0615801
0.0577841
0.0519546
0.0442692
0.0359893
0.0296744
0.0295699
0.0410693
0.0600795
0.0715807
0.0567547
0.0389617
0.0260672
0.0184738
0.0136345
0.0112643
0.0106792
0.0462589
0.0462881
0.0460688
0.0452164
0.0433036
0.0401153
0.0358334
0.0314566
0.0291289
0.0325452
0.0458227
0.0625612
0.0685606
0.0567825
0.0441534
0.034829
0.029016
0.025197
0.0232659
0.0228305
0.0304163
0.0304739
0.0304279
0.0301759
0.0293384
0.0278431
0.0257439
0.0238099
0.0237326
0.0285912
0.0419199
0.058566
0.0623148
0.0512272
0.041588
0.0359213
0.0325178
0.0300009
0.028706
0.0282951
0.0160008
0.0160671
0.0161237
0.0161277
0.0159423
0.0154443
0.0146977
0.0140548
0.014616
0.0186224
0.0300221
0.0452383
0.0492629
0.0387437
0.0311083
0.0279201
0.0264824
0.0262312
0.0251837
0.0245969
0.00258808
0.0026358
0.00262853
0.00277399
0.0031047
0.0032329
0.00310845
0.00287761
0.00284247
0.00310708
0.00491239
0.0109046
0.019156
0.0221753
0.0146994
0.0123648
0.00998728
0.00694665
0.00592977
0.00568358
-0.0817594
0.08435
0.278082
0.447088
0.581789
0.687448
0.774586
0.848829
0.882796
0.859554
0.218548
0.338587
0.467642
0.579015
0.672699
0.750063
0.81268
0.857176
0.87945
0.891617
0.435754
0.518022
0.606204
0.683963
0.750774
0.806653
0.851111
0.883626
0.907188
0.925233
0.595478
0.654402
0.715483
0.77221
0.821482
0.863344
0.897758
0.925245
0.947941
0.96628
0.720161
0.762983
0.808686
0.85222
0.890697
0.924321
0.953125
0.977124
0.997451
1.01531
0.824013
0.85672
0.89466
0.930036
0.962528
0.991671
1.01715
1.03859
1.0564
1.07376
0.916272
0.944869
0.978726
1.01076
1.04063
1.06774
1.09144
1.11112
1.12661
1.14369
1.00469
1.03383
1.06777
1.09976
1.12931
1.15586
1.1787
1.19716
1.21052
1.22755
1.0999
1.13307
1.16967
1.20322
1.23324
1.2594
1.28133
1.2986
1.31045
1.32785
1.21484
1.25264
1.29126
1.32549
1.35481
1.37955
1.3999
1.41579
1.42724
1.44531
1.35974
1.39827
1.4344
1.46507
1.49074
1.51282
1.53187
1.54739
1.55982
1.57781
1.53479
1.56641
1.59258
1.61502
1.63499
1.6537
1.67142
1.68789
1.70324
1.7213
1.72339
1.74059
1.75562
1.77185
1.78775
1.80228
1.81548
1.82941
1.84695
1.8671
1.90511
1.91464
1.92618
1.93699
1.94627
1.95585
1.96663
1.978
1.98936
2.00471
2.11234
2.116
2.10105
2.08624
2.07996
2.08564
2.10411
2.13442
2.1666
2.19325
2.41866
2.28379
2.20715
2.16477
2.14734
2.15131
2.1787
2.23512
2.33774
2.5621
0.731005
0.728878
0.724394
0.715772
0.703551
0.691426
0.681204
0.673319
0.667716
0.664481
0.664151
0.666912
0.672034
0.679269
0.688665
0.70021
0.712865
0.723902
0.730015
0.73307
0.655453
0.6613
0.667634
0.672129
0.674602
0.674282
0.671552
0.667752
0.664258
0.662018
0.661897
0.664118
0.667799
0.672101
0.675917
0.677806
0.676874
0.673396
0.668234
0.661614
0.647017
0.649313
0.652718
0.655717
0.657796
0.659297
0.66006
0.659755
0.658746
0.657886
0.658088
0.65954
0.661375
0.662695
0.662884
0.662001
0.660457
0.658124
0.654864
0.651944
0.641491
0.642577
0.644412
0.646792
0.64882
0.650254
0.651283
0.652047
0.652467
0.652715
0.653237
0.654072
0.654691
0.654773
0.654372
0.653531
0.652068
0.649988
0.647905
0.646523
0.636268
0.636931
0.63804
0.639748
0.641534
0.643172
0.644477
0.645508
0.646411
0.647231
0.647995
0.648579
0.648796
0.648648
0.648094
0.647048
0.645628
0.64409
0.642775
0.641996
0.631267
0.631727
0.632514
0.633815
0.635307
0.636832
0.638308
0.639622
0.640781
0.64187
0.642826
0.643431
0.643605
0.643352
0.64267
0.641692
0.640576
0.63945
0.638539
0.638023
0.626406
0.62675
0.627362
0.628434
0.629734
0.631116
0.632567
0.634031
0.63543
0.636749
0.637906
0.638641
0.638852
0.638602
0.638022
0.63726
0.63642
0.635562
0.634895
0.634518
0.621632
0.621899
0.622394
0.623306
0.624482
0.625787
0.627196
0.628705
0.630275
0.631839
0.633241
0.634162
0.634504
0.634415
0.634046
0.633504
0.63287
0.632241
0.631756
0.631468
0.616862
0.617074
0.617485
0.618288
0.619384
0.620642
0.622043
0.623601
0.625307
0.627112
0.628808
0.629997
0.630584
0.63074
0.630605
0.630287
0.629862
0.629426
0.629081
0.628856
0.612006
0.612177
0.61253
0.613259
0.61431
0.615548
0.616978
0.618623
0.620489
0.622555
0.624601
0.626154
0.62707
0.627518
0.627639
0.627554
0.627344
0.627084
0.626855
0.626676
0.606977
0.607115
0.607426
0.608111
0.609146
0.61041
0.611909
0.613682
0.615763
0.618145
0.620619
0.622625
0.623936
0.624723
0.625136
0.6253
0.625303
0.625213
0.625084
0.62494
0.601684
0.601795
0.602078
0.602744
0.603798
0.605132
0.606744
0.6087
0.611063
0.613847
0.616847
0.619398
0.621175
0.622355
0.623098
0.623534
0.62376
0.623842
0.623799
0.623682
0.596029
0.596116
0.596384
0.597055
0.598164
0.599611
0.60139
0.603599
0.606322
0.609612
0.613259
0.616463
0.618792
0.620428
0.621544
0.622299
0.622774
0.623017
0.623051
0.622955
0.589903
0.58997
0.59023
0.59093
0.592131
0.593739
0.595749
0.598288
0.601471
0.605393
0.609829
0.613818
0.616804
0.618975
0.620521
0.621632
0.622381
0.6228
0.622908
0.622829
0.583175
0.583222
0.583485
0.584235
0.585569
0.587393
0.589709
0.59267
0.596435
0.601137
0.606531
0.611464
0.61523
0.618035
0.620085
0.621595
0.622663
0.623272
0.623453
0.623387
0.57569
0.575719
0.575987
0.57681
0.578322
0.580427
0.583133
0.586632
0.591124
0.596785
0.603343
0.609409
0.6141
0.61765
0.6203
0.622289
0.623717
0.624529
0.624781
0.624725
0.567246
0.567261
0.567534
0.568456
0.570203
0.572654
0.575862
0.580042
0.585439
0.592278
0.600246
0.607665
0.613453
0.617879
0.621237
0.623797
0.625633
0.626672
0.626996
0.626948
0.557541
0.557526
0.557856
0.55892
0.560953
0.563861
0.567708
0.572742
0.57927
0.587559
0.597231
0.606256
0.613338
0.618797
0.622983
0.626213
0.628523
0.629806
0.630203
0.630158
0.546275
0.546236
0.546612
0.54787
0.550275
0.553773
0.55843
0.564548
0.57249
0.582565
0.594289
0.605216
0.613809
0.620477
0.625636
0.629633
0.632488
0.634034
0.6345
0.634454
0.532964
0.532897
0.533353
0.534865
0.537756
0.542022
0.547731
0.55524
0.564967
0.577241
0.591426
0.604586
0.614929
0.622987
0.629279
0.634159
0.63762
0.639437
0.639964
0.639912
0.516951
0.516856
0.517438
0.519303
0.522847
0.52814
0.535244
0.544567
0.556567
0.571553
0.588673
0.604423
0.616762
0.6264
0.633977
0.639857
0.643975
0.646059
0.646631
0.646565
0.497296
0.497174
0.497958
0.500341
0.504802
0.511524
0.520532
0.532273
0.547197
0.565526
0.586108
0.604812
0.619391
0.630788
0.639772
0.646768
0.651563
0.653881
0.65447
0.654384
0.472568
0.47243
0.473551
0.476735
0.482587
0.491399
0.503108
0.518138
0.536836
0.559253
0.583859
0.605862
0.622886
0.636192
0.646701
0.654873
0.66031
0.662794
0.663363
0.663249
0.440447
0.440332
0.442067
0.446641
0.454801
0.466872
0.482543
0.502088
0.525615
0.552939
0.58212
0.607713
0.627325
0.642644
0.654743
0.664089
0.670041
0.672576
0.673077
0.672928
0.396761
0.39681
0.399895
0.407365
0.419808
0.437189
0.458727
0.484356
0.513895
0.546943
0.581163
0.610531
0.632792
0.650138
0.663809
0.674227
0.680454
0.682868
0.683251
0.683068
0.333698
0.334913
0.342454
0.356384
0.376654
0.402485
0.432286
0.465663
0.502317
0.541739
0.581278
0.614465
0.639327
0.658612
0.6737
0.684873
0.691075
0.69313
0.693344
0.69314
0.258958
0.26074
0.275172
0.29909
0.330317
0.366128
0.404935
0.446561
0.490824
0.537247
0.582904
0.620756
0.648908
0.670593
0.687306
0.699172
0.705125
0.70688
0.707052
0.706938
0.18187
0.188094
0.209403
0.243595
0.285251
0.330747
0.378521
0.428443
0.480389
0.533913
0.585848
0.628493
0.65999
0.684133
0.702653
0.714799
0.720065
0.721328
0.721437
0.721396
0.118798
0.127342
0.153224
0.194451
0.244279
0.298031
0.353889
0.411576
0.470866
0.531238
0.589184
0.636335
0.670928
0.697188
0.716782
0.729058
0.734104
0.735246
0.735371
0.73539
0.0675017
0.0766434
0.106081
0.152556
0.208551
0.268964
0.331666
0.396217
0.462207
0.528983
0.592639
0.644082
0.681577
0.709843
0.73068
0.743315
0.748138
0.749317
0.749533
0.749597
0.0245915
0.0340134
0.0659021
0.116381
0.177441
0.243381
0.311885
0.382436
0.454464
0.527175
0.596227
0.651775
0.692079
0.722304
0.744323
0.757442
0.76251
0.763931
0.764147
0.764242
-0.0123015
-0.0027735
0.0309502
0.0846346
0.149885
0.220542
0.294111
0.369994
0.447508
0.525715
0.599863
0.659352
0.702389
0.734562
0.757909
0.771709
0.777166
0.77869
0.778937
0.779026
-0.0448569
-0.0353002
-0.000171097
0.0562205
0.124984
0.199715
0.277772
0.358456
0.440998
0.524342
0.603347
0.666637
0.712325
0.746377
0.770924
0.785583
0.791458
0.793106
0.79334
0.793407
-0.0743656
-0.0647777
-0.0284963
0.0302312
0.102008
0.180306
0.262356
0.347401
0.434602
0.522804
0.606472
0.67344
0.721693
0.757534
0.783301
0.798636
0.805001
0.806772
0.807011
0.80706
-0.101717
-0.0920908
-0.054811
0.00594965
0.0804018
0.161861
0.247488
0.336513
0.428047
0.520855
0.609034
0.679595
0.73033
0.767888
0.794735
0.810745
0.817523
0.819376
0.819604
0.819622
-0.127484
-0.117802
-0.0795885
-0.0171137
0.0597519
0.144036
0.232889
0.325547
0.421109
0.518308
0.610899
0.685019
0.738189
0.777381
0.805238
0.821701
0.828764
0.830704
0.83092
0.830897
-0.152165
-0.142344
-0.103265
-0.0392536
0.0397759
0.126582
0.218348
0.314327
0.41365
0.515041
0.611967
0.689667
0.745271
0.786027
0.814753
0.831588
0.838767
0.840726
0.840941
0.840892
-0.17603
-0.166001
-0.12619
-0.0606701
0.0202811
0.109337
0.203735
0.302753
0.405566
0.510956
0.612162
0.69351
0.751615
0.793914
0.823393
0.840447
0.84761
0.849539
0.849724
0.849661
-0.199191
-0.188964
-0.148415
-0.0815097
0.0011464
0.0922224
0.188981
0.290756
0.396794
0.505977
0.611421
0.696536
0.757282
0.801183
0.831307
0.848422
0.855481
0.857317
0.857457
0.857365
-0.221832
-0.211318
-0.170029
-0.101863
-0.0176848
0.0751892
0.174054
0.278317
0.387315
0.500072
0.609682
0.698721
0.762336
0.807974
0.838704
0.855715
0.862515
0.864198
0.864284
0.864171
-0.243906
-0.233132
-0.191138
-0.121783
-0.0362299
0.0582366
0.158975
0.265458
0.377137
0.493218
0.606891
0.700017
0.766826
0.814449
0.845781
0.862479
0.868835
0.870279
0.870282
0.870147
-0.265487
-0.254421
-0.211677
-0.141262
-0.0544784
0.0413883
0.143776
0.252228
0.366302
0.485424
0.603002
0.700357
0.770748
0.820739
0.852795
0.868972
0.874558
0.875607
0.875515
0.87537
-0.286417
-0.275128
-0.231645
-0.160261
-0.0723919
0.0247075
0.128514
0.238687
0.354871
0.476735
0.597983
0.699653
0.774035
0.826927
0.860064
0.875608
0.880018
0.880344
0.880077
0.879947
-0.306835
-0.295214
-0.251037
-0.178771
-0.0899447
0.00822732
0.113274
0.224909
0.342924
0.467223
0.591833
0.697796
0.77655
0.832972
0.867853
0.883021
0.885882
0.88482
0.884068
0.883963
-0.326584
-0.314659
-0.269828
-0.196753
-0.107063
-0.00797181
0.0981331
0.211011
0.330567
0.456943
0.58458
0.694671
0.77809
0.83867
0.876182
0.891912
0.893488
0.890258
0.887934
0.887154
-0.345726
-0.33351
-0.287967
-0.21416
-0.123716
-0.0238241
0.0831721
0.197068
0.317905
0.446026
0.576285
0.690162
0.778407
0.843636
0.884587
0.902447
0.904436
0.899575
0.893176
0.885082
-0.364182
-0.351724
-0.30555
-0.231147
-0.140108
-0.0395958
0.0680657
0.182695
0.304508
0.433994
0.566443
0.68375
0.777053
0.847593
0.892504
0.914084
0.919192
0.914141
0.9033
0.89851
-0.381905
-0.369226
-0.322561
-0.247688
-0.15625
-0.0552813
0.0528239
0.167869
0.290326
0.42072
0.554841
0.675025
0.773211
0.84975
0.897999
0.922704
0.930053
0.928239
0.890161
0.838439
-0.398612
-0.385238
-0.338851
-0.263715
-0.172243
-0.0710413
0.0373892
0.152703
0.275407
0.40625
0.541385
0.663707
0.765713
0.849451
0.898763
0.919678
0.926206
0.905822
0.848975
0.787075
-0.414619
-0.40039
-0.354336
-0.278544
-0.187574
-0.0864158
0.021539
0.137248
0.259897
0.390752
0.526089
0.649519
0.753261
0.847069
0.892193
0.927244
0.888549
0.837228
0.764903
0.697788
-0.400595
-0.382461
-0.332008
-0.251856
-0.154518
-0.0504366
0.0629451
0.181553
0.307585
0.44275
0.573248
0.685715
0.782197
0.88018
0.911113
0.82675
0.771557
0.702424
0.627734
0.578961
-0.424779
-0.408373
-0.372373
-0.301637
-0.21108
-0.111128
-0.00284236
0.112309
0.234359
0.364252
0.498264
0.620813
0.723388
0.809485
0.883365
0.866959
0.738668
0.65019
0.583971
0.500503
-0.444322
-0.428727
-0.387107
-0.315019
-0.223964
-0.12442
-0.0172237
0.0970253
0.218162
0.346745
0.479278
0.600061
0.699654
0.774243
0.799629
0.715379
0.570527
0.471135
0.393645
0.30527
-0.464383
-0.45189
-0.405772
-0.332623
-0.241484
-0.141471
-0.0343055
0.0796615
0.199936
0.327078
0.456893
0.573223
0.663386
0.723931
0.699014
0.562393
0.406771
0.28668
0.186846
0.0508776
-0.487576
-0.474696
-0.426494
-0.352148
-0.260868
-0.160738
-0.0537108
0.0596939
0.178887
0.304167
0.430599
0.541327
0.621974
0.661131
0.599774
0.413492
0.23008
0.0758625
-0.0654529
-0.261968
-0.509782
-0.497244
-0.447898
-0.37227
-0.280583
-0.180518
-0.0739029
0.0386526
0.156491
0.279489
0.402018
0.506303
0.579401
0.58244
0.471368
0.271833
0.0579921
-0.14236
-0.317397
-0.706797
-0.532102
-0.519909
-0.470068
-0.393518
-0.301492
-0.201422
-0.0952367
0.0164364
0.132777
0.253202
0.371387
0.468287
0.529501
0.499831
0.346867
0.145483
-0.0721025
-0.283412
-0.461975
-0.734957
-0.555373
-0.543323
-0.493261
-0.416156
-0.323912
-0.223829
-0.118037
-0.00723736
0.107523
0.225156
0.338651
0.427713
0.473635
0.426781
0.235543
0.0413628
-0.156261
-0.323168
-0.395385
-0.434203
-0.580087
-0.56816
-0.517866
-0.440471
-0.348211
-0.248301
-0.143067
-0.0333816
0.0794538
0.193775
0.30186
0.382543
0.411525
0.32927
0.136435
-0.0455661
-0.2102
-0.316664
-0.354523
-0.363597
-0.606455
-0.594538
-0.544053
-0.466484
-0.374337
-0.274794
-0.170345
-0.0620503
0.0484726
0.158951
0.26087
0.332986
0.335009
0.223288
0.0458165
-0.122287
-0.261781
-0.317172
-0.329216
-0.334122
-0.634666
-0.622654
-0.571909
-0.494217
-0.402291
-0.303312
-0.199879
-0.0932883
0.0145432
0.120711
0.215765
0.278462
0.255663
0.124373
-0.0383794
-0.196295
-0.295454
-0.324117
-0.320263
-0.320315
-0.664433
-0.65261
-0.601405
-0.523636
-0.432043
-0.333814
-0.231658
-0.127083
-0.0223185
0.0790695
0.166817
0.217736
0.186089
0.0336124
-0.11462
-0.252991
-0.293632
-0.30598
-0.310903
-0.311142
-0.695603
-0.68378
-0.632327
-0.554579
-0.463464
-0.366198
-0.265591
-0.163357
-0.0620497
0.0342028
0.114258
0.154125
0.116679
-0.0435263
-0.181378
-0.277246
-0.322204
-0.309061
-0.306137
-0.305805
-0.727659
-0.715813
-0.664359
-0.586721
-0.496266
-0.400219
-0.301449
-0.2019
-0.104437
-0.0135423
0.0585116
0.0896145
0.0320767
-0.110211
-0.233979
-0.286071
-0.300887
-0.301691
-0.301763
-0.301508
-0.759871
-0.748064
-0.696678
-0.619511
-0.529998
-0.435463
-0.338877
-0.242353
-0.149103
-0.063771
0.000865382
0.0173876
-0.0484129
-0.16654
-0.264597
-0.289093
-0.295176
-0.29859
-0.298493
-0.298397
-0.79099
-0.779631
-0.728413
-0.652227
-0.563967
-0.471321
-0.377307
-0.284162
-0.19541
-0.115958
-0.0568777
-0.0542504
-0.118774
-0.214224
-0.281121
-0.334024
-0.308755
-0.298819
-0.296719
-0.296323
-0.819567
-0.808703
-0.758499
-0.683525
-0.59723
-0.506952
-0.415973
-0.326587
-0.242507
-0.169089
-0.114551
-0.116999
-0.185269
-0.250526
-0.29169
-0.288097
-0.296556
-0.298474
-0.298435
-0.298286
-0.843904
-0.833726
-0.785014
-0.712239
-0.628548
-0.541257
-0.453875
-0.36869
-0.289387
-0.221751
-0.172778
-0.17334
-0.242359
-0.294134
-0.298507
-0.315555
-0.314686
-0.312323
-0.311344
-0.310808
-0.861645
-0.852382
-0.805997
-0.736446
-0.656423
-0.573004
-0.489832
-0.40933
-0.334976
-0.272659
-0.229746
-0.226078
-0.288857
-0.34909
-0.370003
-0.358932
-0.34794
-0.343114
-0.338924
-0.336031
-0.870733
-0.86228
-0.819361
-0.75423
-0.679082
-0.60068
-0.52258
-0.447213
-0.378079
-0.320591
-0.281494
-0.271893
-0.321422
-0.389276
-0.419429
-0.377177
-0.356642
-0.346611
-0.341397
-0.339298
-0.86682
-0.85992
-0.823449
-0.763726
-0.694843
-0.622755
-0.550724
-0.481148
-0.417368
-0.364306
-0.326259
-0.302448
-0.310903
-0.331729
-0.397244
-0.342263
-0.318744
-0.309756
-0.308192
-0.307773
-0.848619
-0.843886
-0.815321
-0.763593
-0.702433
-0.637976
-0.573047
-0.509876
-0.45165
-0.402822
-0.365068
-0.323425
-0.237818
-0.112755
-0.122577
-0.184941
-0.239805
-0.268237
-0.278535
-0.281507
-0.816647
-0.813237
-0.793877
-0.752884
-0.70138
-0.64579
-0.588776
-0.532396
-0.479917
-0.435302
-0.402469
-0.344466
-0.207626
-0.00171167
0.0453165
-0.119783
-0.249561
-0.307576
-0.328319
-0.334921
-0.775587
-0.77342
-0.762437
-0.73375
-0.692778
-0.646699
-0.597893
-0.548342
-0.501154
-0.46155
-0.433096
-0.410479
-0.42072
-0.521246
-0.61961
-0.637577
-0.585269
-0.54323
-0.531003
-0.528872
-0.734063
-0.732788
-0.727369
-0.71064
-0.680279
-0.64251
-0.601257
-0.557769
-0.515084
-0.47826
-0.456435
-0.492493
-0.700655
-1.00189
-1.10932
-0.935728
-0.777223
-0.730351
-0.704434
-0.693309
-0.701077
-0.700414
-0.697727
-0.688123
-0.666912
-0.63645
-0.600638
-0.561281
-0.520429
-0.482066
-0.46127
-0.439202
-0.520173
-0.581568
-0.679023
-0.705838
-0.73878
-0.734474
-0.668781
-0.627955
-0.677949
-0.677239
-0.67585
-0.67199
-0.657191
-0.631652
-0.59842
-0.560462
-0.517826
-0.474166
-0.433908
-0.401165
-0.391415
-0.354358
-0.351758
-0.389886
-0.443844
-0.47046
-0.403328
-0.341886
-0.661949
-0.661694
-0.661095
-0.659197
-0.650998
-0.629152
-0.59685
-0.557154
-0.512164
-0.46139
-0.41144
-0.395
-0.316503
-0.148261
0.0286071
0.193819
0.280137
0.297462
0.311449
0.323988
-0.6523
-0.652244
-0.651866
-0.651102
-0.647124
-0.628736
-0.596206
-0.55361
-0.50334
-0.445208
-0.381796
-0.31917
-0.211278
0.0367075
0.3085
0.551534
0.685723
0.742645
0.771138
0.776698
-0.646204
-0.646173
-0.645775
-0.645139
-0.643591
-0.630582
-0.597811
-0.550745
-0.493793
-0.427722
-0.346619
-0.264958
-0.118202
0.130988
0.382248
0.596056
0.745202
0.854742
0.942168
0.993387
-0.644147
-0.644028
-0.64351
-0.642478
-0.641363
-0.63525
-0.602207
-0.550706
-0.488301
-0.41174
-0.319888
-0.221427
-0.0768086
0.194307
0.481212
0.746572
0.962336
1.12395
1.23452
1.28971
-0.644704
-0.645061
-0.646223
-0.64857
-0.651671
-0.645511
-0.609723
-0.554117
-0.485922
-0.401468
-0.304561
-0.199533
-0.0688849
0.187897
0.503253
0.810538
1.0761
1.26777
1.37554
1.41723
-0.642425
-0.643598
-0.645531
-0.649903
-0.6553
-0.648365
-0.614472
-0.561317
-0.490498
-0.401182
-0.299665
-0.190449
-0.0891579
0.142018
0.444876
0.720107
0.960129
1.1297
1.21804
1.24942
-0.655994
-0.65658
-0.652545
-0.634711
-0.609422
-0.602655
-0.6071
-0.574409
-0.501745
-0.406441
-0.301519
-0.199438
-0.108252
0.0677093
0.318813
0.547763
0.737964
0.866649
0.93084
0.952461
-0.705874
-0.704212
-0.694225
-0.666938
-0.632323
-0.625362
-0.642808
-0.605737
-0.519984
-0.415101
-0.308604
-0.212259
-0.127292
-0.0117888
0.186233
0.362053
0.506924
0.601054
0.6458
0.660198
-0.808511
-0.806154
-0.823677
-0.859258
-0.876351
-0.856976
-0.802809
-0.676198
-0.545878
-0.423068
-0.314757
-0.227306
-0.156071
-0.0781047
0.067985
0.198136
0.304412
0.371442
0.402047
0.409154
-0.943494
-0.949303
-0.988554
-1.03827
-1.0593
-1.03157
-0.923352
-0.734023
-0.561386
-0.424261
-0.316639
-0.237937
-0.178162
-0.126038
-0.0243876
0.0705205
0.141619
0.184911
0.204066
0.208813
-0.951537
-0.961684
-0.993602
-1.0301
-1.04714
-1.01835
-0.900057
-0.706154
-0.536333
-0.403211
-0.305167
-0.238376
-0.189209
-0.149995
-0.0885851
-0.0326429
0.00998996
0.0337017
0.0431579
0.0449568
-0.756616
-0.768492
-0.79905
-0.837687
-0.861381
-0.835631
-0.724522
-0.582075
-0.455415
-0.354976
-0.27929
-0.226479
-0.18825
-0.158877
-0.126717
-0.102201
-0.089179
-0.0839967
-0.0838844
-0.0836587
-0.417053
-0.425978
-0.447497
-0.479368
-0.508005
-0.510019
-0.468316
-0.406149
-0.342871
-0.287846
-0.242574
-0.209049
-0.181293
-0.161446
-0.15189
-0.14892
-0.152996
-0.160067
-0.163694
-0.16343
-0.100093
-0.104817
-0.117186
-0.141248
-0.174995
-0.205843
-0.226312
-0.233932
-0.230336
-0.217359
-0.202884
-0.191429
-0.180736
-0.171984
-0.168681
-0.171571
-0.180729
-0.189167
-0.19136
-0.190821
0.0891995
0.0866305
0.0789898
0.0594798
0.0246485
-0.0240046
-0.0726379
-0.111936
-0.139018
-0.154987
-0.165079
-0.176661
-0.189122
-0.186614
-0.176103
-0.173322
-0.174649
-0.177578
-0.177627
-0.177203
0.159024
0.157503
0.152327
0.136865
0.106343
0.061385
0.0113448
-0.0366106
-0.0757389
-0.105586
-0.130304
-0.159662
-0.192122
-0.189215
-0.170032
-0.155469
-0.150187
-0.147254
-0.145764
-0.145689
0.163951
0.163048
0.159442
0.148249
0.125498
0.0910249
0.0498944
0.00688089
-0.032085
-0.0653457
-0.0946542
-0.127219
-0.159096
-0.151016
-0.133065
-0.121067
-0.114625
-0.111793
-0.11109
-0.111545
0.14428
0.143818
0.14146
0.134005
0.118475
0.0942915
0.0637205
0.0297855
-0.00301072
-0.0322634
-0.0567576
-0.0774878
-0.0922351
-0.0844988
-0.0791017
-0.0776989
-0.0773426
-0.0775563
-0.0778863
-0.0785191
0.11901
0.118868
0.117438
0.112776
0.102747
0.0865934
0.0651997
0.0404713
0.015733
-0.00560525
-0.0191609
-0.0237738
-0.0184015
-0.0146873
-0.0239067
-0.0337106
-0.0407583
-0.044302
-0.0458618
-0.0467985
0.0948402
0.0948148
0.0940511
0.0913218
0.0851687
0.074853
0.0606869
0.0439256
0.0270565
0.0134944
0.00918718
0.018989
0.0374778
0.0371203
0.0181671
0.00158329
-0.00987417
-0.0160231
-0.018796
-0.0199189
0.073553
0.0736346
0.0732147
0.0717013
0.0680778
0.061789
0.052888
0.0422557
0.0319073
0.0251763
0.0282325
0.0438132
0.0633576
0.0614288
0.0414767
0.0249678
0.0135461
0.00714618
0.00350325
0.00219305
0.0547623
0.0548786
0.0547221
0.0539855
0.0520928
0.0484706
0.043305
0.0371679
0.0316325
0.0297281
0.0370654
0.0539642
0.0696626
0.0675352
0.0496675
0.0365006
0.0279434
0.0222183
0.0188673
0.0177085
0.0380575
0.0381782
0.0381605
0.0378933
0.0370126
0.0352497
0.0325504
0.0294008
0.0269833
0.0279569
0.0371961
0.0543463
0.0669106
0.0617462
0.0483198
0.0394353
0.0340132
0.030269
0.0276446
0.0266709
0.0230007
0.0231188
0.0231694
0.0231194
0.022826
0.022121
0.020968
0.0196481
0.0189972
0.0210093
0.02979
0.045478
0.0568349
0.0528486
0.0419389
0.0345031
0.031567
0.0298749
0.0287715
0.0279298
0.00262936
0.00262489
0.00266847
0.00295441
0.00320045
0.00319947
0.00298898
0.00285565
0.00297604
0.00365258
0.00687613
0.0149642
0.0263633
0.0176924
0.0133683
0.0110452
0.00844909
0.00621206
0.00587317
0.0181024
-1.11363
-0.43766
0.0113209
0.269438
0.454676
0.596188
0.705514
0.793725
0.888822
0.980339
-0.0680645
0.125718
0.302582
0.45146
0.575692
0.676659
0.758678
0.825863
0.867624
0.871339
0.262465
0.377182
0.489569
0.589482
0.675248
0.74745
0.806566
0.851525
0.880496
0.897999
0.471408
0.54943
0.62679
0.697538
0.759143
0.811742
0.855056
0.889077
0.915003
0.934006
0.624745
0.677624
0.736226
0.788909
0.835079
0.875267
0.909414
0.937785
0.961051
0.977995
0.746119
0.786716
0.832148
0.871998
0.90899
0.942027
0.970982
0.995756
1.0165
1.03071
0.848272
0.882535
0.919331
0.953362
0.985398
1.01483
1.04103
1.06352
1.08212
1.09383
0.941078
0.971982
1.00578
1.03823
1.06883
1.09705
1.12208
1.14327
1.16017
1.16968
1.03179
1.06423
1.09943
1.13333
1.16454
1.19274
1.21723
1.23749
1.25291
1.2611
1.13355
1.17099
1.2092
1.24539
1.27737
1.30518
1.32857
1.34753
1.36164
1.37011
1.26035
1.30268
1.34182
1.37763
1.40799
1.43363
1.45514
1.47274
1.48623
1.49638
1.4218
1.46323
1.4969
1.52642
1.55092
1.57242
1.59198
1.60939
1.62412
1.6368
1.61216
1.64294
1.66416
1.68327
1.70131
1.71853
1.73472
1.75053
1.76703
1.78396
1.80998
1.82137
1.8324
1.84649
1.86076
1.87359
1.88494
1.89579
1.90868
1.92556
1.99576
2.00566
2.0143
2.01674
2.0176
2.02186
2.03265
2.04858
2.0662
2.07079
2.29679
2.24138
2.19055
2.1503
2.12791
2.12385
2.13735
2.17115
2.22758
2.30314
0.873221
0.814527
0.772049
0.738191
0.713536
0.695986
0.683481
0.67456
0.668459
0.664992
0.664621
0.6675
0.672952
0.6809
0.691829
0.706888
0.727902
0.757
0.795765
0.843592
0.674768
0.683527
0.689062
0.689885
0.686404
0.680361
0.673932
0.668468
0.66464
0.663004
0.664195
0.667805
0.673097
0.679582
0.686355
0.69163
0.693259
0.690026
0.682691
0.675023
0.651795
0.653826
0.658431
0.661944
0.664456
0.665886
0.665601
0.663868
0.661686
0.660129
0.660162
0.662005
0.66474
0.667374
0.668865
0.668534
0.666685
0.66389
0.659843
0.655462
0.644874
0.64574
0.648225
0.650939
0.652951
0.654314
0.655301
0.655757
0.655622
0.655382
0.655751
0.656854
0.657964
0.658457
0.658163
0.657326
0.655923
0.653691
0.651057
0.649092
0.639207
0.639669
0.641065
0.643088
0.645029
0.646606
0.647753
0.648655
0.649384
0.649976
0.650628
0.651293
0.651634
0.651555
0.651097
0.650144
0.648646
0.646828
0.645187
0.644172
0.634004
0.634291
0.63521
0.63668
0.638308
0.639913
0.641341
0.642519
0.643552
0.644522
0.645385
0.645957
0.646134
0.645929
0.645286
0.644237
0.642959
0.641652
0.640571
0.639948
0.629013
0.629214
0.629903
0.631078
0.632463
0.633909
0.635385
0.636795
0.63808
0.63928
0.640333
0.640995
0.641179
0.640906
0.640253
0.639379
0.638411
0.637425
0.636647
0.636209
0.624161
0.624313
0.624861
0.625846
0.627077
0.628417
0.629845
0.631336
0.63283
0.63427
0.635544
0.636363
0.636624
0.636439
0.635961
0.635309
0.634574
0.633833
0.633262
0.632934
0.619367
0.619487
0.619936
0.620787
0.621919
0.623201
0.624603
0.626132
0.62777
0.629453
0.630996
0.632039
0.632491
0.632517
0.632265
0.631834
0.631301
0.630769
0.630358
0.630105
0.614541
0.614638
0.615017
0.615778
0.616848
0.618095
0.619508
0.621104
0.622884
0.624813
0.626676
0.628035
0.628777
0.629073
0.629065
0.628861
0.62854
0.628192
0.627908
0.627708
0.60959
0.60967
0.609999
0.610703
0.611741
0.61299
0.614452
0.616155
0.61812
0.620334
0.622583
0.624351
0.625455
0.626066
0.626331
0.626366
0.62626
0.626084
0.625907
0.625747
0.604424
0.60449
0.604785
0.605456
0.606496
0.607794
0.609346
0.611203
0.613415
0.615985
0.618709
0.620975
0.622507
0.623483
0.624061
0.624354
0.624468
0.624458
0.624373
0.624243
0.598948
0.599004
0.599277
0.599941
0.601017
0.602408
0.6041
0.606172
0.608703
0.611725
0.615032
0.617894
0.619934
0.621332
0.622262
0.622845
0.623192
0.62335
0.623347
0.623242
0.59306
0.593107
0.593369
0.594049
0.595198
0.596725
0.598616
0.600979
0.603916
0.607504
0.611526
0.615104
0.617746
0.619636
0.620967
0.621894
0.622495
0.62282
0.622892
0.622805
0.58664
0.586678
0.586937
0.587656
0.588917
0.590632
0.592791
0.595527
0.598983
0.603273
0.608165
0.612605
0.615962
0.618435
0.620233
0.621533
0.622423
0.622935
0.623081
0.623009
0.579544
0.579574
0.579838
0.580617
0.582032
0.583997
0.586502
0.589715
0.593822
0.598977
0.604925
0.610399
0.614606
0.617766
0.620118
0.621851
0.623078
0.623786
0.624004
0.623944
0.571596
0.571615
0.571894
0.572755
0.574371
0.576653
0.579601
0.583419
0.588337
0.594555
0.601784
0.608497
0.613712
0.61768
0.620687
0.622939
0.624546
0.625471
0.625762
0.625711
0.562555
0.56258
0.562889
0.563847
0.565717
0.5684
0.571916
0.576496
0.582424
0.58995
0.598729
0.606917
0.613325
0.618244
0.622019
0.624886
0.626934
0.628095
0.628459
0.628413
0.552118
0.552133
0.552483
0.553588
0.555788
0.559001
0.563235
0.568775
0.575967
0.585101
0.595751
0.605689
0.613497
0.619536
0.62421
0.627785
0.630345
0.631763
0.632199
0.632155
0.539904
0.539914
0.540306
0.541606
0.544239
0.548133
0.553289
0.560054
0.568833
0.579948
0.592847
0.604849
0.614286
0.621623
0.627351
0.631742
0.634881
0.636569
0.637071
0.637024
0.525354
0.525359
0.525813
0.527381
0.530589
0.535385
0.541748
0.550096
0.560886
0.574443
0.590032
0.604443
0.615756
0.624575
0.631525
0.636842
0.640616
0.642577
0.643134
0.643078
0.507698
0.5077
0.508249
0.510198
0.514202
0.520225
0.528209
0.538645
0.552011
0.56858
0.587361
0.604544
0.617978
0.628471
0.636766
0.643137
0.647588
0.649805
0.650396
0.650322
0.485766
0.485763
0.486478
0.489024
0.494197
0.501967
0.512204
0.525453
0.54214
0.562412
0.584933
0.605247
0.621032
0.633366
0.643138
0.650644
0.655769
0.658193
0.658785
0.658687
0.457799
0.457796
0.4588
0.462334
0.469364
0.479761
0.493252
0.510356
0.531323
0.556086
0.582912
0.60668
0.624989
0.639291
0.650626
0.659322
0.665042
0.667581
0.66813
0.667999
0.420733
0.420747
0.422381
0.427836
0.438164
0.452721
0.471042
0.49341
0.519788
0.549874
0.581524
0.608992
0.629934
0.64627
0.659212
0.66903
0.675181
0.677692
0.678146
0.677977
0.368708
0.368953
0.372684
0.382568
0.399025
0.420434
0.445779
0.475078
0.508049
0.544217
0.581073
0.612354
0.635941
0.654275
0.668747
0.67952
0.685828
0.68814
0.688456
0.688252
0.294076
0.296416
0.307347
0.326743
0.353443
0.384411
0.418711
0.456199
0.496606
0.539428
0.581865
0.617213
0.643626
0.664111
0.680186
0.691726
0.697998
0.70003
0.700225
0.700022
0.214651
0.22104
0.240453
0.270037
0.307508
0.348313
0.391627
0.437412
0.485525
0.535509
0.584329
0.624616
0.654485
0.677527
0.695481
0.707656
0.713447
0.71498
0.715084
0.714961
0.146549
0.153306
0.179348
0.21759
0.264224
0.314063
0.366008
0.4199
0.475575
0.532562
0.587534
0.632459
0.665544
0.690847
0.710111
0.722343
0.727606
0.728914
0.729045
0.728974
0.0908898
0.0979095
0.127978
0.172397
0.225862
0.283111
0.342522
0.40375
0.466472
0.5301
0.590935
0.640253
0.676317
0.703632
0.724021
0.736547
0.741643
0.742847
0.742996
0.742952
0.0446711
0.0520005
0.084558
0.133681
0.192568
0.25585
0.321547
0.389186
0.458264
0.52806
0.59445
0.647965
0.686877
0.716163
0.73775
0.750701
0.755973
0.757199
0.757319
0.7573
0.00547488
0.0129681
0.047264
0.0999249
0.163351
0.231729
0.30283
0.376114
0.450944
0.526451
0.598081
0.655617
0.697296
0.72852
0.751318
0.76496
0.77057
0.771773
0.771932
0.771926
-0.0287162
-0.0211235
0.0144205
0.0700227
0.137213
0.20997
0.285839
0.364179
0.444252
0.525063
0.601662
0.663068
0.707441
0.740579
0.764648
0.778986
0.784969
0.78628
0.786463
0.78646
-0.059396
-0.0517071
-0.0151478
0.0429655
0.113348
0.189912
0.270012
0.352922
0.437833
0.523635
0.604991
0.670134
0.717115
0.752085
0.777344
0.79242
0.798759
0.800257
0.800463
0.800464
-0.0875271
-0.0797564
-0.0423255
0.0179468
0.0911079
0.171026
0.254905
0.341981
0.431385
0.521917
0.607854
0.676626
0.726127
0.762841
0.789226
0.805014
0.811683
0.813379
0.813598
0.813585
-0.11388
-0.106005
-0.0677402
-0.00568686
0.0700158
0.152924
0.240197
0.331077
0.424658
0.519684
0.61008
0.682421
0.734376
0.772768
0.800156
0.816523
0.823482
0.825321
0.825542
0.825509
-0.138926
-0.130917
-0.0918295
-0.0282604
0.0497267
0.135304
0.225645
0.319999
0.417471
0.516788
0.611554
0.687458
0.741841
0.781827
0.810154
0.82691
0.834059
0.835981
0.836197
0.836156
-0.163039
-0.154862
-0.115021
-0.0500214
0.0300047
0.117964
0.211077
0.308609
0.409708
0.513122
0.612193
0.691706
0.748547
0.790076
0.819204
0.836224
0.843436
0.845382
0.845562
0.845488
-0.186386
-0.178013
-0.137587
-0.0711358
0.0106966
0.10079
0.196396
0.296826
0.401284
0.508594
0.611925
0.695141
0.754544
0.797635
0.827456
0.844585
0.851761
0.853654
0.853804
0.853714
-0.209126
-0.200582
-0.159444
-0.0917287
-0.0082828
0.0837145
0.181553
0.284606
0.39216
0.503154
0.610693
0.697748
0.759895
0.804644
0.835081
0.852184
0.859176
0.860956
0.861069
0.860961
-0.231321
-0.22261
-0.18075
-0.111868
-0.0269734
0.066719
0.166547
0.271954
0.382321
0.49677
0.60843
0.699494
0.764663
0.811257
0.842289
0.859181
0.86581
0.867409
0.867455
0.867324
-0.253013
-0.244119
-0.201556
-0.131575
-0.0453792
0.0498143
0.151396
0.258898
0.371805
0.489447
0.605094
0.70032
0.768873
0.817626
0.849296
0.865766
0.871795
0.873077
0.873041
0.872902
-0.274161
-0.265082
-0.22179
-0.150821
-0.0634681
0.0330341
0.13616
0.245497
0.360664
0.481198
0.600643
0.700152
0.772491
0.823859
0.856397
0.872263
0.877326
0.878081
0.877916
0.877767
-0.294715
-0.285444
-0.241456
-0.169582
-0.081206
0.016442
0.120898
0.231828
0.348963
0.472087
0.595053
0.698884
0.775415
0.82999
0.863901
0.879193
0.882866
0.882611
0.882169
0.88206
-0.314681
-0.305207
-0.260541
-0.187834
-0.0985541
0.000103629
0.105693
0.21798
0.336795
0.462174
0.58835
0.696407
0.777471
0.835899
0.871982
0.887268
0.889389
0.887298
0.886033
0.885992
-0.333994
-0.32432
-0.279009
-0.205539
-0.115452
-0.0159322
0.0906246
0.204038
0.324265
0.451558
0.580559
0.692602
0.778436
0.841289
0.880445
0.897025
0.898523
0.894297
0.890804
0.889575
-0.352681
-0.342815
-0.296846
-0.2227
-0.131925
-0.0316802
0.0756713
0.189978
0.311351
0.440209
0.571613
0.687252
0.778017
0.845794
0.888707
0.908257
0.911522
0.906661
0.898704
0.883607
-0.370771
-0.360694
-0.314155
-0.239499
-0.148217
-0.0474388
0.0604605
0.175345
0.297518
0.427512
0.560871
0.679699
0.775537
0.848969
0.895728
0.919031
0.925835
0.919112
0.910308
0.866134
-0.388526
-0.377574
-0.330842
-0.255808
-0.16424
-0.0631154
0.0451556
0.16035
0.282974
0.41365
0.548361
0.669718
0.77005
0.849949
0.899182
0.922754
0.929018
0.924744
0.873213
0.813521
-0.406946
-0.392391
-0.346666
-0.271477
-0.180205
-0.0789424
0.0294912
0.144987
0.2677
0.398595
0.533935
0.656967
0.760195
0.848465
0.896146
0.906348
0.912941
0.878451
0.812621
0.748311
-0.425134
-0.427385
-0.367501
-0.284144
-0.192875
-0.092008
0.0140872
0.12992
0.252437
0.38313
0.518221
0.641672
0.745528
0.84608
0.857833
0.872765
0.849427
0.785045
0.709761
0.639308
-0.401045
-0.399766
-0.341073
-0.257958
-0.161594
-0.0575519
0.0534201
0.171871
0.297601
0.432333
0.562292
0.674376
0.768769
0.865408
0.873606
0.772221
0.68653
0.617993
0.544351
0.402209
-0.441432
-0.415322
-0.353818
-0.269822
-0.173911
-0.0699189
0.0404848
0.158369
0.283256
0.416652
0.54443
0.653741
0.738997
0.802024
0.7697
0.636904
0.515611
0.432455
0.347934
0.186636
-0.465519
-0.434662
-0.372242
-0.288833
-0.192791
-0.0889585
0.0216626
0.138802
0.262423
0.393675
0.518252
0.622248
0.698706
0.726725
0.646366
0.481725
0.341706
0.23775
0.122379
-0.109915
-0.489017
-0.455849
-0.39223
-0.308141
-0.21203
-0.108296
0.00197916
0.118212
0.240326
0.368985
0.489322
0.586171
0.651119
0.643854
0.507941
0.320412
0.149044
0.00694016
-0.152816
-0.532826
-0.511572
-0.477558
-0.412894
-0.327893
-0.231694
-0.128159
-0.0185294
0.0966659
0.217056
0.342718
0.457939
0.546684
0.593276
0.556467
0.373214
0.166093
-0.0466657
-0.22482
-0.470924
-1.01456
-0.533943
-0.49987
-0.434509
-0.3489
-0.252535
-0.149227
-0.0402376
0.073816
0.192251
0.314529
0.424073
0.504622
0.531323
0.44503
0.249818
0.0360645
-0.180025
-0.379545
-0.545632
-1.13129
-0.557274
-0.52312
-0.45736
-0.371401
-0.274904
-0.171794
-0.0634177
0.0494528
0.165776
0.28436
0.387945
0.458745
0.460927
0.331885
0.143548
-0.0599724
-0.246338
-0.374206
-0.407273
-0.454082
-0.581989
-0.547761
-0.481762
-0.39568
-0.299236
-0.196493
-0.0889101
0.0224864
0.136278
0.250488
0.347648
0.405468
0.385569
0.22779
0.0474524
-0.131199
-0.275318
-0.336508
-0.35919
-0.364934
-0.608438
-0.57398
-0.507811
-0.421722
-0.325504
-0.22332
-0.116801
-0.00720634
0.103632
0.212837
0.302834
0.345624
0.31075
0.13083
-0.0401802
-0.19696
-0.305881
-0.332362
-0.333496
-0.333886
-0.636718
-0.601925
-0.535555
-0.449518
-0.353675
-0.252281
-0.147092
-0.0396307
0.0678036
0.171467
0.25325
0.283811
0.217433
0.0420476
-0.120264
-0.258504
-0.304909
-0.31916
-0.320383
-0.319968
-0.666723
-0.631539
-0.564959
-0.479061
-0.383741
-0.28335
-0.179769
-0.0747932
0.0288237
0.126448
0.199422
0.215929
0.119621
-0.0400221
-0.188189
-0.296944
-0.310248
-0.31009
-0.311197
-0.310865
-0.697995
-0.662598
-0.595843
-0.510183
-0.41557
-0.316426
-0.214754
-0.112633
-0.0131969
0.0779886
0.142277
0.141489
0.0349638
-0.112502
-0.24221
-0.280629
-0.30239
-0.305613
-0.305925
-0.305678
-0.730187
-0.69448
-0.627861
-0.542583
-0.448906
-0.351282
-0.251834
-0.152933
-0.0580285
0.0266118
0.0814555
0.0692487
-0.0434346
-0.171995
-0.277498
-0.317892
-0.305729
-0.302149
-0.301612
-0.301386
-0.762364
-0.726645
-0.660465
-0.575777
-0.483309
-0.387524
-0.290648
-0.19532
-0.105314
-0.0269628
0.0169524
0.00285517
-0.113504
-0.216591
-0.295335
-0.29309
-0.297399
-0.298453
-0.298462
-0.298307
-0.793514
-0.75829
-0.69249
-0.60904
-0.518137
-0.42458
-0.33065
-0.239202
-0.154417
-0.0821685
-0.0452888
-0.0646669
-0.172068
-0.254647
-0.278418
-0.300681
-0.299212
-0.297383
-0.296465
-0.296143
-0.822048
-0.787795
-0.723121
-0.641308
-0.552494
-0.461638
-0.371098
-0.283815
-0.204355
-0.13832
-0.102218
-0.137848
-0.222273
-0.276841
-0.286349
-0.293953
-0.298226
-0.298486
-0.298391
-0.298002
-0.846284
-0.81348
-0.75067
-0.671296
-0.585243
-0.497668
-0.411015
-0.328216
-0.253945
-0.194244
-0.159177
-0.202035
-0.271593
-0.307995
-0.329772
-0.320951
-0.313266
-0.31173
-0.311086
-0.31037
-0.863898
-0.833235
-0.773131
-0.697329
-0.615006
-0.531437
-0.449243
-0.371297
-0.302071
-0.248345
-0.217479
-0.255003
-0.317673
-0.377571
-0.369337
-0.352717
-0.345406
-0.340942
-0.337108
-0.33563
-0.872554
-0.844575
-0.788613
-0.717531
-0.640156
-0.56163
-0.48455
-0.411802
-0.34762
-0.298773
-0.268758
-0.296402
-0.348441
-0.428527
-0.396145
-0.364028
-0.351204
-0.343558
-0.339949
-0.33933
-0.869346
-0.845618
-0.795293
-0.730119
-0.659094
-0.586765
-0.515615
-0.448481
-0.3893
-0.344154
-0.307811
-0.310119
-0.314038
-0.398763
-0.359895
-0.327742
-0.312749
-0.308561
-0.307988
-0.307393
-0.8508
-0.833133
-0.791383
-0.73379
-0.670558
-0.605587
-0.541222
-0.480083
-0.42586
-0.383674
-0.342286
-0.291661
-0.177792
-0.0947855
-0.150393
-0.21503
-0.257221
-0.274781
-0.280667
-0.281407
-0.818534
-0.806334
-0.775398
-0.727984
-0.673942
-0.617476
-0.560484
-0.505544
-0.456456
-0.417433
-0.376217
-0.289498
-0.117046
0.135505
-0.0251204
-0.196284
-0.285378
-0.320766
-0.332605
-0.336021
-0.77721
-0.769631
-0.750278
-0.714227
-0.670161
-0.622634
-0.573157
-0.524344
-0.480159
-0.445878
-0.41868
-0.407954
-0.454024
-0.565609
-0.650727
-0.610248
-0.56094
-0.53406
-0.529196
-0.529406
-0.735293
-0.731036
-0.720696
-0.696814
-0.662063
-0.622447
-0.579694
-0.536215
-0.495482
-0.466174
-0.447836
-0.571523
-0.845514
-1.11822
-1.04287
-0.839906
-0.7475
-0.714554
-0.698061
-0.691249
-0.701815
-0.699592
-0.694202
-0.678894
-0.652672
-0.618876
-0.581417
-0.540868
-0.500794
-0.466141
-0.453395
-0.48206
-0.54592
-0.634181
-0.698563
-0.718332
-0.7489
-0.703559
-0.640694
-0.630704
-0.677642
-0.676649
-0.674681
-0.666119
-0.645507
-0.615828
-0.580106
-0.539745
-0.495962
-0.451003
-0.42461
-0.393003
-0.375626
-0.345283
-0.366045
-0.416462
-0.465822
-0.446984
-0.361727
-0.33706
-0.66188
-0.66141
-0.660654
-0.656514
-0.64165
-0.614151
-0.577791
-0.535444
-0.48711
-0.436631
-0.395605
-0.367496
-0.241488
-0.0594015
0.117473
0.250717
0.290817
0.304024
0.318227
0.329712
-0.652299
-0.652094
-0.651496
-0.649999
-0.639998
-0.613929
-0.57595
-0.529192
-0.476082
-0.412825
-0.34791
-0.279686
-0.0996617
0.174415
0.436593
0.634351
0.719163
0.758886
0.775103
0.777945
-0.64623
-0.646023
-0.645397
-0.644897
-0.639328
-0.616319
-0.575579
-0.52412
-0.462099
-0.387696
-0.304758
-0.211418
-0.00129818
0.258964
0.49632
0.677344
0.802359
0.901895
0.973408
1.00364
-0.644114
-0.643828
-0.643062
-0.642216
-0.640933
-0.621841
-0.578171
-0.52102
-0.451277
-0.368939
-0.268937
-0.171762
0.0502974
0.337383
0.618402
0.862644
1.04966
1.18581
1.26924
1.29999
-0.644834
-0.645491
-0.647296
-0.64977
-0.650964
-0.631217
-0.583731
-0.521447
-0.446236
-0.353424
-0.249978
-0.153832
0.0490108
0.339881
0.661633
0.949472
1.18296
1.33163
1.40323
1.4238
-0.643034
-0.644371
-0.647397
-0.652457
-0.654918
-0.634475
-0.589788
-0.528343
-0.44826
-0.350121
-0.246209
-0.144081
0.00206859
0.294804
0.586274
0.845613
1.05605
1.18295
1.23929
1.25353
-0.656544
-0.655782
-0.645277
-0.621115
-0.602461
-0.607082
-0.59683
-0.541801
-0.456039
-0.353081
-0.251026
-0.151492
-0.0351312
0.189311
0.437875
0.648092
0.811605
0.905704
0.945879
0.95493
-0.705158
-0.700806
-0.683231
-0.648104
-0.625729
-0.635165
-0.633365
-0.566394
-0.468953
-0.360429
-0.259106
-0.166791
-0.0789902
0.0832374
0.278585
0.438341
0.561354
0.628519
0.655682
0.659563
-0.805773
-0.813011
-0.838514
-0.872841
-0.869618
-0.838515
-0.74292
-0.610431
-0.483297
-0.365848
-0.268152
-0.189224
-0.125499
-0.00716633
0.13632
0.254499
0.343926
0.390083
0.4081
0.409155
-0.941259
-0.965927
-1.01512
-1.05344
-1.05087
-0.995866
-0.830307
-0.644113
-0.488545
-0.365258
-0.273303
-0.206541
-0.159058
-0.0766507
0.0254482
0.108451
0.16693
0.197308
0.207218
0.20741
-0.954307
-0.974891
-1.01228
-1.04232
-1.03956
-0.974732
-0.803372
-0.617396
-0.46551
-0.348736
-0.267847
-0.213866
-0.1748
-0.119367
-0.0593671
-0.00923945
0.0242633
0.0395725
0.0449434
0.0440459
-0.760054
-0.781771
-0.818332
-0.853081
-0.856681
-0.791432
-0.652414
-0.516576
-0.402059
-0.313299
-0.25026
-0.209522
-0.174536
-0.142296
-0.113088
-0.0945862
-0.085508
-0.0837344
-0.083729
-0.0841293
-0.42047
-0.435043
-0.462724
-0.495483
-0.513161
-0.493768
-0.438788
-0.373763
-0.314542
-0.263304
-0.224479
-0.196016
-0.170519
-0.155711
-0.149547
-0.150147
-0.156738
-0.162656
-0.163719
-0.163554
-0.102226
-0.109665
-0.127776
-0.157262
-0.191887
-0.217063
-0.231634
-0.233421
-0.224755
-0.209573
-0.196722
-0.186491
-0.176239
-0.16992
-0.168611
-0.176116
-0.185621
-0.190879
-0.191163
-0.190801
0.0879202
0.0839224
0.0709824
0.0440071
0.00171064
-0.0491975
-0.093448
-0.126955
-0.148043
-0.160203
-0.170505
-0.183869
-0.190961
-0.180804
-0.174042
-0.173093
-0.17655
-0.17779
-0.177351
-0.177333
0.15822
0.155802
0.146194
0.123613
0.0852997
0.0365479
-0.0132568
-0.0572704
-0.0915622
-0.118088
-0.143803
-0.176684
-0.197164
-0.178982
-0.161283
-0.15245
-0.148469
-0.146317
-0.145571
-0.145994
0.163524
0.161877
0.155051
0.138436
0.109522
0.0710633
0.0282406
-0.0131131
-0.049354
-0.0802526
-0.110235
-0.145197
-0.161632
-0.142442
-0.125611
-0.117423
-0.112836
-0.111231
-0.111238
-0.111874
0.144105
0.143055
0.138558
0.127351
0.107372
0.0797096
0.0468687
0.0132089
-0.0181477
-0.0454326
-0.067094
-0.0869353
-0.0918525
-0.0821515
-0.0780532
-0.0774264
-0.0774467
-0.0777016
-0.0781803
-0.0787875
0.119014
0.118407
0.115642
0.108519
0.0954034
0.0765177
0.0530518
0.0279714
0.00444525
-0.0137042
-0.0226977
-0.0220755
-0.0105165
-0.0192218
-0.0293004
-0.0377379
-0.042871
-0.0452621
-0.0463774
-0.0470663
0.0948665
0.0945994
0.0930222
0.0887408
0.0805272
0.0682355
0.0524917
0.0353491
0.0196518
0.00973978
0.0122702
0.0283465
0.0446822
0.0289567
0.00917972
-0.00498556
-0.013503
-0.0176454
-0.0194987
-0.0201319
0.0736359
0.073497
0.0726527
0.0702099
0.0652702
0.0576577
0.047695
0.036875
0.0278827
0.0251063
0.0347551
0.0541733
0.0682068
0.0521968
0.0327959
0.0185368
0.00981956
0.00495359
0.00260932
0.00198914
0.0548454
0.0548454
0.0544626
0.0532143
0.0504434
0.0460926
0.0402781
0.0341568
0.0300473
0.0320373
0.0447114
0.0626983
0.0713189
0.0579776
0.0426749
0.0318012
0.0248121
0.020216
0.0180423
0.0175496
0.0381369
0.0381864
0.0380717
0.0375532
0.0362471
0.0340196
0.0309699
0.0279616
0.0269219
0.0313875
0.0453325
0.0619277
0.0662276
0.0544982
0.0433897
0.0364956
0.0319285
0.0287017
0.0269879
0.0265341
0.0230745
0.023146
0.0231723
0.0230067
0.0225381
0.0215923
0.0202846
0.019165
0.0195491
0.0244391
0.0373626
0.0530522
0.0565604
0.0460496
0.0376292
0.0326866
0.0308493
0.0293581
0.0282858
0.0277734
0.00924475
0.00933495
0.00935753
0.0094339
0.00943018
0.00936717
0.00902705
0.0086141
0.00864569
0.00994163
0.0149944
0.0268675
0.0387724
0.0362877
0.0263445
0.0212315
0.0192539
0.0193262
0.0187445
0.0178125
-0.730288
-0.167346
0.152262
0.366309
0.529404
0.653368
0.752254
0.837098
0.945374
0.943824
0.0740557
0.220621
0.380246
0.516819
0.628971
0.719636
0.794234
0.851223
0.874588
0.878885
0.336035
0.434757
0.541414
0.634107
0.713001
0.77865
0.830997
0.867859
0.89093
0.908108
0.521773
0.589773
0.663408
0.729469
0.786585
0.834572
0.873202
0.902869
0.926291
0.945047
0.66117
0.711984
0.763415
0.812776
0.855925
0.893082
0.924301
0.949957
0.971516
0.9899
0.774118
0.811162
0.852303
0.890975
0.926015
0.957011
0.983912
1.00655
1.02559
1.0434
0.871223
0.901321
0.9366
0.969663
1.00049
1.02837
1.05278
1.07326
1.0899
1.10728
0.960471
0.988879
1.02223
1.05378
1.08329
1.11
1.1332
1.15225
1.16665
1.18378
1.05072
1.08165
1.1167
1.14927
1.17906
1.20548
1.22792
1.24582
1.25837
1.27562
1.15421
1.18992
1.2278
1.26189
1.29181
1.31744
1.33862
1.35518
1.36673
1.38457
1.28327
1.32229
1.36041
1.39345
1.42135
1.44487
1.46445
1.47992
1.49172
1.50997
1.44434
1.48035
1.51241
1.53916
1.56195
1.58243
1.60102
1.61703
1.63072
1.64859
1.62901
1.65404
1.6739
1.6924
1.71004
1.72677
1.74262
1.75861
1.77572
1.79486
1.81567
1.82651
1.83922
1.85376
1.86737
1.87944
1.89034
1.90168
1.91708
1.93651
1.99755
2.01098
2.01604
2.01706
2.01902
2.02638
2.04008
2.05767
2.07141
2.08275
2.26641
2.21583
2.16836
2.13678
2.12372
2.12827
2.15151
2.19656
2.26326
2.35738
0.729846
0.726838
0.720779
0.709855
0.697366
0.686059
0.677006
0.670258
0.665804
0.663927
0.665177
0.669182
0.675359
0.683654
0.694162
0.706486
0.718842
0.727556
0.73207
0.734236
0.658144
0.664792
0.67004
0.673659
0.674775
0.673144
0.669696
0.665913
0.662943
0.661651
0.662755
0.665814
0.669919
0.674157
0.677196
0.677732
0.675419
0.671044
0.664752
0.658928
0.648023
0.650985
0.65435
0.656842
0.658606
0.659794
0.660027
0.659291
0.658243
0.657813
0.658701
0.660464
0.662153
0.662956
0.662553
0.66131
0.659418
0.656553
0.653221
0.650934
0.641959
0.643383
0.645597
0.647873
0.649599
0.6508
0.651698
0.652296
0.652585
0.652923
0.653649
0.654439
0.654808
0.654626
0.65402
0.652893
0.651093
0.648878
0.647132
0.646048
0.636573
0.637392
0.638858
0.640636
0.642382
0.643865
0.645013
0.645969
0.646827
0.647626
0.64833
0.648737
0.648769
0.648432
0.647636
0.646374
0.644869
0.643361
0.642347
0.641681
0.631489
0.632044
0.633129
0.634548
0.636066
0.63758
0.638985
0.640212
0.64133
0.642385
0.643188
0.643571
0.643537
0.643063
0.64221
0.641148
0.640003
0.63894
0.638256
0.637787
0.626576
0.626992
0.62786
0.629075
0.630412
0.631832
0.633299
0.634738
0.636096
0.637371
0.638345
0.638811
0.638781
0.638346
0.637659
0.636845
0.635976
0.635189
0.634689
0.634332
0.621765
0.622091
0.622808
0.623875
0.62512
0.626476
0.627936
0.629483
0.631059
0.63259
0.633784
0.6344
0.634506
0.634259
0.633794
0.633193
0.632544
0.631972
0.631601
0.631316
0.616967
0.617232
0.617842
0.61881
0.619995
0.621321
0.6228
0.624434
0.626198
0.628011
0.629491
0.630356
0.630708
0.630703
0.630465
0.630083
0.629637
0.629239
0.628964
0.628728
0.61209
0.612311
0.612847
0.613754
0.614905
0.616236
0.617771
0.619526
0.621498
0.623624
0.62547
0.626682
0.627345
0.627612
0.627617
0.627466
0.627212
0.626965
0.626766
0.626564
0.607043
0.607231
0.607718
0.608595
0.609748
0.611126
0.612756
0.614681
0.616917
0.619422
0.621721
0.623357
0.624386
0.624969
0.625244
0.625323
0.625264
0.625154
0.625017
0.62484
0.601734
0.601898
0.602356
0.603233
0.60443
0.605898
0.607673
0.609826
0.6124
0.61538
0.618229
0.620372
0.621829
0.622772
0.62335
0.623665
0.623818
0.623836
0.62375
0.623589
0.596066
0.596212
0.59666
0.597566
0.598848
0.600452
0.602433
0.604889
0.607891
0.611462
0.61498
0.617725
0.619686
0.62104
0.621959
0.622565
0.622923
0.623059
0.623016
0.622866
0.589927
0.59006
0.590514
0.591479
0.592888
0.594685
0.596943
0.59979
0.603333
0.607631
0.611957
0.615424
0.61798
0.619813
0.62112
0.622045
0.622633
0.62289
0.622885
0.622742
0.583187
0.58331
0.583784
0.58484
0.586426
0.588478
0.591097
0.59444
0.598659
0.603847
0.609152
0.613479
0.616739
0.61914
0.620895
0.62218
0.623029
0.62341
0.62344
0.623299
0.57569
0.575806
0.576311
0.577492
0.579308
0.581691
0.584769
0.588739
0.593796
0.600072
0.606555
0.61191
0.616001
0.61907
0.621363
0.623074
0.624204
0.624715
0.624778
0.624634
0.56723
0.567346
0.567893
0.569242
0.571344
0.574149
0.577813
0.582569
0.588663
0.596267
0.604167
0.610744
0.615816
0.619671
0.622609
0.624805
0.626259
0.626908
0.627001
0.626851
0.557506
0.557632
0.558272
0.55982
0.5623
0.565651
0.570055
0.575796
0.583175
0.592398
0.601997
0.610016
0.616246
0.621023
0.624717
0.627484
0.6293
0.630094
0.630214
0.630055
0.546222
0.546349
0.547106
0.54893
0.55189
0.555938
0.561281
0.568264
0.577239
0.588434
0.600059
0.609773
0.617355
0.623215
0.627774
0.631212
0.63343
0.634373
0.634514
0.634342
0.532888
0.533031
0.53395
0.536135
0.539719
0.544675
0.55123
0.559795
0.570762
0.584354
0.598379
0.61007
0.619206
0.626317
0.631886
0.636084
0.638736
0.639823
0.639978
0.639789
0.516847
0.51703
0.51818
0.520859
0.525276
0.531441
0.539592
0.550199
0.563664
0.580162
0.597006
0.610969
0.621871
0.630403
0.637114
0.642166
0.645266
0.646483
0.64664
0.646432
0.497156
0.497417
0.498917
0.5023
0.507882
0.515714
0.526022
0.539305
0.555916
0.575916
0.596024
0.612549
0.625426
0.635538
0.643504
0.64948
0.653015
0.654327
0.65447
0.654241
0.472385
0.472792
0.474849
0.479308
0.486626
0.496861
0.510169
0.527
0.547564
0.571737
0.595558
0.614904
0.629925
0.641755
0.651066
0.657983
0.661888
0.663238
0.663346
0.663097
0.440212
0.44092
0.443953
0.450252
0.460364
0.474228
0.4918
0.513332
0.53879
0.567832
0.595776
0.618142
0.635421
0.649047
0.659768
0.667539
0.671682
0.672985
0.673037
0.672772
0.396483
0.39791
0.40303
0.412958
0.427938
0.447419
0.471006
0.498615
0.529965
0.564522
0.596895
0.622384
0.64196
0.657376
0.669467
0.677906
0.682054
0.683206
0.683185
0.682914
0.333437
0.337933
0.348629
0.365727
0.388989
0.416881
0.448492
0.483548
0.521655
0.562189
0.599127
0.627725
0.649526
0.666622
0.679844
0.688623
0.692495
0.693356
0.693257
0.692998
0.258479
0.266608
0.286115
0.313854
0.347759
0.385104
0.425321
0.468299
0.513707
0.560949
0.603314
0.635796
0.660413
0.679508
0.693959
0.702861
0.706372
0.707051
0.707003
0.706871
0.183274
0.196738
0.225404
0.2636
0.307592
0.354274
0.403112
0.454077
0.506874
0.560947
0.608886
0.645343
0.672807
0.694081
0.709666
0.718185
0.720986
0.721433
0.721417
0.721373
0.120799
0.138115
0.172471
0.218512
0.270729
0.325616
0.382389
0.44092
0.500822
0.561474
0.614705
0.654868
0.684924
0.707814
0.723961
0.732332
0.734948
0.735344
0.735377
0.735379
0.0695625
0.0889377
0.127763
0.179624
0.238275
0.299944
0.36359
0.428924
0.495393
0.562252
0.620526
0.664201
0.69667
0.721197
0.738154
0.746521
0.748944
0.749476
0.749563
0.749604
0.0266264
0.047252
0.0894146
0.145906
0.209874
0.27722
0.346782
0.418151
0.490626
0.563299
0.626374
0.673423
0.708243
0.734363
0.752127
0.760741
0.763485
0.764071
0.764191
0.764261
-0.0103074
0.0111097
0.0559308
0.116175
0.184614
0.256863
0.331637
0.40843
0.486414
0.564526
0.632172
0.682483
0.719613
0.747366
0.766052
0.775257
0.778217
0.778866
0.778972
0.779056
-0.0429101
-0.0209423
0.0260335
0.0894362
0.161687
0.238226
0.317657
0.399373
0.482456
0.565703
0.637734
0.691207
0.730569
0.75988
0.779518
0.789372
0.792581
0.793293
0.793366
0.793449
-0.0724144
-0.0500489
-0.00124842
0.0648688
0.140435
0.220757
0.304371
0.390606
0.478462
0.566607
0.642872
0.699404
0.740917
0.771701
0.792288
0.80273
0.806212
0.806967
0.807031
0.8071
-0.0998071
-0.0770254
-0.0266437
0.0418448
0.120351
0.204041
0.29144
0.381836
0.474173
0.56701
0.6474
0.706913
0.750494
0.782676
0.804126
0.81508
0.818812
0.81957
0.819609
0.819656
-0.125615
-0.102407
-0.0506191
0.0199234
0.101063
0.187772
0.2786
0.372828
0.469385
0.566749
0.651211
0.713672
0.759259
0.792754
0.814903
0.826187
0.830122
0.8309
0.830907
0.830925
-0.150285
-0.12658
-0.0736665
-0.00117686
0.0822981
0.171719
0.265665
0.363429
0.46396
0.565719
0.654231
0.71966
0.767223
0.801904
0.824641
0.836153
0.840137
0.840934
0.840913
0.840901
-0.174105
-0.149931
-0.0959525
-0.0216769
0.0638837
0.155741
0.252512
0.353536
0.457801
0.563816
0.656407
0.724889
0.774449
0.810252
0.833443
0.845006
0.848974
0.849719
0.849692
0.849654
-0.197262
-0.172578
-0.11754
-0.0417099
0.0457176
0.139754
0.239076
0.343085
0.450848
0.560976
0.657691
0.729374
0.781047
0.817949
0.841432
0.852938
0.856791
0.857476
0.857407
0.857347
-0.219838
-0.194636
-0.138556
-0.0613428
0.0277495
0.123732
0.225341
0.332056
0.443061
0.557145
0.658032
0.733132
0.787121
0.825172
0.848826
0.860101
0.863731
0.864319
0.864222
0.864142
-0.241838
-0.21617
-0.159089
-0.080605
0.00996944
0.107672
0.211318
0.32047
0.434441
0.552284
0.657366
0.736155
0.792783
0.832116
0.855807
0.86662
0.869906
0.870345
0.870207
0.870111
-0.263314
-0.237146
-0.179127
-0.0994866
-0.00760222
0.0916088
0.197053
0.308365
0.425026
0.546377
0.655638
0.7384
0.798082
0.838987
0.862654
0.8727
0.875379
0.875602
0.875432
0.875331
-0.284198
-0.257536
-0.198632
-0.117964
-0.0249306
0.0756056
0.182611
0.295812
0.414867
0.539429
0.652769
0.739772
0.803008
0.845978
0.869762
0.878732
0.880395
0.880203
0.879993
0.879915
-0.304507
-0.277306
-0.217604
-0.135996
-0.0419559
0.0597203
0.168072
0.282905
0.40403
0.531485
0.648701
0.740135
0.807459
0.853175
0.877603
0.885439
0.885481
0.884326
0.883973
0.88402
-0.324154
-0.296463
-0.236002
-0.153549
-0.0586302
0.0440277
0.15351
0.269714
0.392621
0.522611
0.643392
0.739314
0.811218
0.860424
0.886495
0.893889
0.891998
0.888864
0.887379
0.887315
-0.343209
-0.314981
-0.253783
-0.170576
-0.0748834
0.0286091
0.139043
0.256372
0.380758
0.512891
0.636834
0.737117
0.813969
0.867265
0.896157
0.904881
0.902425
0.896476
0.889764
0.873344
-0.361608
-0.33285
-0.271083
-0.187278
-0.0910049
0.0131447
0.124264
0.242437
0.367951
0.501831
0.628526
0.733014
0.815422
0.873338
0.905886
0.918225
0.91765
0.910267
0.895971
0.911108
-0.379474
-0.350053
-0.287843
-0.203628
-0.106917
-0.00230959
0.109178
0.227931
0.354186
0.489317
0.618236
0.72635
0.814795
0.877533
0.912606
0.928072
0.930519
0.920016
0.859134
0.843805
-0.397393
-0.367199
-0.303814
-0.219305
-0.122043
-0.0173089
0.0939977
0.213113
0.339744
0.475539
0.605933
0.716647
0.811012
0.878945
0.911465
0.926347
0.91907
0.881898
0.814517
0.774117
-0.416035
-0.385259
-0.318588
-0.234042
-0.136006
-0.0317127
0.0791114
0.198152
0.324698
0.460491
0.591433
0.703629
0.801608
0.876064
0.92463
0.898212
0.867202
0.800863
0.728506
0.68485
0.00762492
0.1233
0.245671
0.376106
0.510577
0.633354
0.73621
0.565171
-0.43619
-0.41742
-0.379293
-0.308052
-0.217314
-0.117772
-0.010151
0.10443
0.226015
0.355273
0.488717
0.610818
0.71269
0.793606
0.845961
0.797143
0.650573
0.559581
0.488734
-0.453235
-0.440286
-0.395957
-0.323328
-0.232181
-0.132386
-0.0252673
0.0888235
0.209545
0.337442
0.468727
0.587509
0.683252
0.751389
0.747332
0.638275
0.490141
0.381478
0.29067
-0.475853
-0.463243
-0.415958
-0.3423
-0.251138
-0.151034
-0.0438834
0.0698645
0.189635
0.315907
0.444096
0.557738
0.642618
0.693575
0.652851
0.487688
0.319493
0.184259
0.0649525
-0.498643
-0.485891
-0.43705
-0.362091
-0.270624
-0.17053
-0.0636909
0.0493133
0.167846
0.292032
0.416586
0.524194
0.60178
0.624475
0.536357
0.341401
0.142258
-0.0373869
-0.204827
-0.520655
-0.508395
-0.458788
-0.382706
-0.290862
-0.190796
-0.0844128
0.0276928
0.144794
0.266524
0.386911
0.487643
0.555582
0.539333
0.407592
0.205558
-0.0137113
-0.220991
-0.408272
-0.543277
-0.531292
-0.481398
-0.404602
-0.312462
-0.212362
-0.106365
0.00489096
0.120485
0.239583
0.355522
0.448614
0.502379
0.46399
0.289863
0.0916432
-0.119572
-0.317303
-0.439499
-0.479017
-0.567229
-0.555385
-0.505247
-0.428072
-0.335829
-0.235804
-0.130269
-0.0199888
0.0938539
0.209901
0.320796
0.405793
0.443549
0.381366
0.184584
-0.00481636
-0.18493
-0.320457
-0.366631
-0.390331
-0.592649
-0.58093
-0.530605
-0.453228
-0.361038
-0.261298
-0.156414
-0.0473894
0.0643368
0.176806
0.281913
0.358533
0.375308
0.27534
0.0904834
-0.0844315
-0.236681
-0.319931
-0.340152
-0.345541
-0.619858
-0.608126
-0.557597
-0.480088
-0.388076
-0.288799
-0.184821
-0.0773461
0.0318835
0.140274
0.238842
0.306749
0.294187
0.17324
0.00294933
-0.161416
-0.281117
-0.325364
-0.325065
-0.326185
-0.648757
-0.637118
-0.586257
-0.508658
-0.41694
-0.318309
-0.215486
-0.109858
-0.00351304
0.100329
0.191788
0.24914
0.219469
0.0773426
-0.0778351
-0.230583
-0.296544
-0.314287
-0.315373
-0.315067
-0.679203
-0.667576
-0.616484
-0.538856
-0.447544
-0.349775
-0.248354
-0.144903
-0.0418271
0.0570334
0.140999
0.186288
0.153267
-0.00588796
-0.151058
-0.266044
-0.315536
-0.308509
-0.308266
-0.308259
-0.710704
-0.699006
-0.648011
-0.570428
-0.479698
-0.383019
-0.283285
-0.182345
-0.0829115
0.0106794
0.0867793
0.12265
0.0754259
-0.078189
-0.210572
-0.289812
-0.305504
-0.303774
-0.303603
-0.303305
-0.742753
-0.730979
-0.680257
-0.602956
-0.513034
-0.417709
-0.319982
-0.221899
-0.126498
-0.0383564
0.0298983
0.0547034
-0.00962939
-0.139697
-0.255531
-0.275858
-0.292697
-0.298999
-0.299625
-0.299412
-0.774375
-0.762598
-0.712367
-0.635803
-0.546984
-0.453349
-0.35799
-0.263108
-0.172077
-0.089649
-0.0279328
-0.0190753
-0.0840082
-0.192731
-0.272026
-0.322567
-0.304999
-0.299411
-0.297546
-0.297157
-0.803713
-0.792794
-0.743403
-0.667931
-0.580733
-0.489213
-0.396646
-0.305325
-0.218897
-0.142468
-0.0854925
-0.0868388
-0.152197
-0.234506
-0.294982
-0.304722
-0.300251
-0.297515
-0.296535
-0.296229
-0.830026
-0.819404
-0.771988
-0.698103
-0.613182
-0.524329
-0.435066
-0.347716
-0.266014
-0.195539
-0.143445
-0.145614
-0.215352
-0.271521
-0.290987
-0.295663
-0.302489
-0.303292
-0.302926
-0.302778
-0.850651
-0.840694
-0.795755
-0.724876
-0.642977
-0.55753
-0.472147
-0.389241
-0.312386
-0.24748
-0.201472
-0.200296
-0.266677
-0.323725
-0.331696
-0.341591
-0.331474
-0.32583
-0.323608
-0.322273
-0.863582
-0.854688
-0.813018
-0.746146
-0.668478
-0.587424
-0.506679
-0.428668
-0.356886
-0.297057
-0.256283
-0.249972
-0.307741
-0.376184
-0.403914
-0.370983
-0.358209
-0.351502
-0.345831
-0.343211
-0.866214
-0.858968
-0.821721
-0.760128
-0.687893
-0.612489
-0.53728
-0.464735
-0.398248
-0.343009
-0.304429
-0.289848
-0.322618
-0.381748
-0.433142
-0.371384
-0.340953
-0.328805
-0.325254
-0.324282
-0.856738
-0.850924
-0.819536
-0.764955
-0.699763
-0.631252
-0.562645
-0.496225
-0.435177
-0.384178
-0.345501
-0.310686
-0.280975
-0.24795
-0.308452
-0.283018
-0.282501
-0.286763
-0.289513
-0.290256
-0.83184
-0.827739
-0.803841
-0.759212
-0.703088
-0.642782
-0.581723
-0.521928
-0.466577
-0.419847
-0.382887
-0.322466
-0.203861
-0.0181265
0.0375254
-0.116206
-0.221011
-0.270809
-0.288378
-0.294167
-0.794866
-0.792328
-0.776721
-0.743118
-0.69799
-0.647018
-0.594084
-0.541184
-0.491348
-0.449275
-0.416958
-0.361478
-0.284991
-0.190362
-0.182834
-0.300988
-0.369514
-0.397161
-0.408961
-0.415957
-0.752534
-0.750916
-0.743194
-0.720578
-0.686655
-0.645116
-0.600136
-0.553812
-0.509051
-0.471166
-0.445463
-0.457367
-0.592406
-0.899794
-1.07052
-0.977246
-0.790429
-0.679252
-0.638329
-0.628546
-0.714919
-0.713876
-0.710356
-0.697866
-0.673008
-0.639527
-0.601252
-0.560029
-0.51876
-0.481846
-0.463748
-0.478251
-0.644026
-0.802382
-0.88215
-0.782251
-0.719336
-0.681766
-0.659039
-0.640495
-0.688355
-0.687796
-0.685506
-0.679266
-0.661402
-0.633691
-0.599484
-0.561143
-0.519719
-0.479036
-0.448023
-0.40803
-0.428723
-0.460683
-0.538266
-0.642716
-0.736382
-0.755042
-0.690607
-0.613347
-0.668675
-0.668248
-0.667385
-0.665
-0.653739
-0.63009
-0.597346
-0.558851
-0.51544
-0.468424
-0.42236
-0.404691
-0.360834
-0.254465
-0.169721
-0.11567
-0.0924094
-0.0899303
-0.0640855
-0.0164584
-0.656664
-0.656527
-0.656088
-0.654559
-0.648935
-0.628743
-0.596048
-0.555425
-0.508286
-0.453583
-0.398638
-0.360359
-0.262791
-0.045192
0.20248
0.445573
0.568337
0.599306
0.603264
0.599276
-0.648806
-0.648788
-0.648453
-0.648051
-0.645437
-0.629501
-0.596622
-0.552353
-0.498345
-0.436452
-0.363066
-0.288414
-0.161267
0.0888618
0.349355
0.565759
0.702021
0.789576
0.84538
0.879455
-0.644628
-0.644545
-0.644038
-0.643114
-0.641755
-0.632714
-0.599911
-0.550737
-0.490522
-0.419401
-0.332582
-0.241409
-0.0901491
0.172873
0.434858
0.667973
0.843479
0.979576
1.08599
1.14301
-0.644555
-0.644538
-0.644546
-0.644475
-0.644734
-0.639834
-0.60616
-0.552059
-0.486467
-0.405376
-0.310213
-0.208821
-0.0733139
0.195718
0.502434
0.799055
1.05128
1.23323
1.3447
1.39314
-0.643739
-0.644589
-0.646709
-0.651419
-0.657402
-0.651259
-0.61325
-0.556868
-0.487154
-0.400278
-0.301308
-0.191923
-0.0715367
0.170447
0.486041
0.78096
1.03952
1.2255
1.32491
1.36127
-0.645072
-0.646323
-0.646579
-0.643151
-0.638612
-0.632933
-0.610698
-0.566452
-0.495496
-0.403377
-0.29972
-0.194198
-0.103415
0.106784
0.385114
0.638999
0.855591
1.00456
1.08055
1.10673
-0.676853
-0.676383
-0.667695
-0.636679
-0.594383
-0.584686
-0.611611
-0.585877
-0.509735
-0.410441
-0.304847
-0.205405
-0.115226
0.0272636
0.252149
0.453406
0.619343
0.729852
0.783579
0.801429
-0.747628
-0.743071
-0.74313
-0.738293
-0.737749
-0.724922
-0.716041
-0.636994
-0.532475
-0.419568
-0.311884
-0.219725
-0.141615
-0.046826
0.123904
0.276232
0.401279
0.481161
0.518108
0.528385
-0.882625
-0.883804
-0.917224
-0.968365
-0.992585
-0.967585
-0.8773
-0.712556
-0.556953
-0.425128
-0.316863
-0.23386
-0.168354
-0.105202
0.0184521
0.130538
0.21821
0.272482
0.297061
0.303969
-0.970528
-0.980138
-1.01696
-1.05824
-1.07735
-1.04766
-0.93426
-0.733788
-0.555538
-0.417444
-0.31275
-0.239307
-0.185248
-0.140764
-0.0604731
0.0153214
0.07209
0.106231
0.120364
0.123625
-0.880234
-0.889265
-0.920367
-0.95669
-0.975455
-0.947042
-0.825877
-0.653359
-0.502158
-0.382095
-0.293955
-0.234172
-0.190293
-0.156023
-0.109642
-0.0710511
-0.0436891
-0.0309032
-0.0261042
-0.0251967
-0.594856
-0.606649
-0.633966
-0.671919
-0.698598
-0.684427
-0.602613
-0.497543
-0.400853
-0.322866
-0.261667
-0.218321
-0.184485
-0.159861
-0.140882
-0.128412
-0.125263
-0.127186
-0.1298
-0.12974
-0.24603
-0.252657
-0.269047
-0.296273
-0.327865
-0.342838
-0.337884
-0.31584
-0.28511
-0.252147
-0.222709
-0.199901
-0.179779
-0.16581
-0.160891
-0.163077
-0.171761
-0.181237
-0.184263
-0.183752
0.0120232
0.00871753
-0.000786345
-0.0222938
-0.0570227
-0.101186
-0.139116
-0.165791
-0.180985
-0.184644
-0.18361
-0.183737
-0.18443
-0.179308
-0.17388
-0.17412
-0.180276
-0.18666
-0.187937
-0.187474
0.13568
0.133653
0.127454
0.109917
0.0764987
0.0283746
-0.0233521
-0.0695755
-0.104413
-0.128807
-0.147613
-0.169334
-0.193645
-0.191144
-0.175821
-0.16808
-0.164739
-0.164054
-0.162911
-0.162554
0.166515
0.16533
0.160991
0.147686
0.120943
0.0808883
0.0347455
-0.0116378
-0.0518493
-0.0845317
-0.112929
-0.1461
-0.181144
-0.175502
-0.155057
-0.139836
-0.132808
-0.129466
-0.128256
-0.12848
0.155601
0.154938
0.151998
0.142783
0.123829
0.0947485
0.0589854
0.0203385
-0.0159593
-0.0479722
-0.0757856
-0.103943
-0.127925
-0.118995
-0.107156
-0.0999958
-0.0961662
-0.0946363
-0.0944591
-0.0950095
0.131762
0.131462
0.129613
0.123671
0.111105
0.0912259
0.0654647
0.0362256
0.00740329
-0.0181493
-0.0371357
-0.0496537
-0.0543011
-0.0493613
-0.0505547
-0.055174
-0.0585169
-0.0604524
-0.0614149
-0.0622154
0.106603
0.106537
0.105474
0.101881
0.0939651
0.0809883
0.0634702
0.0429572
0.0222443
0.00487954
-0.00407972
0.000402018
0.0127301
0.0147728
-0.000406654
-0.0148327
-0.0245413
-0.029446
-0.0316499
-0.0327065
0.0838473
0.0838564
0.0833228
0.0812481
0.0764944
0.0683858
0.0570717
0.0436125
0.0301849
0.0202579
0.0201956
0.0337141
0.0538513
0.0526723
0.0323893
0.0147024
0.00279079
-0.00371638
-0.00697549
-0.00820371
0.0638725
0.0639791
0.0637146
0.0626452
0.0598932
0.0551252
0.0482667
0.040094
0.0323493
0.0282862
0.0337817
0.050419
0.0684447
0.0661891
0.0471601
0.0317005
0.0216884
0.0157352
0.0121726
0.0108715
0.0461775
0.0462969
0.046223
0.0457483
0.0444186
0.0418626
0.0380615
0.0335722
0.0298267
0.0296019
0.0379887
0.0546635
0.0686523
0.0643724
0.0503135
0.0387603
0.0315795
0.0270448
0.0239646
0.0229641
0.0303419
0.0304571
0.0304725
0.0303603
0.0298373
0.0286722
0.0268449
0.0246912
0.0233561
0.025096
0.0342016
0.0502582
0.0629856
0.0585172
0.045721
0.0385078
0.033987
0.0313464
0.0292004
0.0284279
0.0159377
0.0160396
0.016098
0.0161244
0.016081
0.0157317
0.0150936
0.0143294
0.0140748
0.015809
0.0231266
0.0376034
0.0494426
0.0448204
0.0348983
0.0290217
0.0269999
0.0262199
0.0256994
0.0247933
0.009308
0.00934424
0.00938951
0.00944023
0.00943392
0.00922754
0.00879789
0.00852556
0.00917166
0.0118404
0.0201622
0.0338335
0.0412351
0.0310948
0.0230535
0.0199695
0.0190703
0.0191201
0.0184202
0.00580276
-0.378664
-0.0382906
0.178549
0.366297
0.517584
0.637535
0.732772
0.813671
0.872824
0.868199
0.115084
0.265547
0.405309
0.525566
0.628053
0.713246
0.783239
0.837697
0.870816
0.882962
0.374952
0.47033
0.563083
0.646479
0.718732
0.780081
0.83037
0.868807
0.896111
0.914882
0.552752
0.616411
0.683356
0.744881
0.797765
0.843341
0.881471
0.912286
0.937078
0.954927
0.688287
0.734159
0.785652
0.831083
0.872075
0.908109
0.93932
0.965704
0.987711
1.00313
0.798717
0.835875
0.876094
0.912667
0.94668
0.977536
1.0049
1.02838
1.04798
1.06077
0.895428
0.927526
0.962003
0.994999
1.026
1.05457
1.08006
1.1018
1.11951
1.12993
0.985894
1.01698
1.05097
1.08406
1.11487
1.14301
1.16778
1.18851
1.20466
1.21321
1.08031
1.11497
1.15162
1.1869
1.21868
1.24682
1.27091
1.29059
1.30534
1.31328
1.1929
1.23316
1.2723
1.30902
1.34073
1.36774
1.39025
1.40844
1.42209
1.43115
1.3366
1.37924
1.41684
1.45047
1.47842
1.50216
1.52274
1.54011
1.55394
1.56506
1.51437
1.55193
1.57991
1.60422
1.62521
1.64447
1.6627
1.67983
1.69571
1.71022
1.712
1.73301
1.7479
1.76367
1.77993
1.79522
1.80892
1.82217
1.83766
1.85601
1.90258
1.90975
1.92029
1.93182
1.94173
1.95092
1.96116
1.97224
1.98385
1.99271
2.1156
2.11737
2.10943
2.09292
2.08177
2.08119
2.09334
2.11794
2.15205
2.17659
2.53524
2.34136
2.2403
2.18242
2.15327
2.14664
2.16184
2.20266
2.27851
2.42146
-0.400376
-0.404877
-0.365263
-0.2928
-0.20132
-0.100861
0.831217
0.89648
0.883871
0.798471
0.721649
0.64654
0.418765
0.198096
-0.0704063
-0.425163
-0.772118
)
;

boundaryField
{
    wall-4
    {
        type            zeroGradient;
    }
    pressure-outlet-7
    {
        type            fixedValue;
        value           uniform 0;
    }
    velocity-inlet-6
    {
        type            zeroGradient;
    }
    velocity-inlet-5
    {
        type            zeroGradient;
    }
    frontAndBackPlanes
    {
        type            empty;
    }
}


// ************************************************************************* //
