/*--------------------------------*- C++ -*----------------------------------*\
  =========                 |
  \\      /  F ield         | OpenFOAM: The Open Source CFD Toolbox
   \\    /   O peration     | Website:  https://openfoam.org
    \\  /    A nd           | Version:  10
     \\/     M anipulation  |
\*---------------------------------------------------------------------------*/
FoamFile
{
    format      ascii;
    class       volScalarField;
    location    "24";
    object      p;
}
// * * * * * * * * * * * * * * * * * * * * * * * * * * * * * * * * * * * * * //

dimensions      [0 2 -2 0 0 0 0];

internalField   nonuniform List<scalar> 
8800
(
0.425567
0.37778
0.339089
0.310091
0.289219
0.274374
0.263754
0.256238
0.25136
0.249208
0.250337
0.254392
0.260922
0.270146
0.282859
0.300547
0.325291
0.359207
0.401735
0.460434
0.256821
0.2645
0.271971
0.27528
0.273773
0.26869
0.262191
0.256091
0.251322
0.248396
0.24799
0.250349
0.254704
0.260539
0.267223
0.273438
0.277033
0.27627
0.270814
0.262105
0.235239
0.241401
0.24553
0.248476
0.250523
0.251119
0.249995
0.247855
0.24577
0.244747
0.245557
0.247789
0.250455
0.252523
0.253043
0.251775
0.249378
0.245945
0.241367
0.2376
0.229452
0.232105
0.234868
0.237282
0.238923
0.240082
0.240806
0.240884
0.240518
0.240343
0.240925
0.241919
0.242602
0.242533
0.241812
0.24063
0.23874
0.236108
0.233669
0.232164
0.224111
0.225539
0.22734
0.229398
0.231203
0.232554
0.23353
0.234286
0.234819
0.235241
0.235693
0.235982
0.235894
0.235443
0.234601
0.233226
0.231422
0.229485
0.228132
0.227302
0.219104
0.220028
0.221303
0.222914
0.224587
0.226141
0.227432
0.228466
0.229346
0.230082
0.230532
0.230601
0.23032
0.229663
0.228584
0.227209
0.225732
0.224352
0.223474
0.222929
0.214288
0.214956
0.215973
0.217356
0.218843
0.220368
0.221852
0.223171
0.22428
0.225189
0.225731
0.225792
0.225392
0.224574
0.223489
0.222294
0.221065
0.219974
0.219322
0.218931
0.209688
0.210196
0.211046
0.212286
0.213668
0.215124
0.216623
0.218105
0.219456
0.220574
0.221237
0.221305
0.22087
0.220104
0.219158
0.218121
0.217065
0.216171
0.215664
0.21537
0.205236
0.205625
0.206366
0.207524
0.20887
0.21029
0.211773
0.213306
0.214815
0.216157
0.216984
0.217161
0.216857
0.216252
0.215464
0.214549
0.213611
0.212849
0.212447
0.212226
0.200946
0.201242
0.201891
0.202987
0.204297
0.205715
0.207227
0.208803
0.210413
0.211953
0.213021
0.213439
0.213368
0.212945
0.212292
0.211516
0.2107
0.210059
0.209748
0.209581
0.196785
0.197002
0.197596
0.198692
0.200028
0.201486
0.203091
0.20482
0.206625
0.208401
0.209786
0.210486
0.210612
0.210337
0.20982
0.209151
0.208402
0.207838
0.207598
0.207481
0.192837
0.192978
0.1935
0.194532
0.195815
0.197227
0.198797
0.200572
0.202564
0.204682
0.206434
0.207485
0.207964
0.208048
0.207821
0.207366
0.206794
0.206358
0.206195
0.206123
0.189127
0.189212
0.189646
0.190571
0.19178
0.1932
0.194866
0.196814
0.199042
0.201523
0.203769
0.205304
0.206157
0.20652
0.206573
0.206377
0.206049
0.205791
0.205709
0.205665
0.185395
0.185442
0.185784
0.186575
0.187693
0.189079
0.190794
0.192914
0.195501
0.198512
0.201347
0.203393
0.204733
0.205531
0.205934
0.206088
0.20607
0.206031
0.206023
0.205986
0.181166
0.181213
0.181496
0.18219
0.183258
0.184677
0.186515
0.18888
0.191869
0.195499
0.199079
0.201839
0.203755
0.205021
0.205871
0.206382
0.206673
0.20683
0.206872
0.206831
0.176132
0.176188
0.176484
0.177179
0.17829
0.179843
0.181946
0.184748
0.188372
0.192835
0.197313
0.200833
0.203354
0.205143
0.206376
0.207222
0.207777
0.208066
0.208133
0.208085
0.170008
0.170063
0.170427
0.171202
0.172455
0.174257
0.176753
0.180123
0.184533
0.190051
0.195649
0.200121
0.203407
0.205741
0.207399
0.208587
0.209375
0.209761
0.209851
0.209797
0.162608
0.162658
0.163102
0.164069
0.165613
0.167835
0.170919
0.175104
0.180583
0.187427
0.194402
0.199986
0.204046
0.207002
0.209154
0.21069
0.211653
0.212113
0.212236
0.21218
0.153795
0.153838
0.154371
0.155603
0.157577
0.160385
0.164262
0.169485
0.176311
0.184817
0.193467
0.200398
0.205504
0.2092
0.211866
0.213726
0.214885
0.215444
0.215609
0.215548
0.143329
0.143363
0.144013
0.145576
0.148079
0.151676
0.156591
0.163174
0.171705
0.182269
0.192963
0.201535
0.207847
0.212418
0.215715
0.217936
0.219339
0.220039
0.220253
0.220185
0.130792
0.130831
0.131646
0.133587
0.136832
0.141386
0.147646
0.155969
0.166667
0.17979
0.192964
0.203474
0.211221
0.216843
0.220854
0.2236
0.225321
0.226197
0.226458
0.226374
0.115396
0.11545
0.116492
0.118965
0.123121
0.129037
0.13706
0.147675
0.161153
0.177436
0.193581
0.206381
0.215813
0.222652
0.227528
0.23089
0.233024
0.23411
0.234419
0.234311
0.0959586
0.0960416
0.0974592
0.100802
0.106257
0.114012
0.124503
0.138169
0.155181
0.175326
0.194981
0.210427
0.22178
0.230024
0.235923
0.240024
0.24265
0.243976
0.244336
0.244201
0.0706737
0.0708262
0.0729059
0.0776441
0.0852131
0.0957238
0.109685
0.127407
0.14887
0.173641
0.197339
0.215772
0.229291
0.239136
0.246231
0.251217
0.254426
0.256023
0.256433
0.256261
0.0364926
0.036819
0.0402325
0.0476115
0.0587582
0.0735826
0.0924988
0.115561
0.142492
0.172637
0.200851
0.222555
0.238447
0.250083
0.258564
0.264602
0.268511
0.270418
0.27087
0.270649
-0.012427
-0.0111354
-0.00422002
0.00864086
0.0260325
0.0475363
0.0733041
0.103111
0.136483
0.172625
0.205686
0.23084
0.249247
0.262831
0.272885
0.280188
0.284969
0.287261
0.287742
0.287452
-0.0852641
-0.0771507
-0.0611622
-0.0383924
-0.0115557
0.0189062
0.0530596
0.0906649
0.131222
0.173949
0.21233
0.241354
0.262687
0.278642
0.290745
0.299818
0.305962
0.309038
0.30977
0.309593
-0.163351
-0.144856
-0.119113
-0.0859889
-0.0494305
-0.00986587
0.0327969
0.0784239
0.12663
0.176745
0.221547
0.255573
0.280859
0.300086
0.315014
0.326617
0.334695
0.339065
0.340471
0.340484
-0.226924
-0.205664
-0.171981
-0.130393
-0.0852691
-0.0372179
0.0136097
0.0670099
0.122599
0.179758
0.230534
0.26905
0.297774
0.319761
0.336904
0.350158
0.359864
0.365148
0.366237
0.366394
-0.278672
-0.255471
-0.21676
-0.169157
-0.117338
-0.0622601
-0.00431647
0.056134
0.118556
0.182234
0.23842
0.280825
0.312328
0.336346
0.355027
0.369512
0.38014
0.385814
0.38712
0.387385
-0.321405
-0.297235
-0.254973
-0.202701
-0.145539
-0.0847216
-0.0207465
0.0458581
0.114404
0.18398
0.244973
0.290663
0.324363
0.3499
0.369653
0.384956
0.395893
0.401994
0.4037
0.403989
-0.357881
-0.333137
-0.288238
-0.232277
-0.170717
-0.105057
-0.0358856
0.0361313
0.110143
0.185041
0.250331
0.29885
0.33431
0.36093
0.381326
0.396985
0.408128
0.414413
0.416295
0.416554
-0.390033
-0.364943
-0.318014
-0.258958
-0.193703
-0.12386
-0.050134
0.0267102
0.105684
0.185471
0.254729
0.305798
0.342763
0.370213
0.390985
0.406753
0.417907
0.424222
0.426229
0.426457
-0.419303
-0.393898
-0.345312
-0.283628
-0.215198
-0.141698
-0.0639098
0.0173125
0.100869
0.185257
0.258298
0.311837
0.350223
0.3784
0.399498
0.41533
0.426484
0.432803
0.434902
0.435104
-0.446548
-0.42086
-0.370844
-0.306898
-0.235678
-0.158944
-0.0775196
0.00769665
0.0955283
0.184326
0.261095
0.317083
0.356925
0.385903
0.40738
0.42335
0.434499
0.440696
0.442862
0.443125
-0.472473
-0.44644
-0.395067
-0.329211
-0.255489
-0.175883
-0.0911875
-0.00231162
0.0895255
0.182572
0.263079
0.321667
0.363136
0.393062
0.41502
0.431187
0.442379
0.448478
0.450589
0.450849
-0.497367
-0.470967
-0.418492
-0.35082
-0.274886
-0.192708
-0.105055
-0.0128276
0.0827589
0.179943
0.264301
0.325721
0.369017
0.400057
0.422654
0.439141
0.450428
0.456469
0.458443
0.458635
-0.521566
-0.494708
-0.441249
-0.371918
-0.29401
-0.209529
-0.119208
-0.0239162
0.0751895
0.176418
0.264724
0.32918
0.374578
0.406966
0.430376
0.447302
0.458737
0.464733
0.46654
0.466642
-0.545135
-0.517818
-0.463444
-0.392614
-0.312944
-0.226405
-0.133683
-0.0355913
0.0667927
0.171913
0.264217
0.331982
0.379798
0.4138
0.438208
0.455688
0.467306
0.473231
0.474901
0.474873
-0.568152
-0.540372
-0.485125
-0.412955
-0.33171
-0.243334
-0.148469
-0.0478606
0.0575299
0.166341
0.262689
0.334032
0.384605
0.420526
0.446138
0.464277
0.476083
0.481883
0.48338
0.48324
-0.590704
-0.562405
-0.506292
-0.432936
-0.350297
-0.260291
-0.163537
-0.0606942
0.0474101
0.159692
0.260045
0.33517
0.388878
0.427088
0.454151
0.473039
0.485012
0.490589
0.49186
0.49163
-0.612796
-0.583916
-0.526976
-0.45253
-0.368651
-0.277233
-0.178825
-0.0740294
0.0364936
0.151952
0.256179
0.33523
0.39243
0.433393
0.462248
0.48197
0.493989
0.499222
0.500219
0.499909
-0.634263
-0.604843
-0.547123
-0.471705
-0.386731
-0.294077
-0.194254
-0.0877689
0.0248539
0.143146
0.251015
0.334034
0.395037
0.43929
0.470464
0.49119
0.503013
0.507615
0.508254
0.507877
-0.655057
-0.625129
-0.566689
-0.490396
-0.404469
-0.310757
-0.209725
-0.101826
0.012577
0.133321
0.244514
0.331405
0.396417
0.444519
0.478807
0.50103
0.512348
0.515697
0.515753
0.515349
-0.675253
-0.644739
-0.585642
-0.508563
-0.421797
-0.327186
-0.225149
-0.116092
-0.000228989
0.122569
0.236658
0.327209
0.396252
0.44864
0.487082
0.511991
0.522962
0.523971
0.522595
0.522262
-0.694674
-0.663655
-0.603927
-0.52614
-0.438657
-0.343285
-0.240428
-0.13045
-0.0134319
0.11101
0.227491
0.321342
0.394241
0.451004
0.494607
0.524217
0.536732
0.535146
0.530289
0.528906
-0.713407
-0.681868
-0.621564
-0.543153
-0.45508
-0.359098
-0.25562
-0.144958
-0.0271015
0.0985729
0.216891
0.313554
0.390073
0.450785
0.499984
0.536604
0.554714
0.555267
0.544948
0.525995
-0.73139
-0.699379
-0.638676
-0.559789
-0.471354
-0.374953
-0.271135
-0.160101
-0.0417869
0.0845947
0.204159
0.302961
0.382993
0.446757
0.500204
0.544464
0.568761
0.564352
0.549618
0.528107
-0.748463
-0.716343
-0.655085
-0.575801
-0.48719
-0.390509
-0.286749
-0.175548
-0.0571574
0.0693904
0.189491
0.289329
0.372552
0.438253
0.490138
0.53558
0.56057
0.547433
0.475984
0.439359
-0.763998
-0.733861
-0.670448
-0.590611
-0.501886
-0.405294
-0.302172
-0.191076
-0.0729917
0.0531123
0.172914
0.272548
0.357888
0.425645
0.467676
0.499879
0.509541
0.462199
0.388281
0.341471
-0.818835
-0.748964
-0.684462
-0.605522
-0.516849
-0.420675
-0.317465
-0.206942
-0.0896181
0.0353766
0.153958
0.252304
0.336207
0.410678
0.414914
0.429822
0.399179
0.334951
0.255142
0.209992
-0.779678
-0.764106
-0.704705
-0.626709
-0.538475
-0.442703
-0.340599
-0.231102
-0.115349
0.00726242
0.122402
0.21718
0.292364
0.364425
0.365427
0.256487
0.148312
0.0743862
-0.00224139
0.0362246
-0.809654
-0.781045
-0.721082
-0.643273
-0.555331
-0.459935
-0.357755
-0.249106
-0.134741
-0.0144412
0.0971465
0.187319
0.254626
0.292991
0.246173
0.0957604
-0.0409203
-0.137543
-0.242974
-0.182962
-0.832623
-0.800934
-0.740017
-0.661854
-0.573977
-0.478764
-0.376834
-0.269218
-0.156539
-0.0390618
0.0682772
0.152525
0.209896
0.217916
0.108918
-0.0795564
-0.247465
-0.377958
-0.523622
-0.475659
-0.85486
-0.821659
-0.759704
-0.680769
-0.592768
-0.49773
-0.396426
-0.289954
-0.179134
-0.0647954
0.0375711
0.115248
0.158539
0.13031
-0.0363094
-0.25421
-0.467962
-0.662575
-0.87763
-0.87322
-0.876195
-0.842783
-0.780042
-0.700442
-0.612289
-0.517481
-0.416901
-0.311668
-0.202919
-0.0920257
0.00486803
0.0752865
0.100891
0.038058
-0.175536
-0.412344
-0.660919
-0.88686
-1.16859
-1.51398
-0.897669
-0.86442
-0.801271
-0.721243
-0.632929
-0.538305
-0.43837
-0.334382
-0.227772
-0.120488
-0.0292298
0.0330656
0.0410377
-0.0726249
-0.296912
-0.534947
-0.774884
-0.980609
-1.06061
-1.17943
-0.920038
-0.886984
-0.823671
-0.743474
-0.655118
-0.560758
-0.461548
-0.358955
-0.254769
-0.151538
-0.0663508
-0.0134582
-0.0295035
-0.188519
-0.403802
-0.622363
-0.81481
-0.928429
-0.952798
-0.975016
-0.943638
-0.910763
-0.847375
-0.767174
-0.678931
-0.58498
-0.486702
-0.385772
-0.284395
-0.185802
-0.107081
-0.0655611
-0.106318
-0.294482
-0.500787
-0.693828
-0.841739
-0.896728
-0.912221
-0.914935
-0.968665
-0.935796
-0.872417
-0.79228
-0.704266
-0.610911
-0.513773
-0.414792
-0.316616
-0.223223
-0.151538
-0.123903
-0.184446
-0.394521
-0.590996
-0.763345
-0.872247
-0.884298
-0.888913
-0.889375
-0.995063
-0.962081
-0.898777
-0.818729
-0.73107
-0.63846
-0.542668
-0.445921
-0.351311
-0.263621
-0.199702
-0.18352
-0.276812
-0.488934
-0.675319
-0.822447
-0.864449
-0.876488
-0.879031
-0.878592
-1.02253
-0.989406
-0.926283
-0.846377
-0.75918
-0.667476
-0.573235
-0.478992
-0.388302
-0.306738
-0.251055
-0.247647
-0.380925
-0.581159
-0.748735
-0.86505
-0.872086
-0.873505
-0.8751
-0.874975
-1.05048
-1.01747
-0.954553
-0.874947
-0.788329
-0.697693
-0.605188
-0.513692
-0.427227
-0.352168
-0.304563
-0.320224
-0.481202
-0.673248
-0.819098
-0.855157
-0.878672
-0.878073
-0.876222
-0.875863
-1.07851
-1.04577
-0.983103
-0.904001
-0.818094
-0.728673
-0.638091
-0.54952
-0.467537
-0.399201
-0.359631
-0.393152
-0.580383
-0.771327
-0.888515
-0.903425
-0.896839
-0.887406
-0.881361
-0.879164
-1.10571
-1.0736
-1.01142
-0.932897
-0.847871
-0.759811
-0.671311
-0.585769
-0.508369
-0.446759
-0.415898
-0.464912
-0.67172
-0.888603
-0.996303
-0.972916
-0.948023
-0.927262
-0.916897
-0.911822
-1.13092
-1.09937
-1.03871
-0.960826
-0.876859
-0.790302
-0.703968
-0.621498
-0.548505
-0.493558
-0.471696
-0.534723
-0.74639
-1.00015
-1.19285
-1.11001
-1.06061
-1.02982
-1.01533
-1.00687
-1.15283
-1.12252
-1.06325
-0.986785
-0.904065
-0.819127
-0.734926
-0.655489
-0.586436
-0.538032
-0.523033
-0.594506
-0.798003
-1.00394
-1.4431
-1.31431
-1.22525
-1.21348
-1.19559
-1.1849
-1.16988
-1.14139
-1.08421
-1.00939
-0.928289
-0.845085
-0.762943
-0.68612
-0.620591
-0.577391
-0.567154
-0.643886
-0.809295
-0.758861
-0.575021
-0.891117
-1.22667
-1.30349
-1.3016
-1.30129
-1.18054
-1.15454
-1.10012
-1.02738
-0.94813
-0.866793
-0.786512
-0.7116
-0.648892
-0.60801
-0.607981
-0.698008
-0.85925
-0.677979
-0.394701
-0.776004
-1.2017
-1.30393
-1.32143
-1.33751
-1.18303
-1.1605
-1.10958
-1.03947
-0.962278
-0.882787
-0.804069
-0.730136
-0.668151
-0.629847
-0.639014
-0.797737
-1.25772
-1.94712
-2.57337
-3.02693
-2.9051
-2.39026
-1.94942
-1.86607
-1.17649
-1.1578
-1.11133
-1.04462
-0.969717
-0.891942
-0.814097
-0.740052
-0.675859
-0.635276
-0.644699
-0.861079
-1.60965
-2.81392
-3.73248
-4.10525
-3.97339
-3.55949
-3.09519
-2.82718
-1.15958
-1.1446
-1.10447
-1.04225
-0.96992
-0.89359
-0.815782
-0.739799
-0.670862
-0.617808
-0.613059
-0.737795
-1.253
-1.84682
-2.40461
-2.51038
-2.29238
-1.94686
-1.6364
-1.46197
-1.13344
-1.12273
-1.08929
-1.03273
-0.963142
-0.887946
-0.809358
-0.729588
-0.651983
-0.57983
-0.525888
-0.460734
-0.446751
-0.238603
0.0946595
0.466133
0.826771
1.07017
1.20651
1.25964
-1.10086
-1.09419
-1.06821
-1.01781
-0.951007
-0.876453
-0.796355
-0.712276
-0.623152
-0.531447
-0.425703
-0.315983
-0.00205427
0.596945
1.26494
1.87138
2.29979
2.53443
2.62855
2.65432
-1.06575
-1.06195
-1.04468
-1.00046
-0.936137
-0.861791
-0.780281
-0.692016
-0.597631
-0.490879
-0.380791
-0.258669
-0.0296616
0.557545
1.19266
1.74208
2.12957
2.34794
2.44613
2.47661
-1.03344
-1.03117
-1.02139
-0.984441
-0.921962
-0.846526
-0.76396
-0.67524
-0.579329
-0.472041
-0.370066
-0.271163
-0.145576
0.250354
0.728668
1.1155
1.39923
1.5672
1.64692
1.67251
-1.00465
-1.00483
-1.00072
-0.969255
-0.906565
-0.829631
-0.747957
-0.662139
-0.570228
-0.469814
-0.374221
-0.293453
-0.227721
0.0233491
0.364375
0.64133
0.846714
0.972572
1.0371
1.05684
-0.967762
-0.970286
-0.968443
-0.939378
-0.877851
-0.803694
-0.727261
-0.6486
-0.564914
-0.473052
-0.384038
-0.313381
-0.251223
-0.104576
0.117118
0.305913
0.446411
0.532295
0.573065
0.581693
-0.887951
-0.890562
-0.888713
-0.866861
-0.818396
-0.759269
-0.69645
-0.630321
-0.558008
-0.476491
-0.395253
-0.326418
-0.260474
-0.167589
-0.028424
0.0883544
0.173483
0.225639
0.249148
0.254709
-0.777218
-0.777909
-0.775973
-0.763782
-0.737387
-0.700515
-0.657264
-0.607404
-0.549192
-0.480414
-0.409678
-0.347605
-0.284142
-0.228223
-0.146818
-0.0699149
-0.0125985
0.0222443
0.0379489
0.0386847
-0.68187
-0.681613
-0.680747
-0.676362
-0.665572
-0.647277
-0.621255
-0.586458
-0.541117
-0.483469
-0.42438
-0.375471
-0.334123
-0.300503
-0.251792
-0.195857
-0.151947
-0.123491
-0.111633
-0.111735
-0.625433
-0.624874
-0.624433
-0.624118
-0.620277
-0.611295
-0.595701
-0.571198
-0.535306
-0.487256
-0.439408
-0.410658
-0.40172
-0.38768
-0.340909
-0.290887
-0.252679
-0.230743
-0.221797
-0.222962
-0.603485
-0.602863
-0.60228
-0.602033
-0.600122
-0.594499
-0.583908
-0.565457
-0.535423
-0.490732
-0.446224
-0.42688
-0.443226
-0.447365
-0.399832
-0.353566
-0.322593
-0.307511
-0.302241
-0.302962
-0.607216
-0.606386
-0.605402
-0.604613
-0.602656
-0.597977
-0.589258
-0.573824
-0.546112
-0.500026
-0.447564
-0.415931
-0.418616
-0.417578
-0.389944
-0.362091
-0.344028
-0.335039
-0.331484
-0.332407
-0.632197
-0.631247
-0.630158
-0.62914
-0.627183
-0.623281
-0.616525
-0.604341
-0.57923
-0.530404
-0.463564
-0.400209
-0.371005
-0.367994
-0.357121
-0.344251
-0.335657
-0.329152
-0.327672
-0.328385
-0.674693
-0.673924
-0.673138
-0.672647
-0.672084
-0.671392
-0.670503
-0.667649
-0.655051
-0.615924
-0.536456
-0.4336
-0.370847
-0.360704
-0.353947
-0.33631
-0.313425
-0.297226
-0.290869
-0.293301
-0.729026
-0.728668
-0.728946
-0.730324
-0.733733
-0.740911
-0.754133
-0.775497
-0.802744
-0.810999
-0.728656
-0.576835
-0.475729
-0.441696
-0.408704
-0.355228
-0.305619
-0.269937
-0.264404
-0.26771
-0.785692
-0.786244
-0.788369
-0.793254
-0.80381
-0.824679
-0.863384
-0.932673
-1.04513
-1.15938
-1.07937
-0.848683
-0.683188
-0.614069
-0.525462
-0.423655
-0.338181
-0.293979
-0.290503
-0.292606
-0.829958
-0.831766
-0.836324
-0.845961
-0.865915
-0.904694
-0.97815
-1.11725
-1.35951
-1.63471
-1.57414
-1.21972
-0.969514
-0.839008
-0.693096
-0.539376
-0.421846
-0.372537
-0.3775
-0.384227
-0.843878
-0.846979
-0.853876
-0.867992
-0.896578
-0.951335
-1.05795
-1.26555
-1.63542
-2.07554
-2.07553
-1.59903
-1.25097
-1.07499
-0.894709
-0.743447
-0.645502
-0.615879
-0.613112
-0.61802
-0.812816
-0.816388
-0.824152
-0.840368
-0.873158
-0.936
-1.05825
-1.29716
-1.72732
-2.24123
-2.30712
-1.81155
-1.45541
-1.27076
-1.11195
-1.02326
-0.969599
-0.945446
-0.933004
-0.931466
-0.731731
-0.735015
-0.742119
-0.757028
-0.787657
-0.846817
-0.961026
-1.1843
-1.58251
-2.02949
-2.07041
-1.71106
-1.45645
-1.32213
-1.26232
-1.24104
-1.2139
-1.18404
-1.16493
-1.15838
-0.611218
-0.613547
-0.618582
-0.629558
-0.652744
-0.697971
-0.785445
-0.956818
-1.26548
-1.59398
-1.60397
-1.41542
-1.28982
-1.21094
-1.2308
-1.26598
-1.24277
-1.21558
-1.19735
-1.18993
-0.471673
-0.472735
-0.475151
-0.481143
-0.494781
-0.522196
-0.575837
-0.682013
-0.88262
-1.11658
-1.15251
-1.07522
-0.989761
-0.965839
-1.03471
-1.08997
-1.07353
-1.05614
-1.04521
-1.03994
-0.335201
-0.335152
-0.335388
-0.337044
-0.342221
-0.353711
-0.377133
-0.424733
-0.521178
-0.663193
-0.697305
-0.660345
-0.606476
-0.646911
-0.755549
-0.802452
-0.801759
-0.796999
-0.793874
-0.791675
-0.218502
-0.217776
-0.216718
-0.215683
-0.215328
-0.216132
-0.219154
-0.226733
-0.243682
-0.279335
-0.295416
-0.269612
-0.307154
-0.399597
-0.487087
-0.520603
-0.529955
-0.53372
-0.536054
-0.536218
-0.129545
-0.128589
-0.12711
-0.125091
-0.122326
-0.118151
-0.111644
-0.101159
-0.0835792
-0.0523321
-0.0315183
-0.0605827
-0.149812
-0.233881
-0.286388
-0.311603
-0.321363
-0.327357
-0.331319
-0.332449
-0.0684799
-0.0675984
-0.0662626
-0.0643849
-0.0613946
-0.0563107
-0.0478947
-0.034255
-0.0129429
0.0158203
0.0286438
-0.00492396
-0.071486
-0.126696
-0.160259
-0.176328
-0.184827
-0.189885
-0.19331
-0.194445
-0.0307366
-0.0300643
-0.0290855
-0.0278019
-0.0255938
-0.0215475
-0.0146999
-0.00386274
0.0117808
0.0293893
0.0322647
0.00719073
-0.0333695
-0.0665018
-0.0873924
-0.0981931
-0.103447
-0.10655
-0.108715
-0.109473
-0.0101933
-0.00974337
-0.00913575
-0.00848472
-0.00724553
-0.00472405
-0.000311031
0.00655558
0.0158294
0.0246415
0.0229925
0.0065493
-0.0160422
-0.0345801
-0.0463804
-0.052419
-0.0551669
-0.0567541
-0.0579136
-0.058337
-0.00117232
-0.000899736
-0.000587152
-0.000401631
7.20199e-05
0.00125884
0.00345818
0.00685193
0.0112
0.0147191
0.0125511
0.00376509
-0.00708303
-0.0158527
-0.0213392
-0.0240128
-0.025062
-0.025608
-0.0261047
-0.0263063
0.000686101
0.000734283
0.000967029
0.00125263
0.00146675
0.00160474
0.00177737
0.00207807
0.0025282
0.00298981
0.00300956
0.00193203
-6.30084e-08
-0.00206233
-0.00354449
-0.00419248
-0.00403415
-0.00394091
-0.00403148
-0.00418056
-0.615618
-0.416862
-0.187535
0.00558686
0.161572
0.286652
0.39164
0.480227
0.520061
0.497424
-0.255374
-0.11554
0.0324316
0.16054
0.269166
0.359822
0.433393
0.485726
0.512579
0.52418
-0.00315524
0.0913547
0.191349
0.280157
0.356796
0.421056
0.472109
0.509376
0.535855
0.553307
0.177276
0.242839
0.3129
0.376864
0.432453
0.479557
0.518069
0.548547
0.572993
0.590955
0.315145
0.362797
0.413506
0.461751
0.504232
0.541154
0.572553
0.598452
0.619863
0.6375
0.427187
0.462891
0.503963
0.542362
0.577403
0.608627
0.635752
0.658386
0.676915
0.694172
0.524505
0.554837
0.590866
0.624728
0.656186
0.684618
0.709362
0.729815
0.745789
0.762844
0.616059
0.646289
0.681556
0.714671
0.745214
0.772604
0.796115
0.815081
0.828784
0.845833
0.713229
0.746979
0.784414
0.818683
0.849327
0.876027
0.898396
0.915985
0.928091
0.945521
0.829456
0.867423
0.906591
0.941316
0.971034
0.996097
1.01673
1.03282
1.04445
1.06255
0.97519
1.01399
1.05021
1.08113
1.10703
1.12932
1.14853
1.16418
1.17671
1.19474
1.15036
1.18233
1.20867
1.23121
1.25131
1.27015
1.28795
1.3045
1.31992
1.33801
1.33922
1.35655
1.37175
1.38809
1.40406
1.41865
1.43191
1.44589
1.46347
1.48364
1.52131
1.53075
1.54233
1.55317
1.56249
1.57213
1.58299
1.59439
1.60578
1.62115
1.72846
1.73216
1.71724
1.70245
1.69623
1.70195
1.72044
1.75078
1.78298
1.80964
2.03481
1.89995
1.82335
1.78106
1.76366
1.76763
1.79506
1.85147
1.9541
2.17847
0.316164
0.314035
0.309548
0.30092
0.288692
0.276556
0.266314
0.258392
0.252724
0.249383
0.248898
0.251484
0.256452
0.263563
0.272865
0.284341
0.296944
0.307946
0.314044
0.317084
0.240621
0.246467
0.252808
0.257301
0.259768
0.259437
0.256687
0.25285
0.249287
0.246936
0.24665
0.248684
0.252202
0.256373
0.260085
0.261896
0.260905
0.257379
0.252181
0.245546
0.232219
0.234515
0.237923
0.240925
0.243006
0.244502
0.245245
0.244902
0.243823
0.242838
0.242857
0.244112
0.245764
0.246928
0.246995
0.246012
0.244388
0.241991
0.238686
0.235749
0.226734
0.22782
0.229662
0.232056
0.234093
0.235528
0.236542
0.237265
0.237604
0.237716
0.238035
0.238636
0.239044
0.238944
0.23839
0.237423
0.235854
0.233687
0.231541
0.230139
0.221576
0.222235
0.223361
0.225103
0.226922
0.228582
0.229886
0.230876
0.231692
0.232362
0.232892
0.233195
0.233155
0.232784
0.232033
0.230815
0.229242
0.227574
0.226172
0.225372
0.216673
0.217128
0.217938
0.219289
0.220834
0.222405
0.223909
0.225209
0.226283
0.227196
0.227875
0.228148
0.228006
0.227456
0.226503
0.225286
0.223963
0.222667
0.221646
0.221109
0.211963
0.212294
0.212934
0.21409
0.215484
0.216944
0.218448
0.219928
0.221273
0.222407
0.223236
0.223565
0.223356
0.222704
0.221767
0.220692
0.219569
0.21847
0.21766
0.217267
0.207445
0.207693
0.208219
0.209239
0.210543
0.211948
0.213412
0.214918
0.216399
0.217741
0.218756
0.219189
0.219039
0.218486
0.217692
0.216761
0.215768
0.214832
0.214178
0.213879
0.203072
0.203254
0.203692
0.204625
0.205875
0.207247
0.208692
0.210208
0.211787
0.213336
0.214576
0.215162
0.215163
0.21479
0.214169
0.213387
0.212518
0.211706
0.211169
0.210945
0.198852
0.198981
0.199352
0.200228
0.201463
0.202844
0.204353
0.205964
0.207621
0.209287
0.210764
0.211683
0.211981
0.2118
0.211297
0.210623
0.209864
0.209146
0.208708
0.208542
0.194778
0.194854
0.195166
0.196006
0.197243
0.198629
0.200134
0.201807
0.203673
0.20564
0.207449
0.208655
0.209172
0.20923
0.208972
0.208482
0.207843
0.207219
0.206867
0.206758
0.190966
0.191
0.19125
0.191992
0.193128
0.194457
0.195958
0.197666
0.199614
0.201799
0.204004
0.205688
0.206668
0.207113
0.207165
0.20694
0.206546
0.20612
0.20589
0.205832
0.187289
0.187292
0.187488
0.188119
0.18916
0.190458
0.192001
0.193872
0.196111
0.19871
0.201425
0.203601
0.204983
0.205748
0.206109
0.206193
0.206084
0.205898
0.20581
0.205785
0.183364
0.183368
0.183522
0.184032
0.184946
0.186176
0.187725
0.1897
0.192179
0.195215
0.198556
0.20142
0.203416
0.204748
0.205534
0.206022
0.206261
0.206361
0.20641
0.206401
0.178768
0.178763
0.178924
0.179393
0.18028
0.181553
0.183247
0.185503
0.188428
0.192092
0.196235
0.199882
0.202504
0.204329
0.205596
0.206441
0.20699
0.207327
0.207466
0.207463
0.173221
0.173214
0.173402
0.173918
0.174859
0.176258
0.178194
0.180837
0.184347
0.18883
0.193973
0.198583
0.201976
0.204422
0.206149
0.20737
0.208227
0.208746
0.208939
0.208941
0.166477
0.16646
0.166679
0.167314
0.168429
0.170087
0.172431
0.175663
0.179979
0.185515
0.191903
0.197668
0.201968
0.205093
0.207271
0.20887
0.210031
0.210701
0.210946
0.21096
0.158378
0.158344
0.158602
0.159406
0.16082
0.162906
0.165836
0.169874
0.17525
0.18213
0.190064
0.197235
0.20258
0.20646
0.209283
0.211331
0.212709
0.213487
0.213786
0.213815
0.148768
0.148715
0.14903
0.150025
0.15184
0.154485
0.158207
0.163288
0.170011
0.178577
0.188419
0.197303
0.203938
0.208778
0.212264
0.214758
0.216412
0.217361
0.21775
0.217796
0.137325
0.13725
0.137647
0.138885
0.141188
0.144571
0.149309
0.155732
0.164186
0.174873
0.187053
0.197991
0.206172
0.21214
0.216431
0.219463
0.221481
0.222654
0.223146
0.223204
0.123444
0.123351
0.12388
0.125465
0.128333
0.132729
0.138778
0.146963
0.157642
0.170986
0.186022
0.199419
0.209409
0.216708
0.221957
0.225651
0.228129
0.229595
0.230204
0.23027
0.106139
0.106032
0.106789
0.1089
0.112599
0.118246
0.126128
0.136689
0.15027
0.166956
0.185448
0.201743
0.213842
0.222676
0.229033
0.233524
0.236566
0.238367
0.239098
0.23917
0.0839624
0.0838553
0.0849884
0.0878947
0.0929071
0.100459
0.11092
0.124714
0.142074
0.162898
0.185489
0.205124
0.21962
0.230204
0.237847
0.243284
0.247007
0.249211
0.250084
0.250157
0.0545454
0.0544809
0.0563106
0.0606464
0.0678602
0.0784777
0.0927637
0.110999
0.133199
0.159028
0.186357
0.209737
0.226895
0.239439
0.248556
0.255106
0.259632
0.262293
0.263318
0.263387
0.0137016
0.0138335
0.0171984
0.0245465
0.0358677
0.0515655
0.0715335
0.0957545
0.123989
0.155682
0.188294
0.215727
0.235743
0.250423
0.261199
0.26906
0.274565
0.27776
0.278926
0.278977
-0.04625
-0.0448575
-0.0367179
-0.022953
-0.00395406
0.0198457
0.0478002
0.0796506
0.115024
0.153261
0.191512
0.223156
0.246127
0.26304
0.275607
0.284929
0.291569
0.295414
0.296742
0.296774
-0.118038
-0.115785
-0.100352
-0.0763887
-0.0468682
-0.0135633
0.0231689
0.0632296
0.106316
0.151867
0.196805
0.233858
0.260946
0.281174
0.296479
0.308091
0.316563
0.321383
0.32278
0.322938
-0.191898
-0.184603
-0.161861
-0.127925
-0.0886672
-0.0461454
-0.000701069
0.0475702
0.0984214
0.151344
0.203086
0.245675
0.276944
0.300547
0.318754
0.33287
0.343259
0.348673
0.350905
0.351456
-0.250576
-0.241511
-0.214018
-0.173349
-0.12657
-0.076283
-0.0230918
0.0327499
0.0909039
0.15081
0.208883
0.256442
0.291308
0.317632
0.337927
0.353658
0.365304
0.371932
0.375164
0.375891
-0.298227
-0.288625
-0.257688
-0.212139
-0.159649
-0.103189
-0.0435416
0.0189018
0.0836033
0.149875
0.213706
0.265628
0.303447
0.331843
0.353658
0.370575
0.383165
0.390795
0.394347
0.39514
-0.338027
-0.328249
-0.295077
-0.245796
-0.188689
-0.127165
-0.0620879
0.00604576
0.0765445
0.148527
0.217518
0.273242
0.313502
0.343481
0.366345
0.383967
0.397092
0.405287
0.409046
0.409883
-0.372578
-0.362753
-0.327925
-0.275598
-0.21473
-0.148946
-0.0791743
-0.0060491
0.0696178
0.146777
0.220459
0.27959
0.321934
0.353149
0.376703
0.394669
0.407985
0.416355
0.420145
0.421051
-0.403455
-0.39363
-0.357556
-0.302694
-0.238659
-0.169201
-0.0953166
-0.0177376
0.0626268
0.144563
0.222643
0.284956
0.329219
0.361513
0.385591
0.40375
0.417094
0.425572
0.429324
0.430239
-0.431857
-0.422008
-0.384894
-0.32787
-0.261137
-0.188467
-0.110934
-0.0293327
0.0553476
0.14177
0.22408
0.28953
0.335659
0.368993
0.393594
0.411981
0.425387
0.433888
0.437685
0.438414
-0.458553
-0.448653
-0.410612
-0.35176
-0.282604
-0.207089
-0.126314
-0.0410715
0.0475991
0.138279
0.224719
0.293318
0.341426
0.375922
0.401149
0.419819
0.433315
0.441809
0.445597
0.446228
-0.484014
-0.474066
-0.435182
-0.374735
-0.303393
-0.225352
-0.141665
-0.0531121
0.0392507
0.133974
0.224504
0.296411
0.346713
0.382553
0.40854
0.427605
0.441272
0.449763
0.453501
0.454115
-0.508665
-0.498566
-0.458869
-0.396992
-0.32372
-0.243421
-0.157112
-0.0655569
0.0302221
0.128804
0.223445
0.298855
0.351556
0.388963
0.415901
0.435508
0.449437
0.45797
0.461589
0.46219
-0.532666
-0.522343
-0.481951
-0.418699
-0.343702
-0.261393
-0.172731
-0.0784507
0.020484
0.122749
0.221465
0.300532
0.355933
0.395177
0.423285
0.443582
0.457855
0.466445
0.469934
0.470483
-0.556062
-0.545535
-0.50449
-0.439952
-0.36341
-0.279302
-0.188538
-0.0918012
0.0100199
0.11573
0.218439
0.301356
0.359782
0.401182
0.430692
0.451827
0.466504
0.475131
0.478468
0.478914
-0.57899
-0.56818
-0.526439
-0.460769
-0.382856
-0.297145
-0.204514
-0.105594
-0.00117324
0.10772
0.214311
0.301216
0.36297
0.406893
0.438091
0.460222
0.475346
0.483985
0.487113
0.487421
-0.601359
-0.590283
-0.547866
-0.481151
-0.402008
-0.314884
-0.220615
-0.119779
-0.0130543
0.0987422
0.209028
0.299961
0.365342
0.412198
0.44545
0.468762
0.484319
0.492845
0.495698
0.495863
-0.623189
-0.61184
-0.568745
-0.501077
-0.42083
-0.332471
-0.236777
-0.134274
-0.025538
0.0888368
0.20254
0.297459
0.366688
0.416925
0.452726
0.477496
0.493433
0.501624
0.504058
0.50407
-0.644342
-0.632772
-0.589016
-0.52049
-0.439264
-0.349822
-0.25292
-0.148992
-0.0385378
0.0780694
0.194843
0.293592
0.366784
0.420822
0.459825
0.486581
0.50287
0.510296
0.512014
0.511843
-0.664899
-0.653031
-0.608651
-0.539351
-0.457264
-0.366888
-0.268945
-0.163843
-0.0519572
0.0665403
0.18597
0.288264
0.365399
0.423539
0.466502
0.49621
0.513209
0.519213
0.519469
0.518974
-0.684735
-0.672574
-0.627619
-0.557608
-0.47475
-0.383585
-0.284771
-0.178704
-0.0656742
0.0543404
0.175997
0.281422
0.362328
0.424627
0.472219
0.50632
0.525473
0.529926
0.527098
0.52518
-0.703876
-0.691463
-0.645871
-0.57521
-0.491681
-0.399843
-0.300313
-0.19349
-0.0795662
0.0416238
0.165034
0.273043
0.35743
0.42361
0.476014
0.516017
0.540131
0.545869
0.539362
0.528526
-0.72225
-0.709638
-0.663511
-0.592304
-0.508262
-0.415942
-0.315906
-0.208609
-0.0941015
0.0278528
0.152491
0.262465
0.350041
0.419802
0.476379
0.523229
0.555314
0.566385
0.560851
0.55025
-0.739824
-0.727002
-0.680546
-0.608849
-0.524482
-0.431884
-0.331529
-0.224071
-0.109307
0.0129435
0.138233
0.249412
0.339548
0.412574
0.470774
0.522021
0.558237
0.573368
0.541807
0.484717
-0.75635
-0.742813
-0.696881
-0.624806
-0.540467
-0.447796
-0.347222
-0.239753
-0.125108
-0.00301284
0.12226
0.233808
0.325167
0.401709
0.45815
0.501173
0.537044
0.533171
0.476362
0.407577
-0.772089
-0.757986
-0.712333
-0.639615
-0.555896
-0.46321
-0.363195
-0.255593
-0.141354
-0.0198349
0.104629
0.215578
0.30604
0.388346
0.438846
0.490633
0.469736
0.434578
0.364325
0.291818
-0.757484
-0.739588
-0.691654
-0.615565
-0.527158
-0.430999
-0.326004
-0.215807
-0.0989641
0.0253272
0.143051
0.24062
0.322434
0.408468
0.466545
0.381722
0.339393
0.277505
0.20168
0.150754
-0.781561
-0.764749
-0.729916
-0.663087
-0.579684
-0.487592
-0.387565
-0.280766
-0.167621
-0.0478429
0.0739395
0.181943
0.267962
0.34452
0.413845
0.417496
0.296246
0.21069
0.146393
0.0579178
-0.800715
-0.785034
-0.744251
-0.676029
-0.592388
-0.500847
-0.402041
-0.296267
-0.184312
-0.0663032
0.053169
0.158242
0.240649
0.304384
0.330621
0.261108
0.111421
0.00953999
-0.0693574
-0.164368
-0.820223
-0.807912
-0.762523
-0.692993
-0.609267
-0.517622
-0.418953
-0.313656
-0.20282
-0.0866624
0.0294929
0.129517
0.204779
0.252554
0.228622
0.0941443
-0.0715114
-0.199614
-0.305946
-0.450811
-0.842812
-0.8299
-0.782624
-0.711995
-0.628036
-0.536385
-0.437914
-0.333348
-0.223823
-0.109865
0.00248858
0.0968231
0.163918
0.192983
0.129631
-0.0668413
-0.267455
-0.438437
-0.597065
-0.806384
-0.864256
-0.851592
-0.803267
-0.731525
-0.647147
-0.555555
-0.457525
-0.353925
-0.245946
-0.134533
-0.0263465
0.0618154
0.120184
0.12193
0.00284124
-0.219763
-0.456439
-0.691456
-0.889797
-1.34271
-0.88538
-0.873305
-0.82454
-0.751977
-0.667267
-0.575684
-0.478101
-0.37547
-0.269138
-0.160481
-0.0567654
0.0246513
0.0727718
0.0363384
-0.126692
-0.35597
-0.603204
-0.849677
-1.06462
-1.42441
-0.907253
-0.895401
-0.846621
-0.773581
-0.688654
-0.597073
-0.499898
-0.398209
-0.293572
-0.187821
-0.088798
-0.0145629
0.0212998
-0.0409585
-0.244763
-0.466228
-0.69423
-0.893354
-0.978158
-1.01565
-0.930234
-0.918661
-0.869827
-0.79659
-0.711634
-0.620205
-0.523581
-0.423043
-0.320408
-0.218034
-0.124292
-0.0579633
-0.0363259
-0.125263
-0.351385
-0.559968
-0.747277
-0.880291
-0.919909
-0.93383
-0.954469
-0.943226
-0.894283
-0.820983
-0.736107
-0.644986
-0.5491
-0.449946
-0.349651
-0.251141
-0.163296
-0.105193
-0.102454
-0.23144
-0.447724
-0.642194
-0.804835
-0.875043
-0.897118
-0.900262
-0.980177
-0.969021
-0.92005
-0.846723
-0.762011
-0.671352
-0.576383
-0.478865
-0.381234
-0.287017
-0.205746
-0.155748
-0.182713
-0.336743
-0.538971
-0.721158
-0.843095
-0.89315
-0.885178
-0.884148
-1.00714
-0.995998
-0.947116
-0.873713
-0.789247
-0.699183
-0.60532
-0.509672
-0.41502
-0.325529
-0.251296
-0.210219
-0.261152
-0.440071
-0.624821
-0.791882
-0.853154
-0.870938
-0.875638
-0.876514
-1.03497
-1.02391
-0.97511
-0.901739
-0.817618
-0.728281
-0.635706
-0.542144
-0.450783
-0.366371
-0.299452
-0.268976
-0.33719
-0.538741
-0.70809
-0.834059
-0.882695
-0.87512
-0.876344
-0.875983
-1.06316
-1.05231
-1.00345
-0.930455
-0.846772
-0.7583
-0.667179
-0.575903
-0.488086
-0.409025
-0.349812
-0.32848
-0.417527
-0.635654
-0.794213
-0.876775
-0.888366
-0.883427
-0.877639
-0.876134
-1.09095
-1.08043
-1.03182
-0.959266
-0.876191
-0.788729
-0.699232
-0.610406
-0.526268
-0.452745
-0.401408
-0.387857
-0.507728
-0.736484
-0.897895
-0.919021
-0.918524
-0.908124
-0.897337
-0.891583
-1.11754
-1.10733
-1.05949
-0.987394
-0.905174
-0.818863
-0.731128
-0.644874
-0.564399
-0.496493
-0.452864
-0.44948
-0.593538
-0.830306
-1.04492
-1.02508
-1.00398
-0.977711
-0.962874
-0.953164
-1.14156
-1.13188
-1.085
-1.01403
-0.932803
-0.847805
-0.761915
-0.678276
-0.601332
-0.538784
-0.502307
-0.510862
-0.667955
-0.886523
-1.20374
-1.36577
-1.19375
-1.12628
-1.10549
-1.09174
-1.16177
-1.15275
-1.10726
-1.03773
-0.957967
-0.874491
-0.790451
-0.709311
-0.635661
-0.577483
-0.54794
-0.562054
-0.72342
-0.861049
-1.00258
-1.2244
-1.22887
-1.29097
-1.27881
-1.26364
-1.17648
-1.16823
-1.1249
-1.05726
-0.979303
-0.8976
-0.815452
-0.736286
-0.665476
-0.610559
-0.58822
-0.598114
-0.765217
-0.752033
-0.370446
-0.371518
-0.925209
-1.27676
-1.3056
-1.31023
-1.18429
-1.17682
-1.13634
-1.07131
-0.995491
-0.915692
-0.83536
-0.757814
-0.688486
-0.636273
-0.616159
-0.641608
-0.901272
-1.11892
-1.14037
-1.43537
-1.69354
-1.64065
-1.49049
-1.4418
-1.18255
-1.17629
-1.14072
-1.0786
-1.0053
-0.927553
-0.848763
-0.772157
-0.702676
-0.650078
-0.630233
-0.679646
-1.12533
-2.00083
-3.16094
-3.75257
-3.87895
-3.46433
-2.93556
-2.55969
-1.17059
-1.16619
-1.13642
-1.0784
-1.00786
-0.932316
-0.854595
-0.77779
-0.706451
-0.647895
-0.62175
-0.659025
-1.14073
-1.99793
-3.02607
-3.62276
-3.67704
-3.34733
-2.95416
-2.63254
-1.14854
-1.14524
-1.12228
-1.07057
-1.00323
-0.929757
-0.852567
-0.774233
-0.698238
-0.629993
-0.580085
-0.582147
-0.716777
-0.947454
-1.03773
-1.0074
-0.761673
-0.465832
-0.225421
-0.0732702
-1.11857
-1.11639
-1.10026
-1.05595
-0.992519
-0.920703
-0.843462
-0.762631
-0.679679
-0.597272
-0.511128
-0.432258
-0.285719
0.0622164
0.582959
1.17205
1.66678
2.00657
2.19624
2.26975
-1.08401
-1.08272
-1.07216
-1.03708
-0.978043
-0.907281
-0.829517
-0.745703
-0.656825
-0.558641
-0.45742
-0.338786
-0.171508
0.299418
0.989367
1.64365
2.15717
2.48038
2.6415
2.69629
-1.04913
-1.04836
-1.04294
-1.01626
-0.962505
-0.892128
-0.813825
-0.728361
-0.63585
-0.534714
-0.426025
-0.315377
-0.211559
0.134274
0.70725
1.22874
1.64023
1.90912
2.05626
2.11898
-1.01901
-1.0177
-1.01617
-0.99891
-0.948808
-0.87766
-0.798092
-0.712734
-0.621866
-0.523598
-0.418786
-0.327048
-0.241494
-0.0708351
0.329473
0.695231
0.976936
1.16682
1.272
1.32317
-0.990148
-0.990274
-0.991613
-0.97836
-0.929327
-0.85734
-0.778647
-0.697486
-0.6124
-0.520614
-0.423724
-0.34115
-0.271276
-0.17287
0.0905605
0.349662
0.551669
0.69084
0.76621
0.796021
-0.933324
-0.935046
-0.937703
-0.926642
-0.883368
-0.818837
-0.74856
-0.677018
-0.601628
-0.519328
-0.431411
-0.352351
-0.28302
-0.211015
-0.0506145
0.116567
0.245882
0.335224
0.382585
0.402287
-0.832632
-0.834371
-0.835395
-0.827244
-0.799532
-0.755414
-0.704307
-0.648967
-0.587535
-0.517225
-0.440369
-0.367699
-0.301675
-0.236997
-0.140745
-0.03844
0.0414417
0.0973454
0.12716
0.134996
-0.724328
-0.725139
-0.724841
-0.721038
-0.708493
-0.686517
-0.65625
-0.618577
-0.572272
-0.51502
-0.448768
-0.386155
-0.333819
-0.286685
-0.233934
-0.16887
-0.110299
-0.0691111
-0.0480891
-0.0407029
-0.648395
-0.648608
-0.647949
-0.647222
-0.643528
-0.634124
-0.617813
-0.593477
-0.559617
-0.5138
-0.457921
-0.410103
-0.380399
-0.35524
-0.320816
-0.270972
-0.225273
-0.192614
-0.174792
-0.169716
-0.610615
-0.610619
-0.60994
-0.609902
-0.608915
-0.604499
-0.594863
-0.578294
-0.552158
-0.51337
-0.464554
-0.429352
-0.424835
-0.43855
-0.406717
-0.351934
-0.30716
-0.27965
-0.267219
-0.264913
-0.602428
-0.602218
-0.601297
-0.600737
-0.599793
-0.596593
-0.589581
-0.576856
-0.554507
-0.518098
-0.469068
-0.432108
-0.426251
-0.449857
-0.421489
-0.382279
-0.351057
-0.333935
-0.326591
-0.325077
-0.617358
-0.61689
-0.615772
-0.614818
-0.613499
-0.610372
-0.604431
-0.593836
-0.573684
-0.538386
-0.481066
-0.42729
-0.393334
-0.396174
-0.383673
-0.361608
-0.346781
-0.337223
-0.333834
-0.332629
-0.65193
-0.651258
-0.650104
-0.649219
-0.648132
-0.646048
-0.64257
-0.636423
-0.622382
-0.592548
-0.528712
-0.44738
-0.375374
-0.352441
-0.35045
-0.346541
-0.330941
-0.318965
-0.310602
-0.311263
-0.701162
-0.700473
-0.699952
-0.699915
-0.700516
-0.702201
-0.705895
-0.712064
-0.717479
-0.713929
-0.663577
-0.552004
-0.442
-0.394884
-0.382441
-0.353874
-0.324621
-0.292025
-0.276995
-0.27763
-0.758211
-0.757788
-0.758305
-0.760152
-0.764593
-0.774088
-0.79232
-0.82486
-0.877609
-0.946003
-0.947336
-0.790379
-0.622612
-0.541118
-0.491367
-0.423154
-0.347362
-0.290543
-0.266322
-0.271203
-0.810622
-0.8108
-0.812945
-0.817809
-0.828301
-0.849612
-0.890143
-0.965676
-1.10211
-1.30118
-1.39549
-1.17354
-0.905888
-0.77166
-0.668696
-0.538176
-0.416722
-0.336952
-0.320092
-0.324352
-0.841697
-0.842721
-0.846687
-0.854963
-0.872285
-0.906592
-0.972337
-1.09885
-1.33843
-1.70977
-1.92902
-1.63285
-1.24024
-1.03015
-0.87606
-0.704932
-0.563177
-0.483287
-0.473626
-0.479223
-0.834236
-0.836019
-0.841142
-0.852023
-0.874973
-0.915946
-1.00122
-1.1656
-1.47954
-1.97439
-2.31227
-1.98025
-1.52531
-1.26232
-1.09617
-0.93494
-0.836498
-0.789718
-0.775376
-0.772974
-0.777557
-0.77954
-0.784805
-0.795795
-0.818751
-0.863916
-0.950752
-1.12029
-1.44429
-1.94949
-2.28871
-2.041
-1.61263
-1.39791
-1.24444
-1.17358
-1.12731
-1.09816
-1.0767
-1.06562
-0.674473
-0.6764
-0.680638
-0.689688
-0.708875
-0.74711
-0.820651
-0.963872
-1.23914
-1.65514
-1.88948
-1.70724
-1.46827
-1.33339
-1.27831
-1.27708
-1.27758
-1.24169
-1.21673
-1.20281
-0.541739
-0.543088
-0.545576
-0.551159
-0.563877
-0.58992
-0.640533
-0.73946
-0.9323
-1.23413
-1.40148
-1.3151
-1.20131
-1.10865
-1.11556
-1.18148
-1.19014
-1.16432
-1.14561
-1.13547
-0.401389
-0.402052
-0.402756
-0.40483
-0.410816
-0.424097
-0.450765
-0.503707
-0.609809
-0.796111
-0.92688
-0.905633
-0.838081
-0.79135
-0.845548
-0.94104
-0.949835
-0.938082
-0.928932
-0.923669
-0.27344
-0.273545
-0.272943
-0.272544
-0.27345
-0.276892
-0.284951
-0.302062
-0.338193
-0.413323
-0.485912
-0.465693
-0.43668
-0.462533
-0.567169
-0.642601
-0.65898
-0.660662
-0.660861
-0.660658
-0.17031
-0.170089
-0.168838
-0.167299
-0.165519
-0.163419
-0.160801
-0.157399
-0.152668
-0.143205
-0.124186
-0.13877
-0.170135
-0.262855
-0.349548
-0.395807
-0.41218
-0.419283
-0.423774
-0.42613
-0.0957399
-0.0954028
-0.0940817
-0.0924119
-0.0899576
-0.0860353
-0.0796659
-0.0692852
-0.0523067
-0.0252305
0.00546435
0.00157583
-0.0622385
-0.141728
-0.197271
-0.226723
-0.240041
-0.247802
-0.252708
-0.255438
-0.0471016
-0.0467843
-0.0457016
-0.0444137
-0.0423924
-0.0388282
-0.0327182
-0.0227118
-0.00710348
0.0148413
0.0336387
0.0230511
-0.0213917
-0.0719673
-0.107124
-0.126525
-0.135999
-0.141025
-0.144415
-0.146395
-0.0187385
-0.018498
-0.0177478
-0.0169633
-0.0157019
-0.0132948
-0.00893365
-0.00178546
0.00887034
0.0222739
0.0305984
0.0198487
-0.00759167
-0.036643
-0.0572672
-0.06901
-0.07466
-0.0775008
-0.0794422
-0.0806162
-0.00460734
-0.0044514
-0.00399773
-0.00363097
-0.00306919
-0.00181933
0.000667377
0.00479365
0.0107367
0.0175423
0.020298
0.0124155
-0.00283093
-0.0180225
-0.0288491
-0.0349838
-0.0377734
-0.0390538
-0.0399577
-0.0405555
0.000685253
0.000830915
0.00112329
0.00136022
0.00154593
0.00168065
0.00190855
0.00228793
0.00277496
0.00311452
0.00263449
0.00104383
-0.00107438
-0.00289869
-0.00399007
-0.0041807
-0.00393218
-0.00397717
-0.00409953
-0.014294
-1.7691
-0.973176
-0.487346
-0.200167
0.0113421
0.176028
0.306831
0.416129
0.527758
0.621536
-0.593293
-0.363875
-0.158529
0.0127826
0.155999
0.274136
0.371495
0.451197
0.501043
0.508193
-0.20245
-0.0697592
0.0582312
0.17265
0.271311
0.354964
0.423666
0.475901
0.509835
0.529609
0.038524
0.127372
0.214219
0.294157
0.364223
0.424119
0.473333
0.511826
0.540895
0.56123
0.210247
0.270853
0.334716
0.393491
0.445125
0.489911
0.527754
0.558956
0.584169
0.601991
0.343287
0.387274
0.437371
0.481266
0.521779
0.55771
0.589004
0.61558
0.637539
0.652364
0.452834
0.489152
0.529011
0.565459
0.599698
0.630973
0.658646
0.682286
0.70167
0.713816
0.550118
0.582475
0.618052
0.652035
0.683978
0.713357
0.739325
0.761259
0.778679
0.788508
0.643713
0.677055
0.713279
0.748113
0.780161
0.809092
0.834191
0.854932
0.870703
0.879128
0.747278
0.785153
0.823943
0.860761
0.893287
0.921556
0.94533
0.964602
0.978945
0.987584
0.875281
0.917853
0.957222
0.993418
1.02411
1.05002
1.07176
1.08956
1.1032
1.11347
1.03721
1.07897
1.11293
1.14247
1.16714
1.18881
1.20851
1.22603
1.24086
1.25361
1.22778
1.25868
1.28021
1.29945
1.31759
1.33489
1.35116
1.36704
1.3836
1.40057
1.42593
1.43739
1.44852
1.46267
1.477
1.48987
1.50129
1.5122
1.52514
1.54204
1.61185
1.62178
1.63047
1.63292
1.63377
1.63808
1.64894
1.66494
1.68258
1.6872
1.91292
1.85755
1.80676
1.76652
1.74419
1.74019
1.75367
1.78749
1.84395
1.91951
0.45838
0.399686
0.357205
0.323343
0.29868
0.281113
0.268581
0.259618
0.253454
0.249888
0.249364
0.25207
0.257373
0.2652
0.276038
0.291032
0.312002
0.341067
0.379807
0.427619
0.259936
0.268691
0.274222
0.275042
0.271552
0.265494
0.259038
0.253525
0.249613
0.247838
0.248857
0.252296
0.257444
0.263817
0.270505
0.275718
0.277306
0.274045
0.266665
0.258994
0.236983
0.239015
0.243622
0.247133
0.249641
0.25106
0.250753
0.248984
0.246732
0.245056
0.244916
0.246568
0.249135
0.251628
0.253004
0.252587
0.250669
0.24782
0.243742
0.239345
0.230094
0.230961
0.233451
0.236175
0.238191
0.23955
0.240519
0.240933
0.240723
0.240356
0.240534
0.241421
0.242335
0.242661
0.24223
0.241281
0.239788
0.237483
0.234794
0.232809
0.224477
0.22494
0.226349
0.228395
0.230355
0.231942
0.233078
0.233938
0.234582
0.235029
0.235464
0.235875
0.235986
0.235708
0.235077
0.233976
0.232352
0.230427
0.22871
0.227675
0.219359
0.219646
0.220584
0.222094
0.22376
0.225394
0.226829
0.227977
0.228924
0.229738
0.230348
0.23061
0.230501
0.23004
0.229168
0.227918
0.226465
0.225013
0.223835
0.223191
0.214476
0.214674
0.21539
0.216635
0.218096
0.219607
0.221127
0.222542
0.223753
0.224765
0.225513
0.225818
0.225645
0.225024
0.22405
0.222896
0.221681
0.220489
0.219582
0.219126
0.209829
0.209976
0.210553
0.211629
0.212967
0.214391
0.215873
0.217376
0.218808
0.220054
0.220971
0.221339
0.221136
0.220514
0.219644
0.218643
0.217593
0.216585
0.215862
0.21552
0.20534
0.205449
0.205929
0.206906
0.208185
0.209576
0.211025
0.212539
0.214075
0.215523
0.216646
0.217141
0.217054
0.216581
0.215874
0.215017
0.214074
0.213195
0.2126
0.212341
0.201021
0.2011
0.2015
0.202396
0.203628
0.204995
0.206464
0.208012
0.209609
0.21121
0.212561
0.2133
0.213452
0.21319
0.212637
0.211912
0.211102
0.210344
0.209862
0.20967
0.196833
0.196887
0.197229
0.198095
0.199348
0.200743
0.202273
0.203946
0.205723
0.207528
0.209158
0.210218
0.210608
0.210511
0.210099
0.209497
0.208771
0.208081
0.207681
0.207545
0.19286
0.19289
0.19317
0.193966
0.195157
0.196507
0.197991
0.199658
0.201547
0.203625
0.205623
0.207044
0.207781
0.208048
0.207965
0.207615
0.207082
0.206542
0.206247
0.206166
0.189131
0.189148
0.189367
0.190057
0.19115
0.192464
0.194003
0.195807
0.197895
0.20026
0.202702
0.204628
0.205801
0.206387
0.206582
0.206499
0.206221
0.205896
0.205732
0.205693
0.185391
0.185396
0.185561
0.186127
0.1871
0.188352
0.18989
0.191801
0.194151
0.196966
0.19998
0.202472
0.204147
0.205187
0.205766
0.206037
0.206093
0.206044
0.206026
0.206012
0.181152
0.181167
0.18131
0.181791
0.182679
0.183916
0.18554
0.187625
0.190295
0.193613
0.197331
0.200581
0.202883
0.204454
0.205494
0.206166
0.206547
0.206765
0.206864
0.20686
0.176115
0.176129
0.176297
0.176777
0.177683
0.179006
0.180816
0.183253
0.186457
0.190507
0.195118
0.199213
0.202203
0.204326
0.20582
0.206845
0.207531
0.207953
0.208119
0.208119
0.169984
0.169997
0.1702
0.170753
0.171767
0.173279
0.175411
0.178316
0.182193
0.187163
0.192895
0.198053
0.201896
0.20468
0.206636
0.208046
0.209031
0.209614
0.209829
0.209837
0.162574
0.162584
0.16282
0.163516
0.164765
0.166629
0.169255
0.172864
0.177674
0.183846
0.190967
0.1974
0.202189
0.205631
0.208168
0.209996
0.211239
0.211937
0.212202
0.212226
0.153747
0.153753
0.154027
0.154894
0.156492
0.158865
0.162174
0.166689
0.172693
0.180368
0.189207
0.197196
0.203156
0.2075
0.210648
0.212897
0.214385
0.215225
0.215562
0.2156
0.143263
0.143264
0.143594
0.144656
0.146727
0.149724
0.153951
0.159656
0.16719
0.176751
0.187701
0.197563
0.204942
0.210324
0.214193
0.216946
0.218737
0.21976
0.220191
0.220245
0.130704
0.130706
0.131117
0.132451
0.135064
0.138916
0.144288
0.151531
0.161017
0.172954
0.186492
0.198606
0.207656
0.214262
0.219022
0.222367
0.224575
0.22585
0.226384
0.226446
0.115281
0.115285
0.115818
0.117526
0.120826
0.125849
0.13275
0.142027
0.154061
0.168985
0.185669
0.200459
0.211469
0.219516
0.225303
0.229376
0.232095
0.233683
0.234333
0.234402
0.0958034
0.0958133
0.0965461
0.0988631
0.103256
0.109836
0.118886
0.13093
0.146275
0.164921
0.185379
0.20329
0.216552
0.22624
0.233228
0.238172
0.241506
0.243459
0.24424
0.24431
0.0704603
0.0704848
0.0715728
0.0749198
0.0810766
0.0900755
0.102254
0.118083
0.137711
0.160924
0.185807
0.207267
0.223065
0.234611
0.242982
0.248961
0.25303
0.255405
0.256328
0.256395
0.0361784
0.0362403
0.0380672
0.0434256
0.052738
0.0656865
0.0825333
0.103546
0.12861
0.157268
0.18718
0.212555
0.231123
0.244723
0.254666
0.261863
0.266813
0.26969
0.270763
0.270813
-0.0129121
-0.0125694
-0.00844602
0.00153176
0.0168525
0.0362661
0.0599265
0.0877653
0.119444
0.154333
0.189736
0.219266
0.240755
0.256554
0.268243
0.276855
0.282891
0.286398
0.287646
0.287655
-0.0846174
-0.0820074
-0.0701706
-0.0503994
-0.0253635
0.00325097
0.0355881
0.0715231
0.110694
0.152466
0.193867
0.227992
0.25282
0.271232
0.28511
0.295647
0.303269
0.307861
0.309597
0.309739
-0.161071
-0.154141
-0.133119
-0.103077
-0.0679969
-0.0299683
0.0111587
0.0553438
0.102337
0.15161
0.199993
0.239877
0.269122
0.291111
0.308015
0.321221
0.331131
0.337317
0.340066
0.340508
-0.224846
-0.217903
-0.190048
-0.151696
-0.108119
-0.0615097
-0.0120442
0.0401138
0.0946803
0.151155
0.20613
0.251276
0.284422
0.309481
0.328869
0.344007
0.355447
0.363179
0.36595
0.366344
-0.27661
-0.26924
-0.2377
-0.19354
-0.143598
-0.0900717
-0.0335132
0.0257485
0.0872727
0.150432
0.211458
0.261275
0.297698
0.325128
0.346266
0.362791
0.375285
0.383745
0.386686
0.387314
-0.319382
-0.311761
-0.277851
-0.229516
-0.174528
-0.115433
-0.0529743
0.0124051
0.0800879
0.149289
0.21576
0.269639
0.308738
0.337989
0.360403
0.377833
0.390937
0.399664
0.403154
0.403913
-0.355886
-0.34812
-0.312618
-0.261094
-0.201957
-0.138234
-0.070737
-3.46429e-05
0.0731104
0.147738
0.219117
0.276577
0.317908
0.348543
0.371798
0.389703
0.403103
0.41195
0.415722
0.416497
-0.388082
-0.380236
-0.343609
-0.289417
-0.226854
-0.159178
-0.087294
-0.0118874
0.0661756
0.145759
0.221673
0.282409
0.32571
0.357477
0.381315
0.399435
0.412906
0.421702
0.425617
0.426424
-0.417386
-0.409454
-0.371913
-0.315459
-0.249999
-0.178893
-0.103137
-0.0234997
0.0590636
0.143272
0.223475
0.287366
0.332565
0.365365
0.389702
0.408004
0.421507
0.430255
0.434255
0.435098
-0.444646
-0.436634
-0.398267
-0.339901
-0.271932
-0.197805
-0.118609
-0.0351465
0.0515655
0.140141
0.224526
0.291536
0.338638
0.372532
0.397433
0.41598
0.429529
0.438205
0.442153
0.443115
-0.470528
-0.462407
-0.423315
-0.363324
-0.293032
-0.216222
-0.133959
-0.0470244
0.0435274
0.136252
0.224738
0.294961
0.344134
0.379287
0.404875
0.423745
0.4374
0.446043
0.449885
0.450869
-0.49541
-0.487155
-0.447359
-0.385915
-0.313575
-0.234378
-0.149349
-0.0592583
0.0348419
0.131514
0.224096
0.297738
0.349206
0.385795
0.412238
0.431571
0.445423
0.454079
0.457803
0.458678
-0.519569
-0.511149
-0.470654
-0.407883
-0.333723
-0.252394
-0.164879
-0.0719289
0.025458
0.125907
0.222595
0.299809
0.353825
0.39211
0.419607
0.439552
0.453691
0.46238
0.465996
0.46671
-0.543098
-0.534469
-0.493452
-0.429358
-0.353567
-0.270334
-0.180597
-0.0850538
0.015358
0.119377
0.220099
0.301071
0.357943
0.398225
0.427004
0.447709
0.462211
0.470927
0.474427
0.474986
-0.566089
-0.557301
-0.515659
-0.450399
-0.373147
-0.288218
-0.196494
-0.0986306
0.00452886
0.111859
0.216527
0.301428
0.36148
0.404091
0.434409
0.456028
0.470947
0.479659
0.482982
0.483404
-0.588569
-0.579626
-0.537309
-0.471003
-0.392454
-0.306016
-0.212539
-0.112626
-0.00702409
0.103355
0.211826
0.300744
0.364283
0.409618
0.441791
0.464493
0.479856
0.488495
0.491557
0.491828
-0.61054
-0.60141
-0.558451
-0.491165
-0.411451
-0.323686
-0.228686
-0.126983
-0.0192206
0.0939123
0.205943
0.298881
0.366166
0.414658
0.449114
0.473116
0.488887
0.497313
0.500021
0.500133
-0.631913
-0.622621
-0.579014
-0.510845
-0.430089
-0.341172
-0.244846
-0.141607
-0.0319718
0.083565
0.198848
0.295712
0.366917
0.419005
0.456317
0.482002
0.498117
0.506017
0.50818
0.508119
-0.652658
-0.643185
-0.598955
-0.529991
-0.448311
-0.358393
-0.260942
-0.156402
-0.045196
0.0724017
0.190555
0.291121
0.366301
0.422362
0.463248
0.49134
0.507899
0.514712
0.51586
0.51557
-0.672735
-0.663084
-0.618252
-0.548558
-0.466067
-0.375275
-0.276883
-0.171269
-0.0587827
0.0605179
0.181124
0.285041
0.364094
0.424323
0.46953
0.501252
0.519067
0.524208
0.523188
0.522311
-0.692099
-0.682264
-0.636866
-0.566498
-0.483286
-0.391762
-0.292584
-0.186114
-0.0726074
0.0480394
0.170631
0.277431
0.360123
0.424413
0.474425
0.511343
0.532594
0.537091
0.53239
0.529173
-0.710761
-0.700763
-0.654788
-0.583812
-0.499994
-0.407876
-0.308071
-0.200967
-0.0867013
0.0349296
0.159019
0.268094
0.354123
0.422125
0.476765
0.520194
0.548118
0.556916
0.55054
0.532751
-0.728753
-0.718556
-0.672137
-0.600665
-0.516419
-0.423927
-0.323718
-0.216294
-0.101621
0.0205367
0.14558
0.256259
0.345237
0.416657
0.474433
0.524004
0.559739
0.568652
0.566705
0.51934
-0.746353
-0.735248
-0.688853
-0.616929
-0.532465
-0.439818
-0.339345
-0.231867
-0.11712
0.00510891
0.130474
0.241945
0.332921
0.40761
0.465307
0.514512
0.551115
0.563393
0.514055
0.447774
-0.764495
-0.749924
-0.704761
-0.632533
-0.548426
-0.455726
-0.355199
-0.247678
-0.1332
-0.0113475
0.113622
0.225008
0.316215
0.395216
0.44943
0.479303
0.509243
0.491232
0.425765
0.355232
-0.782229
-0.7849
-0.723705
-0.645102
-0.561516
-0.468943
-0.370702
-0.263092
-0.149156
-0.0280807
0.0956486
0.205845
0.295137
0.381937
0.413006
0.401801
0.420338
0.369209
0.296088
0.220782
-0.75779
-0.75676
-0.699618
-0.622401
-0.534134
-0.438146
-0.335388
-0.225499
-0.109169
0.0143443
0.130971
0.227431
0.306093
0.390088
0.42291
0.325667
0.244526
0.180241
0.104983
-0.0520038
-0.797785
-0.77219
-0.712326
-0.634378
-0.54629
-0.450716
-0.348609
-0.239513
-0.124399
-0.00286654
0.110563
0.203202
0.274606
0.329569
0.305898
0.18001
0.055024
-0.0296532
-0.117989
-0.296787
-0.821351
-0.790926
-0.730438
-0.652525
-0.564639
-0.469365
-0.367242
-0.259093
-0.145547
-0.0266242
0.0829355
0.170252
0.232735
0.256486
0.181542
0.00844018
-0.14114
-0.251747
-0.374677
-0.62969
-0.844219
-0.811378
-0.749832
-0.671273
-0.58334
-0.488206
-0.386551
-0.279495
-0.167728
-0.0517862
0.0531371
0.134139
0.184777
0.175147
0.0356403
-0.167931
-0.357552
-0.515277
-0.693805
-1.11358
-0.865884
-0.832307
-0.769808
-0.690477
-0.602401
-0.507469
-0.406531
-0.300669
-0.190858
-0.0782085
0.02147
0.0956055
0.130412
0.0850032
-0.107102
-0.33642
-0.575135
-0.788648
-1.06202
-1.7685
-0.887137
-0.853691
-0.790585
-0.710709
-0.622468
-0.527762
-0.427518
-0.322917
-0.215234
-0.106146
-0.0120719
0.0542637
0.0712239
-0.0152192
-0.238994
-0.478745
-0.727549
-0.963794
-1.16929
-1.99197
-0.909067
-0.875737
-0.812369
-0.732184
-0.64382
-0.549309
-0.449723
-0.346396
-0.240954
-0.135625
-0.0473552
0.0102596
0.00759843
-0.131994
-0.351859
-0.582575
-0.801014
-0.954333
-0.987075
-1.04359
-0.932068
-0.898931
-0.835423
-0.755163
-0.666829
-0.572657
-0.473884
-0.372087
-0.269264
-0.168284
-0.0862997
-0.0391262
-0.0673729
-0.242395
-0.453387
-0.658259
-0.825399
-0.909169
-0.926608
-0.93574
-0.956452
-0.923352
-0.859813
-0.77958
-0.691419
-0.597742
-0.500008
-0.400022
-0.300195
-0.204145
-0.128882
-0.0944693
-0.145254
-0.345107
-0.546748
-0.72852
-0.858774
-0.893747
-0.899376
-0.899794
-0.982264
-0.949065
-0.885547
-0.805366
-0.717498
-0.624498
-0.52801
-0.430111
-0.333675
-0.243078
-0.175217
-0.154037
-0.227885
-0.442441
-0.633689
-0.794365
-0.862022
-0.879181
-0.883614
-0.883816
-1.00934
-0.975967
-0.912534
-0.832448
-0.744979
-0.652808
-0.557767
-0.462236
-0.369553
-0.284876
-0.225169
-0.214431
-0.328952
-0.535165
-0.712822
-0.844172
-0.881285
-0.876415
-0.876469
-0.876207
-1.03718
-1.00374
-0.940505
-0.860605
-0.773652
-0.682467
-0.589074
-0.496176
-0.407566
-0.329222
-0.277775
-0.283634
-0.431422
-0.627509
-0.780868
-0.865687
-0.872204
-0.875433
-0.875995
-0.875885
-1.06544
-1.03208
-0.969011
-0.889484
-0.803177
-0.713132
-0.621571
-0.531516
-0.447269
-0.375587
-0.332183
-0.356724
-0.531061
-0.72002
-0.852103
-0.864072
-0.882469
-0.879918
-0.876499
-0.875824
-1.0932
-1.06039
-0.997526
-0.918563
-0.833034
-0.744279
-0.654728
-0.567662
-0.48797
-0.423014
-0.387926
-0.428799
-0.627994
-0.826553
-0.932113
-0.939734
-0.920126
-0.902066
-0.893831
-0.889881
-1.11977
-1.08757
-1.02549
-0.947109
-0.86253
-0.775208
-0.687794
-0.603786
-0.528626
-0.470319
-0.44431
-0.500413
-0.711202
-0.947455
-1.07475
-1.00901
-0.989236
-0.969713
-0.957118
-0.950252
-1.14375
-1.11257
-1.05152
-0.974242
-0.890753
-0.805011
-0.719761
-0.638827
-0.567865
-0.516195
-0.498461
-0.566282
-0.776115
-1.02517
-1.36828
-1.25923
-1.14919
-1.11395
-1.09843
-1.08684
-1.16379
-1.13417
-1.07442
-0.998694
-0.916647
-0.832553
-0.749375
-0.671371
-0.604114
-0.558649
-0.546102
-0.620621
-0.808408
-0.920377
-1.1914
-1.19137
-1.27025
-1.28816
-1.27007
-1.26096
-1.17832
-1.15071
-1.09301
-1.01915
-0.938851
-0.856579
-0.775412
-0.699637
-0.63572
-0.593972
-0.587721
-0.668501
-0.803817
-0.597666
-0.0898463
-0.624051
-1.16114
-1.30528
-1.30939
-1.31041
-1.18581
-1.16059
-1.10583
-1.03431
-0.955994
-0.875596
-0.796169
-0.721874
-0.659849
-0.620392
-0.628175
-0.747092
-1.02312
-1.15989
-1.23271
-1.62322
-1.69049
-1.55991
-1.44861
-1.46534
-1.1847
-1.16272
-1.11172
-1.04292
-0.966885
-0.888295
-0.810124
-0.736302
-0.673538
-0.635283
-0.645988
-0.846302
-1.49321
-2.61
-3.49339
-3.90856
-3.71705
-3.19559
-2.71598
-2.51282
-1.17246
-1.15527
-1.10987
-1.04417
-0.970678
-0.893731
-0.816027
-0.741301
-0.675008
-0.629323
-0.634968
-0.83207
-1.53619
-2.50801
-3.39896
-3.71666
-3.5386
-3.14956
-2.73468
-2.60326
-1.15008
-1.13736
-1.09928
-1.03811
-0.967242
-0.891614
-0.813567
-0.735781
-0.66331
-0.600629
-0.57666
-0.600521
-0.846487
-1.00594
-1.05669
-0.904868
-0.609621
-0.334272
-0.136589
-0.0291416
-1.11983
-1.11118
-1.08142
-1.0258
-0.95742
-0.882842
-0.803451
-0.721661
-0.637933
-0.556352
-0.470299
-0.36478
-0.144147
0.304084
0.879241
1.43632
1.85711
2.11922
2.24462
2.28218
-1.08504
-1.07968
-1.05814
-1.00971
-0.94365
-0.869335
-0.788551
-0.702031
-0.609414
-0.508642
-0.39776
-0.281499
0.0142917
0.637962
1.32748
1.9233
2.34251
2.57828
2.67907
2.70418
-1.04999
-1.0471
-1.03307
-0.992064
-0.9288
-0.854156
-0.77201
-0.683097
-0.587501
-0.478555
-0.371868
-0.261162
-0.0917104
0.417533
0.978672
1.45116
1.79243
1.99587
2.09619
2.12989
-1.01822
-1.01746
-1.01103
-0.977438
-0.915035
-0.838704
-0.756182
-0.668463
-0.573894
-0.469943
-0.371301
-0.281508
-0.192428
0.117603
0.523383
0.845893
1.08463
1.22817
1.30279
1.33338
-0.989807
-0.99123
-0.988545
-0.958047
-0.895044
-0.818359
-0.738561
-0.655683
-0.567486
-0.471083
-0.379128
-0.305569
-0.245717
-0.0512469
0.225744
0.457943
0.629975
0.735677
0.785708
0.799415
-0.933756
-0.936722
-0.935436
-0.909094
-0.852384
-0.784137
-0.713355
-0.64026
-0.561799
-0.474843
-0.388914
-0.318903
-0.254556
-0.140179
0.0361541
0.186051
0.296361
0.363279
0.395317
0.403869
-0.833465
-0.835239
-0.833249
-0.81599
-0.778758
-0.730511
-0.677257
-0.61909
-0.553733
-0.478438
-0.402608
-0.33632
-0.268889
-0.19617
-0.0876866
0.00443036
0.0726393
0.115309
0.133109
0.134499
-0.72486
-0.725139
-0.72372
-0.716001
-0.69858
-0.672141
-0.638186
-0.596309
-0.544856
-0.482014
-0.416674
-0.360431
-0.307392
-0.263491
-0.202812
-0.136864
-0.0869224
-0.0565569
-0.0427209
-0.0422271
-0.648743
-0.648264
-0.647685
-0.64599
-0.639546
-0.626918
-0.606986
-0.577967
-0.537623
-0.48541
-0.43247
-0.392945
-0.366023
-0.339212
-0.296946
-0.246897
-0.206977
-0.181981
-0.170821
-0.171618
-0.610812
-0.610245
-0.60983
-0.609719
-0.607257
-0.600485
-0.587872
-0.566854
-0.534536
-0.488791
-0.44403
-0.422373
-0.431786
-0.429081
-0.379065
-0.327635
-0.291068
-0.272001
-0.264938
-0.266287
-0.602484
-0.601758
-0.600956
-0.600436
-0.598579
-0.59365
-0.584189
-0.567484
-0.538564
-0.494389
-0.446783
-0.423841
-0.438118
-0.440068
-0.401304
-0.364843
-0.341126
-0.32912
-0.325271
-0.325655
-0.617252
-0.616348
-0.615263
-0.614291
-0.612231
-0.607797
-0.599832
-0.585682
-0.558884
-0.510852
-0.451698
-0.40613
-0.393361
-0.390877
-0.37323
-0.352907
-0.341148
-0.335382
-0.332665
-0.333493
-0.651681
-0.650657
-0.649636
-0.648758
-0.647249
-0.644492
-0.639909
-0.631146
-0.610155
-0.56329
-0.489058
-0.406304
-0.360098
-0.354807
-0.350837
-0.338411
-0.324433
-0.313638
-0.310522
-0.312124
-0.700803
-0.700173
-0.699862
-0.70013
-0.701178
-0.703728
-0.708608
-0.715381
-0.717909
-0.696143
-0.61428
-0.489238
-0.409802
-0.387893
-0.371239
-0.34096
-0.307831
-0.281939
-0.274719
-0.277822
-0.75788
-0.75792
-0.759018
-0.761937
-0.76853
-0.781831
-0.806311
-0.848372
-0.912073
-0.963906
-0.883223
-0.697201
-0.567899
-0.519075
-0.460471
-0.38414
-0.31401
-0.273961
-0.269503
-0.27232
-0.810465
-0.81162
-0.814926
-0.822108
-0.837224
-0.866799
-0.922194
-1.02458
-1.19764
-1.38872
-1.31434
-1.02647
-0.817424
-0.723677
-0.604756
-0.474917
-0.36921
-0.318632
-0.322114
-0.325758
-0.841847
-0.844327
-0.850087
-0.862113
-0.886712
-0.934301
-1.02546
-1.20119
-1.51156
-1.87703
-1.83605
-1.41449
-1.11621
-0.955391
-0.789583
-0.627985
-0.516866
-0.474921
-0.475886
-0.482619
-0.834749
-0.838107
-0.845634
-0.861471
-0.894047
-0.952036
-1.07001
-1.29964
-1.71256
-2.20318
-2.26406
-1.73231
-1.36818
-1.18687
-1.00715
-0.878887
-0.801091
-0.780184
-0.773053
-0.775018
-0.778197
-0.781705
-0.789333
-0.805268
-0.83776
-0.900411
-1.02145
-1.25847
-1.68258
-2.1783
-2.24081
-1.79945
-1.48678
-1.31794
-1.19992
-1.15178
-1.11443
-1.08629
-1.0696
-1.06505
-0.675256
-0.678139
-0.684349
-0.69754
-0.724934
-0.778024
-0.88053
-1.08103
-1.43869
-1.82479
-1.84227
-1.5736
-1.38797
-1.28744
-1.27412
-1.28191
-1.258
-1.2279
-1.20826
-1.20056
-0.542385
-0.544087
-0.54781
-0.556308
-0.574761
-0.611163
-0.681854
-0.82088
-1.07632
-1.3553
-1.3753
-1.25168
-1.1588
-1.0952
-1.14625
-1.19766
-1.17663
-1.15391
-1.13949
-1.13331
-0.401822
-0.402287
-0.403513
-0.407172
-0.416288
-0.435225
-0.472793
-0.547907
-0.694587
-0.883408
-0.926032
-0.875853
-0.797147
-0.808
-0.900918
-0.952429
-0.944152
-0.932951
-0.925872
-0.922098
-0.273671
-0.273221
-0.272691
-0.272771
-0.274767
-0.280165
-0.291975
-0.316828
-0.369332
-0.458496
-0.485231
-0.456481
-0.43697
-0.509707
-0.614614
-0.655169
-0.660465
-0.660764
-0.660875
-0.659989
-0.170397
-0.169507
-0.168142
-0.166428
-0.164521
-0.162191
-0.159221
-0.155256
-0.149305
-0.132687
-0.134244
-0.1446
-0.213749
-0.309262
-0.376961
-0.405977
-0.416206
-0.421761
-0.425298
-0.426106
-0.095747
-0.0948008
-0.0933439
-0.0913
-0.0882286
-0.0832321
-0.0751012
-0.0618251
-0.0402255
-0.00790677
0.0115495
-0.023376
-0.104359
-0.173244
-0.216375
-0.233906
-0.244505
-0.250493
-0.254416
-0.255647
-0.0470779
-0.0462935
-0.0451251
-0.0435137
-0.0408564
-0.03616
-0.028298
-0.0157108
0.00316886
0.0264012
0.0336342
0.00404905
-0.0486076
-0.0917317
-0.11854
-0.132068
-0.138836
-0.142862
-0.14564
-0.146591
-0.0187114
-0.018154
-0.0173612
-0.0164078
-0.0146923
-0.0114035
-0.00575907
0.00308326
0.0154078
0.0281488
0.0281255
0.00749301
-0.0230401
-0.0481812
-0.0641338
-0.0723858
-0.0762677
-0.0785448
-0.0801631
-0.0807412
-0.00458814
-0.00423789
-0.00378936
-0.00339402
-0.00257122
-0.000754361
0.00250541
0.0075495
0.0141759
0.0199977
0.0177796
0.0053178
-0.0108585
-0.0240616
-0.0324586
-0.0366811
-0.0385068
-0.0395282
-0.0403196
-0.0406223
0.000351781
0.00043613
0.000688594
0.000847602
0.00100439
0.00143725
0.00236991
0.0039299
0.00612615
0.00847303
0.00899173
0.00539114
-0.000589592
-0.00634978
-0.0103974
-0.0126818
-0.0136397
-0.0138203
-0.0140322
-0.0143321
-1.29747
-0.681691
-0.332197
-0.0898788
0.0976808
0.243962
0.364232
0.468642
0.586823
0.57981
-0.427775
-0.254122
-0.0690129
0.0879119
0.218076
0.325051
0.413758
0.481272
0.510022
0.514141
-0.117883
-0.0042797
0.117537
0.223906
0.314989
0.391218
0.452039
0.49497
0.521761
0.538302
0.0944395
0.171879
0.255446
0.330453
0.395478
0.450081
0.493882
0.527361
0.553032
0.571305
0.250576
0.306489
0.365037
0.420179
0.468384
0.509686
0.544157
0.57223
0.595134
0.613239
0.373742
0.414814
0.459535
0.502088
0.540325
0.573932
0.602898
0.627069
0.646965
0.664623
0.477215
0.509642
0.547509
0.582904
0.615754
0.645287
0.671006
0.692474
0.709681
0.727004
0.570439
0.600298
0.635296
0.668281
0.699043
0.726805
0.750838
0.770532
0.785329
0.802463
0.663156
0.694991
0.731029
0.764487
0.795062
0.822154
0.845139
0.863462
0.876287
0.893569
0.768212
0.804331
0.842866
0.877544
0.907971
0.934016
0.955545
0.972384
0.984133
1.002
0.89836
0.937554
0.976007
1.00941
1.03761
1.06139
1.08118
1.09683
1.10875
1.12703
1.05976
1.09639
1.12841
1.15529
1.17826
1.19889
1.2176
1.23373
1.2475
1.2654
1.24465
1.26997
1.29003
1.30862
1.32635
1.34317
1.3591
1.37515
1.39232
1.41147
1.43164
1.44259
1.45537
1.46998
1.48363
1.49575
1.50672
1.51811
1.53355
1.55299
1.61362
1.62714
1.63222
1.63322
1.63521
1.64264
1.65641
1.67405
1.68781
1.69916
1.88257
1.83202
1.78458
1.75302
1.74003
1.7446
1.76784
1.81292
1.87963
1.97375
0.315004
0.311993
0.30593
0.295
0.282502
0.27118
0.2621
0.255302
0.250766
0.248752
0.249835
0.253674
0.259712
0.267898
0.278325
0.290589
0.302903
0.311589
0.316094
0.318247
0.243311
0.249962
0.255214
0.258828
0.259936
0.258291
0.254816
0.250981
0.247922
0.24649
0.247413
0.250295
0.254253
0.258373
0.261321
0.26179
0.259425
0.255008
0.24869
0.242859
0.233224
0.236188
0.239557
0.242052
0.243814
0.244991
0.245196
0.244408
0.243266
0.242678
0.243371
0.244942
0.24646
0.247125
0.246611
0.245278
0.243314
0.240394
0.237031
0.234741
0.2272
0.228628
0.230855
0.233141
0.234874
0.236069
0.236941
0.237479
0.237663
0.237829
0.238328
0.238894
0.239066
0.238718
0.237972
0.23673
0.234834
0.232541
0.230752
0.229668
0.221878
0.222702
0.224196
0.226009
0.227783
0.229277
0.230407
0.2313
0.232042
0.232649
0.233086
0.23322
0.233013
0.232468
0.231487
0.230062
0.228416
0.226794
0.225726
0.225064
0.216892
0.217452
0.218577
0.220048
0.221617
0.22317
0.224586
0.225767
0.226756
0.227581
0.22807
0.228129
0.227787
0.227029
0.225919
0.224635
0.2233
0.222091
0.221342
0.220884
0.212125
0.212542
0.21347
0.21478
0.216204
0.217691
0.219195
0.22062
0.221864
0.222877
0.223475
0.223526
0.22308
0.222264
0.221243
0.220133
0.218996
0.218007
0.217433
0.217096
0.207567
0.207891
0.208681
0.209874
0.211235
0.21267
0.214159
0.215664
0.217091
0.218314
0.219058
0.219179
0.218805
0.218114
0.217242
0.216268
0.215276
0.214455
0.214003
0.213746
0.203161
0.203412
0.204104
0.205227
0.20655
0.207958
0.209438
0.21099
0.21257
0.214032
0.214961
0.215222
0.215017
0.214508
0.213796
0.212958
0.212089
0.211392
0.211036
0.210844
0.198914
0.19911
0.199728
0.200818
0.202135
0.203581
0.205147
0.206785
0.208456
0.210083
0.211315
0.211902
0.211944
0.21158
0.210976
0.210256
0.209482
0.208884
0.208608
0.208465
0.194812
0.194955
0.195518
0.196594
0.197919
0.199363
0.200943
0.202715
0.204647
0.206607
0.208154
0.208987
0.209249
0.209135
0.208754
0.208179
0.20751
0.207002
0.206799
0.206705
0.190978
0.191076
0.191555
0.19253
0.193771
0.195182
0.196782
0.198609
0.200677
0.202949
0.204943
0.206258
0.206951
0.207185
0.207082
0.206759
0.206321
0.205975
0.205853
0.205797
0.187285
0.187351
0.18774
0.188604
0.18978
0.191194
0.192887
0.194941
0.197366
0.20011
0.202628
0.204383
0.205423
0.205974
0.206181
0.206159
0.205987
0.205839
0.205797
0.205759
0.183353
0.183415
0.18372
0.184447
0.185525
0.186902
0.188655
0.190869
0.193625
0.196918
0.200107
0.202508
0.204163
0.205189
0.205808
0.206167
0.20632
0.206392
0.206413
0.206374
0.178752
0.178818
0.17911
0.179787
0.180873
0.182339
0.184294
0.186874
0.190164
0.194187
0.198193
0.201313
0.203502
0.205023
0.20606
0.206743
0.207185
0.207421
0.207476
0.207431
0.173201
0.173274
0.173612
0.174333
0.175501
0.177147
0.179419
0.182471
0.18646
0.191424
0.19644
0.200413
0.203301
0.205363
0.206808
0.207839
0.208532
0.208879
0.208955
0.208903
0.166448
0.166531
0.166938
0.16781
0.169183
0.171159
0.17392
0.177674
0.182588
0.188729
0.194981
0.199985
0.203663
0.206274
0.208129
0.209507
0.21043
0.210866
0.210973
0.210918
0.158337
0.158424
0.158925
0.160036
0.161774
0.16425
0.1677
0.172377
0.178493
0.186122
0.193892
0.200115
0.204676
0.207985
0.210384
0.2121
0.213172
0.213684
0.213825
0.213767
0.148711
0.14881
0.149423
0.150841
0.153041
0.15619
0.16056
0.166424
0.174051
0.183533
0.193156
0.200868
0.206555
0.210661
0.213626
0.215671
0.216974
0.217614
0.217804
0.217741
0.137247
0.13737
0.138145
0.139894
0.14275
0.146742
0.152282
0.159683
0.169238
0.181016
0.192894
0.202393
0.209394
0.214465
0.218097
0.220583
0.222166
0.222974
0.223214
0.22314
0.123342
0.123516
0.124522
0.126725
0.13033
0.135526
0.142574
0.151966
0.16397
0.17859
0.193184
0.204793
0.213348
0.219555
0.223975
0.227027
0.228982
0.229994
0.230283
0.230191
0.106006
0.106277
0.107655
0.11054
0.115157
0.121878
0.131044
0.143078
0.158218
0.176341
0.194174
0.208253
0.218612
0.22612
0.231481
0.235209
0.237618
0.238848
0.23919
0.239074
0.0837916
0.0842355
0.0862007
0.0901173
0.0963414
0.105291
0.117372
0.13293
0.152051
0.174415
0.196027
0.212927
0.225332
0.234341
0.240804
0.245342
0.248298
0.249792
0.250186
0.25004
0.0543268
0.055122
0.058146
0.063859
0.0727331
0.0851302
0.101364
0.121591
0.145662
0.173032
0.198937
0.218976
0.233657
0.244363
0.252108
0.257606
0.261196
0.262981
0.263428
0.263247
0.0134448
0.0150567
0.0203967
0.0296712
0.0431845
0.0609937
0.0830942
0.109359
0.139404
0.172485
0.203093
0.226508
0.243643
0.256225
0.265444
0.2721
0.276457
0.278556
0.279035
0.278813
-0.0464721
-0.0415551
-0.030448
-0.0141404
0.00738403
0.0332852
0.0632101
0.0968766
0.133773
0.17308
0.208625
0.235529
0.255211
0.26978
0.280623
0.288575
0.293862
0.296339
0.296848
0.296595
-0.118194
-0.109548
-0.0891714
-0.0622202
-0.0307035
0.00431715
0.0427228
0.0843404
0.128735
0.175198
0.216838
0.248414
0.27177
0.289345
0.302688
0.312732
0.319491
0.32242
0.322906
0.322908
-0.190198
-0.175262
-0.145786
-0.10883
-0.0678567
-0.0238669
0.022998
0.0725969
0.124552
0.178242
0.226102
0.262447
0.289528
0.310213
0.326265
0.338616
0.346587
0.350046
0.351343
0.351531
-0.248508
-0.229927
-0.194803
-0.150544
-0.101908
-0.0501363
0.0044029
0.0614463
0.120552
0.181049
0.234605
0.275144
0.305342
0.328408
0.346302
0.36
0.369301
0.37394
0.375718
0.375975
-0.296104
-0.275571
-0.236187
-0.186555
-0.131954
-0.0738571
-0.0127668
0.0508717
0.116448
0.183165
0.241832
0.285945
0.318603
0.343433
0.362653
0.377415
0.387705
0.392973
0.394985
0.395228
-0.335945
-0.314382
-0.271834
-0.21798
-0.158515
-0.0951713
-0.0285018
0.0408985
0.112254
0.184558
0.24776
0.294916
0.329534
0.355649
0.375727
0.391115
0.401873
0.407634
0.409713
0.409947
-0.370557
-0.348312
-0.303263
-0.245971
-0.182493
-0.114658
-0.0431332
0.0313646
0.107917
0.185303
0.252612
0.302436
0.33867
0.365717
0.386292
0.401912
0.412839
0.418732
0.420858
0.421079
-0.401484
-0.378774
-0.331737
-0.271554
-0.20465
-0.132912
-0.0570949
0.0219937
0.103304
0.185426
0.256582
0.30889
0.346583
0.374396
0.395309
0.411013
0.42199
0.427952
0.430014
0.430238
-0.429881
-0.406825
-0.358101
-0.295452
-0.225585
-0.15041
-0.070751
0.0125175
0.0982496
0.184864
0.259779
0.31453
0.353624
0.382189
0.403452
0.419287
0.430272
0.436329
0.438285
0.438364
-0.456615
-0.433125
-0.382973
-0.318197
-0.245684
-0.167467
-0.0843632
0.00272643
0.0925946
0.183539
0.262169
0.319432
0.360053
0.389488
0.411181
0.427186
0.438196
0.44426
0.446153
0.446143
-0.482121
-0.458195
-0.40683
-0.340124
-0.265258
-0.184328
-0.0981145
-0.00752123
0.0862235
0.181349
0.263764
0.323746
0.366105
0.396555
0.418805
0.43508
0.446182
0.452174
0.45405
0.454011
-0.506743
-0.482377
-0.429925
-0.361453
-0.284503
-0.201138
-0.112111
-0.0183159
0.0790582
0.178282
0.264607
0.327509
0.371822
0.403506
0.426479
0.443144
0.454396
0.460316
0.462131
0.462057
-0.530688
-0.50588
-0.452407
-0.382336
-0.30352
-0.217976
-0.126423
-0.0296947
0.071082
0.174283
0.26458
0.330656
0.377214
0.410377
0.434258
0.45143
0.462877
0.468739
0.470424
0.470335
-0.554073
-0.528782
-0.474352
-0.402848
-0.322367
-0.234882
-0.141055
-0.041665
0.0622613
0.169251
0.263574
0.333099
0.382249
0.417166
0.442145
0.459927
0.471587
0.477357
0.478886
0.478748
-0.576927
-0.55115
-0.49577
-0.423008
-0.341045
-0.251826
-0.155983
-0.0542196
0.052565
0.16314
0.261504
0.334711
0.386805
0.42382
0.450119
0.468611
0.480482
0.486113
0.487446
0.487226
-0.599216
-0.572984
-0.516698
-0.442798
-0.359518
-0.26878
-0.17117
-0.0673129
0.0420351
0.15595
0.258257
0.335334
0.390745
0.430268
0.458172
0.477454
0.489449
0.494836
0.495936
0.495645
-0.62095
-0.594266
-0.537122
-0.462185
-0.377741
-0.285685
-0.186539
-0.0808638
0.0307516
0.147675
0.253754
0.33479
0.393858
0.436396
0.466325
0.486505
0.498448
0.503383
0.50419
0.503833
-0.642038
-0.614916
-0.55698
-0.481126
-0.39566
-0.302453
-0.201999
-0.094775
0.0187844
0.138347
0.247928
0.332899
0.395889
0.442003
0.474611
0.495977
0.507566
0.51163
0.512005
0.511606
-0.662509
-0.634886
-0.576245
-0.499557
-0.413198
-0.319015
-0.217455
-0.108941
0.00622393
0.128047
0.240747
0.329503
0.396538
0.44675
0.482971
0.506315
0.517358
0.519677
0.519189
0.518795
-0.682228
-0.654177
-0.594868
-0.517431
-0.4303
-0.335289
-0.232827
-0.123275
-0.00679924
0.116878
0.232227
0.324481
0.395483
0.450092
0.491009
0.517943
0.52928
0.528807
0.525862
0.524984
-0.701305
-0.672761
-0.612802
-0.53469
-0.446893
-0.351192
-0.247993
-0.137636
-0.0201476
0.104962
0.222434
0.317748
0.392462
0.451284
0.497684
0.530418
0.545153
0.543652
0.534534
0.516203
-0.71964
-0.69064
-0.630189
-0.551531
-0.463266
-0.367054
-0.26337
-0.152493
-0.034358
0.0917299
0.210754
0.308599
0.386895
0.449309
0.501108
0.541593
0.563754
0.565555
0.549184
0.56104
-0.73738
-0.707808
-0.646977
-0.567896
-0.479369
-0.382812
-0.278947
-0.16781
-0.0494189
0.0771177
0.197051
0.296527
0.378195
0.443062
0.496866
0.542714
0.568649
0.569761
0.509038
0.485824
-0.755094
-0.724831
-0.662919
-0.583377
-0.494729
-0.398034
-0.294522
-0.183329
-0.065037
0.0613596
0.181426
0.281308
0.365794
0.432379
0.480075
0.523618
0.541033
0.510974
0.438809
0.393202
-0.773405
-0.742426
-0.677568
-0.597684
-0.508959
-0.412588
-0.309738
-0.198878
-0.0811165
0.0445078
0.16383
0.262963
0.348228
0.418386
0.462651
0.470235
0.457964
0.401137
0.325545
0.278648
-0.377295
-0.269918
-0.156304
-0.0357696
0.0868569
0.195649
0.282766
0.132502
-0.792817
-0.773699
-0.736605
-0.669395
-0.585888
-0.494204
-0.394915
-0.288736
-0.176196
-0.0572865
0.0634914
0.170401
0.255212
0.326056
0.376754
0.346594
0.200243
0.109339
0.0383158
-0.809376
-0.796521
-0.752941
-0.684002
-0.600307
-0.508719
-0.410048
-0.304527
-0.193118
-0.0760113
0.0418863
0.144593
0.223706
0.279694
0.280123
0.176276
0.0217865
-0.0921587
-0.187033
-0.831427
-0.818865
-0.772429
-0.702408
-0.6186
-0.526947
-0.428329
-0.323343
-0.21313
-0.0980215
0.0162796
0.113523
0.184848
0.223764
0.179848
0.0132793
-0.16838
-0.315794
-0.445319
-0.853497
-0.840672
-0.79282
-0.721665
-0.637504
-0.545886
-0.44762
-0.343519
-0.234754
-0.122033
-0.011709
0.0796276
0.142602
0.159557
0.0700265
-0.144713
-0.364453
-0.566977
-0.761814
-0.874582
-0.862321
-0.813737
-0.741596
-0.65706
-0.565471
-0.467682
-0.364578
-0.257415
-0.147373
-0.0414071
0.0434377
0.0971358
0.0785999
-0.0635655
-0.291123
-0.537827
-0.779199
-0.999225
-0.895874
-0.884077
-0.835353
-0.762581
-0.677753
-0.586151
-0.488765
-0.386588
-0.281064
-0.1738
-0.0723447
0.00561786
0.0479656
-0.00318829
-0.186662
-0.413278
-0.655024
-0.889234
-1.03412
-1.07961
-0.918268
-0.906714
-0.857953
-0.784885
-0.699949
-0.60842
-0.511502
-0.410357
-0.306682
-0.202555
-0.106084
-0.0356921
-0.00670844
-0.0797737
-0.299738
-0.514748
-0.72248
-0.887725
-0.938817
-0.967888
-0.941751
-0.930572
-0.881755
-0.808586
-0.72368
-0.632395
-0.536104
-0.43623
-0.334725
-0.23422
-0.143324
-0.0809535
-0.0676183
-0.177086
-0.4004
-0.602089
-0.776365
-0.880442
-0.915546
-0.915115
-0.966686
-0.95566
-0.906847
-0.833649
-0.748875
-0.657974
-0.562517
-0.464157
-0.365151
-0.268727
-0.184078
-0.129857
-0.142306
-0.284497
-0.494163
-0.682358
-0.8291
-0.878767
-0.886869
-0.889929
-0.992972
-0.981938
-0.933279
-0.860018
-0.775465
-0.685085
-0.59065
-0.494034
-0.397853
-0.305942
-0.228144
-0.182068
-0.222256
-0.388393
-0.582893
-0.75849
-0.858847
-0.880078
-0.878574
-0.87895
-1.02035
-1.00928
-0.960829
-0.887551
-0.803294
-0.713585
-0.62034
-0.525705
-0.432669
-0.345674
-0.275045
-0.238871
-0.299712
-0.489857
-0.666833
-0.81786
-0.857198
-0.868762
-0.874271
-0.875234
-1.04828
-1.03726
-0.989014
-0.915962
-0.832107
-0.743199
-0.651322
-0.558878
-0.469261
-0.38749
-0.324329
-0.298393
-0.376071
-0.586174
-0.752871
-0.853754
-0.902499
-0.882561
-0.877127
-0.875967
-1.07606
-1.06535
-1.01742
-0.944772
-0.861472
-0.773494
-0.683161
-0.59309
-0.507103
-0.430792
-0.375453
-0.35764
-0.462392
-0.685478
-0.843646
-0.898895
-0.894572
-0.89142
-0.883824
-0.880153
-1.10292
-1.09268
-1.04549
-0.97332
-0.890767
-0.803877
-0.715237
-0.627685
-0.54539
-0.474689
-0.427233
-0.41791
-0.552278
-0.785736
-0.968838
-0.959342
-0.95394
-0.935568
-0.921227
-0.914085
-1.12807
-1.1181
-1.07232
-1.00076
-0.919199
-0.833539
-0.746712
-0.66176
-0.583076
-0.517922
-0.477961
-0.480308
-0.632294
-0.866309
-1.13385
-1.16309
-1.09214
-1.04135
-1.02149
-1.01072
-1.15
-1.14054
-1.09621
-1.02619
-0.945734
-0.861507
-0.776518
-0.694155
-0.618899
-0.558694
-0.525662
-0.537713
-0.698997
-0.887905
-1.19007
-1.42725
-1.24995
-1.2203
-1.20553
-1.18674
-1.16705
-1.15829
-1.11619
-1.04797
-0.969158
-0.886572
-0.80348
-0.723347
-0.651247
-0.594732
-0.568833
-0.581676
-0.742471
-0.800387
-0.67532
-0.759152
-1.07239
-1.30746
-1.30367
-1.30042
-1.17783
-1.17008
-1.13076
-1.06498
-0.988087
-0.907351
-0.826105
-0.74782
-0.677939
-0.624541
-0.603955
-0.613145
-0.813006
-0.823463
-0.49787
-0.537687
-1.00174
-1.29558
-1.30554
-1.33456
-1.18057
-1.17425
-1.13855
-1.07588
-1.00124
-0.92246
-0.842927
-0.765958
-0.696758
-0.645054
-0.625013
-0.662755
-1.0106
-1.57454
-2.26989
-2.84156
-3.0244
-2.66953
-2.13233
-1.85796
-1.17491
-1.16965
-1.13823
-1.07954
-1.00758
-0.93086
-0.852641
-0.776099
-0.705947
-0.650974
-0.629794
-0.674676
-1.1835
-2.17163
-3.40483
-3.95534
-4.0954
-3.78767
-3.31486
-2.92724
-1.15816
-1.1542
-1.12825
-1.07521
-1.00665
-0.931925
-0.854545
-0.777091
-0.703912
-0.640759
-0.604573
-0.634303
-0.968484
-1.54542
-2.16095
-2.50783
-2.42713
-2.12244
-1.77386
-1.53174
-1.13222
-1.12965
-1.10955
-1.06326
-0.998825
-0.925955
-0.848749
-0.769338
-0.68981
-0.615588
-0.547525
-0.507435
-0.471697
-0.364678
-0.0757452
0.27374
0.657789
0.964152
1.15034
1.23967
-1.09979
-1.09825
-1.08479
-1.04558
-0.985784
-0.914385
-0.836909
-0.754487
-0.668524
-0.576985
-0.480244
-0.375174
-0.189829
0.272233
0.931132
1.58599
2.11094
2.43821
2.59419
2.64557
-1.0648
-1.06389
-1.05643
-1.02595
-0.970088
-0.89974
-0.821677
-0.736911
-0.645631
-0.544726
-0.439085
-0.318484
-0.187502
0.237224
0.882845
1.48354
1.95873
2.25684
2.40817
2.46711
-1.03262
-1.03189
-1.02866
-1.00714
-0.955526
-0.884965
-0.805991
-0.720176
-0.627826
-0.527685
-0.419926
-0.321426
-0.226586
0.020563
0.498794
0.934282
1.27207
1.49607
1.61555
1.66463
-1.00529
-1.00452
-1.0045
-0.989941
-0.940654
-0.868847
-0.789202
-0.705414
-0.616996
-0.521453
-0.420314
-0.333499
-0.258358
-0.131747
0.200222
0.511856
0.753664
0.918808
1.01082
1.05202
-0.96763
-0.968943
-0.971045
-0.958852
-0.911405
-0.841358
-0.76542
-0.688233
-0.607433
-0.520136
-0.427617
-0.347177
-0.278105
-0.197431
0.00781837
0.218258
0.382116
0.495963
0.55711
0.580517
-0.887137
-0.88925
-0.891088
-0.881289
-0.844744
-0.789439
-0.727857
-0.663746
-0.594943
-0.518298
-0.435706
-0.359221
-0.290679
-0.221964
-0.0962924
0.0343905
0.134528
0.203737
0.239901
0.254186
-0.776449
-0.777641
-0.777695
-0.771677
-0.752191
-0.72008
-0.679749
-0.633549
-0.579749
-0.515995
-0.444668
-0.376545
-0.315754
-0.259286
-0.18765
-0.106613
-0.0386572
0.00789687
0.0319985
0.0398185
-0.681409
-0.681854
-0.681307
-0.679294
-0.671934
-0.657472
-0.635308
-0.605028
-0.565566
-0.514717
-0.453276
-0.397556
-0.35519
-0.317491
-0.277689
-0.223137
-0.172407
-0.135547
-0.115831
-0.109889
-0.625172
-0.625249
-0.624566
-0.624485
-0.622756
-0.616538
-0.604242
-0.584378
-0.554892
-0.512979
-0.461796
-0.421458
-0.403575
-0.40235
-0.366287
-0.314836
-0.269745
-0.239969
-0.224917
-0.22131
-0.603353
-0.603266
-0.602491
-0.602223
-0.601417
-0.597928
-0.589883
-0.575646
-0.551928
-0.5146
-0.466904
-0.432872
-0.433101
-0.456801
-0.425526
-0.375427
-0.335817
-0.313385
-0.303973
-0.302126
-0.607241
-0.606899
-0.60585
-0.605046
-0.603886
-0.600716
-0.594275
-0.582618
-0.561222
-0.525424
-0.472744
-0.429189
-0.410997
-0.426167
-0.404377
-0.375285
-0.352188
-0.338518
-0.332625
-0.331499
-0.63238
-0.631784
-0.630679
-0.629689
-0.628358
-0.625523
-0.620426
-0.611453
-0.593437
-0.55958
-0.497886
-0.431004
-0.377985
-0.368712
-0.363651
-0.349553
-0.339476
-0.33186
-0.328325
-0.327718
-0.675003
-0.674342
-0.673496
-0.672874
-0.672386
-0.671739
-0.671068
-0.669693
-0.662877
-0.642028
-0.581017
-0.485202
-0.394601
-0.359987
-0.356489
-0.345762
-0.325164
-0.303797
-0.291902
-0.292539
-0.729384
-0.728791
-0.7287
-0.72945
-0.731672
-0.736708
-0.746644
-0.763908
-0.788615
-0.814195
-0.784251
-0.652816
-0.518122
-0.456192
-0.428207
-0.381616
-0.329235
-0.286152
-0.264712
-0.266979
-0.785956
-0.785793
-0.787068
-0.790308
-0.797549
-0.812548
-0.841102
-0.893274
-0.983517
-1.10805
-1.15462
-0.965169
-0.753645
-0.647369
-0.573644
-0.476205
-0.375253
-0.307689
-0.288047
-0.291674
-0.829973
-0.830554
-0.83362
-0.840216
-0.854175
-0.882157
-0.935467
-1.0366
-1.22469
-1.51321
-1.65857
-1.40339
-1.07163
-0.897782
-0.769451
-0.613555
-0.476391
-0.389367
-0.374359
-0.381166
-0.843569
-0.844989
-0.849853
-0.859603
-0.879863
-0.919203
-0.995733
-1.14435
-1.42775
-1.87182
-2.15844
-1.83704
-1.39549
-1.15622
-0.986596
-0.8142
-0.68487
-0.623428
-0.61277
-0.615012
-0.812225
-0.814166
-0.819561
-0.830713
-0.85401
-0.899177
-0.986888
-1.15772
-1.48394
-2.00126
-2.35908
-2.078
-1.6027
-1.34655
-1.18308
-1.06298
-0.990456
-0.95627
-0.938065
-0.930772
-0.730937
-0.73301
-0.737884
-0.748174
-0.769723
-0.812376
-0.894305
-1.054
-1.35997
-1.82784
-2.11833
-1.89896
-1.56118
-1.39177
-1.28368
-1.24775
-1.23124
-1.19725
-1.17314
-1.1599
-0.610487
-0.612157
-0.615568
-0.622983
-0.639121
-0.671616
-0.73434
-0.856591
-1.09279
-1.45191
-1.64392
-1.50855
-1.34679
-1.23773
-1.21745
-1.25195
-1.25902
-1.22817
-1.20529
-1.19225
-0.47113
-0.472132
-0.473692
-0.477443
-0.486685
-0.506157
-0.544449
-0.619706
-0.768202
-1.01257
-1.16323
-1.11791
-1.03246
-0.958634
-0.986487
-1.07614
-1.08275
-1.06405
-1.04991
-1.04196
-0.334873
-0.335232
-0.335209
-0.335879
-0.339042
-0.346901
-0.363344
-0.396621
-0.464665
-0.593702
-0.698666
-0.680023
-0.626792
-0.616674
-0.700654
-0.789888
-0.803455
-0.799241
-0.795252
-0.792747
-0.218352
-0.218265
-0.217253
-0.216131
-0.215398
-0.215531
-0.21725
-0.222127
-0.233655
-0.256819
-0.2897
-0.278302
-0.28746
-0.348766
-0.450542
-0.510042
-0.526705
-0.532036
-0.535067
-0.536498
-0.129505
-0.129204
-0.127864
-0.126167
-0.12385
-0.120462
-0.115272
-0.107056
-0.0935375
-0.0702404
-0.0387204
-0.0382971
-0.10142
-0.194889
-0.264538
-0.30069
-0.317085
-0.324654
-0.329596
-0.33232
-0.0684932
-0.0681541
-0.0669304
-0.0654187
-0.0631016
-0.0591828
-0.0526261
-0.0418833
-0.0246991
0.000994765
0.0263011
0.0175334
-0.0370598
-0.101363
-0.146506
-0.169779
-0.181248
-0.187585
-0.191808
-0.194225
-0.0307648
-0.0304817
-0.0295653
-0.0285366
-0.0268812
-0.0238589
-0.01855
-0.00985878
0.00338041
0.0209461
0.0338678
0.0227102
-0.0124935
-0.0512872
-0.0784173
-0.0937574
-0.101255
-0.105131
-0.107757
-0.109312
-0.0102186
-0.0100188
-0.00942666
-0.00887003
-0.00798535
-0.00618579
-0.00279616
0.00279025
0.0109665
0.0207513
0.0257276
0.0161227
-0.00474789
-0.0260882
-0.0413031
-0.0499632
-0.0540398
-0.0560239
-0.0573924
-0.058245
-0.00119019
-0.00106372
-0.000725512
-0.000510733
-0.000223216
0.000552939
0.00221537
0.00500329
0.00896539
0.0133137
0.0145981
0.00867563
-0.0017359
-0.0118588
-0.0189962
-0.0229556
-0.0246581
-0.0253448
-0.0258703
-0.0262626
0.000358889
0.000555379
0.000796927
0.000898535
0.00116973
0.00183233
0.00306584
0.00495883
0.00734462
0.00918087
0.00770286
0.0025465
-0.00362946
-0.00862131
-0.0117403
-0.0132995
-0.0137754
-0.0139002
-0.0141794
-0.0041572
-0.948056
-0.562209
-0.301499
-0.0869533
0.0869608
0.22716
0.341144
0.438546
0.508452
0.506738
-0.37661
-0.199213
-0.0389971
0.0989867
0.217245
0.31659
0.398826
0.462725
0.502102
0.517159
-0.0723089
0.0371832
0.142449
0.237302
0.320005
0.390493
0.448307
0.492389
0.523624
0.544134
0.129989
0.203569
0.277609
0.345968
0.405704
0.457074
0.499873
0.534222
0.561441
0.580406
0.280782
0.330565
0.387785
0.438352
0.483697
0.523377
0.55754
0.586164
0.609708
0.625865
0.400467
0.439589
0.483834
0.523532
0.560342
0.593506
0.622727
0.647632
0.668212
0.681521
0.502494
0.536204
0.573114
0.608083
0.640792
0.67082
0.697494
0.720144
0.738493
0.749284
0.596637
0.62873
0.664116
0.698432
0.730295
0.759348
0.784885
0.806203
0.822772
0.831604
0.6933
0.728515
0.76595
0.802018
0.834471
0.863196
0.88777
0.907831
0.922861
0.931
0.807349
0.847829
0.887344
0.924623
0.956768
0.984131
1.00695
1.02538
1.03922
1.04841
0.951902
0.994963
1.03257
1.0664
1.09461
1.11856
1.13932
1.15684
1.17079
1.18199
1.12993
1.16761
1.19594
1.22035
1.24147
1.26086
1.27919
1.2964
1.31236
1.32692
1.32779
1.34889
1.36395
1.37986
1.39621
1.41156
1.42533
1.43863
1.45417
1.47256
1.51875
1.52588
1.53641
1.54799
1.55793
1.56716
1.57748
1.58862
1.60027
1.60915
1.73173
1.73351
1.72562
1.70911
1.698
1.69749
1.70966
1.73428
1.76842
1.79297
2.15141
1.95752
1.85647
1.79868
1.76958
1.76296
1.77818
1.81901
1.89487
2.03783
-0.757264
-0.761802
-0.723059
-0.653684
-0.570138
-0.477642
0.364378
0.434927
0.43601
0.36063
0.292464
0.219192
-0.0353231
-0.285395
-0.591978
-1.00185
-1.44574
)
;

boundaryField
{
    wall-4
    {
        type            zeroGradient;
    }
    pressure-outlet-7
    {
        type            fixedValue;
        value           uniform 0;
    }
    velocity-inlet-6
    {
        type            zeroGradient;
    }
    velocity-inlet-5
    {
        type            zeroGradient;
    }
    frontAndBackPlanes
    {
        type            empty;
    }
}


// ************************************************************************* //
