/*--------------------------------*- C++ -*----------------------------------*\
  =========                 |
  \\      /  F ield         | OpenFOAM: The Open Source CFD Toolbox
   \\    /   O peration     | Website:  https://openfoam.org
    \\  /    A nd           | Version:  10
     \\/     M anipulation  |
\*---------------------------------------------------------------------------*/
FoamFile
{
    format      ascii;
    class       volVectorField;
    location    "61";
    object      U;
}
// * * * * * * * * * * * * * * * * * * * * * * * * * * * * * * * * * * * * * //

dimensions      [0 1 -1 0 0 0 0];

internalField   nonuniform List<vector> 
2200
(
(0.878854 -0.0304104 0)
(1.0058 -0.0512778 0)
(1.0033 -0.0353821 0)
(1.00031 -0.0244214 0)
(0.999909 -0.0166316 0)
(1.00002 -0.0107048 0)
(1.00001 -0.00680929 0)
(0.999987 -0.00417377 0)
(0.999945 -0.00214278 0)
(1.00019 -0.000579494 0)
(1.00004 0.00112473 0)
(1.00016 0.00259839 0)
(1.00028 0.00451057 0)
(1.0002 0.0070962 0)
(1.00014 0.0108446 0)
(1.00007 0.016659 0)
(1.00037 0.024374 0)
(1.00348 0.0348602 0)
(1.00599 0.0513797 0)
(0.879054 0.030296 0)
(0.712013 -0.0327664 0)
(0.99665 -0.0630146 0)
(1.03332 -0.0561753 0)
(1.02489 -0.0464426 0)
(1.01586 -0.0361467 0)
(1.00964 -0.0264041 0)
(1.00593 -0.0181679 0)
(1.00381 -0.0114336 0)
(1.00267 -0.00609337 0)
(1.00208 -0.00167092 0)
(1.00191 0.00247327 0)
(1.0022 0.00703896 0)
(1.00331 0.0123177 0)
(1.00553 0.0189044 0)
(1.00932 0.0271997 0)
(1.01543 0.0369487 0)
(1.02456 0.0474591 0)
(1.03316 0.058002 0)
(0.996709 0.063138 0)
(0.711777 0.0330363 0)
(0.535563 -0.0238909 0)
(0.969923 -0.0569266 0)
(1.05644 -0.0547113 0)
(1.05228 -0.0487391 0)
(1.03629 -0.0404129 0)
(1.02448 -0.0322562 0)
(1.01591 -0.0239764 0)
(1.01038 -0.0161117 0)
(1.0071 -0.00881006 0)
(1.00558 -0.00210477 0)
(1.00584 0.00436165 0)
(1.0074 0.0107833 0)
(1.01049 0.0177932 0)
(1.0158 0.0254717 0)
(1.0242 0.0334318 0)
(1.03624 0.0414058 0)
(1.0523 0.0493962 0)
(1.05633 0.0532387 0)
(0.969221 0.0576476 0)
(0.534412 0.0239358 0)
(0.392341 -0.0136481 0)
(0.911829 -0.0463863 0)
(1.05751 -0.0468987 0)
(1.06952 -0.0442946 0)
(1.05483 -0.0381525 0)
(1.03932 -0.031456 0)
(1.02756 -0.0246651 0)
(1.01911 -0.0174327 0)
(1.01379 -0.00995546 0)
(1.01114 -0.00244085 0)
(1.01064 0.00502033 0)
(1.01281 0.0125287 0)
(1.01807 0.0197896 0)
(1.02653 0.0266431 0)
(1.03839 0.0330827 0)
(1.0539 0.039563 0)
(1.06811 0.0456538 0)
(1.05548 0.0483317 0)
(0.909884 0.0470007 0)
(0.389921 0.013781 0)
(0.307723 -0.00451608 0)
(0.846754 -0.0323859 0)
(1.04943 -0.0399378 0)
(1.07952 -0.0381911 0)
(1.06827 -0.0335296 0)
(1.05173 -0.0279224 0)
(1.03835 -0.0225019 0)
(1.0281 -0.0164409 0)
(1.02097 -0.00953451 0)
(1.01708 -0.00186673 0)
(1.0172 0.00611345 0)
(1.02084 0.0133089 0)
(1.02752 0.0197566 0)
(1.03739 0.0254204 0)
(1.05034 0.0303384 0)
(1.06675 0.0356523 0)
(1.0778 0.0399928 0)
(1.04739 0.0417287 0)
(0.843042 0.0329527 0)
(0.303764 0.00473505 0)
(0.264302 0.000102871 0)
(0.789035 -0.0200655 0)
(1.03342 -0.0314468 0)
(1.08357 -0.0320117 0)
(1.07732 -0.0287333 0)
(1.06088 -0.0238453 0)
(1.04724 -0.0193821 0)
(1.03637 -0.0142706 0)
(1.02857 -0.00818878 0)
(1.02422 -0.00121295 0)
(1.02349 0.00603595 0)
(1.027 0.0128799 0)
(1.03437 0.0186131 0)
(1.04497 0.0231711 0)
(1.0586 0.0271645 0)
(1.07487 0.0315756 0)
(1.08029 0.0342701 0)
(1.02915 0.0333472 0)
(0.782593 0.0207341 0)
(0.25875 0.000121204 0)
(0.240387 0.00107076 0)
(0.738438 -0.0122732 0)
(1.01376 -0.0249722 0)
(1.08409 -0.0267372 0)
(1.08306 -0.0244576 0)
(1.06784 -0.0203203 0)
(1.05431 -0.0163068 0)
(1.04343 -0.0117862 0)
(1.03519 -0.00640992 0)
(1.03013 4.43035e-05 0)
(1.02994 0.00687745 0)
(1.03422 0.0127156 0)
(1.04162 0.0173637 0)
(1.05179 0.0213066 0)
(1.06478 0.0246412 0)
(1.07948 0.0280623 0)
(1.07998 0.0296828 0)
(1.00762 0.0272287 0)
(0.728957 0.013147 0)
(0.23313 -0.000835757 0)
(0.226067 0.000957294 0)
(0.695559 -0.00803937 0)
(0.993142 -0.0207452 0)
(1.08224 -0.0231121 0)
(1.08686 -0.0212527 0)
(1.07339 -0.0176694 0)
(1.05993 -0.0138599 0)
(1.04937 -0.00956434 0)
(1.04146 -0.00458434 0)
(1.03669 0.00102862 0)
(1.03567 0.00687458 0)
(1.03886 0.0121767 0)
(1.04581 0.0165812 0)
(1.05586 0.0199835 0)
(1.0692 0.0230413 0)
(1.08193 0.0258031 0)
(1.07567 0.0267513 0)
(0.983306 0.0234255 0)
(0.681855 0.00911163 0)
(0.216684 -0.000715158 0)
(0.2165 0.000622527 0)
(0.660189 -0.00566763 0)
(0.972664 -0.0176127 0)
(1.07961 -0.0201881 0)
(1.09033 -0.0186025 0)
(1.0783 -0.0154455 0)
(1.06489 -0.0117768 0)
(1.05436 -0.00758331 0)
(1.04635 -0.00275741 0)
(1.0411 0.00268373 0)
(1.04035 0.00806125 0)
(1.04417 0.0128003 0)
(1.0508 0.0163973 0)
(1.06015 0.0196858 0)
(1.07262 0.0223781 0)
(1.0835 0.0245364 0)
(1.07094 0.0250172 0)
(0.959335 0.021 0)
(0.641839 0.00707089 0)
(0.204618 -0.000334872 0)
(0.209317 0.000298154 0)
(0.631625 -0.00421292 0)
(0.953775 -0.0150089 0)
(1.07647 -0.0179541 0)
(1.09342 -0.0166184 0)
(1.08299 -0.0136606 0)
(1.06956 -0.0100159 0)
(1.05913 -0.00593929 0)
(1.05143 -0.00129152 0)
(1.0466 0.0036616 0)
(1.04511 0.00874878 0)
(1.04721 0.013042 0)
(1.05318 0.0169136 0)
(1.0626 0.0196775 0)
(1.07558 0.0221059 0)
(1.08443 0.023864 0)
(1.06394 0.0237757 0)
(0.93454 0.0191081 0)
(0.606905 0.00592169 0)
(0.194164 3.94782e-05 0)
(0.203489 8.44045e-05 0)
(0.608347 -0.00314977 0)
(0.935816 -0.012553 0)
(1.07337 -0.0155599 0)
(1.0968 -0.0144078 0)
(1.0877 -0.0116676 0)
(1.07413 -0.00815808 0)
(1.0633 -0.00405825 0)
(1.05506 0.000679898 0)
(1.0495 0.00585554 0)
(1.04797 0.0106028 0)
(1.05111 0.0148541 0)
(1.05722 0.0177345 0)
(1.06614 0.0204342 0)
(1.07804 0.0224963 0)
(1.08479 0.0236603 0)
(1.05723 0.0230247 0)
(0.91084 0.0175818 0)
(0.5767 0.00526495 0)
(0.184574 0.000319076 0)
(0.19893 7.01833e-06 0)
(0.59017 -0.00229562 0)
(0.920485 -0.0102462 0)
(1.07042 -0.013454 0)
(1.10008 -0.0123896 0)
(1.09256 -0.00965943 0)
(1.07904 -0.00606232 0)
(1.06823 -0.00216612 0)
(1.06008 0.0023045 0)
(1.05468 0.00710493 0)
(1.05239 0.0119777 0)
(1.05352 0.015861 0)
(1.05866 0.0192012 0)
(1.06773 0.0211925 0)
(1.08023 0.0228524 0)
(1.08452 0.0237321 0)
(1.048 0.0224545 0)
(0.886128 0.0163628 0)
(0.549024 0.00489822 0)
(0.175117 0.000491802 0)
(0.195333 2.4458e-05 0)
(0.575413 -0.0015654 0)
(0.905868 -0.00813373 0)
(1.06764 -0.0110524 0)
(1.10371 -0.00995677 0)
(1.09753 -0.00722814 0)
(1.08378 -0.00369787 0)
(1.07227 0.000340469 0)
(1.06315 0.00500019 0)
(1.05661 0.0101285 0)
(1.05414 0.014658 0)
(1.05646 0.0182841 0)
(1.06216 0.0204183 0)
(1.07076 0.0223766 0)
(1.08172 0.0237234 0)
(1.08374 0.0241274 0)
(1.03917 0.0222607 0)
(0.862433 0.015513 0)
(0.524039 0.00471168 0)
(0.166004 0.000575759 0)
(0.193246 6.66205e-05 0)
(0.564952 -0.000765441 0)
(0.894671 -0.00588222 0)
(1.06538 -0.00870927 0)
(1.10732 -0.00746311 0)
(1.10271 -0.00458601 0)
(1.08902 -0.000819131 0)
(1.07751 0.00310294 0)
(1.06853 0.00754237 0)
(1.06196 0.0121999 0)
(1.0583 0.0167056 0)
(1.0585 0.0201198 0)
(1.06285 0.0226107 0)
(1.07167 0.0238456 0)
(1.0828 0.0247542 0)
(1.0818 0.0247664 0)
(1.02705 0.0224023 0)
(0.836864 0.0149785 0)
(0.499574 0.00465027 0)
(0.156739 0.000616541 0)
(0.192375 0.000106666 0)
(0.557457 -0.000220385 0)
(0.884333 -0.00392704 0)
(1.06369 -0.00603851 0)
(1.11138 -0.00455256 0)
(1.10814 -0.00146224 0)
(1.09429 0.00237475 0)
(1.0819 0.00660726 0)
(1.07158 0.0113346 0)
(1.06359 0.0163963 0)
(1.05982 0.0206651 0)
(1.06089 0.0233995 0)
(1.06603 0.0248742 0)
(1.07427 0.0260285 0)
(1.08286 0.0265111 0)
(1.07933 0.0260072 0)
(1.01541 0.0229338 0)
(0.812203 0.0147654 0)
(0.476636 0.00469271 0)
(0.147714 0.000635059 0)
(0.192966 8.4118e-05 0)
(0.55319 0.000832254 0)
(0.878155 -0.00156264 0)
(1.06313 -0.00341369 0)
(1.11583 -0.00159736 0)
(1.11399 0.00167032 0)
(1.10013 0.00585058 0)
(1.08768 0.0102248 0)
(1.07752 0.0149799 0)
(1.06943 0.0197406 0)
(1.06392 0.0237797 0)
(1.06255 0.0266318 0)
(1.06553 0.0280986 0)
(1.07378 0.0285819 0)
(1.08277 0.0287557 0)
(1.07467 0.0277285 0)
(0.999815 0.0237864 0)
(0.78496 0.0149297 0)
(0.452859 0.00483722 0)
(0.138234 0.00065516 0)
(0.195023 0.000233091 0)
(0.553427 0.00152675 0)
(0.873287 0.000499798 0)
(1.06375 -6.39713e-05 0)
(1.12084 0.00213112 0)
(1.12014 0.00583045 0)
(1.10618 0.0103046 0)
(1.09283 0.0152405 0)
(1.08103 0.0205053 0)
(1.07085 0.0255671 0)
(1.065 0.0294519 0)
(1.06446 0.0313211 0)
(1.06847 0.0323038 0)
(1.07571 0.0325866 0)
(1.08095 0.0318222 0)
(1.06951 0.0300243 0)
(0.984601 0.0252213 0)
(0.758109 0.0154479 0)
(0.42957 0.00510723 0)
(0.128701 0.000684487 0)
(0.199203 0.000672532 0)
(0.556088 0.00233988 0)
(0.873654 0.00336634 0)
(1.06633 0.00333439 0)
(1.1268 0.00621097 0)
(1.12712 0.0101696 0)
(1.11279 0.0151205 0)
(1.09902 0.0202707 0)
(1.08706 0.0256241 0)
(1.07685 0.0306758 0)
(1.069 0.0343916 0)
(1.06516 0.0363397 0)
(1.06615 0.036831 0)
(1.07319 0.0361995 0)
(1.07934 0.0355517 0)
(1.06175 0.0330697 0)
(0.964624 0.0270581 0)
(0.727605 0.0163572 0)
(0.404152 0.00548261 0)
(0.118265 0.00071498 0)
(0.205596 0.000873517 0)
(0.56283 0.00344613 0)
(0.87743 0.00580084 0)
(1.07103 0.00748899 0)
(1.13366 0.011025 0)
(1.13489 0.0157983 0)
(1.12029 0.0213573 0)
(1.1056 0.0273414 0)
(1.09193 0.0334803 0)
(1.07901 0.0389187 0)
(1.0697 0.0422416 0)
(1.06661 0.0431607 0)
(1.06868 0.0429612 0)
(1.07421 0.0424347 0)
(1.07522 0.0402961 0)
(1.05297 0.0368278 0)
(0.944414 0.0296218 0)
(0.696525 0.0176137 0)
(0.378119 0.00596054 0)
(0.107417 0.000750762 0)
(0.214009 0.00105457 0)
(0.574032 0.00473927 0)
(0.885663 0.00894522 0)
(1.07869 0.0120872 0)
(1.14219 0.0167383 0)
(1.1439 0.022113 0)
(1.12828 0.0285613 0)
(1.11227 0.0349032 0)
(1.09725 0.0411025 0)
(1.08324 0.0463912 0)
(1.0722 0.0500636 0)
(1.06586 0.0510185 0)
(1.06468 0.0502014 0)
(1.06941 0.0478061 0)
(1.07155 0.0460723 0)
(1.04101 0.04142 0)
(0.918028 0.0325507 0)
(0.660374 0.0191993 0)
(0.34877 0.00647821 0)
(0.0953391 0.000772432 0)
(0.22632 0.00140416 0)
(0.592286 0.0066825 0)
(0.900557 0.0132166 0)
(1.08951 0.0182239 0)
(1.15229 0.0237037 0)
(1.15421 0.0300799 0)
(1.13759 0.0373539 0)
(1.12011 0.0448209 0)
(1.10319 0.052239 0)
(1.08673 0.0585108 0)
(1.07281 0.0610313 0)
(1.066 0.0604467 0)
(1.06543 0.0587037 0)
(1.06896 0.0568223 0)
(1.06442 0.0529742 0)
(1.02699 0.0469549 0)
(0.890644 0.0364664 0)
(0.622408 0.0211147 0)
(0.317864 0.00705348 0)
(0.0826911 0.000793127 0)
(0.241946 0.00194244 0)
(0.615352 0.00852419 0)
(0.920988 0.0178681 0)
(1.10469 0.0252191 0)
(1.16473 0.0325501 0)
(1.16611 0.040043 0)
(1.14763 0.0487615 0)
(1.12802 0.0569504 0)
(1.1084 0.0643332 0)
(1.08867 0.0694209 0)
(1.07246 0.0717532 0)
(1.0634 0.0715193 0)
(1.06007 0.0690129 0)
(1.06137 0.0647662 0)
(1.05734 0.0608758 0)
(1.00884 0.0534039 0)
(0.8549 0.0403192 0)
(0.577368 0.0231318 0)
(0.282668 0.00753848 0)
(0.0687323 0.000786475 0)
(0.264006 0.00281457 0)
(0.648752 0.0123012 0)
(0.950375 0.0247909 0)
(1.12452 0.034936 0)
(1.17992 0.0433608 0)
(1.1803 0.0528612 0)
(1.15959 0.0625487 0)
(1.13732 0.0718197 0)
(1.11478 0.0801319 0)
(1.09268 0.0862156 0)
(1.07401 0.0879741 0)
(1.06227 0.0848513 0)
(1.05811 0.0808662 0)
(1.05883 0.0768483 0)
(1.04593 0.0703398 0)
(0.986999 0.0606964 0)
(0.817263 0.0454669 0)
(0.529915 0.0253961 0)
(0.245802 0.00796979 0)
(0.0544942 0.000767378 0)
(0.295056 0.00369829 0)
(0.693338 0.0154013 0)
(0.988724 0.0327022 0)
(1.15082 0.0464261 0)
(1.19872 0.0579183 0)
(1.19636 0.0694795 0)
(1.17199 0.0810734 0)
(1.14635 0.0911446 0)
(1.12022 0.0991289 0)
(1.09343 0.102965 0)
(1.0701 0.101642 0)
(1.05708 0.098658 0)
(1.05158 0.0940029 0)
(1.04793 0.0874541 0)
(1.03385 0.0807028 0)
(0.960048 0.0690421 0)
(0.768199 0.0499961 0)
(0.472136 0.0271865 0)
(0.203884 0.00809255 0)
(0.0391346 0.000663949 0)
(0.331477 0.00708972 0)
(0.751442 0.0247244 0)
(1.03826 0.0466451 0)
(1.18306 0.0646602 0)
(1.22116 0.0775171 0)
(1.21454 0.0922096 0)
(1.18552 0.104554 0)
(1.15554 0.11463 0)
(1.12478 0.121661 0)
(1.0944 0.124734 0)
(1.07018 0.123624 0)
(1.05426 0.117492 0)
(1.04583 0.109943 0)
(1.0426 0.102708 0)
(1.01596 0.0928924 0)
(0.926145 0.0775367 0)
(0.715673 0.055568 0)
(0.413614 0.0292094 0)
(0.162224 0.00804738 0)
(0.0250827 0.000600711 0)
(0.411457 0.0106618 0)
(0.838962 0.0356815 0)
(1.10436 0.0673647 0)
(1.2235 0.0901227 0)
(1.24827 0.106377 6.2471e-34)
(1.23452 0.122801 -2.81865e-34)
(1.19909 0.135124 0)
(1.16427 0.143941 0)
(1.12951 0.149299 0)
(1.09514 0.149517 0)
(1.06455 0.143171 0)
(1.04594 0.134262 0)
(1.03734 0.125847 0)
(1.0267 0.11614 0)
(0.996216 0.104722 0)
(0.886257 0.086867 0)
(0.648642 0.0593114 0)
(0.339442 0.0291716 0)
(0.112766 0.00751086 0)
(0.00941243 0.000757725 0)
(0.482367 0.0258582 4.58745e-20)
(0.941205 0.0597919 -3.47496e-20)
(1.17542 0.101908 0)
(1.26497 0.128984 2.69649e-20)
(1.27649 0.144462 -2.1867e-20)
(1.2534 0.162944 2.97394e-34)
(1.21097 0.173429 0)
(1.17072 0.180187 1.58679e-20)
(1.12987 0.182557 -5.21275e-20)
(1.0894 0.179434 1.06473e-20)
(1.05759 0.171534 0)
(1.0383 0.161529 -2.70631e-20)
(1.02579 0.149797 -3.25211e-20)
(1.01586 0.138223 5.69375e-20)
(0.962316 0.122685 -4.49689e-20)
(0.82082 0.0963635 0)
(0.555452 0.0627354 -1.61774e-20)
(0.25388 0.0280411 0)
(0.0628908 0.00716168 -8.93395e-20)
(-0.00736527 0.00045828 1.05291e-19)
(0.518703 0.0536901 -6.03752e-21)
(1.00634 0.10245 1.03195e-19)
(1.22636 0.152441 -5.55403e-21)
(1.29894 0.176869 -6.60229e-20)
(1.30136 0.194369 -4.62589e-20)
(1.26919 0.210943 7.5266e-20)
(1.22021 0.218549 0)
(1.17434 0.222458 0)
(1.12871 0.222378 8.2885e-20)
(1.08502 0.216698 0)
(1.04837 0.205842 9.76267e-20)
(1.02262 0.190814 2.9039e-20)
(1.00743 0.176995 4.74987e-22)
(0.981656 0.162196 -6.185e-20)
(0.92078 0.141282 0)
(0.758585 0.111041 0)
(0.480015 0.066523 -2.63532e-19)
(0.195161 0.0265622 6.62652e-19)
(0.0311775 0.00530239 -3.91712e-19)
(-0.0189083 -0.00134215 -4.61395e-19)
(0.526006 0.0761752 -5.70285e-20)
(1.04232 0.159567 2.2021e-20)
(1.2625 0.212597 1.21943e-20)
(1.32549 0.236036 1.14953e-19)
(1.32075 0.25196 1.45581e-20)
(1.28117 0.264054 -1.95978e-19)
(1.22655 0.267688 6.69333e-20)
(1.1754 0.268202 0)
(1.12397 0.264505 -1.75149e-19)
(1.07363 0.254893 1.55796e-19)
(1.03075 0.238835 -2.63463e-19)
(1.00371 0.221479 1.23509e-19)
(0.986594 0.206097 -8.00726e-20)
(0.964813 0.190328 1.80483e-19)
(0.887707 0.166874 0)
(0.712884 0.125002 -6.57928e-20)
(0.434851 0.0725374 0)
(0.176138 0.027692 3.61879e-19)
(0.0229256 0.00425542 -8.57901e-19)
(-0.0225682 -0.00315682 5.37081e-19)
(0.522473 0.108068 1.52864e-19)
(1.06499 0.216945 -6.75047e-20)
(1.28519 0.278262 -1.45725e-20)
(1.34278 0.300896 0)
(1.33303 0.314552 -8.52317e-20)
(1.28826 0.321451 1.05246e-19)
(1.22892 0.320271 -7.15499e-20)
(1.17274 0.31658 0)
(1.1166 0.308922 1.24424e-19)
(1.06266 0.2951 -1.09423e-19)
(1.01755 0.275589 2.27849e-19)
(0.987137 0.256614 0)
(0.965306 0.238996 -1.7009e-19)
(0.931003 0.217479 9.58466e-20)
(0.854669 0.187978 2.41334e-19)
(0.681069 0.142672 -2.12344e-19)
(0.416715 0.0830048 3.3565e-19)
(0.173118 0.0322466 -7.42199e-19)
(0.0237675 0.00445314 4.69776e-19)
(-0.0228651 -0.00469379 -5.87491e-19)
(0.509758 0.132054 -4.87938e-20)
(1.07022 0.269716 3.47001e-20)
(1.29521 0.343407 -4.85766e-20)
(1.35182 0.366468 9.8735e-20)
(1.33893 0.37808 -9.43704e-20)
(1.29052 0.379869 3.3042e-20)
(1.22762 0.374014 3.73114e-21)
(1.1679 0.366007 -1.40134e-19)
(1.10801 0.353602 -1.30164e-19)
(1.04938 0.334811 -2.34708e-19)
(0.999232 0.311745 -4.90004e-19)
(0.964018 0.289605 -1.5117e-19)
(0.940781 0.269063 2.21704e-21)
(0.912966 0.247716 -3.28225e-19)
(0.830557 0.216858 -5.3303e-21)
(0.658821 0.1617 3.08985e-19)
(0.408935 0.0952292 -9.28704e-20)
(0.177985 0.0396872 -5.37686e-20)
(0.0316153 0.0059984 0)
(-0.0197395 -0.00512931 1.2494e-18)
(0.494068 0.153189 0)
(1.06707 0.32055 -1.5425e-21)
(1.29816 0.407254 -7.32011e-21)
(1.35406 0.430622 -1.29103e-20)
(1.3386 0.440961 9.05369e-20)
(1.28781 0.438372 -7.74067e-20)
(1.22235 0.427999 7.79157e-20)
(1.15934 0.415466 2.30194e-19)
(1.09556 0.398965 -7.25016e-20)
(1.03252 0.376294 1.15771e-19)
(0.978564 0.348925 2.63437e-19)
(0.943666 0.323961 3.29618e-19)
(0.917689 0.301216 -1.98632e-19)
(0.878303 0.275892 3.55544e-19)
(0.801381 0.238372 -2.81791e-19)
(0.639206 0.184048 0)
(0.404899 0.111258 -7.05185e-19)
(0.188284 0.0497134 9.49158e-19)
(0.0438317 0.0104916 7.08423e-20)
(-0.0142241 -0.00456167 -1.32182e-18)
(0.478186 0.172786 -5.09208e-21)
(1.05659 0.367284 -1.15993e-20)
(1.29432 0.467346 5.29808e-20)
(1.35126 0.492461 -7.59943e-20)
(1.33402 0.50191 7.59175e-20)
(1.28149 0.495167 -7.45528e-20)
(1.21391 0.480874 1.53957e-19)
(1.14828 0.464542 -6.87671e-20)
(1.08132 0.443755 -2.92482e-19)
(1.01496 0.416453 -2.0839e-22)
(0.959537 0.385664 -2.86543e-19)
(0.919564 0.357502 -3.54936e-19)
(0.890708 0.331372 2.19515e-19)
(0.860308 0.306193 -1.27918e-19)
(0.779216 0.269399 3.06678e-19)
(0.623299 0.204364 0)
(0.402514 0.12852 -4.3845e-19)
(0.197553 0.0608698 6.4759e-19)
(0.0553614 0.0162721 1.22485e-18)
(-0.00845984 -0.00329476 -1.44038e-18)
(0.464651 0.190773 -8.30085e-20)
(1.04607 0.413013 3.59944e-20)
(1.28785 0.525555 -3.22362e-20)
(1.34459 0.551653 7.82592e-20)
(1.3256 0.560367 1.21591e-20)
(1.27165 0.550309 -1.45812e-19)
(1.20234 0.532572 -8.96447e-20)
(1.13458 0.512318 -8.85174e-20)
(1.06536 0.487706 -1.65375e-19)
(0.996918 0.456426 2.66105e-19)
(0.937787 0.421699 2.8935e-19)
(0.896642 0.389201 5.63192e-19)
(0.867479 0.362933 0)
(0.826343 0.333847 6.51129e-21)
(0.7527 0.290295 -8.43502e-19)
(0.606423 0.227943 1.97846e-19)
(0.399726 0.145887 9.51343e-19)
(0.205759 0.0732065 -2.80766e-19)
(0.0663175 0.0231012 5.82678e-19)
(-0.00264434 -0.00140457 -4.85547e-20)
(0.453286 0.208081 5.8291e-21)
(1.03207 0.454217 5.55115e-20)
(1.27757 0.579667 -1.02498e-20)
(1.33501 0.60812 7.96745e-20)
(1.31471 0.616394 -1.45082e-19)
(1.25974 0.603 1.44388e-19)
(1.18929 0.582031 9.27762e-20)
(1.1202 0.558531 2.63991e-19)
(1.04893 0.53024 3.31481e-19)
(0.977185 0.495116 -3.07949e-19)
(0.915034 0.457214 0)
(0.871418 0.422604 -2.13422e-19)
(0.840024 0.391999 2.45033e-19)
(0.808302 0.361976 3.09639e-19)
(0.732111 0.320864 -1.79185e-19)
(0.590921 0.247793 -4.35957e-19)
(0.39555 0.163411 -1.29926e-19)
(0.211483 0.0855273 -1.96185e-21)
(0.0749745 0.030167 0)
(0.00227707 0.000651288 0)
(0.445338 0.224445 -8.0969e-20)
(1.02106 0.495449 0)
(1.26676 0.632085 4.80696e-21)
(1.32343 0.661822 -1.49273e-20)
(1.30193 0.669245 1.66351e-19)
(1.24615 0.653222 -4.19635e-20)
(1.1747 0.629595 9.42519e-20)
(1.10417 0.602948 -1.78455e-19)
(1.03096 0.571646 2.51411e-19)
(0.957607 0.533507 -1.01734e-19)
(0.893479 0.491299 1.66067e-19)
(0.84902 0.452785 6.77387e-19)
(0.81658 0.421592 1.43759e-20)
(0.774727 0.38839 -3.23176e-19)
(0.706049 0.339162 5.9867e-19)
(0.572813 0.27086 3.68007e-21)
(0.389454 0.179665 1.39002e-19)
(0.213834 0.097663 -6.62685e-19)
(0.0805163 0.0365108 6.82955e-19)
(0.00595388 0.00256115 -8.04582e-19)
(0.437845 0.241338 2.63117e-23)
(1.00763 0.532067 0)
(1.25379 0.680149 0)
(1.31041 0.712703 5.17491e-22)
(1.28805 0.719751 -4.84718e-20)
(1.23163 0.700972 6.70896e-20)
(1.15946 0.674671 -1.74666e-19)
(1.08803 0.645396 0)
(1.01317 0.611113 -3.7094e-19)
(0.937123 0.569582 4.46442e-19)
(0.870193 0.524197 4.74592e-19)
(0.822602 0.483908 -2.48692e-19)
(0.789261 0.447724 -3.0151e-19)
(0.757183 0.412479 7.07201e-19)
(0.684495 0.367678 -2.12888e-19)
(0.555141 0.287366 -2.53813e-19)
(0.379736 0.194705 -1.51793e-19)
(0.212099 0.107413 -7.15983e-19)
(0.0827566 0.0417152 1.04974e-19)
(0.00836793 0.0040376 8.70901e-19)
(0.43322 0.259101 -3.94734e-20)
(0.997586 0.569366 -5.27568e-20)
(1.24118 0.726693 2.36849e-20)
(1.29658 0.760696 -1.97796e-22)
(1.2734 0.766834 -5.24358e-20)
(1.21641 0.745984 1.06728e-19)
(1.14353 0.717657 0)
(1.0709 0.685929 1.08187e-19)
(0.994408 0.649345 -8.53056e-20)
(0.916966 0.605629 7.45427e-19)
(0.848376 0.556814 -1.07362e-19)
(0.799847 0.512177 1.23271e-19)
(0.765904 0.474889 0)
(0.723947 0.436627 -3.8304e-19)
(0.658204 0.381033 4.6427e-19)
(0.535334 0.306873 0)
(0.368939 0.207249 -3.26842e-19)
(0.208029 0.115739 9.62043e-19)
(0.0818846 0.0455066 1.14125e-19)
(0.00936798 0.00495078 -1.07331e-18)
(0.430021 0.276173 -9.88318e-20)
(0.98604 0.602328 1.26089e-19)
(1.22734 0.76901 0)
(1.28219 0.805801 2.08014e-20)
(1.25832 0.81181 0)
(1.20081 0.788763 -1.39867e-19)
(1.1274 0.75822 0)
(1.05419 0.724398 0)
(0.976573 0.685599 -1.13476e-19)
(0.896695 0.639092 -7.08703e-19)
(0.825164 0.587053 -8.77592e-19)
(0.773293 0.54013 1.44458e-19)
(0.738196 0.497808 5.21753e-19)
(0.705673 0.456603 4.22228e-19)
(0.636459 0.405877 -1.48993e-18)
(0.51592 0.317644 -5.9619e-19)
(0.355734 0.217865 3.49461e-19)
(0.201134 0.121826 0)
(0.0795728 0.0474727 9.78283e-19)
(0.00933878 0.00548271 -1.15667e-18)
(0.428287 0.291748 1.17508e-19)
(0.977431 0.636027 -1.46065e-19)
(1.21441 0.81018 0)
(1.26767 0.848166 -1.12671e-20)
(1.24311 0.853339 -2.65136e-21)
(1.18516 0.828708 0)
(1.11135 0.796671 5.39653e-20)
(1.03734 0.761007 7.54072e-20)
(0.958393 0.720582 -2.13117e-19)
(0.876944 0.67251 9.3813e-20)
(0.803366 0.618294 0)
(0.750532 0.56689 5.98652e-19)
(0.714115 0.522299 5.79481e-21)
(0.672082 0.477457 2.27862e-19)
(0.609899 0.413018 2.70435e-19)
(0.495298 0.331827 0)
(0.342677 0.224827 -5.69486e-19)
(0.193011 0.125651 1.11583e-18)
(0.0759531 0.0484894 -1.18279e-18)
(0.00873641 0.00564226 2.49043e-18)
(0.426753 0.306638 0)
(0.967141 0.665489 0)
(1.20083 0.847242 -7.17745e-20)
(1.25314 0.887802 0)
(1.22795 0.893085 0)
(1.16961 0.86675 -1.13704e-19)
(1.09554 0.832903 5.52126e-20)
(1.02119 0.795602 1.77903e-20)
(0.941204 0.753619 -4.85949e-20)
(0.857123 0.703524 0)
(0.780201 0.646541 -1.33978e-19)
(0.723719 0.591931 -4.88364e-19)
(0.684944 0.54257 -5.88577e-19)
(0.65279 0.49228 -2.36854e-19)
(0.58733 0.433225 2.92855e-19)
(0.475418 0.335354 -6.89962e-19)
(0.328832 0.229371 1.2257e-18)
(0.184759 0.126715 1.6899e-21)
(0.0721164 0.0487433 -1.13157e-18)
(0.00809188 0.00573889 -1.67958e-19)
(0.425691 0.320931 0)
(0.959522 0.696177 -1.18596e-19)
(1.18847 0.883597 8.74055e-20)
(1.23891 0.925033 0)
(1.21311 0.929507 0)
(1.15451 0.901963 2.26869e-19)
(1.08028 0.867091 0)
(1.00527 0.828473 0)
(0.923938 0.785372 -4.6798e-19)
(0.838426 0.734289 1.30253e-19)
(0.759302 0.675825 -1.18807e-18)
(0.700737 0.617885 0)
(0.660524 0.565918 -6.40316e-19)
(0.61711 0.509979 1.0343e-20)
(0.558936 0.432314 -9.42597e-19)
(0.454299 0.342203 3.71076e-19)
(0.3168 0.228656 1.29191e-21)
(0.179366 0.124294 -1.27758e-18)
(0.0698109 0.0470625 6.08866e-19)
(0.00614415 0.00376586 1.79656e-19)
(0.424491 0.335007 0)
(0.950433 0.7228 -1.62305e-19)
(1.17571 0.916059 9.2107e-20)
(1.22499 0.959765 1.25041e-19)
(1.19864 0.96448 -8.49015e-21)
(1.13974 0.935622 2.26068e-20)
(1.06537 0.899301 -3.1956e-20)
(0.990095 0.859431 4.44932e-19)
(0.907841 0.815257 5.00606e-19)
(0.819789 0.762934 9.91706e-19)
(0.736572 0.702736 9.87104e-19)
(0.673437 0.642061 1.73812e-19)
(0.628901 0.584139 9.21073e-19)
(0.595107 0.520199 5.6961e-19)
(0.533252 0.446833 6.76492e-19)
(0.433757 0.334732 -4.06036e-19)
(0.303412 0.221545 -4.68735e-19)
(0.178567 0.120299 5.49466e-19)
(0.0758643 0.0534153 -3.27319e-19)
(0.0127686 0.0124477 5.82043e-19)
(0.423665 0.348588 2.27472e-19)
(0.943862 0.750804 2.54323e-19)
(1.16424 0.948262 5.31262e-20)
(1.21154 0.992446 1.57066e-20)
(1.18468 0.996303 -6.62291e-21)
(1.12562 0.966492 -6.27101e-20)
(1.05121 0.929524 3.06175e-20)
(0.975421 0.888808 -1.94346e-20)
(0.891972 0.843949 -5.83141e-19)
(0.802577 0.79118 -1.0765e-18)
(0.717125 0.730251 6.85454e-20)
(0.650865 0.667473 0)
(0.603764 0.607388 0)
(0.555165 0.536615 -2.97177e-19)
(0.499333 0.436859 -1.10896e-18)
(0.410373 0.330112 8.74738e-19)
(0.299866 0.202997 5.13013e-19)
(0.188999 0.100229 0)
(0.0920971 0.0248229 1.04761e-18)
(0.00665088 -0.0138522 -6.20661e-19)
(0.422674 0.36174 -1.20675e-19)
(0.935828 0.774599 1.06583e-19)
(1.15239 0.976671 -1.27303e-19)
(1.19853 1.02281 -1.05522e-19)
(1.17119 1.02697 -1.81765e-20)
(1.11192 0.996136 -1.99847e-20)
(1.03746 0.958018 0)
(0.961544 0.916393 -5.59475e-19)
(0.877353 0.870858 7.07851e-20)
(0.785545 0.817442 0)
(0.695896 0.756072 0)
(0.624193 0.692172 1.1131e-19)
(0.569445 0.625218 1.49754e-19)
(0.528594 0.543826 -3.21391e-19)
(0.46683 0.447909 7.95943e-19)
(0.381008 0.307256 -9.53428e-19)
(0.280427 0.178241 -1.09993e-18)
(0.207617 0.086692 9.7469e-19)
(0.157626 0.0747465 -3.72451e-19)
(0.111425 0.0766068 2.16687e-19)
(0.421966 0.374025 1.50457e-19)
(0.930029 0.799847 0)
(1.1418 1.00518 0)
(1.18604 1.05143 -2.93663e-20)
(1.15827 1.05467 2.3774e-20)
(1.09895 1.02306 -2.0064e-20)
(1.02461 0.984589 1.38793e-19)
(0.948325 0.942524 5.72692e-19)
(0.863063 0.896656 1.0586e-18)
(0.77011 0.843252 -8.13044e-20)
(0.678541 0.78204 1.68359e-19)
(0.602811 0.717156 -9.96577e-19)
(0.544592 0.649743 -9.95332e-19)
(0.482846 0.563028 -1.72796e-19)
(0.418475 0.431581 0)
(0.343845 0.298643 -5.15926e-21)
(0.260222 0.105809 6.07172e-19)
(0.248144 -0.0165478 -1.01965e-18)
(0.214006 -0.103898 7.74905e-19)
(0.0875872 -0.0984431 6.41554e-19)
(0.420856 0.386026 -3.32032e-19)
(0.922605 0.820811 -1.4957e-19)
(1.13071 1.03002 6.92883e-21)
(1.17391 1.07808 5.95193e-20)
(1.14572 1.08178 0)
(1.08623 1.04946 -5.65639e-20)
(1.01188 1.01016 -2.00853e-19)
(0.935533 0.967547 -1.93563e-21)
(0.849682 0.921433 -5.54687e-19)
(0.754543 0.867977 -7.98462e-20)
(0.658776 0.80752 7.41645e-20)
(0.577038 0.743888 8.75618e-19)
(0.507024 0.670332 9.7096e-19)
(0.4501 0.570306 1.6867e-19)
(0.377479 0.450526 8.61093e-19)
(0.279662 0.26487 0)
(0.152959 0.0889605 0)
(-0.00713102 0.183644 6.97864e-19)
(-0.0786479 0.630079 -2.77848e-20)
(0.00899071 1.54245 -8.6445e-19)
(0.420139 0.397238 1.83261e-19)
(0.917368 0.843729 4.21238e-19)
(1.12083 1.05563 -5.81e-19)
(1.16217 1.10369 2.94231e-19)
(1.13356 1.10659 -9.52231e-21)
(1.07403 1.07383 -7.92948e-21)
(0.999812 1.03467 0)
(0.923093 0.992227 -4.77131e-19)
(0.836216 0.946459 0)
(0.740011 0.893845 1.12306e-18)
(0.642203 0.834615 -9.07181e-20)
(0.55569 0.771395 1.01723e-19)
(0.482695 0.700918 1.1167e-18)
(0.395276 0.604227 -3.66444e-19)
(0.286112 0.436885 -4.37352e-19)
(0.187259 0.316173 0)
(0.077804 0.472047 0)
(0.0249009 1.35258 0)
(0.0713536 2.47064 -3.96177e-19)
(0.0981544 2.91425 -2.44514e-19)
(0.418679 0.40798 0)
(0.910404 0.862136 0)
(1.11042 1.07751 2.11683e-19)
(1.15085 1.12747 -2.39303e-19)
(1.12182 1.13116 1.09229e-19)
(1.06209 1.09813 1.61992e-20)
(0.98783 1.05858 2.62136e-20)
(0.91108 1.01609 -2.0409e-20)
(0.823806 0.97075 7.86238e-20)
(0.725528 0.918894 -1.28893e-18)
(0.623472 0.861701 1.64278e-19)
(0.531145 0.802798 8.78979e-19)
(0.441481 0.729558 -1.11207e-18)
(0.358131 0.613485 -1.22709e-18)
(0.265286 0.494813 4.12351e-19)
(0.182949 0.637343 0)
(0.115477 1.57942 5.63844e-19)
(0.119433 2.69905 6.11134e-19)
(0.12702 3.08987 -6.82911e-19)
(0.119527 3.22311 7.28975e-19)
(0.417716 0.418441 0)
(0.905674 0.882806 3.70215e-19)
(1.1013 1.10054 -5.30402e-20)
(1.13998 1.1504 3.32793e-19)
(1.11052 1.15341 -1.14654e-19)
(1.05078 1.12022 0)
(0.9767 1.0812 0)
(0.899657 1.03943 0)
(0.811472 0.995068 4.41084e-19)
(0.712346 0.944962 5.93297e-20)
(0.60856 0.890213 0)
(0.511192 0.832348 -8.73685e-19)
(0.424748 0.764897 0)
(0.303572 0.65963 8.77905e-19)
(0.201447 0.711654 -5.94396e-19)
(0.147457 1.46505 -4.76778e-19)
(0.151004 2.68588 -1.10158e-18)
(0.174072 3.12628 -5.79419e-19)
(0.164753 3.26585 -7.81321e-19)
(0.151594 3.30606 5.74302e-19)
(0.416119 0.427862 -1.29068e-19)
(0.8991 0.898691 1.50144e-20)
(1.09158 1.11965 -5.89067e-20)
(1.12957 1.17156 -2.57696e-19)
(1.09969 1.17566 0)
(1.03976 1.14256 0)
(0.96561 1.10348 0)
(0.888602 1.06202 3.35768e-20)
(0.800256 1.0186 -5.57772e-19)
(0.699419 0.969941 0)
(0.592074 0.918167 0)
(0.491697 0.866943 0)
(0.380886 0.794707 0)
(0.308651 0.751583 6.43893e-19)
(0.267242 1.14646 1.58095e-18)
(0.240969 2.39629 4.65153e-19)
(0.257216 3.08201 9.32693e-19)
(0.251842 3.27983 -7.14802e-19)
(0.20349 3.34527 2.62259e-19)
(0.171613 3.35833 0)
(0.41499 0.437142 1.32728e-19)
(0.894711 0.917835 -8.20696e-19)
(1.08302 1.14101 -2.2107e-19)
(1.11934 1.19269 -4.88689e-20)
(1.08905 1.19616 2.65945e-20)
(1.02916 1.16308 -1.00449e-19)
(0.955282 1.12481 -1.61732e-21)
(0.878091 1.08446 -3.70306e-19)
(0.788993 1.0425 0)
(0.687713 0.996421 -7.5758e-20)
(0.579447 0.94842 6.89174e-20)
(0.474302 0.897324 0)
(0.38123 0.840258 0)
(0.320911 0.942046 -8.06621e-19)
(0.26789 1.85322 1.00771e-19)
(0.264347 2.94459 -3.49899e-19)
(0.288686 3.28324 7.31655e-19)
(0.260283 3.38147 5.26328e-19)
(0.195573 3.40598 -7.13604e-19)
(0.171107 3.416 3.52549e-19)
(0.412913 0.446684 2.60286e-19)
(0.887525 0.932938 7.99203e-19)
(1.07283 1.15954 2.6578e-19)
(1.10872 1.21356 0)
(1.07811 1.21839 0)
(1.0181 1.1855 7.80362e-20)
(0.944226 1.1472 5.9714e-20)
(0.867265 1.10721 3.29895e-19)
(0.778392 1.0664 2.16886e-20)
(0.676003 1.02212 9.66613e-19)
(0.56566 0.977202 -1.14844e-18)
(0.454974 0.929935 0)
(0.377226 0.914259 0)
(0.333732 1.31497 -5.50129e-19)
(0.33047 2.49412 -6.60989e-19)
(0.374659 3.19534 0)
(0.399501 3.36412 -7.40841e-19)
(0.328985 3.4269 4.94241e-20)
(0.260499 3.47225 3.45274e-19)
(0.238325 3.49765 -1.13388e-19)
(0.411151 0.456536 -4.94773e-19)
(0.882482 0.954144 -3.83558e-19)
(1.06315 1.18302 0)
(1.09727 1.23625 0)
(1.06635 1.24006 0)
(1.0066 1.20697 0)
(0.933284 1.16946 -7.1318e-20)
(0.856432 1.13065 2.8833e-19)
(0.767143 1.09138 0)
(0.665124 1.05008 -8.79912e-19)
(0.55521 1.00972 2.06085e-18)
(0.445802 0.971665 8.43907e-20)
(0.395778 1.03938 1.13452e-19)
(0.385436 1.74495 8.96449e-19)
(0.396652 2.90174 -4.82599e-19)
(0.436126 3.31535 0)
(0.419328 3.43713 2.0828e-19)
(0.333666 3.52602 9.1231e-20)
(0.259572 3.58995 1.47961e-19)
(0.184146 3.56942 -1.30534e-20)
(0.408137 0.466953 2.35145e-19)
(0.873371 0.970152 -3.91112e-19)
(1.05098 1.20288 0)
(1.08501 1.25881 -7.1529e-20)
(1.05388 1.2642 2.46341e-19)
(0.994167 1.23119 0)
(0.921063 1.19336 0)
(0.844792 1.15462 -5.00087e-19)
(0.756314 1.11637 -5.62067e-20)
(0.654037 1.07681 8.6308e-19)
(0.540614 1.03853 -9.79135e-19)
(0.449746 1.01875 5.74351e-19)
(0.410464 1.22301 0)
(0.420203 2.18691 -4.75344e-19)
(0.462723 3.14366 3.11713e-19)
(0.527302 3.41768 1.96133e-19)
(0.518485 3.51327 0)
(0.456 3.59489 -3.63596e-20)
(0.386928 3.63489 -4.08422e-19)
(0.30654 3.60687 -9.59982e-20)
(0.405447 0.477528 -4.67782e-19)
(0.867145 0.9944 5.599e-19)
(1.03962 1.22947 3.88385e-19)
(1.0717 1.28374 -9.6549e-20)
(1.04037 1.28745 -3.76129e-19)
(0.98119 1.2539 0)
(0.90908 1.21675 1.74637e-20)
(0.833324 1.17917 1.80543e-19)
(0.744892 1.14238 2.94686e-20)
(0.64401 1.1058 -7.45625e-19)
(0.531809 1.07406 -5.18387e-20)
(0.451873 1.08218 -6.48006e-19)
(0.448162 1.45852 7.10781e-19)
(0.492735 2.55338 1.56585e-19)
(0.55805 3.30428 -2.75901e-19)
(0.610361 3.4686 1.45227e-19)
(0.569892 3.51911 0)
(0.512705 3.52296 0)
(0.420097 3.48638 -6.79413e-19)
(0.192909 3.27679 1.2538e-18)
(0.400868 0.488508 2.23818e-19)
(0.855473 1.01128 5.51314e-19)
(1.02507 1.2506 -3.96351e-19)
(1.05757 1.308 3.51977e-19)
(1.02619 1.31348 3.92565e-19)
(0.967313 1.27985 0)
(0.895707 1.24204 -9.77117e-21)
(0.820981 1.20415 1.44948e-19)
(0.734094 1.16806 0)
(0.633914 1.13283 0)
(0.527117 1.10583 0)
(0.461613 1.15912 0)
(0.487629 1.69726 -8.02302e-19)
(0.549756 2.86025 -2.08955e-19)
(0.62638 3.39019 0)
(0.669524 3.48075 -2.60301e-20)
(0.667335 3.48629 0)
(0.744893 3.32654 1.3956e-19)
(0.840174 2.95669 -1.76945e-18)
(0.447476 2.57465 1.85708e-18)
(0.397083 0.498877 -4.53978e-19)
(0.847547 1.03885 -3.53405e-19)
(1.01163 1.28076 -2.62789e-19)
(1.04207 1.33543 -3.29168e-19)
(1.01065 1.33843 -1.91217e-19)
(0.952717 1.30382 0)
(0.882666 1.26652 2.5206e-21)
(0.808974 1.22972 -4.07886e-20)
(0.722673 1.19491 -2.22939e-19)
(0.625249 1.16243 0)
(0.521907 1.14513 5.12959e-20)
(0.477138 1.25535 -5.83113e-20)
(0.535028 1.95446 0)
(0.62524 3.08164 2.72284e-19)
(0.716868 3.43196 0)
(0.74698 3.46753 -9.88017e-20)
(0.750095 3.37622 2.72461e-19)
(0.743583 2.99442 -1.37738e-19)
(0.498523 1.98317 2.71932e-19)
(-0.341324 0.493013 -6.60662e-19)
(0.389357 0.510027 -1.30531e-20)
(0.83223 1.05627 -1.80364e-19)
(0.993904 1.30312 3.62199e-19)
(1.02545 1.3618 -1.98262e-20)
(0.9942 1.36703 -6.0427e-20)
(0.936863 1.33239 0)
(0.867618 1.29424 7.30379e-20)
(0.795429 1.25689 -7.18213e-20)
(0.711544 1.22264 3.99352e-19)
(0.612735 1.19108 -5.00075e-19)
(0.524934 1.18327 -6.03806e-19)
(0.50221 1.37214 0)
(0.588838 2.25993 4.03824e-19)
(0.687772 3.2149 -5.69309e-20)
(0.761919 3.41198 2.72676e-20)
(0.769287 3.40157 0)
(0.698817 3.1698 -1.4338e-19)
(0.529736 2.39506 1.5065e-19)
(0.100263 0.620646 -1.7871e-19)
(-0.248254 -0.39246 -1.64398e-19)
(0.38414 0.520399 4.25599e-19)
(0.821804 1.08725 -1.76569e-19)
(0.977535 1.33758 2.54865e-19)
(1.00694 1.39257 1.96887e-19)
(0.975839 1.39458 1.21291e-19)
(0.919939 1.35868 2.32813e-19)
(0.852927 1.32113 -1.60454e-19)
(0.782368 1.2851 6.66468e-21)
(0.699503 1.25231 -2.89909e-19)
(0.604061 1.22449 3.36119e-20)
(0.526284 1.23321 9.79696e-20)
(0.530236 1.52059 -3.97322e-19)
(0.63989 2.52156 1.08717e-19)
(0.749937 3.28732 -2.15513e-19)
(0.813638 3.38718 3.70997e-20)
(0.788241 3.30618 7.69124e-20)
(0.661137 2.85791 -2.03492e-19)
(0.402857 1.62049 1.32787e-19)
(0.0590997 0.0486117 0)
(-0.0796228 -0.157647 -2.88628e-19)
(0.372175 0.528556 0)
(0.801498 1.10406 -6.68802e-19)
(0.955697 1.36063 2.37811e-20)
(0.987244 1.42107 -3.24466e-19)
(0.956591 1.42601 0)
(0.901755 1.3903 -1.72161e-19)
(0.835944 1.35185 1.5984e-19)
(0.76747 1.31516 -6.23472e-21)
(0.688178 1.28283 2.01867e-19)
(0.596113 1.25719 3.57565e-19)
(0.531213 1.28468 4.65192e-19)
(0.564601 1.67729 4.85148e-20)
(0.69699 2.76993 -2.96287e-19)
(0.800098 3.31724 1.32471e-20)
(0.833552 3.34404 7.90221e-21)
(0.758006 3.12559 7.39675e-20)
(0.523151 2.31087 8.65715e-20)
(0.115994 0.439077 -1.02603e-19)
(-0.137994 -0.245176 0)
(-0.115531 -0.206818 0)
(0.363498 0.539747 -4.10785e-19)
(0.787066 1.13772 6.62817e-19)
(0.935571 1.39916 0)
(0.965066 1.45505 0)
(0.934834 1.456 0)
(0.88216 1.41876 0)
(0.819446 1.38096 -8.34887e-20)
(0.753359 1.34568 -1.61399e-20)
(0.675827 1.31499 -3.58015e-20)
(0.589849 1.29398 3.7403e-20)
(0.537642 1.3507 -3.82349e-19)
(0.599857 1.86104 2.80517e-19)
(0.746449 2.95179 0)
(0.839078 3.31454 3.63988e-20)
(0.860052 3.28121 5.73518e-20)
(0.718368 2.85925 -2.22459e-20)
(0.390418 1.6763 1.02266e-19)
(0.0171771 -0.0419621 5.91822e-20)
(-0.156812 -0.201365 -2.39563e-19)
(-0.0570778 -0.137325 -2.79978e-19)
(0.346952 0.542285 2.08522e-19)
(0.760689 1.15033 3.10329e-19)
(0.908859 1.42141 -9.34027e-21)
(0.941675 1.48495 1.70788e-19)
(0.912192 1.4896 0)
(0.861362 1.45288 3.23342e-19)
(0.8003 1.41412 -6.72087e-20)
(0.736975 1.37809 1.93522e-20)
(0.662926 1.3475 -3.60434e-20)
(0.58407 1.33045 2.68323e-20)
(0.549098 1.41952 2.58297e-19)
(0.64179 2.06799 -1.27671e-19)
(0.796747 3.07516 -1.11693e-19)
(0.874587 3.30805 1.74792e-21)
(0.853632 3.17856 -3.01861e-20)
(0.620821 2.50418 1.38054e-19)
(0.186847 0.70297 -7.68025e-20)
(-0.0847928 -0.270419 1.13978e-19)
(-0.128058 -0.221734 -3.49266e-19)
(-0.0600089 -0.122132 2.44366e-19)
(0.331356 0.550063 -1.95052e-19)
(0.73898 1.18279 0)
(0.88436 1.46278 -2.27853e-19)
(0.914969 1.52152 -3.29179e-19)
(0.886243 1.52137 0)
(0.838679 1.48294 -2.52312e-19)
(0.781619 1.44487 0)
(0.721503 1.40999 -1.23749e-19)
(0.648315 1.38112 -1.73557e-20)
(0.580506 1.37122 6.31346e-20)
(0.56127 1.50452 -1.23447e-19)
(0.68217 2.2708 7.06482e-20)
(0.834268 3.14271 1.76821e-19)
(0.899434 3.27599 1.07908e-20)
(0.839281 3.02819 -3.10155e-20)
(0.523817 2.06857 -4.74442e-20)
(0.0728066 0.114914 1.22384e-19)
(-0.184587 -0.251009 -1.35578e-19)
(-0.105587 -0.210198 4.97095e-22)
(-0.0532194 -0.0760953 -2.55905e-20)
(0.308107 0.545234 3.87464e-19)
(0.705537 1.18919 -2.96887e-19)
(0.852129 1.48169 2.42072e-19)
(0.886776 1.55149 1.58494e-19)
(0.859515 1.55597 2.8336e-20)
(0.815009 1.51844 1.57971e-19)
(0.759908 1.47926 0)
(0.703407 1.44364 -3.84615e-20)
(0.634383 1.41535 0)
(0.575708 1.41146 -5.9047e-20)
(0.577446 1.58974 1.22703e-19)
(0.723835 2.44964 -2.8622e-21)
(0.874894 3.18632 -5.89783e-20)
(0.920501 3.24248 3.68485e-20)
(0.798422 2.83937 -1.22326e-20)
(0.371652 1.50227 6.26422e-20)
(-0.0507626 -0.133056 -1.8617e-19)
(-0.227767 -0.252787 -1.05281e-19)
(-0.124297 -0.248881 -3.98321e-20)
(-0.074515 -0.0890396 1.90625e-19)
(0.285444 0.543974 4.26553e-21)
(0.677005 1.21734 1.52049e-19)
(0.821875 1.52234 0)
(0.854043 1.58886 2.97762e-19)
(0.828802 1.58843 -4.25021e-19)
(0.78883 1.54914 1.59445e-19)
(0.738508 1.51081 -1.07e-19)
(0.686296 1.4757 1.03872e-19)
(0.619729 1.44961 -9.30302e-20)
(0.571553 1.45528 -1.33541e-21)
(0.592023 1.68463 2.36838e-20)
(0.764214 2.60565 4.75601e-20)
(0.897517 3.19429 3.51052e-20)
(0.922043 3.18027 -5.78238e-20)
(0.736341 2.58303 -5.78445e-20)
(0.282529 0.996564 1.09823e-19)
(-0.0470773 -0.25747 -1.06959e-19)
(-0.192959 -0.290848 7.58874e-20)
(-0.11266 -0.276159 2.00817e-21)
(-0.0814025 -0.108622 -1.60986e-19)
(0.255013 0.525457 7.19665e-19)
(0.634779 1.21094 -1.51301e-19)
(0.782363 1.53319 -4.14348e-19)
(0.820017 1.61564 3.36362e-19)
(0.798033 1.62228 -1.86036e-19)
(0.761832 1.58413 3.08109e-19)
(0.713711 1.54453 1.67208e-19)
(0.66629 1.50894 0)
(0.606217 1.48382 1.06966e-19)
(0.56483 1.49775 -1.55087e-20)
(0.608473 1.77208 -1.10274e-20)
(0.799073 2.72586 -4.35367e-21)
(0.919376 3.1954 1.79001e-20)
(0.928855 3.12208 7.95475e-21)
(0.680271 2.39002 -8.22548e-20)
(0.171744 0.455543 -2.95021e-20)
(-0.0395242 -0.272616 1.02168e-19)
(-0.113331 -0.286708 4.64133e-20)
(-0.0859372 -0.243623 1.55977e-20)
(-0.0477958 -0.103747 1.31354e-19)
(0.22409 0.505694 0)
(0.596687 1.22677 1.40803e-19)
(0.744239 1.56868 -1.8823e-19)
(0.780616 1.64998 3.25942e-19)
(0.763006 1.65322 -4.05267e-19)
(0.731259 1.61391 1.68943e-19)
(0.689076 1.57572 0)
(0.646685 1.53971 0)
(0.59232 1.51581 0)
(0.558129 1.54178 2.24313e-20)
(0.620148 1.85813 -2.10171e-20)
(0.828096 2.81458 1.72597e-20)
(0.931508 3.19168 4.51188e-20)
(0.909883 3.03981 4.32101e-20)
(0.591012 2.11669 -7.6448e-20)
(0.0505089 0.116648 5.06107e-20)
(-0.12741 -0.285636 5.26795e-21)
(-0.103362 -0.289049 -1.03549e-19)
(-0.0774895 -0.202255 1.25809e-20)
(-0.0220083 -0.0643749 0)
(0.185841 0.462009 6.58542e-19)
(0.542846 1.19521 -1.31662e-19)
(0.696128 1.56475 4.5582e-21)
(0.741412 1.67 0)
(0.72799 1.68268 -1.95009e-19)
(0.700341 1.64601 1.84653e-20)
(0.660942 1.60591 0)
(0.624396 1.57031 5.20267e-20)
(0.577747 1.54706 -4.10548e-20)
(0.54989 1.58071 0)
(0.631093 1.93121 0)
(0.846077 2.8765 -3.12537e-20)
(0.937998 3.18382 -5.41022e-20)
(0.898601 2.97283 2.58306e-21)
(0.530017 1.89735 -1.96602e-20)
(-0.00294475 -0.0112706 2.71651e-20)
(-0.162533 -0.273872 0)
(-0.131641 -0.315308 -6.07579e-20)
(-0.0878663 -0.200125 -9.46769e-20)
(-0.0187887 -0.0580681 2.25941e-19)
(0.146201 0.408851 5.42948e-19)
(0.49328 1.18472 -1.25915e-19)
(0.648926 1.58649 1.78831e-19)
(0.695569 1.69616 -4.43899e-19)
(0.687164 1.70775 0)
(0.665827 1.67342 0)
(0.633062 1.63532 0)
(0.602126 1.5984 5.49463e-20)
(0.561737 1.57437 -4.3355e-20)
(0.540285 1.61664 0)
(0.633852 1.99501 0)
(0.857859 2.91332 9.59246e-20)
(0.937041 3.18342 -3.17982e-20)
(0.872182 2.8996 3.46867e-20)
(0.490309 1.71951 5.6567e-20)
(0.00232254 -0.0521578 0)
(-0.173941 -0.29041 -1.40456e-20)
(-0.131985 -0.358102 -1.9564e-20)
(-0.0953872 -0.245764 1.80204e-19)
(-0.0151073 -0.0756878 -2.18996e-19)
(0.102194 0.3246 -5.04548e-19)
(0.42488 1.10497 1.3176e-19)
(0.59133 1.55462 3.74931e-19)
(0.6509 1.70371 2.56018e-19)
(0.647695 1.72837 -2.07286e-19)
(0.631383 1.69907 -1.38373e-19)
(0.601648 1.65842 9.52524e-20)
(0.577556 1.62361 0)
(0.545554 1.59971 0)
(0.527804 1.64219 0)
(0.631608 2.02591 -7.9327e-20)
(0.860607 2.93745 -9.20394e-20)
(0.934549 3.18707 3.09356e-20)
(0.857246 2.90465 -1.90707e-20)
(0.500994 1.67621 -9.91734e-22)
(0.0162059 0.0274541 0)
(-0.172181 -0.275086 2.69296e-20)
(-0.14858 -0.387445 -1.44511e-19)
(-0.0889791 -0.284125 3.35683e-19)
(0.00311927 -0.0377909 -1.92626e-19)
(0.0522686 0.221249 5.33544e-19)
(0.360245 1.04506 -4.3832e-19)
(0.531672 1.54452 0)
(0.5968 1.71144 1.26742e-19)
(0.602104 1.7433 9.20862e-20)
(0.593765 1.72128 1.95079e-19)
(0.570917 1.68429 -8.9037e-20)
(0.551817 1.64652 0)
(0.526291 1.62043 0)
(0.512857 1.66163 -1.59572e-19)
(0.617598 2.03194 -2.83406e-21)
(0.863899 2.94086 8.14165e-20)
(0.929252 3.19937 4.90696e-20)
(0.835555 2.9059 6.31749e-20)
(0.461 1.71233 -6.63104e-20)
(-0.0778968 0.263516 1.16049e-19)
(-0.258189 -0.267032 -8.51505e-20)
(-0.274977 -0.460556 0)
(-0.187672 -0.388861 -1.22048e-20)
(-0.0227772 0.00310595 2.18466e-19)
(0.0131768 0.130664 5.45494e-19)
(0.265922 0.876834 0)
(0.462362 1.45819 0)
(0.54734 1.69491 0)
(0.559364 1.7497 7.77589e-20)
(0.556051 1.73565 -1.93075e-19)
(0.536574 1.69665 -8.76069e-20)
(0.524548 1.66278 0)
(0.507057 1.63661 0)
(0.496056 1.6715 9.84431e-20)
(0.599636 2.00718 3.28473e-20)
(0.844112 2.90577 -4.05511e-20)
(0.939945 3.20203 1.47114e-20)
(0.84765 3.01648 8.0377e-20)
(0.492347 1.83766 -1.41323e-19)
(-0.0298015 0.383472 2.3589e-19)
(-0.349592 -0.347913 -2.17199e-19)
(-0.355963 -0.793121 0)
(-0.357639 -0.91879 1.11269e-20)
(-0.143665 -0.58481 3.12272e-19)
(-0.00642624 0.0722993 -5.0635e-19)
(0.182354 0.732648 1.74331e-19)
(0.387664 1.37518 2.72058e-19)
(0.484499 1.66106 -1.36568e-20)
(0.511607 1.74761 -1.67459e-19)
(0.515962 1.74882 -1.09478e-19)
(0.503777 1.71855 2.4616e-19)
(0.493976 1.67802 -4.83776e-21)
(0.48248 1.64667 0)
(0.476181 1.67373 2.71852e-20)
(0.56986 1.95528 -1.54332e-20)
(0.840298 2.83701 4.27664e-20)
(0.981422 3.18246 0)
(1.02561 3.06042 -4.58339e-20)
(0.867853 2.3849 0)
(0.462232 1.05149 -5.96963e-20)
(0.0553347 0.0209186 -2.79083e-20)
(-0.222416 -0.889821 0)
(-0.299482 -1.19347 0)
(-0.179596 -1.0865 4.74754e-19)
(-0.00105962 0.00560662 4.08164e-19)
(0.0760818 0.35137 -1.53046e-19)
(0.323694 1.17604 1.21967e-19)
(0.436051 1.59231 -1.92891e-19)
(0.466352 1.72993 7.59053e-20)
(0.474259 1.74165 -2.6408e-20)
(0.467862 1.72273 1.69132e-20)
(0.461984 1.68479 -3.23769e-20)
(0.456572 1.64947 -2.14369e-20)
(0.45272 1.66242 -2.10808e-20)
(0.526095 1.87288 3.64499e-21)
(0.801873 2.66746 0)
(1.01554 3.08112 -1.52808e-21)
(1.04896 2.99935 0)
(1.02859 2.63772 0)
(0.853973 1.84767 0)
(0.538032 0.833896 -2.64643e-20)
(0.209575 0.000375573 1.12862e-19)
(0.028612 -0.965518 -2.12646e-20)
(-0.120524 -1.24185 -1.29844e-20)
(0.00899759 -0.0453718 7.32212e-20)
(0.0161107 0.130251 6.8624e-20)
(0.206814 0.891456 -5.59122e-20)
(0.360026 1.45423 -4.27277e-20)
(0.420938 1.69424 3.45369e-20)
(0.433187 1.74531 2.46395e-20)
(0.429519 1.73612 1.75653e-20)
(0.422544 1.69389 0)
(0.420808 1.64741 -9.04869e-21)
(0.423074 1.64541 -5.603e-21)
(0.45737 1.77211 1.51196e-20)
(0.66102 2.42962 0)
(0.901843 2.94219 1.30596e-20)
(0.960171 2.91691 -1.27504e-20)
(0.941099 2.68895 0)
(0.843967 2.20272 0)
(0.610855 1.37525 -8.52689e-21)
(0.379887 0.573341 0)
(0.188519 -0.223613 -8.11084e-21)
(0.0622494 -0.560668 0)
(-9.77238e-05 -0.0718387 0)
(0.00335043 -0.0176192 0)
(0.079186 0.398321 0)
(0.280791 1.22635 0)
(0.358241 1.60283 -8.64259e-34)
(0.386436 1.71645 6.62837e-34)
(0.387732 1.72696 0)
(0.382503 1.70117 0)
(0.377512 1.64176 0)
(0.380062 1.62249 0)
(0.388338 1.69377 0)
(0.496044 2.14454 0)
(0.730912 2.80624 0)
(0.770589 2.84125 0)
(0.760331 2.72839 0)
(0.706045 2.43197 0)
(0.561304 1.85546 0)
(0.370909 1.17054 0)
(0.189776 0.506835 0)
(0.0425836 0.018621 0)
(-0.00492045 -0.0708585 0)
(0.0109988 -0.0966154 0)
(0.0243491 0.103275 0)
(0.184398 0.886033 0)
(0.298579 1.47883 0)
(0.333454 1.68798 0)
(0.340136 1.72237 0)
(0.337985 1.70599 0)
(0.331275 1.64244 0)
(0.33227 1.60624 0)
(0.32655 1.64784 0)
(0.371585 1.98158 0)
(0.574449 2.68406 0)
(0.60484 2.81292 0)
(0.585529 2.76984 0)
(0.551481 2.58732 0)
(0.459607 2.17818 0)
(0.300379 1.56144 0)
(0.152526 0.945973 0)
(0.0375653 0.418256 0)
(-0.00327482 -0.0823186 0)
(0.00981285 -0.136391 0)
(0.00666601 -0.0190961 0)
(0.0915276 0.585617 0)
(0.228179 1.30862 0)
(0.282395 1.63532 0)
(0.289969 1.71078 0)
(0.287746 1.7047 0)
(0.279114 1.64668 0)
(0.27763 1.59775 0)
(0.268807 1.62431 0)
(0.267826 1.89367 0)
(0.43658 2.58708 0)
(0.457132 2.81661 0)
(0.434212 2.81625 0)
(0.404662 2.7176 0)
(0.345977 2.43163 0)
(0.226132 1.90555 0)
(0.109998 1.34961 0)
(0.022876 0.759151 0)
(-0.00326323 -0.0812087 0)
(-0.00265934 -0.143705 0)
(-0.00558564 -0.0664153 0)
(0.0338641 0.351825 0)
(0.167567 1.16068 0)
(0.222217 1.56811 0)
(0.24021 1.69559 0)
(0.240461 1.70143 0)
(0.229934 1.65353 0)
(0.22372 1.59721 0)
(0.219934 1.61758 0)
(0.187095 1.8499 0)
(0.320254 2.52427 0)
(0.340618 2.82799 0)
(0.308585 2.86933 0)
(0.281265 2.81805 0)
(0.240218 2.6106 0)
(0.154958 2.16257 0)
(0.0671507 1.62745 0)
(0.010337 0.961854 0)
(-0.00451257 -0.0527989 0)
(-0.00970508 -0.132271 0)
(0.00350414 -0.0950011 0)
(0.0107804 0.175351 0)
(0.121449 1.03148 0)
(0.169486 1.52114 0)
(0.1856 1.68338 0)
(0.185524 1.70026 0)
(0.178109 1.66196 0)
(0.171525 1.6037 0)
(0.177143 1.62128 0)
(0.126847 1.82656 0)
(0.225659 2.48113 0)
(0.246144 2.84105 0)
(0.211484 2.91791 0)
(0.187855 2.89721 0)
(0.158734 2.74096 0)
(0.0986777 2.35159 0)
(0.0376331 1.83911 0)
(0.00130872 1.0948 0)
(-0.00150877 -0.0358463 0)
(0.010877 -0.165089 0)
(0.0440791 -0.135213 0)
(0.0349803 0.0761193 0)
(0.092825 0.853336 0)
(0.136356 1.45347 0)
(0.140898 1.66772 0)
(0.137741 1.6977 0)
(0.130706 1.66694 0)
(0.123387 1.61234 0)
(0.138345 1.62922 0)
(0.0824655 1.81663 0)
(0.151741 2.45826 0)
(0.170509 2.85644 0)
(0.138999 2.96104 0)
(0.118483 2.95686 0)
(0.0975045 2.83424 0)
(0.0557675 2.48167 0)
(0.0116789 1.97067 0)
(-0.00630119 1.13728 0)
(0.00941778 -0.0875126 0)
(0.0439427 -0.270219 0)
(0.0818924 -0.21286 0)
(0.0692848 0.0645609 0)
(0.0647098 0.797921 0)
(0.0950176 1.42676 0)
(0.0891553 1.65721 0)
(0.0860101 1.69509 0)
(0.085785 1.66865 0)
(0.0794013 1.61843 0)
(0.102122 1.63725 0)
(0.0502968 1.81061 0)
(0.0972317 2.44278 0)
(0.11052 2.87146 0)
(0.0833919 2.99708 0)
(0.0665134 3.0059 0)
(0.0532591 2.90012 0)
(0.0233792 2.56879 0)
(-0.00038965 2.05324 0)
(-0.0106703 1.12726 0)
(0.0198931 -0.239732 0)
(0.053741 -0.417531 0)
(0.0829014 -0.278793 0)
(0.0507978 0.117562 0)
(0.00730226 0.808789 0)
(0.0251898 1.42142 0)
(0.0187359 1.65805 0)
(0.0294727 1.69317 0)
(0.0398176 1.6662 0)
(0.0387088 1.62029 0)
(0.0678672 1.64244 0)
(0.0262013 1.80985 0)
(0.0576753 2.43555 0)
(0.0646107 2.88334 0)
(0.0414148 3.02434 0)
(0.0293179 3.04133 0)
(0.0191787 2.94597 0)
(0.000746082 2.62338 0)
(-0.0187558 2.09323 0)
(-0.0126113 1.09209 0)
(0.0150527 -0.367339 0)
(0.0364422 -0.484895 0)
(0.0281692 -0.231394 0)
(-0.0220923 0.251519 0)
(-0.0791911 0.893642 0)
(-0.0789341 1.44137 0)
(-0.0636059 1.65168 0)
(-0.0323032 1.68293 0)
(-0.00409015 1.65643 0)
(0.00235843 1.61474 0)
(0.0369505 1.64273 0)
(0.00604892 1.80823 0)
(0.0282084 2.42957 0)
(0.0292739 2.89121 0)
(0.0108775 3.04355 0)
(0.00111634 3.0682 0)
(-0.00641342 2.97424 0)
(-0.0187749 2.65039 0)
(-0.0256783 2.09007 0)
(-0.0150167 1.02003 0)
(0.00625148 -0.40967 0)
(-0.014788 -0.440089 0)
(-0.0576991 -0.0958023 0)
(-0.116659 0.40937 0)
(-0.17281 1.01482 0)
(-0.165709 1.44017 0)
(-0.136343 1.61671 0)
(-0.090046 1.65597 0)
(-0.0453484 1.6367 0)
(-0.0296539 1.60031 0)
(0.0100292 1.63879 0)
(-0.00974402 1.80874 0)
(0.00548652 2.4294 0)
(0.00229669 2.89753 0)
(-0.0106548 3.05724 0)
(-0.0175815 3.0843 0)
(-0.0241329 2.99007 0)
(-0.0308285 2.66169 0)
(-0.0310721 2.07259 0)
(-0.0167803 0.931224 0)
(-0.00972055 -0.33438 0)
(-0.0493514 -0.294863 0)
(-0.108566 0.0495468 0)
(-0.161356 0.530695 0)
(-0.209733 1.06403 0)
(-0.200489 1.39571 0)
(-0.17175 1.55374 0)
(-0.123612 1.60706 0)
(-0.0745342 1.60232 0)
(-0.0549267 1.57879 0)
(-0.00984478 1.63032 0)
(-0.023429 1.80825 0)
(-0.0118748 2.42819 0)
(-0.0172253 2.9025 0)
(-0.0261746 3.06643 0)
(-0.0312478 3.09536 0)
(-0.0350339 2.99698 0)
(-0.0391095 2.65728 0)
(-0.0338039 2.03656 0)
(-0.0146392 0.840744 0)
(-0.0131776 -0.218237 0)
(-0.0550865 -0.126251 0)
(-0.117562 0.205395 0)
(-0.17313 0.640143 0)
(-0.205865 1.08174 0)
(-0.198859 1.34695 0)
(-0.172765 1.48953 0)
(-0.13265 1.55058 0)
(-0.0893041 1.56088 0)
(-0.0687897 1.5524 0)
(-0.0225879 1.61846 0)
(-0.0334121 1.80845 0)
(-0.0246378 2.43002 0)
(-0.0303801 2.90816 0)
(-0.0363 3.07318 0)
(-0.0387694 3.10128 0)
(-0.0414061 2.99756 0)
(-0.0416404 2.64302 0)
(-0.0330132 1.98188 0)
(-0.0109089 0.753859 0)
(-0.0118597 -0.0956067 0)
(-0.0499685 0.0422571 0)
(-0.105796 0.346125 0)
(-0.156135 0.728969 0)
(-0.183306 1.09481 0)
(-0.175483 1.3144 0)
(-0.153964 1.43979 0)
(-0.123937 1.50088 0)
(-0.0889827 1.52029 0)
(-0.072075 1.52462 0)
(-0.0291559 1.60283 0)
(-0.0414271 1.80654 0)
(-0.0327623 2.4307 0)
(-0.0381453 2.91098 0)
(-0.0424549 3.0765 0)
(-0.0436753 3.10426 0)
(-0.043404 2.99379 0)
(-0.0410248 2.62897 0)
(-0.0296303 1.92947 0)
(-0.00693862 0.68179 0)
(-0.0086209 0.00699868 0)
(-0.0384462 0.185594 0)
(-0.0836996 0.468294 0)
(-0.124391 0.807481 0)
(-0.148455 1.1168 0)
(-0.144277 1.30254 0)
(-0.130554 1.41116 0)
(-0.109458 1.46749 0)
(-0.0808351 1.48909 0)
(-0.0686886 1.50097 0)
(-0.0307214 1.58815 0)
(-0.0439878 1.80382 0)
(-0.0377002 2.4342 0)
(-0.0420252 2.91447 0)
(-0.0444163 3.07836 0)
(-0.0437642 3.10364 0)
(-0.0428162 2.98513 0)
(-0.0383748 2.60067 0)
(-0.0252332 1.86715 0)
(-0.00372333 0.622746 0)
(-0.00530385 0.0802652 0)
(-0.0262434 0.29678 0)
(-0.0605944 0.567351 0)
(-0.0922581 0.872375 0)
(-0.112934 1.13979 0)
(-0.112779 1.30072 0)
(-0.106831 1.39623 0)
(-0.0933907 1.4476 0)
(-0.0702691 1.46869 0)
(-0.0627885 1.48358 0)
(-0.0292482 1.5761 0)
(-0.0429918 1.80383 0)
(-0.0380349 2.43625 0)
(-0.0427035 2.91609 0)
(-0.0438574 3.0783 0)
(-0.0426033 3.10219 0)
(-0.0406271 2.97803 0)
(-0.0350658 2.58029 0)
(-0.0208516 1.81348 0)
(-0.00150027 0.579445 0)
(-0.0028023 0.126884 0)
(-0.0163508 0.375672 0)
(-0.0412318 0.642613 0)
(-0.0651515 0.92641 0)
(-0.082327 1.16459 0)
(-0.0850623 1.30694 0)
(-0.084486 1.39135 0)
(-0.0773134 1.43718 0)
(-0.0594636 1.45653 0)
(-0.0564439 1.47221 0)
(-0.0270411 1.56861 0)
(-0.0418022 1.80591 0)
(-0.0373062 2.44056 0)
(-0.0418459 2.9179 0)
(-0.0425122 3.07725 0)
(-0.04052 3.09815 0)
(-0.0375519 2.96317 0)
(-0.0314496 2.5464 0)
(-0.0167456 1.75253 0)
(-0.000122356 0.54459 0)
(-0.00124392 0.154403 0)
(-0.00931778 0.429825 0)
(-0.0268526 0.697714 0)
(-0.0449083 0.966086 0)
(-0.0586109 1.18389 0)
(-0.0626272 1.31335 0)
(-0.0649092 1.38946 0)
(-0.0623372 1.4302 0)
(-0.0489893 1.44775 0)
(-0.0502159 1.4648 0)
(-0.0242429 1.56407 0)
(-0.0383558 1.80783 0)
(-0.035016 2.44233 0)
(-0.0397868 2.91858 0)
(-0.0403399 3.07621 0)
(-0.0381687 3.0952 0)
(-0.0351881 2.9541 0)
(-0.0285481 2.52355 0)
(-0.0133722 1.70443 0)
(0.000590767 0.521262 0)
(-0.000404644 0.168719 0)
(-0.00475644 0.46449 0)
(-0.0164913 0.738752 0)
(-0.0299796 0.99965 0)
(-0.0411476 1.20374 0)
(-0.0458016 1.32339 0)
(-0.0491203 1.39196 0)
(-0.0492568 1.42726 0)
(-0.0390477 1.44177 0)
(-0.0440608 1.45933 0)
(-0.0216544 1.56157 0)
(-0.0357664 1.81276 0)
(-0.0329196 2.44708 0)
(-0.0376287 2.91961 0)
(-0.0376489 3.07354 0)
(-0.0353829 3.08893 0)
(-0.0324256 2.93724 0)
(-0.0257792 2.48821 0)
(-0.0106724 1.64911 0)
(0.000914083 0.500974 0)
(-3.20319e-05 0.175429 0)
(-0.00212513 0.485404 0)
(-0.0098935 0.765911 0)
(-0.0198537 1.02199 0)
(-0.0286052 1.21733 0)
(-0.0334326 1.33091 0)
(-0.0373058 1.39447 0)
(-0.0394661 1.4256 0)
(-0.0308546 1.43751 0)
(-0.0384203 1.45565 0)
(-0.0183128 1.55997 0)
(-0.0324246 1.81469 0)
(-0.0305291 2.44867 0)
(-0.0356926 2.91986 0)
(-0.0357363 3.07202 0)
(-0.0336439 3.0855 0)
(-0.0308216 2.92784 0)
(-0.0239237 2.46614 0)
(-0.00884405 1.60958 0)
(0.000891522 0.488585 0)
(0.000108595 0.177848 0)
(-0.000614501 0.498064 0)
(-0.00546667 0.78704 0)
(-0.013084 1.04214 0)
(-0.0200743 1.23163 0)
(-0.024646 1.34042 0)
(-0.0285427 1.39929 0)
(-0.0321018 1.42631 0)
(-0.0248457 1.43533 0)
(-0.0337541 1.45308 0)
(-0.0156675 1.5587 0)
(-0.0302487 1.8196 0)
(-0.0282263 2.45305 0)
(-0.0334022 2.92058 0)
(-0.0330879 3.06946 0)
(-0.0311306 3.07947 0)
(-0.0284008 2.91119 0)
(-0.0218608 2.43173 0)
(-0.00739568 1.56106 0)
(0.000799329 0.474678 0)
(0.000165826 0.177793 0)
(0.000119149 0.503952 0)
(-0.00277295 0.799426 0)
(-0.00842364 1.05429 0)
(-0.0139657 1.24043 0)
(-0.0183281 1.34688 0)
(-0.0218541 1.4031 0)
(-0.0263649 1.42711 0)
(-0.0197965 1.43384 0)
(-0.0295313 1.45115 0)
(-0.0123935 1.55741 0)
(-0.0278063 1.82184 0)
(-0.0260234 2.45512 0)
(-0.0316775 2.92116 0)
(-0.0311822 3.06832 0)
(-0.0296778 3.07636 0)
(-0.0270408 2.90249 0)
(-0.0204239 2.41191 0)
(-0.00625385 1.53004 0)
(0.000551649 0.467171 0)
(0.000181895 0.177146 0)
(0.000422943 0.507833 0)
(-0.00134249 0.810656 0)
(-0.00582207 1.06716 0)
(-0.0101584 1.25111 0)
(-0.0141831 1.35537 0)
(-0.0173507 1.40908 0)
(-0.0221311 1.43024 0)
(-0.0165034 1.43435 0)
(-0.0260551 1.45046 0)
(-0.0104366 1.55762 0)
(-0.0256448 1.82728 0)
(-0.024003 2.46025 0)
(-0.0298917 2.92276 0)
(-0.029392 3.06672 0)
(-0.0279399 3.0712 0)
(-0.0251664 2.88647 0)
(-0.0188157 2.37866 0)
(-0.00559041 1.48777 0)
(0.00038524 0.455712 0)
(0.000184005 0.175754 0)
(0.00047623 0.5085 0)
(-0.000488718 0.816048 0)
(-0.00409759 1.07367 0)
(-0.00770189 1.25647 0)
(-0.0114003 1.35977 0)
(-0.013885 1.41202 0)
(-0.0189234 1.43144 0)
(-0.0134094 1.43427 0)
(-0.0237967 1.45002 0)
(-0.00922955 1.55814 0)
(-0.0246385 1.83033 0)
(-0.022663 2.46309 0)
(-0.02923 2.92404 0)
(-0.0284126 3.0663 0)
(-0.0273415 3.06878 0)
(-0.02461 2.87847 0)
(-0.0180453 2.36106 0)
(-0.00498633 1.46411 0)
(0.000183826 0.450289 0)
(0.000176837 0.17469 0)
(0.000443792 0.509476 0)
(-0.000238662 0.822741 0)
(-0.00316006 1.08305 0)
(-0.00629714 1.26479 0)
(-0.00966723 1.36678 0)
(-0.0117842 1.41677 0)
(-0.0167274 1.43383 0)
(-0.0118618 1.43508 0)
(-0.0223882 1.45048 0)
(-0.00864985 1.55976 0)
(-0.0239158 1.8366 0)
(-0.0219349 2.46917 0)
(-0.028604 2.92633 0)
(-0.0275806 3.06514 0)
(-0.0264727 3.06387 0)
(-0.0235154 2.86245 0)
(-0.0169747 2.32808 0)
(-0.00483793 1.42591 0)
(9.23907e-05 0.439635 0)
(0.000124228 0.173418 0)
(0.0002359 0.509493 0)
(-0.0002607 0.82532 0)
(-0.00271692 1.08699 0)
(-0.00562713 1.2684 0)
(-0.00888463 1.36989 0)
(-0.0106917 1.4189 0)
(-0.0157959 1.435 0)
(-0.011152 1.43566 0)
(-0.0216927 1.45068 0)
(-0.00877052 1.56062 0)
(-0.0239359 1.83972 0)
(-0.0217563 2.47239 0)
(-0.0290246 2.92739 0)
(-0.0273255 3.06462 0)
(-0.0264802 3.06142 0)
(-0.0234991 2.8544 0)
(-0.016529 2.31189 0)
(-0.00443518 1.40801 0)
(4.73346e-05 0.435633 0)
(-9.2794e-05 0.173993 0)
(-0.000257598 0.511674 0)
(-0.00107216 0.832131 0)
(-0.00325825 1.09661 0)
(-0.00577609 1.27735 0)
(-0.00895263 1.37754 0)
(-0.0103312 1.42459 0)
(-0.0153831 1.43834 0)
(-0.0111104 1.43791 0)
(-0.0215956 1.45149 0)
(-0.00966528 1.56324 0)
(-0.0246996 1.84784 0)
(-0.0224402 2.48029 0)
(-0.0294715 2.92992 0)
(-0.0270113 3.0625 0)
(-0.0262597 3.05425 0)
(-0.0228463 2.83302 0)
(-0.0162429 2.2703 0)
(-0.00541681 1.36182 0)
(-0.000845173 0.418585 0)
(-0.233717 1.55894 1.2628e-22)
(0.392971 3.22902 1.68788e-20)
(0.0898468 3.46136 6.30651e-20)
(0.195986 3.43145 0)
(0.15398 3.38678 0)
(0.147879 3.34058 -3.74928e-19)
(0.149974 3.31398 3.84248e-19)
(0.122916 3.27301 -4.07459e-19)
(0.111558 3.18173 7.53148e-21)
(0.0932766 2.56941 5.59641e-19)
(-0.105204 2.31518 1.06184e-23)
(0.129023 3.28467 1.65361e-19)
(0.00875089 3.43503 0)
(0.0950033 3.3887 0)
(0.0702922 3.34347 1.11195e-20)
(0.0752808 3.30676 7.77231e-19)
(0.071829 3.27707 -4.33356e-19)
(0.0485909 3.24217 -7.27452e-21)
(0.0494436 3.08524 6.93813e-21)
(0.00063803 2.08798 0)
(-0.0280542 2.06794 1.77632e-19)
(0.0840463 3.13776 -1.88443e-19)
(0.0217643 3.34357 0)
(0.0700862 3.32364 3.57756e-19)
(0.0496911 3.30261 -1.33545e-21)
(0.0505187 3.2815 -4.04148e-19)
(0.044891 3.26629 -5.02298e-19)
(0.0294992 3.24634 -2.08497e-22)
(0.0404017 3.12005 7.15489e-21)
(-0.0168703 2.21231 0)
(-0.0410807 2.01387 -4.48369e-20)
(0.0269042 3.11559 0)
(-0.0148471 3.30774 -1.89287e-19)
(0.0197698 3.30671 -1.55388e-19)
(0.0151304 3.28306 1.41436e-20)
(0.0210982 3.26134 -2.62052e-19)
(0.0262225 3.24677 2.33173e-19)
(0.0209942 3.23381 -8.38858e-21)
(0.0416628 3.12597 1.105e-20)
(0.00713657 2.25096 2.8832e-19)
(-0.0530914 2.02327 -1.4639e-19)
(0.0122933 3.0887 0)
(-0.00838529 3.26619 4.08734e-19)
(0.0100018 3.26185 -2.25786e-19)
(0.0134244 3.24813 -6.94098e-22)
(0.0161691 3.23791 -2.2681e-21)
(0.0211365 3.23322 -1.55669e-20)
(0.0216381 3.22454 -2.98123e-19)
(0.0427923 3.12801 8.18775e-21)
(-0.00313462 2.31246 -6.04177e-19)
(-0.0500099 2.08283 0)
(-0.0107235 3.08529 -2.25253e-19)
(-0.0289074 3.2423 1.8886e-20)
(-0.0156708 3.24667 -1.56744e-20)
(-0.00615636 3.2321 1.6052e-20)
(0.00300771 3.21959 2.66481e-19)
(0.0152815 3.2116 2.78793e-19)
(0.0208146 3.20549 5.868e-19)
(0.0426697 3.12411 3.25358e-19)
(0.0105548 2.35441 -1.67147e-20)
(-0.0513337 2.14077 0)
(-0.0201776 3.08161 2.33037e-19)
(-0.0193854 3.21366 -2.44666e-19)
(-0.0118674 3.21269 -1.69387e-20)
(-0.000594021 3.20249 3.50292e-20)
(0.00731865 3.19615 3.63326e-22)
(0.0166187 3.19528 -1.88443e-20)
(0.0217721 3.19122 -3.06923e-19)
(0.0422797 3.12176 -3.16327e-19)
(0.00383727 2.4199 -1.73022e-20)
(-0.0476682 2.22768 2.69165e-19)
(-0.0287638 3.08525 -1.25057e-20)
(-0.0322563 3.19378 8.62833e-21)
(-0.023826 3.19526 0)
(-0.013571 3.18545 0)
(-0.00135771 3.17767 0)
(0.0130183 3.17209 0)
(0.020614 3.16933 3.42814e-19)
(0.0412118 3.11268 -3.53169e-19)
(0.0153023 2.46396 3.49073e-19)
(-0.0464401 2.30646 2.62802e-20)
(-0.0330332 3.08461 2.86978e-19)
(-0.0211777 3.16954 0)
(-0.0146494 3.16539 -1.93285e-20)
(-0.00402503 3.15771 1.97668e-20)
(0.00520642 3.15346 0)
(0.0150373 3.15393 -1.07209e-20)
(0.0207118 3.15292 -3.32718e-19)
(0.0401336 3.10935 3.54695e-19)
(0.0104167 2.53311 0)
(-0.0437119 2.4033 1.60219e-20)
(-0.0358922 3.08615 -4.40206e-19)
(-0.0300736 3.14971 0)
(-0.0225203 3.14682 0)
(-0.0137012 3.13907 2.12194e-20)
(-0.00206907 3.1334 -1.79133e-19)
(0.0114431 3.12927 -2.23935e-20)
(0.0191545 3.12929 1.90977e-19)
(0.0385969 3.09616 0)
(0.0191966 2.58107 0)
(-0.0400811 2.49065 -4.65494e-19)
(-0.0385674 3.08228 1.57757e-19)
(-0.0206096 3.12431 0)
(-0.0128429 3.1163 0)
(-0.00335331 3.10963 0)
(0.00552553 3.10681 3.69074e-19)
(0.0145348 3.10859 0)
(0.0201523 3.11072 -2.03753e-19)
(0.0378498 3.09052 1.25948e-20)
(0.0149503 2.65385 2.13423e-19)
(-0.0377025 2.58949 1.66119e-19)
(-0.0398287 3.07577 -1.61553e-20)
(-0.0296344 3.10132 1.93666e-19)
(-0.0210699 3.09501 1.88267e-19)
(-0.0124642 3.08836 0)
(-0.000748307 3.084 -1.89715e-19)
(0.0123456 3.08152 0)
(0.0209832 3.08445 0)
(0.0385478 3.07215 0)
(0.0222781 2.70642 -2.14414e-19)
(-0.0351313 2.67845 -1.7605e-19)
(-0.0429716 3.0624 1.81802e-19)
(-0.0235544 3.07218 -1.8256e-19)
(-0.0130688 3.06222 -2.87905e-19)
(-0.00280147 3.05705 0)
(0.00708924 3.05567 2.57599e-20)
(0.0168828 3.05861 -1.31491e-20)
(0.0247775 3.0632 9.80832e-20)
(0.0417182 3.06164 1.21782e-19)
(0.020854 2.78046 -1.25309e-19)
(-0.0343541 2.77298 1.80635e-19)
(-0.0460992 3.04527 -1.74188e-19)
(-0.0329215 3.04587 1.24199e-20)
(-0.0209233 3.04032 7.33443e-20)
(-0.0112135 3.03619 -1.05343e-19)
(0.000313298 3.0336 0)
(0.0137402 3.03215 1.13216e-19)
(0.0256208 3.03557 4.95034e-21)
(0.0446202 3.03659 -2.35757e-19)
(0.0286849 2.83262 -6.55251e-21)
(-0.0295931 2.85519 -5.16536e-20)
(-0.0442533 3.02153 1.26263e-20)
(-0.0231741 3.01778 -6.55376e-20)
(-0.0111744 3.01444 2.68274e-20)
(-0.00220606 3.01413 1.28368e-19)
(0.00627239 3.01344 -5.46152e-20)
(0.0145508 3.01418 -5.43433e-20)
(0.0233411 3.01709 -5.64094e-20)
(0.0418073 3.02184 1.2112e-19)
(0.0248436 2.90033 5.9192e-20)
(-0.0176304 2.94051 4.15224e-20)
(-0.0259917 3.00083 1.83574e-20)
(-0.0161427 3.00084 3.61141e-20)
(-0.00938906 3.00162 -7.40148e-20)
(-0.00416797 3.00264 2.50139e-20)
(0.000690318 3.00215 5.08498e-20)
(0.00537915 3.00066 -5.30987e-20)
(0.0107406 2.999 -5.54412e-20)
(0.0217923 2.99714 7.51109e-21)
(0.0165206 2.94913 5.32726e-20)
)
;

boundaryField
{
    wall-4
    {
        type            noSlip;
    }
    pressure-outlet-7
    {
        type            zeroGradient;
    }
    velocity-inlet-6
    {
        type            fixedValue;
        value           uniform (0 3 0);
    }
    velocity-inlet-5
    {
        type            fixedValue;
        value           uniform (1 0 0);
    }
    frontAndBackPlanes
    {
        type            empty;
    }
}


// ************************************************************************* //
