/*--------------------------------*- C++ -*----------------------------------*\
  =========                 |
  \\      /  F ield         | OpenFOAM: The Open Source CFD Toolbox
   \\    /   O peration     | Website:  https://openfoam.org
    \\  /    A nd           | Version:  10
     \\/     M anipulation  |
\*---------------------------------------------------------------------------*/
FoamFile
{
    format      ascii;
    class       volScalarField;
    location    "32";
    object      p;
}
// * * * * * * * * * * * * * * * * * * * * * * * * * * * * * * * * * * * * * //

dimensions      [0 2 -2 0 0 0 0];

internalField   nonuniform List<scalar> 
8800
(
1.50889
1.4611
1.4224
1.3934
1.37253
1.35768
1.34705
1.33953
1.33466
1.33254
1.33371
1.33782
1.3444
1.35367
1.36641
1.38412
1.40888
1.44281
1.48535
1.54405
1.34015
1.34783
1.35529
1.3586
1.35708
1.35199
1.34549
1.33938
1.33461
1.3317
1.33134
1.33375
1.33816
1.34404
1.35077
1.35701
1.36063
1.35988
1.35444
1.34575
1.31857
1.32473
1.32886
1.33179
1.33383
1.33441
1.33328
1.33114
1.32906
1.32807
1.32893
1.33122
1.33394
1.33606
1.33662
1.33539
1.33302
1.32961
1.32504
1.32128
1.31281
1.31546
1.3182
1.3206
1.32222
1.32336
1.32407
1.32414
1.32378
1.32364
1.32428
1.32534
1.32609
1.32609
1.32542
1.32428
1.32243
1.31983
1.31742
1.31591
1.30748
1.30891
1.31068
1.31271
1.31448
1.3158
1.31675
1.3175
1.31804
1.31849
1.31901
1.31939
1.31938
1.319
1.31823
1.31692
1.31518
1.31329
1.31197
1.31114
1.30248
1.3034
1.30464
1.3062
1.30783
1.30933
1.31058
1.31159
1.31247
1.31324
1.31377
1.31395
1.31377
1.31322
1.31224
1.31096
1.30957
1.30825
1.30741
1.30686
1.29767
1.29834
1.29931
1.30061
1.30201
1.30345
1.30486
1.30613
1.30723
1.30819
1.30882
1.309
1.30874
1.30808
1.30715
1.30609
1.30499
1.304
1.30338
1.30298
1.29302
1.29353
1.29432
1.29546
1.29674
1.2981
1.29952
1.30094
1.30226
1.30342
1.3042
1.30443
1.30417
1.30359
1.30282
1.30195
1.30105
1.30028
1.29982
1.29951
1.28846
1.28887
1.28953
1.29055
1.29177
1.29309
1.2945
1.29599
1.29749
1.29887
1.29984
1.3002
1.30008
1.29966
1.29906
1.29836
1.29763
1.29703
1.29667
1.29642
1.28392
1.28424
1.28482
1.28578
1.28695
1.28826
1.28969
1.29125
1.2929
1.29454
1.29575
1.29633
1.29643
1.29621
1.29579
1.29525
1.29466
1.2942
1.29392
1.29372
1.27934
1.2796
1.28012
1.28104
1.28221
1.28354
1.28505
1.28673
1.28856
1.29045
1.292
1.29289
1.29325
1.29324
1.29299
1.29261
1.29215
1.29179
1.29158
1.29142
1.27466
1.27487
1.27535
1.27627
1.27746
1.27886
1.28048
1.28234
1.28443
1.28668
1.28862
1.28987
1.29051
1.29073
1.29067
1.29044
1.29012
1.28985
1.2897
1.28956
1.26982
1.26999
1.27045
1.27138
1.27264
1.27415
1.27591
1.278
1.28043
1.28312
1.28556
1.28723
1.28821
1.28872
1.28888
1.2888
1.2886
1.28843
1.28832
1.28821
1.26477
1.2649
1.26534
1.26631
1.26766
1.2693
1.27125
1.2736
1.2764
1.27964
1.28268
1.28491
1.28635
1.2872
1.28764
1.28777
1.2877
1.28762
1.28756
1.28746
1.25943
1.25952
1.25997
1.26099
1.26247
1.2643
1.26653
1.26927
1.27261
1.27654
1.28034
1.28321
1.28514
1.28637
1.2871
1.28745
1.28755
1.28756
1.28755
1.28747
1.25373
1.25379
1.25423
1.25531
1.25691
1.25895
1.26148
1.26467
1.26865
1.27343
1.27816
1.28183
1.28443
1.28617
1.28729
1.28793
1.28825
1.28838
1.28842
1.28835
1.24746
1.24751
1.24796
1.24907
1.25084
1.25313
1.25608
1.25985
1.26462
1.27046
1.27634
1.28101
1.28436
1.28671
1.28833
1.28938
1.28999
1.29028
1.29036
1.2903
1.24034
1.24037
1.24086
1.24205
1.24403
1.24669
1.25016
1.2547
1.26053
1.26771
1.27497
1.2808
1.28507
1.28816
1.29037
1.29185
1.2928
1.29327
1.29339
1.29332
1.23192
1.23195
1.2325
1.23385
1.23611
1.23923
1.24339
1.2489
1.25601
1.26484
1.27383
1.28108
1.28648
1.29043
1.29333
1.29536
1.29668
1.29733
1.29749
1.2974
1.22168
1.22171
1.22236
1.22397
1.2267
1.23052
1.23566
1.24248
1.25129
1.26218
1.27323
1.28216
1.28881
1.29374
1.29741
1.30001
1.30171
1.30253
1.30273
1.30263
1.20907
1.20911
1.20992
1.21193
1.21533
1.22012
1.22657
1.2351
1.24605
1.25949
1.27304
1.28395
1.29211
1.29817
1.30269
1.30592
1.30802
1.30902
1.30925
1.30913
1.19335
1.19339
1.19445
1.19706
1.20144
1.20759
1.21583
1.22665
1.24036
1.25695
1.27347
1.28667
1.29654
1.30388
1.30938
1.31333
1.31587
1.31704
1.31731
1.31717
1.17341
1.17348
1.17492
1.17842
1.18425
1.19233
1.20307
1.21694
1.23418
1.25461
1.2746
1.29043
1.30223
1.31104
1.31765
1.32242
1.32545
1.3268
1.3271
1.32693
1.14745
1.14757
1.14965
1.15461
1.1627
1.17367
1.18796
1.20593
1.22762
1.25265
1.27664
1.2954
1.30935
1.31978
1.32768
1.33339
1.33692
1.33845
1.33876
1.33856
1.11248
1.11274
1.11609
1.12371
1.13561
1.15109
1.17046
1.19383
1.22099
1.25134
1.27977
1.30174
1.31803
1.33026
1.33956
1.34627
1.35031
1.35201
1.35232
1.35208
1.06288
1.06401
1.07068
1.08373
1.10219
1.12458
1.15093
1.18112
1.21472
1.25101
1.28419
1.30955
1.32831
1.34248
1.35325
1.36098
1.36558
1.36743
1.3677
1.3674
0.989929
0.997476
1.01283
1.03591
1.064
1.09553
1.13042
1.16846
1.20923
1.25203
1.29044
1.31959
1.34121
1.35765
1.37024
1.37929
1.38468
1.38688
1.38723
1.38701
0.912023
0.929425
0.954165
0.987637
1.02567
1.06646
1.10996
1.15607
1.20449
1.25464
1.29942
1.33349
1.35894
1.37838
1.39339
1.40444
1.41101
1.41357
1.41414
1.41411
0.847955
0.868219
0.900791
0.942809
0.989411
1.03881
1.09058
1.14458
1.20047
1.25773
1.30854
1.34711
1.37591
1.39793
1.41482
1.42707
1.43459
1.43793
1.43842
1.43846
0.795838
0.817889
0.855626
0.903674
0.956985
1.01349
1.0725
1.13369
1.19659
1.26055
1.31694
1.35951
1.39112
1.41511
1.43347
1.44697
1.45567
1.45902
1.45963
1.45975
0.75267
0.775807
0.817016
0.869807
0.928437
0.99076
1.05595
1.12349
1.19273
1.26284
1.32428
1.37035
1.40433
1.43
1.44963
1.46402
1.47324
1.47705
1.47788
1.47803
0.715819
0.739594
0.783519
0.839968
0.902991
0.970226
1.04075
1.11389
1.18884
1.26454
1.33056
1.37971
1.41569
1.44268
1.46318
1.47817
1.48778
1.49201
1.49308
1.49324
0.683296
0.707511
0.753512
0.813043
0.879775
0.951257
1.02647
1.10464
1.18477
1.26562
1.33584
1.38776
1.42546
1.45351
1.47465
1.49007
1.49996
1.50448
1.50565
1.5058
0.653658
0.678278
0.726001
0.788146
0.858096
0.933302
1.01271
1.09542
1.18034
1.266
1.34018
1.3947
1.43396
1.4629
1.48449
1.5002
1.51014
1.51481
1.51603
1.51614
0.626028
0.651014
0.700303
0.764678
0.837457
0.915957
0.999119
1.08599
1.17536
1.2656
1.34364
1.4007
1.44147
1.47125
1.49327
1.50911
1.51912
1.52388
1.52517
1.52524
0.599686
0.625096
0.675799
0.74217
0.817484
0.898929
0.98548
1.07616
1.1697
1.26435
1.34622
1.40588
1.44823
1.47891
1.50139
1.51743
1.52747
1.53214
1.53349
1.5336
0.574364
0.60021
0.651988
0.720334
0.797917
0.882017
0.971637
1.06581
1.16327
1.26219
1.34793
1.41033
1.45442
1.48613
1.50916
1.52544
1.53553
1.54014
1.5414
1.54146
0.5497
0.57611
0.628935
0.698988
0.778599
0.865087
0.957492
1.05488
1.156
1.25906
1.34875
1.41411
1.46016
1.49307
1.51678
1.53337
1.54353
1.54807
1.54918
1.54917
0.525616
0.552479
0.60644
0.678013
0.759454
0.848086
0.943003
1.04332
1.14786
1.25494
1.34866
1.41722
1.46548
1.49979
1.52431
1.54127
1.55147
1.55589
1.55688
1.55677
0.502035
0.52945
0.584385
0.657356
0.740451
0.831002
0.92817
1.03114
1.13885
1.24978
1.34758
1.41958
1.47037
1.50634
1.5318
1.54917
1.55935
1.56356
1.56439
1.5642
0.478868
0.506885
0.562759
0.637017
0.721586
0.813851
0.913027
1.01838
1.12898
1.24354
1.3454
1.4211
1.4748
1.51273
1.53929
1.55706
1.56713
1.57104
1.57167
1.57143
0.45613
0.484808
0.541599
0.617024
0.702914
0.796685
0.897632
1.00509
1.11828
1.23619
1.34206
1.42166
1.47864
1.51896
1.54686
1.56498
1.57474
1.57821
1.57863
1.57834
0.433991
0.463284
0.520946
0.597419
0.684481
0.779577
0.882057
0.991354
1.10682
1.22779
1.33748
1.4211
1.48175
1.525
1.55465
1.57309
1.58219
1.58496
1.58513
1.58481
0.412484
0.442362
0.500833
0.578262
0.666354
0.762594
0.866399
0.97726
1.0947
1.21836
1.33162
1.41926
1.48389
1.5307
1.56282
1.58183
1.58979
1.59129
1.59105
1.59076
0.391552
0.422085
0.481303
0.559594
0.6486
0.745825
0.85075
0.96292
1.08202
1.20799
1.32444
1.41599
1.48479
1.53575
1.5714
1.5919
1.59851
1.59767
1.59639
1.5963
0.371369
0.402479
0.462416
0.541487
0.631285
0.729354
0.83521
0.94845
1.06891
1.19679
1.31597
1.41118
1.48413
1.53958
1.57992
1.60383
1.61046
1.60662
1.60256
1.60158
0.35185
0.383553
0.444155
0.523915
0.614374
0.713135
0.81972
0.933787
1.05528
1.18469
1.30609
1.40455
1.48158
1.54144
1.58725
1.61706
1.6274
1.6241
1.61367
1.59674
0.333067
0.365317
0.426399
0.506686
0.597576
0.69683
0.803858
0.918437
1.04059
1.17102
1.29409
1.39525
1.47645
1.54015
1.59075
1.62768
1.64275
1.63338
1.61636
1.59895
0.315194
0.347636
0.409333
0.490043
0.581191
0.680789
0.787853
0.902736
1.02517
1.15607
1.28014
1.38295
1.46824
1.53474
1.58529
1.62234
1.64057
1.62222
1.55169
1.51837
0.298882
0.329342
0.393288
0.474578
0.565934
0.665503
0.772
0.886909
1.00923
1.13999
1.26425
1.36746
1.45585
1.52525
1.56683
1.59565
1.5976
1.54756
1.47591
1.43123
0.242815
0.313302
0.378554
0.459142
0.550355
0.64957
0.756238
0.870685
0.992421
1.12237
1.24587
1.34843
1.43598
1.5127
1.51693
1.53173
1.49606
1.4311
1.35386
1.31035
0.281461
0.297445
0.357081
0.437275
0.527722
0.626648
0.732291
0.845869
0.966294
1.0943
1.21501
1.3149
1.39385
1.47076
1.4678
1.36263
1.25909
1.18725
1.11346
1.14848
0.250263
0.279541
0.340023
0.419657
0.510127
0.608704
0.714498
0.827326
0.946517
1.07247
1.19
1.28569
1.357
1.3976
1.35324
1.2091
1.08063
0.989026
0.888308
0.943054
0.226201
0.258452
0.320136
0.400068
0.490604
0.589022
0.694638
0.80652
0.924166
1.04754
1.16115
1.25119
1.31278
1.32213
1.21886
1.0433
0.886761
0.764902
0.630589
0.667199
0.202695
0.236488
0.299355
0.380126
0.470833
0.569105
0.674154
0.784975
0.900901
1.02137
1.13032
1.21407
1.26075
1.23767
1.0805
0.878506
0.68128
0.502921
0.304306
0.294707
0.1799
0.214052
0.277796
0.359298
0.450213
0.548286
0.65266
0.762316
0.876293
0.993532
1.09728
1.17393
1.20339
1.14554
0.949013
0.730504
0.502627
0.300136
0.042093
-0.280487
0.156846
0.190958
0.255196
0.337191
0.428324
0.526253
0.630028
0.738502
0.850452
0.964267
1.06267
1.13107
1.14311
1.03444
0.834896
0.616598
0.400474
0.217288
0.147447
0.0509406
0.132666
0.166758
0.231238
0.313473
0.404693
0.502392
0.605478
0.712608
0.822233
0.932152
1.0248
1.08351
1.07079
0.925763
0.734133
0.535622
0.364833
0.266308
0.242205
0.224394
0.107038
0.141134
0.205762
0.288071
0.379207
0.476517
0.578685
0.684178
0.791073
0.896485
0.982913
1.02957
0.99668
0.825303
0.643109
0.470659
0.337577
0.296333
0.281456
0.279608
0.0797541
0.113937
0.178719
0.261017
0.351938
0.448651
0.549663
0.653195
0.756929
0.857267
0.936742
0.970298
0.920096
0.731295
0.55888
0.404597
0.317535
0.302675
0.300931
0.300938
0.0507962
0.0851792
0.150104
0.232343
0.322907
0.41884
0.518448
0.619685
0.719833
0.814588
0.886158
0.908227
0.825242
0.645077
0.480375
0.352061
0.314908
0.311453
0.311336
0.31199
0.0204752
0.0550652
0.120062
0.202171
0.29224
0.387188
0.485125
0.583733
0.679849
0.768557
0.831773
0.838289
0.730125
0.564361
0.416137
0.330818
0.321259
0.319432
0.318623
0.318999
-0.0106314
0.0240225
0.0888782
0.170758
0.260172
0.35391
0.449913
0.545544
0.637217
0.71941
0.774587
0.763144
0.643875
0.492904
0.362652
0.342518
0.325559
0.323047
0.323937
0.324506
-0.0420589
-0.00746885
0.0570865
0.13853
0.227098
0.319397
0.413174
0.505497
0.592337
0.66772
0.71444
0.687948
0.558954
0.430848
0.326512
0.288611
0.311853
0.324847
0.328344
0.329252
-0.0729761
-0.038645
0.0254573
0.106139
0.193609
0.284209
0.37547
0.464186
0.545829
0.61427
0.651453
0.61328
0.4719
0.384488
0.31401
0.316925
0.316276
0.318799
0.322688
0.324982
-0.101827
-0.0683563
-0.00512811
0.0744871
0.160545
0.24915
0.337609
0.422461
0.498639
0.559678
0.589749
0.533571
0.378901
0.31768
0.358517
0.303323
0.283091
0.277448
0.278811
0.281508
-0.127269
-0.0947958
-0.0335453
0.0447332
0.128988
0.215277
0.30066
0.381445
0.452141
0.505113
0.531912
0.445884
0.268007
0.18166
0.250673
0.21565
0.196811
0.187565
0.185635
0.187215
-0.147345
-0.116699
-0.0577571
0.0182849
0.100254
0.183862
0.26597
0.342594
0.407993
0.452696
0.475292
0.360899
0.136102
-0.150035
-0.202609
-0.0649011
0.00392458
0.0240376
0.0358012
0.0447175
-0.16016
-0.132106
-0.0762652
-0.00313811
0.0759062
0.156432
0.235099
0.307707
0.368174
0.405696
0.420404
0.29205
0.0707548
-0.316185
-0.526785
-0.217862
-0.111281
-0.0883302
-0.0791973
-0.0753513
-0.163394
-0.139127
-0.087363
-0.0179015
0.0576661
0.134657
0.209837
0.278851
0.335025
0.367249
0.369526
0.27989
0.234302
0.363986
0.363023
0.152446
-0.0651642
-0.0658083
-0.0607072
-0.0594538
-0.155639
-0.135722
-0.0891815
-0.0245498
0.0469319
0.120143
0.192017
0.258275
0.311528
0.340836
0.337788
0.294895
0.380208
0.750269
0.902621
0.416197
0.0482495
0.0164148
0.0176425
-0.00102135
-0.135047
-0.119351
-0.0803519
-0.0220684
0.0446535
0.11408
0.183185
0.247934
0.301095
0.329989
0.3175
0.187382
-0.147646
-0.780875
-1.40539
-1.79922
-1.58488
-1.16821
-0.763345
-0.666135
-0.103046
-0.0923126
-0.0612444
-0.0106429
0.0509564
0.116805
0.184197
0.249241
0.306351
0.341801
0.33169
0.0965004
-0.579953
-1.50242
-2.12979
-2.40441
-2.28015
-1.95163
-1.60043
-1.36949
-0.0640811
-0.0577396
-0.0352863
0.00767112
0.0642322
0.127478
0.19463
0.263095
0.327891
0.384375
0.403313
0.312925
0.01016
-0.293798
-0.492628
-0.396004
-0.125549
0.166126
0.391005
0.505381
-0.0243377
-0.020828
-0.00715421
0.0285873
0.0814855
0.143584
0.212403
0.286824
0.364986
0.448604
0.537035
0.665805
0.866674
1.25079
1.73563
2.22396
2.61155
2.84845
2.96076
2.9939
0.00998467
0.0120187
0.0195138
0.0479467
0.0979643
0.161323
0.233311
0.314358
0.406972
0.513617
0.649663
0.802055
1.11879
1.68699
2.34051
2.9225
3.34841
3.59414
3.70092
3.72946
0.0428048
0.0433682
0.0458475
0.0655415
0.111981
0.176722
0.252271
0.337762
0.434313
0.547037
0.668504
0.804769
0.997594
1.47551
2.02367
2.49887
2.84574
3.04598
3.13737
3.16372
0.071704
0.072586
0.0732502
0.0845947
0.125465
0.190848
0.268483
0.354945
0.448835
0.55606
0.666488
0.779309
0.902852
1.20993
1.63097
1.98307
2.24663
2.39848
2.467
2.48563
0.0904729
0.0916354
0.0913766
0.0988529
0.138777
0.206533
0.285816
0.370597
0.460575
0.559831
0.654718
0.740932
0.819124
1.01279
1.30013
1.54688
1.72837
1.83267
1.87826
1.88966
0.103514
0.101583
0.0984748
0.107488
0.15454
0.228325
0.309055
0.389792
0.472482
0.559803
0.638469
0.700228
0.757724
0.879794
1.07138
1.2341
1.35024
1.41644
1.44481
1.45097
0.15018
0.145302
0.140314
0.152294
0.199601
0.270489
0.34404
0.415402
0.486864
0.560209
0.625088
0.671609
0.711921
0.791264
0.919375
1.02289
1.09419
1.13304
1.14891
1.15071
0.264257
0.259626
0.25593
0.264799
0.297123
0.344414
0.396281
0.44971
0.50536
0.564164
0.616077
0.651591
0.679939
0.73277
0.814991
0.881992
0.925178
0.948465
0.957564
0.957832
0.40804
0.405927
0.403232
0.404249
0.414201
0.432156
0.457588
0.489064
0.526829
0.570842
0.611661
0.64266
0.666363
0.70267
0.753081
0.794591
0.821465
0.835648
0.84104
0.840623
0.521656
0.520939
0.518347
0.512828
0.506987
0.505715
0.511639
0.525594
0.548163
0.579085
0.611948
0.641421
0.666862
0.694519
0.72423
0.74697
0.76256
0.771398
0.774622
0.773691
0.585472
0.58506
0.582372
0.575061
0.564139
0.554783
0.55082
0.55415
0.565675
0.585804
0.6123
0.639833
0.666279
0.687716
0.704693
0.718428
0.728386
0.734312
0.736496
0.735312
0.612247
0.611812
0.60945
0.603154
0.593106
0.58291
0.575648
0.573519
0.577904
0.589929
0.609371
0.633987
0.659625
0.674024
0.683048
0.692794
0.702305
0.708947
0.711501
0.71006
0.619671
0.619191
0.617292
0.612738
0.605319
0.596901
0.589606
0.585224
0.584815
0.589507
0.600157
0.618352
0.639618
0.647993
0.651252
0.662604
0.675317
0.684684
0.688262
0.68644
0.61952
0.619046
0.617554
0.61434
0.60928
0.603024
0.59668
0.591405
0.587722
0.585808
0.58567
0.588649
0.594736
0.596389
0.604913
0.622193
0.638945
0.650462
0.654935
0.65342
0.617568
0.617145
0.615969
0.613526
0.609909
0.605322
0.600099
0.59465
0.588764
0.580582
0.567323
0.549104
0.528729
0.527603
0.5481
0.574604
0.596136
0.608907
0.613305
0.611852
0.615745
0.615432
0.614586
0.612674
0.609854
0.606344
0.602155
0.597134
0.590284
0.577608
0.551121
0.51074
0.467443
0.467397
0.501883
0.534967
0.555901
0.566213
0.568824
0.567866
0.613658
0.613509
0.613077
0.611863
0.609609
0.607009
0.603987
0.600453
0.595289
0.583259
0.555904
0.503775
0.449655
0.459048
0.495947
0.522258
0.534819
0.538768
0.540723
0.541309
0.609796
0.6098
0.609748
0.609242
0.608115
0.606751
0.605374
0.604843
0.602928
0.596947
0.57806
0.537448
0.500872
0.514496
0.536949
0.548272
0.552458
0.554247
0.555054
0.554653
0.602639
0.602826
0.603193
0.603485
0.603689
0.60427
0.605779
0.608708
0.613356
0.616899
0.613792
0.598265
0.587752
0.593683
0.595072
0.592184
0.589964
0.589328
0.588444
0.5874
0.59057
0.590943
0.591693
0.592816
0.594652
0.597554
0.60247
0.610544
0.622547
0.637499
0.651423
0.659958
0.670484
0.668461
0.650459
0.632593
0.624192
0.620036
0.61848
0.618013
0.57116
0.571842
0.573263
0.575503
0.578857
0.584307
0.593003
0.606672
0.625366
0.650654
0.676802
0.700154
0.723405
0.706707
0.681258
0.665468
0.655318
0.650565
0.646416
0.645289
0.54073
0.541806
0.543964
0.547466
0.552846
0.560985
0.573191
0.591289
0.615185
0.64694
0.678856
0.701692
0.718031
0.700376
0.684436
0.674425
0.672664
0.665106
0.659374
0.659481
0.495366
0.496849
0.499843
0.504836
0.512332
0.522868
0.537234
0.556549
0.58116
0.612425
0.644149
0.663153
0.667113
0.648379
0.653655
0.671885
0.682612
0.678822
0.672056
0.6718
0.431348
0.433172
0.436999
0.443556
0.45293
0.464742
0.478374
0.493119
0.508587
0.529543
0.565016
0.581851
0.568137
0.56033
0.601293
0.64739
0.668533
0.665513
0.660834
0.659456
0.347116
0.348996
0.353469
0.361389
0.371805
0.382613
0.390246
0.388727
0.374816
0.380937
0.43325
0.463257
0.437607
0.452265
0.515739
0.576161
0.606095
0.594927
0.588936
0.587114
0.245865
0.24729
0.252054
0.260504
0.270326
0.276941
0.27055
0.236088
0.176614
0.168685
0.267291
0.32457
0.293294
0.327265
0.402814
0.458239
0.462238
0.45508
0.449064
0.446829
0.136638
0.137661
0.141168
0.149077
0.156693
0.157621
0.133626
0.0583232
-0.0377418
-0.0293785
0.0901103
0.160397
0.148459
0.175082
0.237928
0.248122
0.247907
0.249219
0.249762
0.24945
0.0366266
0.0358865
0.0356916
0.0372276
0.0392648
0.0397325
0.0288707
-0.00758249
-0.0636701
-0.0879577
-0.0281404
0.0372666
0.0530871
0.0347637
-0.0156215
-0.0239003
0.0316689
0.0419464
0.0452067
0.0462285
0.546175
0.726835
0.937739
1.11837
1.26381
1.37973
1.47641
1.55801
1.59445
1.57146
0.875148
1.00447
1.14271
1.26238
1.3637
1.44797
1.51619
1.56453
1.58899
1.60084
1.10921
1.19745
1.2915
1.37487
1.44673
1.50687
1.55463
1.58948
1.61448
1.63222
1.27923
1.34132
1.4072
1.46746
1.51992
1.56442
1.60087
1.62985
1.65342
1.67156
1.41063
1.45615
1.50407
1.54991
1.5904
1.62567
1.65577
1.68072
1.7016
1.71934
1.51848
1.55268
1.5922
1.6291
1.66288
1.69306
1.71937
1.74141
1.75959
1.7769
1.6132
1.6427
1.67767
1.71063
1.7413
1.76908
1.79331
1.81339
1.82912
1.84619
1.7032
1.73292
1.76754
1.80009
1.83015
1.85713
1.88031
1.89903
1.91257
1.92961
1.79942
1.83286
1.8699
1.90383
1.93417
1.96061
1.98277
2.0002
2.01219
2.0296
1.91506
1.95287
1.99179
2.0263
2.05583
2.08073
2.10123
2.11721
2.12876
2.14685
2.06044
2.09911
2.13522
2.16601
2.1918
2.21398
2.23311
2.2487
2.26117
2.27918
2.23542
2.26733
2.29356
2.31603
2.33606
2.35483
2.37259
2.3891
2.40448
2.42256
2.42414
2.44145
2.45659
2.47287
2.4888
2.50337
2.5166
2.53055
2.54811
2.56827
2.60612
2.61557
2.62714
2.63797
2.64727
2.65688
2.6677
2.67909
2.69046
2.70583
2.81326
2.81695
2.80203
2.78723
2.78098
2.78668
2.80517
2.83549
2.86768
2.89434
3.11961
2.98474
2.90812
2.86579
2.84838
2.85235
2.87977
2.93618
3.03881
3.26318
1.39949
1.39735
1.39287
1.38424
1.372
1.35986
1.34961
1.34169
1.33602
1.3327
1.33225
1.33489
1.33991
1.34707
1.35641
1.36791
1.38054
1.39156
1.39766
1.40071
1.32395
1.3298
1.33613
1.34062
1.34308
1.34274
1.33998
1.33614
1.33258
1.33024
1.32999
1.33209
1.33566
1.33988
1.34364
1.34548
1.34452
1.34101
1.33583
1.3292
1.31556
1.31786
1.32126
1.32425
1.32631
1.32779
1.32852
1.32817
1.32709
1.32612
1.32619
1.3275
1.32922
1.33044
1.33056
1.32962
1.32804
1.32567
1.32239
1.31946
1.3101
1.31118
1.31301
1.31538
1.3174
1.31881
1.3198
1.32051
1.32085
1.32098
1.32135
1.32202
1.3225
1.32248
1.32199
1.32108
1.31956
1.31744
1.31532
1.31393
1.30495
1.30562
1.30672
1.30842
1.3102
1.31181
1.31308
1.31405
1.31486
1.31555
1.31613
1.31652
1.31658
1.31629
1.31563
1.31449
1.313
1.3114
1.31005
1.30926
1.30006
1.30052
1.3013
1.3026
1.30408
1.30559
1.30703
1.30828
1.30933
1.31027
1.31101
1.31138
1.31136
1.31093
1.31011
1.30901
1.3078
1.30659
1.30563
1.30511
1.29533
1.29567
1.29629
1.29736
1.29866
1.30002
1.30144
1.30284
1.30413
1.30528
1.30618
1.30664
1.30659
1.30612
1.30535
1.30443
1.30346
1.30249
1.30177
1.30138
1.29073
1.291
1.29149
1.29241
1.29359
1.29489
1.29626
1.2977
1.29915
1.30051
1.30161
1.30219
1.30221
1.30184
1.30123
1.30049
1.29968
1.29892
1.29836
1.29807
1.28619
1.2864
1.28681
1.28763
1.28874
1.28999
1.29135
1.29283
1.29439
1.29596
1.29729
1.29806
1.29826
1.29807
1.29764
1.29706
1.29642
1.29581
1.29538
1.29515
1.28164
1.2818
1.28216
1.28291
1.28398
1.28522
1.2866
1.28814
1.28982
1.29158
1.29319
1.29425
1.29472
1.29476
1.29451
1.29411
1.29361
1.29314
1.2928
1.29262
1.27702
1.27715
1.27746
1.27817
1.27924
1.2805
1.28196
1.28362
1.28549
1.28752
1.28948
1.29089
1.29164
1.29192
1.29187
1.29162
1.29128
1.29092
1.29067
1.29053
1.27226
1.27236
1.27264
1.27333
1.27443
1.27577
1.27733
1.27915
1.28126
1.28363
1.28601
1.28787
1.28897
1.28953
1.28971
1.28964
1.28943
1.28918
1.28901
1.2889
1.26732
1.26739
1.26764
1.26834
1.2695
1.27094
1.27263
1.27465
1.27707
1.27987
1.2828
1.28516
1.28669
1.28761
1.28807
1.28822
1.28815
1.28801
1.2879
1.28783
1.26214
1.26218
1.26242
1.26314
1.26436
1.26592
1.2678
1.2701
1.27288
1.27618
1.27976
1.28282
1.28492
1.28626
1.28703
1.28743
1.28754
1.28753
1.28749
1.28744
1.25663
1.25664
1.25687
1.25762
1.25894
1.26067
1.2628
1.26546
1.26877
1.27279
1.27721
1.28103
1.28372
1.28555
1.28671
1.28735
1.28771
1.28784
1.28788
1.28786
1.25069
1.25069
1.2509
1.25166
1.25306
1.25496
1.25737
1.26044
1.26431
1.26912
1.27455
1.27939
1.28293
1.28541
1.28707
1.28814
1.28881
1.28913
1.28927
1.28926
1.24402
1.24399
1.24423
1.24503
1.24656
1.2487
1.25151
1.25516
1.25985
1.26574
1.27244
1.27845
1.28291
1.2861
1.28835
1.28993
1.29095
1.29152
1.29175
1.29175
1.23632
1.23628
1.23654
1.23742
1.23911
1.24156
1.24485
1.24921
1.25489
1.26208
1.27035
1.27783
1.28345
1.28757
1.29055
1.29267
1.29414
1.29498
1.2953
1.29532
1.22704
1.22698
1.2273
1.22833
1.2303
1.2332
1.23718
1.24252
1.24951
1.25838
1.26856
1.27779
1.28476
1.28991
1.2937
1.29648
1.29841
1.29953
1.29995
1.29997
1.21567
1.21559
1.21599
1.21726
1.21966
1.22326
1.22821
1.23485
1.24354
1.25452
1.26705
1.27837
1.28692
1.29327
1.29799
1.30148
1.3039
1.3053
1.30581
1.30583
1.20157
1.20147
1.20201
1.20364
1.20668
1.21125
1.21752
1.22591
1.2368
1.25042
1.26581
1.27961
1.29001
1.29775
1.30352
1.30778
1.31077
1.31246
1.31306
1.31308
1.18385
1.18373
1.18449
1.18666
1.19062
1.19657
1.2047
1.21546
1.22926
1.2462
1.26502
1.2817
1.29421
1.30353
1.3105
1.31566
1.31928
1.32128
1.32196
1.32199
1.16107
1.16094
1.16207
1.16509
1.17045
1.17843
1.18923
1.20327
1.22084
1.2419
1.26479
1.28476
1.29965
1.31074
1.31907
1.32526
1.32958
1.3319
1.33268
1.33269
1.1309
1.13081
1.13258
1.13704
1.14474
1.15597
1.17072
1.18927
1.21171
1.23777
1.26534
1.289
1.3065
1.31954
1.32939
1.33676
1.3418
1.34444
1.3453
1.34529
1.0893
1.08939
1.09258
1.09998
1.11195
1.12848
1.14909
1.17373
1.20225
1.23414
1.26692
1.29454
1.31485
1.33001
1.34151
1.35013
1.35591
1.35886
1.35977
1.35973
1.02879
1.03005
1.03779
1.05164
1.07132
1.09621
1.12499
1.15737
1.19305
1.23144
1.26978
1.30153
1.32475
1.3421
1.35528
1.3651
1.37168
1.37494
1.3758
1.37572
0.956957
0.958967
0.973548
0.997347
1.02778
1.06237
1.10007
1.14074
1.18416
1.22983
1.27476
1.31183
1.33907
1.35958
1.3752
1.38678
1.39454
1.39839
1.39945
1.39943
0.883278
0.889904
0.911418
0.945135
0.985463
1.02943
1.07598
1.12494
1.17617
1.22924
1.28098
1.32357
1.35492
1.37864
1.39686
1.41057
1.41966
1.42338
1.42451
1.42474
0.824041
0.83259
0.858831
0.899299
0.947159
0.998949
1.05334
1.11002
1.16868
1.22885
1.28705
1.33471
1.36967
1.39603
1.41616
1.43122
1.44101
1.44579
1.44769
1.44803
0.776012
0.785128
0.814798
0.860108
0.913713
0.971724
1.03268
1.09611
1.16151
1.22826
1.29244
1.34465
1.3827
1.41121
1.43293
1.44922
1.46037
1.46585
1.46803
1.46841
0.735822
0.745166
0.777147
0.826181
0.884366
0.947466
1.01396
1.08326
1.15466
1.22738
1.29699
1.35327
1.39398
1.4243
1.44728
1.46455
1.47631
1.48245
1.48489
1.48532
0.700912
0.710353
0.744051
0.796114
0.858064
0.92547
0.996755
1.07121
1.14801
1.22614
1.30072
1.36066
1.40369
1.43548
1.45941
1.47733
1.48961
1.49623
1.49883
1.49928
0.669673
0.67916
0.71419
0.768781
0.833912
0.905029
0.980533
1.0596
1.1413
1.22444
1.30363
1.36696
1.41208
1.44512
1.46979
1.48814
1.50073
1.50766
1.51032
1.51078
0.640904
0.650452
0.686612
0.743381
0.811249
0.885623
0.964866
1.0481
1.13429
1.22211
1.30571
1.37229
1.41939
1.45358
1.47888
1.49751
1.51023
1.5173
1.51992
1.52043
0.613829
0.623436
0.660599
0.719274
0.789606
0.866866
0.949446
1.03646
1.12681
1.21906
1.30693
1.37674
1.42584
1.46119
1.4871
1.50604
1.51888
1.52601
1.52866
1.52899
0.587939
0.597653
0.635759
0.696043
0.768626
0.848475
0.934065
1.02452
1.11872
1.21517
1.30725
1.38036
1.43157
1.4682
1.49482
1.5141
1.52708
1.53417
1.53679
1.5371
0.56284
0.572745
0.611682
0.673524
0.748086
0.830262
0.918573
1.01216
1.10993
1.2104
1.30664
1.3832
1.43672
1.47478
1.50224
1.52196
1.53511
1.54219
1.54472
1.54503
0.538348
0.548493
0.588203
0.651545
0.727866
0.812127
0.902892
0.999333
1.1004
1.20468
1.30506
1.38524
1.44132
1.48104
1.50949
1.52975
1.54311
1.55016
1.55255
1.55281
0.514409
0.524782
0.565307
0.629966
0.707896
0.794036
0.886998
0.986017
1.09012
1.19799
1.30247
1.38646
1.44536
1.487
1.51663
1.53751
1.55108
1.55803
1.56025
1.56043
0.49092
0.501613
0.542866
0.608769
0.688155
0.775974
0.870899
0.972231
1.07909
1.19032
1.29879
1.38672
1.44879
1.49268
1.52369
1.54527
1.55901
1.5658
1.56779
1.56786
0.467934
0.478919
0.520933
0.587962
0.668664
0.757978
0.854646
0.958027
1.06736
1.18166
1.29397
1.38595
1.4515
1.49804
1.53072
1.55306
1.56685
1.57333
1.57502
1.57499
0.445427
0.456729
0.499526
0.567586
0.649467
0.740098
0.838296
0.943477
1.05498
1.17205
1.28797
1.38403
1.45335
1.50298
1.53777
1.56101
1.57466
1.58056
1.58186
1.58174
0.423592
0.435136
0.478682
0.547688
0.630623
0.722417
0.821924
0.928663
1.04205
1.16156
1.28079
1.38084
1.45414
1.50737
1.54489
1.56938
1.58264
1.5875
1.58819
1.58796
0.402298
0.414191
0.45844
0.528305
0.612177
0.704982
0.80563
0.913676
1.02867
1.1503
1.27244
1.37629
1.45367
1.51093
1.55198
1.57854
1.59146
1.5945
1.59399
1.59358
0.381717
0.393926
0.438838
0.509495
0.594212
0.687884
0.789501
0.898642
1.01495
1.13833
1.263
1.3703
1.45171
1.51327
1.55868
1.58871
1.60233
1.60312
1.59989
1.59834
0.361796
0.374301
0.419931
0.491316
0.576775
0.671194
0.773623
0.883646
1.00102
1.1258
1.25255
1.36283
1.4481
1.5139
1.56415
1.59932
1.61629
1.61688
1.60962
1.59958
0.342617
0.355362
0.401619
0.473616
0.559653
0.654625
0.757651
0.86827
0.986397
1.11219
1.24051
1.35322
1.44223
1.5122
1.56715
1.60877
1.63241
1.63654
1.62758
1.61847
0.324238
0.3372
0.383903
0.456438
0.542861
0.638175
0.741607
0.852501
0.971051
1.09738
1.22674
1.34117
1.43345
1.50744
1.56516
1.61139
1.63825
1.64751
1.61132
1.55736
0.306928
0.320587
0.366888
0.439846
0.526291
0.621714
0.725451
0.836463
0.955053
1.08147
1.2112
1.32655
1.4208
1.49938
1.55628
1.59584
1.62382
1.61405
1.55674
1.49094
0.290376
0.304873
0.350762
0.424455
0.510271
0.60572
0.708961
0.820216
0.938549
1.06463
1.19393
1.30926
1.40325
1.48917
1.53939
1.59245
1.5658
1.52595
1.45609
1.38658
0.304363
0.322429
0.371083
0.448939
0.539636
0.638863
0.747418
0.861585
0.98292
1.11231
1.23516
1.33723
1.42284
1.51404
1.56444
1.48416
1.4401
1.378
1.30452
1.25562
0.279928
0.296335
0.331981
0.400095
0.485458
0.580369
0.683719
0.794293
0.911731
1.0364
1.16356
1.27675
1.36717
1.44703
1.51856
1.52073
1.40027
1.31667
1.25377
1.16936
0.259788
0.275483
0.316864
0.386403
0.472021
0.566524
0.668673
0.778289
0.894663
1.01778
1.14298
1.25372
1.34103
1.4081
1.43543
1.36578
1.22453
1.1275
1.05137
0.960976
0.239228
0.25178
0.297646
0.368482
0.454295
0.548968
0.651038
0.760264
0.875642
0.997104
1.1193
1.22535
1.30547
1.35689
1.33527
1.20643
1.05171
0.931566
0.831683
0.691668
0.215453
0.228553
0.276461
0.348438
0.434588
0.52928
0.631205
0.739777
0.853955
0.973403
1.09208
1.19275
1.26499
1.29659
1.23878
1.05382
0.867506
0.708908
0.562285
0.361529
0.192756
0.205475
0.254623
0.327774
0.414436
0.509085
0.610614
0.718281
0.831013
0.948087
1.06287
1.15764
1.22134
1.22348
1.11412
0.909642
0.689917
0.479883
0.293016
-0.123994
0.17007
0.182382
0.232024
0.306049
0.393127
0.487799
0.588924
0.695674
0.806849
0.921316
1.03188
1.12013
1.17338
1.14127
0.990036
0.782143
0.555172
0.332262
0.141468
-0.168277
0.1465
0.158653
0.208453
0.283015
0.370385
0.465091
0.565848
0.671705
0.781266
0.892958
0.999074
1.08032
1.12012
1.06956
0.878223
0.678791
0.47204
0.296333
0.221776
0.185666
0.121583
0.133568
0.183542
0.25838
0.34584
0.440417
0.540652
0.645387
0.753005
0.861441
0.962467
1.03609
1.06167
0.980891
0.778705
0.592025
0.421859
0.309081
0.271701
0.26013
0.0951299
0.107051
0.157135
0.23214
0.319564
0.413843
0.513344
0.616697
0.722001
0.826674
0.921922
0.987756
0.991202
0.876037
0.688619
0.515513
0.370746
0.310904
0.296971
0.291912
0.0670618
0.0787845
0.129176
0.204299
0.291587
0.385395
0.483951
0.58563
0.688245
0.7887
0.877482
0.93514
0.912133
0.77687
0.603035
0.440957
0.335801
0.299096
0.305517
0.306051
0.0374293
0.0491061
0.0997021
0.174925
0.261979
0.355154
0.45253
0.552248
0.651795
0.747543
0.829401
0.876618
0.837868
0.683368
0.524592
0.380574
0.334063
0.32
0.315756
0.315499
0.0066207
0.0183173
0.0689399
0.144219
0.23091
0.323274
0.419229
0.516689
0.612775
0.703355
0.777964
0.813612
0.768868
0.601521
0.454461
0.350735
0.302111
0.316849
0.320582
0.32122
-0.0248806
-0.0132441
0.0373663
0.112519
0.198712
0.29006
0.38435
0.479241
0.571489
0.6565
0.723504
0.750009
0.685018
0.527175
0.395865
0.322205
0.320436
0.32247
0.324949
0.326154
-0.0562263
-0.0448704
0.00574435
0.0803594
0.165887
0.255992
0.348341
0.440361
0.528427
0.607509
0.66671
0.682476
0.591572
0.459426
0.351602
0.330787
0.318898
0.3215
0.327835
0.330047
-0.0864664
-0.0754831
-0.0253303
0.0487068
0.133162
0.221761
0.311888
0.400744
0.48436
0.557069
0.608949
0.607414
0.498899
0.384987
0.343813
0.295103
0.301789
0.30348
0.304903
0.307863
-0.114117
-0.103609
-0.0544676
0.0184645
0.101544
0.188303
0.275905
0.361343
0.44033
0.506336
0.551074
0.536101
0.402697
0.282456
0.288699
0.293951
0.261391
0.242953
0.237205
0.238972
-0.137665
-0.127853
-0.0800959
-0.00891675
0.072253
0.156812
0.241584
0.323402
0.397683
0.457164
0.493646
0.469909
0.302603
0.109613
0.05029
0.100146
0.109185
0.115765
0.116938
0.120052
-0.155054
-0.14609
-0.100513
-0.0317151
0.0468131
0.128656
0.210358
0.288466
0.358139
0.411654
0.437706
0.409154
0.207943
-0.0926612
-0.491309
-0.342259
-0.129229
-0.0777066
-0.056333
-0.0364778
-0.164498
-0.156335
-0.113835
-0.0483527
0.0269313
0.105522
0.183811
0.258301
0.323767
0.372139
0.387175
0.366537
0.184813
0.0307934
-0.212766
-0.0903437
-0.103624
-0.0910035
-0.0773985
-0.0730356
-0.162544
-0.155714
-0.118729
-0.057096
0.0142129
0.0890084
0.16372
0.234927
0.296976
0.34131
0.349678
0.329384
0.290055
0.516676
1.01199
0.723946
0.204074
-0.0260267
-0.033284
-0.0353644
-0.147964
-0.143281
-0.112975
-0.0567911
0.00992639
0.0804217
0.151679
0.220201
0.280502
0.322948
0.332889
0.293552
0.222941
0.222796
0.147317
-0.329792
-0.564948
-0.401104
-0.179272
-0.122876
-0.120961
-0.117454
-0.0951305
-0.0468614
0.0143148
0.080494
0.148671
0.215639
0.276472
0.321481
0.331511
0.266146
-0.137881
-0.963091
-1.81689
-2.31396
-2.36104
-2.04336
-1.6138
-1.3384
-0.0846954
-0.0824492
-0.0678341
-0.0286469
0.0266577
0.0887631
0.154718
0.222067
0.286091
0.34086
0.362727
0.328058
-0.0894115
-0.698315
-1.40599
-1.78728
-1.73642
-1.42461
-1.07333
-0.824243
-0.044323
-0.0430761
-0.0343108
-0.00544071
0.0437971
0.103246
0.168508
0.238277
0.309981
0.379406
0.445435
0.492295
0.481131
0.505602
0.668136
0.942211
1.30356
1.62411
1.83855
1.94865
-0.00646219
-0.00575526
-0.00161908
0.0193013
0.0625552
0.120532
0.186783
0.260799
0.34278
0.432358
0.540212
0.670537
0.899546
1.33907
1.93907
2.5444
3.03837
3.37079
3.55607
3.63181
0.0261156
0.026977
0.028667
0.0407148
0.0783589
0.135853
0.205131
0.283983
0.372895
0.477048
0.596356
0.737735
0.90439
1.30387
1.89871
2.4826
2.9507
3.24821
3.3988
3.45717
0.0577402
0.0581909
0.0587928
0.0641072
0.0933171
0.149313
0.221096
0.302787
0.393481
0.495869
0.608809
0.731328
0.854636
1.1088
1.59036
2.04268
2.40447
2.64635
2.77086
2.81741
0.082443
0.083518
0.0845794
0.0863051
0.108124
0.162973
0.236682
0.318847
0.407891
0.505188
0.61033
0.711672
0.811849
0.95307
1.2804
1.61169
1.87256
2.04465
2.13281
2.16483
0.0951665
0.0961105
0.0947245
0.094905
0.117928
0.178647
0.255887
0.337808
0.422767
0.512488
0.604485
0.683386
0.755427
0.843554
1.0582
1.28099
1.45687
1.57222
1.6297
1.65108
0.119194
0.117811
0.112386
0.113371
0.141784
0.207176
0.285374
0.363384
0.440555
0.518958
0.596891
0.659446
0.71228
0.765608
0.911744
1.05772
1.1671
1.23843
1.27286
1.28431
0.200762
0.197581
0.191185
0.192194
0.218091
0.272305
0.335917
0.400096
0.463575
0.528387
0.592482
0.642993
0.679718
0.712735
0.812385
0.908
0.976271
1.01851
1.03791
1.04368
0.337966
0.335343
0.331504
0.331117
0.343847
0.37159
0.407113
0.447778
0.492182
0.540936
0.591441
0.632378
0.659878
0.684094
0.747628
0.807993
0.851328
0.877305
0.889379
0.892667
0.471806
0.470424
0.468606
0.465603
0.464203
0.467645
0.478144
0.496191
0.521994
0.555218
0.59415
0.628648
0.654947
0.679722
0.71698
0.752569
0.778214
0.793993
0.801354
0.802954
0.559921
0.559208
0.557989
0.553283
0.54444
0.535706
0.532154
0.536028
0.54818
0.568891
0.597261
0.627193
0.654727
0.679395
0.704872
0.724314
0.738436
0.747745
0.752281
0.75299
0.602623
0.602172
0.60105
0.596474
0.587107
0.57588
0.567321
0.564014
0.567657
0.579197
0.599253
0.624716
0.651228
0.673679
0.687624
0.699929
0.710906
0.719179
0.72344
0.723782
0.617706
0.617331
0.616278
0.612667
0.605356
0.595811
0.587057
0.581341
0.58026
0.585147
0.59698
0.616303
0.64024
0.659986
0.666681
0.673614
0.683845
0.692982
0.698321
0.698884
0.620249
0.6199
0.61897
0.616309
0.611288
0.604344
0.597056
0.590977
0.587258
0.586711
0.590394
0.598541
0.612522
0.624231
0.625875
0.636238
0.651158
0.664305
0.672057
0.672636
0.618738
0.618406
0.617618
0.615593
0.612088
0.607212
0.601526
0.595845
0.590686
0.585791
0.580348
0.572893
0.565864
0.561779
0.567172
0.588086
0.610262
0.62684
0.635504
0.635988
0.616777
0.616483
0.615874
0.614301
0.611587
0.607992
0.603586
0.598593
0.592827
0.584856
0.570426
0.545028
0.509409
0.489437
0.506219
0.537388
0.563824
0.579806
0.587441
0.588612
0.61494
0.614716
0.614343
0.613243
0.611186
0.608362
0.604959
0.600972
0.595752
0.587314
0.568505
0.53145
0.471936
0.443836
0.473436
0.509901
0.533593
0.545282
0.549305
0.550388
0.612151
0.612019
0.611923
0.611392
0.609991
0.608178
0.605997
0.60379
0.601183
0.595757
0.579729
0.543253
0.486712
0.467504
0.496676
0.52505
0.539218
0.544886
0.546204
0.546378
0.606806
0.606763
0.60693
0.606978
0.606641
0.60611
0.605882
0.606653
0.607565
0.607903
0.602738
0.582501
0.550693
0.545651
0.558371
0.566769
0.566685
0.566754
0.56713
0.567718
0.597359
0.597406
0.597897
0.598584
0.59941
0.600581
0.602932
0.607242
0.613516
0.62301
0.631339
0.632347
0.628024
0.634987
0.629726
0.619813
0.61125
0.607207
0.606357
0.604878
0.58204
0.582263
0.583109
0.584443
0.586305
0.589566
0.594961
0.603545
0.616049
0.634895
0.656283
0.676228
0.69757
0.701618
0.680409
0.658783
0.645598
0.639926
0.635823
0.6336
0.557562
0.558035
0.559368
0.561611
0.565053
0.570434
0.578927
0.591773
0.61023
0.636245
0.666524
0.694731
0.720082
0.723605
0.694552
0.675876
0.667913
0.660389
0.654485
0.6526
0.520132
0.520854
0.52275
0.526045
0.531227
0.539005
0.550306
0.566443
0.588074
0.617599
0.650527
0.678749
0.692921
0.686557
0.674656
0.67609
0.67626
0.676667
0.667998
0.665865
0.465609
0.466643
0.469085
0.473556
0.480637
0.490556
0.503445
0.519816
0.539339
0.563748
0.594184
0.62271
0.625084
0.609811
0.616144
0.649995
0.675375
0.68337
0.675622
0.672335
0.391387
0.392584
0.395417
0.401004
0.409704
0.420674
0.432473
0.443033
0.448326
0.451612
0.480804
0.523479
0.523436
0.50308
0.535219
0.591511
0.636912
0.642359
0.634503
0.630969
0.297923
0.298975
0.301863
0.308293
0.317813
0.328009
0.334418
0.328627
0.301746
0.27277
0.311254
0.383781
0.387023
0.363781
0.431071
0.49926
0.541566
0.540867
0.532477
0.527416
0.191843
0.192283
0.194499
0.201024
0.209979
0.217189
0.213478
0.179534
0.104741
0.0447641
0.10743
0.218783
0.232637
0.225398
0.284469
0.343079
0.363242
0.358501
0.354664
0.352582
0.0361969
0.0356278
0.0362247
0.0383506
0.0399641
0.0367006
0.0141043
-0.0359413
-0.0828566
-0.0685027
0.00966263
0.0548211
0.0237633
0.0231156
-0.0336553
0.0145909
0.0385874
0.0439648
0.0459443
0.147964
-0.540718
0.189844
0.654577
0.926336
1.12448
1.27788
1.39876
1.4986
1.60215
1.69404
0.564373
0.774423
0.964829
1.12456
1.25826
1.36811
1.45821
1.5318
1.57742
1.58275
0.92344
1.04668
1.16668
1.27374
1.36609
1.44418
1.50819
1.55676
1.58815
1.60677
1.14782
1.23123
1.31334
1.38867
1.45461
1.51091
1.55719
1.59342
1.6209
1.64058
1.31028
1.36683
1.42789
1.48414
1.53303
1.57554
1.61153
1.64131
1.66555
1.68294
1.43769
1.47983
1.52763
1.56955
1.6083
1.64279
1.67291
1.69859
1.71995
1.73447
1.54338
1.57869
1.61703
1.6523
1.68545
1.71581
1.74275
1.76582
1.78482
1.79675
1.63841
1.67007
1.70477
1.73801
1.76929
1.7981
1.8236
1.84518
1.86234
1.87202
1.73058
1.7635
1.79921
1.83359
1.86523
1.89381
1.91861
1.93912
1.95472
1.96303
1.83329
1.87092
1.90941
1.94595
1.97822
2.00627
2.02986
2.04898
2.0632
2.07176
1.96076
2.0032
2.0424
2.07842
2.10896
2.13473
2.15636
2.17406
2.18763
2.19784
2.12241
2.16407
2.1979
2.22736
2.25195
2.27352
2.29315
2.31062
2.32539
2.33812
2.31281
2.34366
2.3651
2.38428
2.40235
2.41961
2.43585
2.45169
2.46822
2.48516
2.51083
2.52226
2.53334
2.54747
2.56177
2.57463
2.58601
2.59689
2.60981
2.6267
2.69668
2.70659
2.71526
2.71771
2.71858
2.72286
2.73368
2.74965
2.76728
2.77189
2.99772
2.94234
2.89154
2.8513
2.82892
2.8249
2.8384
2.87221
2.92865
3.00422
1.5417
1.48301
1.44052
1.40666
1.38199
1.36442
1.35188
1.34291
1.33675
1.3332
1.33271
1.33547
1.34083
1.3487
1.35958
1.3746
1.39559
1.42467
1.46342
1.51124
1.34327
1.35202
1.35754
1.35836
1.35486
1.34879
1.34233
1.33682
1.33291
1.33116
1.33223
1.33572
1.34093
1.34734
1.35407
1.35931
1.36091
1.35766
1.35031
1.34264
1.32032
1.32235
1.32695
1.33045
1.33295
1.33436
1.33404
1.33227
1.33002
1.32836
1.32826
1.32997
1.33259
1.33514
1.33657
1.33619
1.3343
1.33147
1.32741
1.32302
1.31345
1.31432
1.31679
1.3195
1.3215
1.32284
1.32379
1.32419
1.32398
1.32363
1.32386
1.32481
1.32579
1.32619
1.32581
1.32491
1.32346
1.32119
1.31853
1.31656
1.30785
1.30831
1.30971
1.31172
1.31365
1.3152
1.31631
1.31715
1.3178
1.31826
1.31875
1.31924
1.31943
1.31923
1.31867
1.31764
1.31608
1.31421
1.31254
1.31151
1.30274
1.30303
1.30394
1.30541
1.30703
1.30861
1.31
1.31111
1.31205
1.31287
1.31354
1.3139
1.3139
1.31355
1.31278
1.31162
1.31026
1.30888
1.30776
1.30713
1.29787
1.29807
1.29876
1.29993
1.30131
1.30273
1.30417
1.30552
1.3067
1.30773
1.30855
1.30896
1.30892
1.30845
1.30763
1.30662
1.30554
1.30446
1.30363
1.30319
1.29317
1.29332
1.29387
1.29486
1.29609
1.29742
1.29881
1.30024
1.30162
1.30287
1.30387
1.30438
1.30435
1.30391
1.30322
1.30239
1.3015
1.30064
1.3
1.29967
1.28858
1.28869
1.28914
1.29001
1.29115
1.29242
1.29378
1.29524
1.29674
1.29821
1.29942
1.30009
1.30018
1.2999
1.29938
1.29872
1.29799
1.2973
1.29681
1.29655
1.28401
1.2841
1.28448
1.28526
1.28635
1.28759
1.28896
1.29046
1.29208
1.29374
1.29521
1.29611
1.29643
1.29635
1.29602
1.29553
1.29495
1.29441
1.29403
1.29383
1.27941
1.27948
1.27981
1.28054
1.28161
1.28286
1.28428
1.28587
1.28763
1.28951
1.29129
1.29252
1.29312
1.29328
1.29314
1.29281
1.29238
1.29196
1.29167
1.29151
1.27471
1.27477
1.27506
1.27576
1.27684
1.27814
1.27965
1.28139
1.28337
1.28555
1.28771
1.28933
1.29025
1.29066
1.29073
1.29057
1.29028
1.28997
1.28976
1.28964
1.26985
1.2699
1.27016
1.27086
1.27198
1.27337
1.275
1.27692
1.27918
1.28175
1.2844
1.28649
1.28779
1.28851
1.28883
1.28886
1.28871
1.28851
1.28836
1.28827
1.26479
1.26482
1.26506
1.26576
1.26694
1.26845
1.27023
1.27237
1.27494
1.27797
1.28121
1.28391
1.28571
1.28684
1.28746
1.28774
1.28775
1.28765
1.28759
1.28752
1.25943
1.25945
1.25968
1.26041
1.26168
1.26334
1.26536
1.26783
1.27087
1.27451
1.27849
1.2819
1.28428
1.28583
1.28678
1.28733
1.28752
1.28756
1.28756
1.28752
1.25373
1.25374
1.25395
1.25469
1.25605
1.25788
1.26014
1.26299
1.26656
1.27095
1.27585
1.28014
1.28325
1.28539
1.2868
1.28766
1.28812
1.28833
1.28841
1.2884
1.24743
1.24744
1.24767
1.24842
1.24989
1.25192
1.25452
1.25785
1.26211
1.26741
1.27345
1.27885
1.28283
1.28565
1.28759
1.28893
1.28973
1.29016
1.29034
1.29034
1.2403
1.2403
1.24054
1.24135
1.24296
1.24527
1.24831
1.25229
1.25745
1.26396
1.2714
1.2781
1.28311
1.28674
1.28936
1.29119
1.29239
1.29308
1.29336
1.29337
1.23187
1.23187
1.23214
1.23306
1.23487
1.23755
1.24116
1.24597
1.25225
1.26022
1.2694
1.27772
1.28399
1.28862
1.29199
1.29444
1.29611
1.29708
1.29745
1.29747
1.22161
1.22161
1.22194
1.22302
1.2252
1.22847
1.2329
1.23884
1.24663
1.25649
1.26779
1.27802
1.28574
1.29146
1.29571
1.29883
1.30097
1.30222
1.30268
1.3027
1.20898
1.20898
1.20939
1.21075
1.21346
1.21755
1.22311
1.23055
1.24027
1.25249
1.26638
1.27889
1.28834
1.29537
1.3006
1.30445
1.30712
1.30864
1.30919
1.30922
1.19323
1.19323
1.19376
1.19553
1.19902
1.20429
1.21142
1.2209
1.23315
1.24834
1.26536
1.28054
1.29197
1.30048
1.30684
1.31152
1.31478
1.31661
1.31725
1.31727
1.17325
1.17326
1.17398
1.17638
1.18105
1.188
1.19734
1.2096
1.22516
1.24405
1.26482
1.2831
1.29677
1.30695
1.3146
1.32024
1.32416
1.3263
1.32703
1.32705
1.14724
1.14725
1.1483
1.15173
1.15829
1.16781
1.18039
1.19649
1.21635
1.2398
1.26495
1.28672
1.3029
1.31494
1.32403
1.33078
1.33543
1.33788
1.33869
1.3387
1.11217
1.11221
1.11393
1.11935
1.12918
1.14289
1.16029
1.18167
1.20699
1.23586
1.26598
1.2916
1.31049
1.32458
1.33525
1.34323
1.34862
1.35139
1.35227
1.35224
1.06239
1.06268
1.06657
1.07646
1.09242
1.11291
1.13729
1.16561
1.19758
1.23265
1.26817
1.29786
1.31962
1.33588
1.34826
1.35751
1.36366
1.36678
1.36767
1.36759
0.990509
0.992929
1.0041
1.02355
1.04954
1.07939
1.11262
1.14913
1.18862
1.23052
1.27196
1.30615
1.33118
1.34998
1.36439
1.37522
1.38243
1.38609
1.38718
1.38716
0.914206
0.920739
0.940561
0.97006
1.00637
1.04579
1.08796
1.13279
1.18012
1.22951
1.27787
1.31776
1.34711
1.3693
1.38639
1.39946
1.40827
1.41269
1.41398
1.41416
0.849998
0.856618
0.883089
0.921009
0.965803
1.01389
1.06451
1.11743
1.17244
1.2291
1.28412
1.32931
1.36252
1.38765
1.40696
1.42156
1.43134
1.43677
1.43831
1.43845
0.797827
0.804832
0.835006
0.878784
0.929949
0.985008
1.04281
1.10298
1.1651
1.22863
1.28988
1.33988
1.37645
1.40393
1.42492
1.4408
1.45196
1.45793
1.45945
1.45971
0.754636
0.761935
0.79451
0.842509
0.898673
0.959329
1.02315
1.08961
1.15809
1.22789
1.29485
1.34915
1.38858
1.41805
1.44048
1.45747
1.46927
1.47575
1.4776
1.47798
0.717759
0.725227
0.759426
0.810714
0.870965
0.936291
1.00525
1.07719
1.15136
1.22684
1.29899
1.35714
1.39904
1.43013
1.45364
1.47136
1.48365
1.49049
1.49273
1.49319
0.685201
0.692777
0.72819
0.782171
0.845825
0.91514
0.98859
1.06541
1.1447
1.22539
1.30231
1.36396
1.40806
1.44049
1.46483
1.48307
1.4957
1.5028
1.50529
1.50577
0.655535
0.663226
0.699675
0.755903
0.822477
0.895266
0.972687
1.05389
1.13787
1.22338
1.3048
1.36976
1.41588
1.4495
1.4745
1.49306
1.50586
1.51305
1.51568
1.51612
0.627898
0.635691
0.673044
0.731221
0.80037
0.876218
0.95717
1.04234
1.13064
1.22071
1.30645
1.37464
1.42273
1.45749
1.4831
1.50191
1.51482
1.5221
1.52481
1.52526
0.601606
0.609542
0.647722
0.707585
0.779086
0.857669
0.941787
1.03056
1.12287
1.21724
1.30722
1.37867
1.42881
1.46477
1.49103
1.51016
1.52318
1.53036
1.53306
1.53363
0.576295
0.584398
0.623424
0.684726
0.758341
0.839381
0.926362
1.01842
1.11444
1.21292
1.30708
1.38189
1.43423
1.47155
1.49857
1.51808
1.53123
1.5384
1.54101
1.54152
0.551666
0.559978
0.59965
0.6625
0.737966
0.82121
0.910778
1.00583
1.10528
1.20767
1.30599
1.38434
1.4391
1.47797
1.5059
1.52589
1.53921
1.54637
1.54888
1.54925
0.527624
0.53615
0.576511
0.640727
0.717874
0.803098
0.894988
0.992751
1.09537
1.20147
1.30391
1.38598
1.44343
1.48407
1.51309
1.53366
1.54717
1.55426
1.55663
1.55689
0.504096
0.512765
0.5539
0.619335
0.698017
0.785015
0.878985
0.979195
1.08471
1.19429
1.30079
1.38673
1.44717
1.48989
1.52018
1.54141
1.5551
1.56205
1.56421
1.56435
0.481036
0.489892
0.531742
0.598325
0.678393
0.766979
0.862802
0.965193
1.07332
1.18611
1.29654
1.38648
1.45026
1.49541
1.52722
1.54918
1.56298
1.56967
1.57156
1.5716
0.458431
0.467482
0.510089
0.577725
0.659037
0.749035
0.846486
0.950801
1.06125
1.17698
1.29112
1.38515
1.45256
1.50058
1.53425
1.55703
1.57079
1.57705
1.57859
1.57852
0.436372
0.445623
0.488976
0.557579
0.640007
0.731237
0.830118
0.936102
1.04859
1.16692
1.28454
1.38261
1.4539
1.50527
1.54133
1.56514
1.57863
1.58411
1.58517
1.58499
0.414933
0.424386
0.468444
0.537928
0.621356
0.713666
0.813772
0.92119
1.03542
1.15603
1.27677
1.37875
1.45408
1.50929
1.54846
1.57386
1.58691
1.59098
1.5912
1.59091
0.394117
0.403782
0.448526
0.518823
0.603137
0.696399
0.797546
0.906168
1.02185
1.14439
1.26786
1.37349
1.4529
1.51229
1.55542
1.58352
1.59657
1.59847
1.59686
1.59624
0.374001
0.383871
0.429267
0.500317
0.585424
0.679494
0.781524
0.891132
1.008
1.13213
1.25789
1.36676
1.45013
1.51383
1.56164
1.59406
1.60895
1.60921
1.60422
1.60168
0.354565
0.364626
0.410681
0.482412
0.568194
0.662931
0.765682
0.876047
0.993847
1.11919
1.24679
1.35836
1.44552
1.51341
1.5661
1.60441
1.62441
1.62689
1.61901
1.60147
0.335775
0.346052
0.392656
0.464937
0.55121
0.646391
0.749634
0.860439
0.978815
1.10493
1.23385
1.34752
1.43827
1.51025
1.56694
1.61127
1.63785
1.64036
1.63445
1.58837
0.317365
0.328547
0.375257
0.448032
0.534582
0.629973
0.733566
0.844534
0.963148
1.08958
1.21921
1.3342
1.42769
1.50384
1.56165
1.60607
1.63395
1.64011
1.58861
1.52533
0.298327
0.313143
0.358683
0.431807
0.518029
0.613493
0.717222
0.82834
0.946838
1.07314
1.20275
1.31823
1.41266
1.49442
1.54895
1.57771
1.60053
1.57731
1.51197
1.44446
0.279586
0.277972
0.338421
0.418693
0.504387
0.599745
0.701195
0.812511
0.93061
1.05636
1.18511
1.29996
1.39308
1.48429
1.51054
1.51093
1.51834
1.46531
1.39321
1.32107
0.30391
0.305024
0.362503
0.441848
0.532316
0.631418
0.737697
0.851609
0.972518
1.10128
1.22326
1.32456
1.40704
1.49645
1.52295
1.42983
1.35021
1.28666
1.21411
1.06587
0.262678
0.288952
0.349156
0.429095
0.519561
0.618305
0.723988
0.837217
0.957083
1.08415
1.20333
1.30132
1.37646
1.43475
1.41071
1.28941
1.17092
1.08978
1.00488
0.836084
0.23803
0.269073
0.330216
0.40989
0.500394
0.59886
0.704635
0.817006
0.935449
1.06014
1.17581
1.26879
1.33543
1.36107
1.28874
1.12645
0.98653
0.882654
0.766159
0.52282
0.213981
0.247401
0.309787
0.390147
0.480764
0.579117
0.68449
0.795854
0.912659
1.03461
1.14597
1.2329
1.28744
1.28058
1.14911
0.959703
0.784221
0.637582
0.472645
0.0746101
0.190956
0.225203
0.288657
0.369858
0.460668
0.558849
0.663558
0.773807
0.888787
1.00768
1.11408
1.19437
1.23255
1.1941
1.0136
0.80119
0.581506
0.390359
0.132075
-0.484026
0.168193
0.202447
0.266586
0.348396
0.439429
0.537421
0.641481
0.750537
0.863505
0.979034
1.08011
1.15266
1.17406
1.09104
0.889428
0.66863
0.441998
0.229982
0.0503029
-0.64703
0.144566
0.178844
0.243343
0.32553
0.41674
0.514574
0.61802
0.725862
0.836695
0.948637
1.0442
1.10779
1.10785
0.97865
0.783144
0.572872
0.377272
0.242881
0.212678
0.162622
0.119659
0.153925
0.218624
0.300961
0.392176
0.4897
0.592359
0.698711
0.807015
0.914751
1.00435
1.05714
1.03376
0.874824
0.687378
0.503294
0.353382
0.288013
0.265222
0.258673
0.0931277
0.1275
0.19235
0.274722
0.365786
0.462825
0.564446
0.668995
0.774366
0.877295
0.960337
1.00002
0.95988
0.777389
0.600322
0.438733
0.323701
0.293199
0.292518
0.292192
0.0649032
0.0994909
0.164488
0.246852
0.33763
0.433976
0.534316
0.636742
0.738737
0.836332
0.911912
0.939958
0.874467
0.687196
0.518943
0.376816
0.323333
0.308439
0.306309
0.306408
0.0351085
0.0699768
0.135105
0.217398
0.307761
0.403224
0.502029
0.601997
0.700178
0.791957
0.859239
0.874666
0.775845
0.603717
0.447444
0.335898
0.311986
0.315541
0.315452
0.315781
0.00424441
0.0392309
0.10443
0.18656
0.276355
0.370723
0.467724
0.564886
0.658832
0.744322
0.803291
0.800721
0.686348
0.527499
0.388207
0.345881
0.321595
0.320761
0.321073
0.321376
-0.0273329
0.0078644
0.0728281
0.154667
0.24372
0.336766
0.431688
0.525707
0.615012
0.693822
0.744666
0.725723
0.601152
0.461267
0.344985
0.310372
0.319817
0.323677
0.32573
0.326479
-0.0586948
-0.0237388
0.0409777
0.122264
0.210349
0.30183
0.39438
0.484933
0.569211
0.641153
0.682823
0.650408
0.515865
0.407748
0.312005
0.307542
0.317344
0.325083
0.329386
0.330829
-0.0888964
-0.0545966
0.00974152
0.0900876
0.176951
0.266589
0.35648
0.443294
0.522215
0.587003
0.619772
0.574837
0.426744
0.359016
0.332885
0.313054
0.304649
0.303464
0.306535
0.309228
-0.11652
-0.0831604
-0.0199611
0.0591978
0.144503
0.231971
0.318919
0.401758
0.47518
0.532189
0.560105
0.49028
0.327119
0.266135
0.34663
0.28019
0.250473
0.238307
0.2379
0.240216
-0.139917
-0.108068
-0.0464406
0.0308723
0.114163
0.19916
0.282912
0.361618
0.429636
0.478362
0.50317
0.402286
0.202209
0.0435129
0.0748835
0.0996894
0.114769
0.116341
0.118336
0.1218
-0.157147
-0.127392
-0.0679567
0.006731
0.0874064
0.169525
0.249926
0.324492
0.387374
0.428269
0.447152
0.321851
0.0849091
-0.307193
-0.490843
-0.203997
-0.093417
-0.0671242
-0.0435456
-0.0341184
-0.166202
-0.138986
-0.0829325
-0.0115425
0.0659167
0.144709
0.221614
0.292358
0.350562
0.385273
0.394509
0.276373
0.115514
-0.0681727
-0.128378
-0.0954831
-0.10227
-0.0815052
-0.0746638
-0.0728841
-0.16491
-0.141342
-0.0897329
-0.0222936
0.0512824
0.126382
0.199859
0.267344
0.321828
0.352322
0.34284
0.291173
0.359431
0.770842
0.922081
0.442631
0.0368538
-0.0308017
-0.0349383
-0.0339751
-0.150019
-0.13199
-0.0870302
-0.0242925
0.0447361
0.11599
0.186366
0.251699
0.304437
0.332841
0.32409
0.254123
0.216798
0.210693
-0.0583245
-0.522653
-0.517383
-0.265716
-0.132612
-0.140135
-0.122669
-0.109694
-0.073429
-0.0173095
0.0468711
0.11435
0.182409
0.247044
0.301645
0.332324
0.317793
0.111861
-0.496276
-1.46406
-2.0849
-2.40167
-2.23369
-1.82431
-1.45048
-1.2956
-0.0861242
-0.0775728
-0.0511109
-0.00230881
0.0571575
0.121251
0.188309
0.254582
0.315144
0.359045
0.356959
0.158675
-0.373599
-1.06504
-1.63932
-1.81896
-1.59748
-1.24252
-0.910865
-0.811172
-0.0454762
-0.0405407
-0.0227673
0.0173196
0.0726698
0.135054
0.2028
0.274117
0.344733
0.415701
0.466233
0.497609
0.473429
0.571484
0.785072
1.11933
1.47524
1.74618
1.90575
1.97389
-0.00726891
-0.00480888
0.00605804
0.0386123
0.0900615
0.152547
0.22276
0.300505
0.386638
0.481998
0.604332
0.765798
1.08966
1.62935
2.24966
2.80959
3.22538
3.47997
3.60557
3.6438
0.026589
0.0274417
0.0321104
0.0565057
0.105099
0.169431
0.243218
0.326893
0.42286
0.535409
0.665198
0.809679
1.06013
1.59501
2.19668
2.73651
3.12132
3.33867
3.43676
3.46673
0.05794
0.0584997
0.0597788
0.0749999
0.118738
0.183784
0.260537
0.346996
0.442502
0.552667
0.668454
0.793608
0.945299
1.33815
1.82713
2.23545
2.54249
2.7212
2.80166
2.82436
0.0828983
0.0842292
0.084684
0.093282
0.132301
0.198241
0.276679
0.362516
0.4547
0.558549
0.661818
0.761928
0.860101
1.10157
1.45336
1.75149
1.97088
2.09768
2.15439
2.16835
0.0958476
0.0957382
0.0939633
0.101769
0.144953
0.216073
0.29643
0.379605
0.466417
0.560023
0.646559
0.719286
0.785406
0.939632
1.17352
1.37568
1.5231
1.60685
1.64409
1.65228
0.119155
0.115043
0.111337
0.122093
0.171365
0.245738
0.324595
0.401586
0.479203
0.559692
0.631135
0.684578
0.733284
0.830952
0.98803
1.11726
1.20809
1.25946
1.28079
1.28438
0.199875
0.194315
0.189817
0.201141
0.242707
0.303754
0.368045
0.43149
0.495603
0.561761
0.620179
0.660593
0.69419
0.758817
0.862192
0.945797
1.00096
1.03049
1.04205
1.04299
0.336786
0.333513
0.330351
0.335413
0.356388
0.38851
0.426924
0.469314
0.515875
0.567151
0.613096
0.645555
0.670438
0.714235
0.778958
0.832065
0.866438
0.884728
0.89187
0.891786
0.470964
0.469697
0.467173
0.464433
0.465226
0.471969
0.486279
0.508079
0.537766
0.575014
0.611568
0.641762
0.666043
0.696944
0.735632
0.766762
0.787361
0.798589
0.802702
0.802038
0.559381
0.558882
0.556184
0.54924
0.539693
0.533137
0.53313
0.541035
0.557548
0.582699
0.612249
0.640965
0.667294
0.692137
0.715058
0.732042
0.74376
0.750547
0.75307
0.751968
0.602289
0.601882
0.599323
0.59232
0.581435
0.571121
0.56488
0.564921
0.572478
0.58838
0.611447
0.637695
0.663816
0.681484
0.693909
0.705627
0.715501
0.721823
0.724095
0.722633
0.617478
0.617014
0.614881
0.60946
0.600667
0.591205
0.5837
0.580198
0.581972
0.590257
0.605613
0.6279
0.651969
0.663702
0.669028
0.678622
0.688783
0.696204
0.699186
0.697806
0.620069
0.619586
0.617904
0.614098
0.607964
0.600661
0.593792
0.58884
0.586637
0.587969
0.593709
0.605086
0.620421
0.625839
0.629901
0.64349
0.658263
0.66901
0.673212
0.671419
0.618578
0.618122
0.616791
0.614012
0.609809
0.604454
0.598672
0.593238
0.588341
0.583146
0.576544
0.569406
0.563729
0.562231
0.576828
0.599527
0.619476
0.632267
0.636613
0.634779
0.616631
0.616257
0.61524
0.613068
0.609886
0.605894
0.601191
0.595858
0.589306
0.578615
0.55848
0.528599
0.494207
0.494007
0.521914
0.551789
0.573058
0.584647
0.588645
0.587871
0.614817
0.614579
0.61392
0.612272
0.609911
0.606738
0.60307
0.59858
0.592074
0.579174
0.551892
0.502986
0.449211
0.45463
0.492475
0.523549
0.540715
0.547872
0.550125
0.549982
0.612058
0.61199
0.611744
0.61082
0.609104
0.607093
0.60484
0.602571
0.599467
0.589165
0.564563
0.515691
0.467871
0.480838
0.512709
0.533414
0.542792
0.545768
0.54643
0.546005
0.606744
0.606837
0.606991
0.606859
0.606367
0.60592
0.605985
0.606885
0.608018
0.606375
0.595173
0.566225
0.542861
0.552848
0.564253
0.566911
0.566931
0.566747
0.567597
0.567673
0.597323
0.597598
0.598229
0.598988
0.599891
0.601566
0.604703
0.610014
0.618342
0.627572
0.633268
0.629582
0.630945
0.633818
0.625667
0.614746
0.608415
0.606917
0.605612
0.604396
0.582077
0.582625
0.583713
0.585281
0.587725
0.591932
0.598721
0.609309
0.625025
0.645574
0.666796
0.685914
0.704955
0.691356
0.668621
0.650992
0.642431
0.637681
0.634256
0.633305
0.557683
0.558593
0.560371
0.56315
0.567433
0.574197
0.584712
0.600345
0.622613
0.651544
0.681468
0.706666
0.728079
0.708416
0.682651
0.671114
0.66429
0.657337
0.65293
0.652492
0.52036
0.521649
0.524204
0.528362
0.534734
0.544124
0.557607
0.576625
0.602018
0.634405
0.666905
0.686492
0.694489
0.679729
0.673991
0.676723
0.676956
0.672669
0.666248
0.666113
0.465996
0.467659
0.47103
0.476748
0.485229
0.496622
0.511111
0.528906
0.550508
0.578322
0.611117
0.627087
0.620092
0.609098
0.631219
0.663726
0.684908
0.680268
0.673399
0.67235
0.391865
0.393734
0.397819
0.404992
0.414969
0.426591
0.438073
0.446427
0.449122
0.462017
0.506234
0.529229
0.509553
0.50819
0.568076
0.614732
0.640681
0.636943
0.632136
0.630721
0.298363
0.300079
0.304596
0.312778
0.322993
0.332071
0.333764
0.317412
0.285648
0.280005
0.353319
0.393278
0.372654
0.391474
0.463448
0.533365
0.548606
0.536739
0.529422
0.526587
0.192026
0.193008
0.197304
0.20538
0.214146
0.217567
0.201625
0.147339
0.0617851
0.0610258
0.169884
0.239655
0.215256
0.255266
0.317242
0.34817
0.359245
0.356235
0.353426
0.352011
0.0826111
0.0821017
0.0845774
0.0896021
0.0943574
0.0990315
0.0917609
0.0429912
-0.0513276
-0.107905
-0.0308409
0.075587
0.0844722
0.0910102
0.11629
0.129439
0.144427
0.14588
0.147427
0.147849
-0.117409
0.469414
0.802093
1.02979
1.20505
1.3408
1.45135
1.54689
1.65929
1.65464
0.7173
0.876259
1.04821
1.19475
1.31605
1.41528
1.49724
1.55946
1.5853
1.58946
1.00224
1.1081
1.22215
1.32174
1.40689
1.47797
1.53459
1.57443
1.59931
1.61615
1.20093
1.27345
1.35223
1.42285
1.48399
1.53532
1.57652
1.60808
1.63261
1.65112
1.34878
1.40274
1.4574
1.50939
1.55509
1.59433
1.62717
1.65403
1.67627
1.69451
1.46693
1.50594
1.5488
1.58945
1.62609
1.65839
1.68633
1.70974
1.72921
1.74694
1.56707
1.59832
1.63493
1.66918
1.70102
1.72973
1.7548
1.77579
1.79271
1.81007
1.65829
1.68744
1.72163
1.75391
1.78406
1.8113
1.83492
1.85431
1.86891
1.88605
1.74979
1.78117
1.81673
1.84975
1.87995
1.90672
1.92944
1.94756
1.96024
1.97751
1.8541
1.88994
1.92819
1.9626
1.99279
2.01863
2.03999
2.0567
2.06835
2.0862
1.98378
2.02282
2.06109
2.09433
2.12239
2.14604
2.16572
2.18128
2.19315
2.21141
2.14494
2.18139
2.21335
2.24014
2.26302
2.28357
2.30222
2.31828
2.33202
2.3499
2.32967
2.35489
2.37488
2.39342
2.4111
2.42787
2.44376
2.45978
2.47692
2.49607
2.51653
2.52743
2.54018
2.55477
2.5684
2.58049
2.59142
2.60279
2.61821
2.63765
2.69844
2.71194
2.71701
2.71803
2.72001
2.7274
2.74113
2.75875
2.7725
2.78385
2.96736
2.9168
2.86935
2.83778
2.82476
2.82932
2.85256
2.89763
2.96433
3.05846
1.39833
1.39531
1.38925
1.37831
1.36581
1.35448
1.3454
1.3386
1.33407
1.33208
1.33321
1.3371
1.34319
1.35142
1.36188
1.37417
1.38651
1.3952
1.39971
1.40187
1.32664
1.33329
1.33854
1.34214
1.34324
1.34159
1.33811
1.33427
1.33122
1.32981
1.33079
1.33373
1.33774
1.34191
1.34489
1.34539
1.34305
1.33865
1.33235
1.32652
1.31657
1.31953
1.32289
1.32537
1.32711
1.32827
1.32847
1.32767
1.32654
1.32598
1.32673
1.32836
1.32995
1.33067
1.3302
1.32891
1.32698
1.32409
1.32074
1.31845
1.31057
1.31199
1.31419
1.31646
1.31817
1.31934
1.32019
1.32072
1.32091
1.32111
1.32168
1.32232
1.32256
1.32228
1.3216
1.32041
1.31856
1.31631
1.31454
1.31346
1.30526
1.30608
1.30754
1.30931
1.31104
1.31249
1.31359
1.31447
1.31522
1.31585
1.31637
1.3166
1.31648
1.31602
1.31512
1.31378
1.31221
1.31065
1.30961
1.30895
1.30028
1.30083
1.30192
1.30333
1.30483
1.30632
1.30768
1.30882
1.30981
1.31068
1.31125
1.31142
1.3112
1.31057
1.30958
1.30841
1.30718
1.30605
1.30534
1.30488
1.2955
1.29591
1.29678
1.298
1.29933
1.30073
1.30215
1.3035
1.30472
1.30578
1.30648
1.30667
1.3064
1.30576
1.3049
1.30394
1.30296
1.30208
1.30155
1.3012
1.29086
1.29119
1.29191
1.29298
1.29423
1.29556
1.29697
1.29843
1.29985
1.30112
1.30198
1.30227
1.30207
1.30156
1.30087
1.30009
1.29928
1.29861
1.2982
1.29792
1.28629
1.28655
1.28717
1.28816
1.28935
1.29065
1.29207
1.2936
1.29518
1.29669
1.29777
1.29822
1.2982
1.29788
1.29737
1.29674
1.2961
1.29557
1.29525
1.29503
1.28172
1.28193
1.28248
1.28341
1.28458
1.28589
1.28735
1.28896
1.29069
1.29244
1.29381
1.29455
1.29478
1.29466
1.29433
1.29387
1.29336
1.29295
1.29271
1.29252
1.27708
1.27726
1.27776
1.27867
1.27984
1.2812
1.28276
1.28453
1.28648
1.28855
1.29028
1.29134
1.29183
1.29193
1.29177
1.29146
1.29109
1.29078
1.29059
1.29044
1.27231
1.27245
1.27293
1.27385
1.27507
1.27651
1.2782
1.28017
1.28241
1.28487
1.28705
1.2885
1.28931
1.28966
1.2897
1.28955
1.2893
1.28908
1.28895
1.28883
1.26735
1.26747
1.26793
1.26888
1.27018
1.27174
1.27359
1.2758
1.27842
1.28139
1.2841
1.28602
1.28722
1.28789
1.28818
1.2882
1.28808
1.28795
1.28787
1.28776
1.26216
1.26226
1.26271
1.2637
1.2651
1.26681
1.26889
1.27143
1.27446
1.27801
1.28142
1.28398
1.28567
1.2867
1.28727
1.28751
1.28754
1.28751
1.28747
1.28739
1.25663
1.25671
1.25717
1.25822
1.25976
1.26168
1.26406
1.26703
1.27069
1.27504
1.27927
1.2825
1.28473
1.2862
1.28707
1.28756
1.2878
1.28787
1.28788
1.28781
1.25067
1.25075
1.25119
1.25229
1.25396
1.25609
1.25881
1.26226
1.26659
1.27186
1.27715
1.28131
1.28429
1.28633
1.28766
1.28852
1.289
1.28922
1.28928
1.28922
1.24399
1.24406
1.24454
1.24572
1.24756
1.25001
1.25321
1.25736
1.26264
1.26912
1.27565
1.28086
1.28464
1.28733
1.28921
1.2905
1.29129
1.29167
1.29177
1.29171
1.23627
1.23635
1.23688
1.23817
1.24024
1.24308
1.24688
1.25187
1.25829
1.26624
1.27434
1.28085
1.28568
1.28918
1.2917
1.29348
1.29464
1.2952
1.29534
1.29526
1.22698
1.22708
1.2277
1.2292
1.23163
1.23504
1.23966
1.24579
1.2537
1.2635
1.27348
1.28153
1.28754
1.29195
1.2952
1.29754
1.29908
1.29981
1.29999
1.2999
1.21559
1.21571
1.21649
1.21832
1.22131
1.22555
1.23129
1.23892
1.24873
1.26083
1.27308
1.28295
1.29033
1.2958
1.29989
1.30281
1.30473
1.30564
1.30586
1.30575
1.20146
1.20164
1.20267
1.20498
1.20876
1.21415
1.22142
1.23101
1.24326
1.2582
1.27317
1.28518
1.29416
1.30084
1.30583
1.30944
1.31178
1.31287
1.31312
1.31299
1.18371
1.18397
1.18537
1.18841
1.19334
1.20033
1.20972
1.22195
1.23733
1.25575
1.27394
1.28841
1.29921
1.30725
1.31329
1.31767
1.32048
1.32175
1.32203
1.32188
1.16089
1.16131
1.16331
1.16745
1.17411
1.18344
1.19581
1.21159
1.23093
1.25356
1.27549
1.29275
1.3056
1.31519
1.3224
1.32767
1.33099
1.33244
1.33274
1.33257
1.13067
1.13142
1.13444
1.14045
1.14993
1.16287
1.17949
1.19999
1.22429
1.25189
1.27805
1.29839
1.31349
1.32478
1.33336
1.33959
1.34341
1.34504
1.34536
1.34515
1.08904
1.09054
1.09573
1.10538
1.1197
1.13826
1.16088
1.18749
1.21777
1.25102
1.2818
1.30545
1.32297
1.33614
1.34615
1.3534
1.35772
1.35951
1.35982
1.35957
1.02855
1.03315
1.044
1.06071
1.08323
1.1101
1.1407
1.17477
1.21189
1.25131
1.28694
1.314
1.33402
1.34913
1.36059
1.36882
1.3737
1.37559
1.37581
1.37555
0.956721
0.964832
0.984546
1.0118
1.04461
1.08078
1.11997
1.16205
1.20666
1.25316
1.29479
1.32644
1.35002
1.36792
1.38147
1.39117
1.39692
1.39919
1.39947
1.39937
0.884795
0.898699
0.927254
0.964605
1.00702
1.05231
1.10006
1.15019
1.2024
1.25614
1.30399
1.34038
1.36756
1.38834
1.40426
1.4158
1.4221
1.42411
1.4247
1.42477
0.825999
0.843561
0.877824
0.922498
0.972582
1.02575
1.08129
1.139
1.19848
1.25917
1.31282
1.35346
1.38374
1.40677
1.42429
1.43686
1.4439
1.44704
1.44794
1.44809
0.778029
0.797554
0.836037
0.886112
0.942187
1.00175
1.06398
1.12846
1.19462
1.26173
1.32072
1.36509
1.39793
1.42279
1.44174
1.45553
1.46366
1.46727
1.46833
1.46849
0.73781
0.758449
0.80011
0.854406
0.915314
0.980203
1.04816
1.11859
1.19076
1.26373
1.32752
1.37518
1.4102
1.43656
1.4566
1.47117
1.48001
1.48403
1.48522
1.48538
0.702856
0.724247
0.768417
0.82615
0.891093
0.960536
1.03348
1.10921
1.18681
1.26514
1.33329
1.38386
1.42073
1.44827
1.46907
1.48418
1.4936
1.49792
1.49917
1.49933
0.671579
0.693518
0.739699
0.800333
0.868727
0.942139
1.01952
1.10001
1.18258
1.26587
1.3381
1.39133
1.42983
1.45834
1.47968
1.49517
1.50489
1.5094
1.5107
1.5108
0.642823
0.66518
0.713144
0.776225
0.847629
0.924539
1.00587
1.09072
1.1779
1.26588
1.342
1.39779
1.4378
1.46716
1.48894
1.50462
1.51445
1.51903
1.52033
1.52042
0.615704
0.638535
0.688051
0.753289
0.827369
0.907387
0.992288
1.08111
1.1726
1.26507
1.34502
1.40337
1.44491
1.47513
1.49736
1.51323
1.52312
1.52779
1.52897
1.52893
0.589785
0.613146
0.66386
0.731149
0.807631
0.890443
0.978566
1.07103
1.16657
1.26337
1.34716
1.40817
1.45137
1.48254
1.50528
1.52137
1.53131
1.53593
1.53709
1.53702
0.56472
0.588598
0.640422
0.709583
0.788206
0.873534
0.964587
1.0604
1.15972
1.26074
1.34843
1.41229
1.45733
1.48961
1.51296
1.52935
1.53937
1.5439
1.54502
1.54491
0.540287
0.564648
0.617646
0.688437
0.768986
0.856579
0.950274
1.04916
1.15203
1.25712
1.34881
1.41574
1.46286
1.49644
1.52053
1.53728
1.54738
1.5518
1.55281
1.55268
0.516373
0.541272
0.595363
0.667628
0.749916
0.839536
0.935611
1.0373
1.14346
1.25248
1.34824
1.41849
1.46797
1.50307
1.52804
1.54519
1.55533
1.55958
1.56046
1.56028
0.492952
0.518409
0.573515
0.647132
0.730982
0.822417
0.920621
1.02482
1.13401
1.24678
1.34662
1.42044
1.47263
1.50954
1.53553
1.55309
1.5632
1.56723
1.56792
1.56769
0.470067
0.496023
0.552117
0.626962
0.71221
0.805253
0.905344
1.01179
1.12372
1.23999
1.34386
1.4215
1.47679
1.51585
1.54305
1.56098
1.57091
1.57458
1.57509
1.57482
0.447674
0.474162
0.531206
0.607161
0.693652
0.788106
0.88985
0.998263
1.11263
1.23211
1.33992
1.42152
1.48029
1.522
1.55071
1.56897
1.57843
1.58157
1.58186
1.58155
0.425892
0.452895
0.51082
0.587772
0.675363
0.771053
0.874224
0.984333
1.10084
1.22319
1.33471
1.42034
1.48294
1.5279
1.55867
1.57732
1.5859
1.58812
1.5881
1.58779
0.404714
0.432273
0.490991
0.568857
0.657416
0.75417
0.858561
0.970112
1.08842
1.21328
1.32819
1.4178
1.48451
1.53333
1.56706
1.58662
1.59387
1.59435
1.59373
1.59346
0.38424
0.412304
0.471778
0.550468
0.639873
0.737541
0.842946
0.955685
1.0755
1.20249
1.32036
1.41378
1.48466
1.53786
1.57572
1.5976
1.60389
1.60145
1.59887
1.59825
0.364409
0.393016
0.45323
0.532666
0.62281
0.72125
0.827502
0.941192
1.06222
1.19091
1.31127
1.40815
1.48312
1.5408
1.58381
1.61027
1.61819
1.61386
1.60513
1.58742
0.345285
0.37442
0.435207
0.51525
0.60593
0.704959
0.811802
0.926155
1.04803
1.178
1.30032
1.40024
1.47934
1.54127
1.58981
1.6231
1.63666
1.63386
1.61727
1.62952
0.326743
0.35653
0.417765
0.498276
0.589289
0.688732
0.795855
0.910607
1.03294
1.16367
1.28735
1.38949
1.47274
1.53798
1.58952
1.62739
1.64576
1.64093
1.5795
1.56035
0.308191
0.338784
0.401157
0.482147
0.573373
0.673014
0.779868
0.894811
1.01724
1.14815
1.27243
1.37558
1.46265
1.53046
1.57753
1.61409
1.62411
1.59091
1.52042
1.47731
0.288942
0.320309
0.385788
0.467226
0.558573
0.65795
0.764208
0.878939
1.00103
1.13146
1.25547
1.3585
1.44721
1.51927
1.56679
1.5686
1.55102
1.49202
1.41876
1.3737
0.694361
0.80549
0.92334
1.04867
1.17649
1.29021
1.38142
1.23912
0.268198
0.287051
0.32492
0.393445
0.478893
0.573473
0.676088
0.786071
0.902966
1.02687
1.15321
1.26557
1.35507
1.42927
1.48144
1.44994
1.30882
1.22126
1.15239
0.250626
0.263649
0.307723
0.37797
0.463694
0.558286
0.660328
0.769735
0.885626
1.00794
1.13173
1.24029
1.32431
1.38416
1.38459
1.28484
1.13957
1.03224
0.941857
0.227465
0.240222
0.287215
0.358555
0.444502
0.539193
0.64124
0.750195
0.865007
0.985516
1.106
1.20943
1.28572
1.32765
1.28879
1.12977
0.960438
0.823008
0.702522
0.204155
0.217088
0.265684
0.338218
0.424617
0.519281
0.621024
0.729163
0.842632
0.960932
1.07772
1.17554
1.24383
1.26226
1.17875
0.980297
0.776633
0.590213
0.411691
0.181679
0.19409
0.24351
0.317086
0.403948
0.498608
0.599918
0.707115
0.819077
0.934857
1.04755
1.13912
1.19812
1.18145
1.05046
0.842656
0.615056
0.396578
0.197552
0.158741
0.170834
0.220492
0.294754
0.381988
0.476699
0.577647
0.683969
0.794377
0.90752
1.01595
1.10084
1.14756
1.10455
0.932972
0.728459
0.507724
0.298555
0.170475
0.132762
0.134533
0.146454
0.1963
0.270925
0.358336
0.453003
0.553519
0.658849
0.767481
0.877612
0.981279
1.05883
1.0916
1.02907
0.82696
0.632851
0.445603
0.302443
0.2559
0.230111
0.108979
0.120719
0.170675
0.245492
0.332926
0.427365
0.527272
0.631347
0.737853
0.844474
0.942711
1.0126
1.02854
0.928335
0.732973
0.553313
0.396053
0.30582
0.285086
0.279683
0.0817933
0.0933839
0.143517
0.218459
0.305796
0.399853
0.498915
0.60146
0.705471
0.808102
0.900206
0.962343
0.95136
0.825799
0.645176
0.476635
0.349746
0.304973
0.302327
0.300508
0.0529974
0.0644868
0.114802
0.189851
0.276988
0.370502
0.468492
0.569232
0.670361
0.768534
0.853916
0.906913
0.874049
0.729213
0.562528
0.406134
0.328821
0.310655
0.311327
0.311583
0.0228017
0.034379
0.0846583
0.15979
0.246626
0.339411
0.436111
0.534742
0.632599
0.725824
0.804128
0.845634
0.803953
0.641188
0.48757
0.363688
0.322434
0.320657
0.318694
0.318749
-0.00825343
0.00336255
0.0534503
0.128552
0.214943
0.306815
0.401975
0.498193
0.592408
0.680243
0.75114
0.78206
0.729341
0.563456
0.422733
0.32938
0.316225
0.321517
0.323504
0.324256
-0.0395792
-0.0280275
0.0218027
0.0965513
0.18236
0.273106
0.366463
0.459959
0.550158
0.63225
0.695392
0.717346
0.638725
0.492335
0.368056
0.329199
0.315375
0.321588
0.327119
0.328815
-0.0700963
-0.0590091
-0.00963705
0.064573
0.149476
0.238854
0.330136
0.420611
0.506482
0.582447
0.637988
0.64563
0.545344
0.423332
0.345504
0.311884
0.315156
0.317301
0.320952
0.323847
-0.098738
-0.0880565
-0.0399328
0.0335112
0.117171
0.204879
0.293789
0.380968
0.462284
0.531681
0.580146
0.570917
0.451698
0.336697
0.325539
0.281223
0.284858
0.279536
0.277648
0.280153
-0.124197
-0.113919
-0.0674583
0.00447544
0.0865585
0.172246
0.258477
0.342125
0.41876
0.481473
0.522437
0.502582
0.352758
0.205719
0.214155
0.243237
0.204803
0.191191
0.185821
0.186352
-0.144238
-0.134685
-0.0905294
-0.020839
0.0589896
0.142222
0.225514
0.305482
0.37743
0.433867
0.465543
0.438386
0.253327
-0.00718439
-0.224645
-0.123067
-0.0230075
0.0164632
0.0295126
0.0422459
-0.157193
-0.14866
-0.107465
-0.0408159
0.0361112
0.11637
0.196421
0.272689
0.340198
0.39103
0.411515
0.384845
0.181861
-0.0919337
-0.562353
-0.358065
-0.14438
-0.0950369
-0.0842055
-0.0758922
-0.16071
-0.153743
-0.116515
-0.0538171
0.0196119
0.0963556
0.172882
0.245677
0.309285
0.355455
0.366283
0.350405
0.231827
0.277476
0.363758
0.300988
0.025821
-0.0786714
-0.0630337
-0.0608087
-0.153865
-0.148136
-0.115813
-0.058188
0.010912
0.0836654
0.156641
0.22642
0.287321
0.330274
0.341692
0.324138
0.299215
0.528283
1.04146
0.684525
0.197358
0.00447172
0.0256764
0.00188322
-0.13343
-0.129192
-0.103165
-0.0527624
0.0108503
0.0793723
0.14905
0.216611
0.276874
0.319888
0.328873
0.275025
0.0472877
-0.43189
-1.10358
-1.67721
-1.73883
-1.39565
-0.939851
-0.666682
-0.101656
-0.0990077
-0.0798361
-0.0378128
0.0193839
0.0836645
0.150639
0.217492
0.279546
0.328559
0.342164
0.27808
-0.199604
-1.02838
-1.87538
-2.3166
-2.37958
-2.12631
-1.76081
-1.46148
-0.0628023
-0.0612329
-0.0496564
-0.0158828
0.0347279
0.095346
0.160842
0.229152
0.296341
0.357846
0.398275
0.411137
0.164699
-0.138731
-0.429982
-0.477384
-0.26812
0.0227396
0.293148
0.457973
-0.023347
-0.022392
-0.016536
0.00793439
0.0533778
0.111879
0.177331
0.249045
0.325939
0.404883
0.494596
0.580627
0.751102
1.04054
1.48833
1.9869
2.43558
2.74801
2.91725
2.98165
0.0107455
0.0113258
0.014112
0.0303228
0.0708868
0.128559
0.196298
0.272831
0.359051
0.458099
0.576671
0.724078
0.932747
1.37781
2.01662
2.64637
3.15825
3.49163
3.66063
3.72084
0.0425089
0.0430422
0.0439464
0.0521705
0.0858069
0.14261
0.213347
0.293975
0.384281
0.488925
0.605032
0.737326
0.874161
1.20811
1.75596
2.27484
2.69113
2.96203
3.10216
3.15558
0.0714496
0.0721027
0.072846
0.0759241
0.100877
0.15599
0.228747
0.310822
0.400981
0.500723
0.610531
0.722719
0.836747
1.02318
1.42603
1.81717
2.12838
2.335
2.44068
2.48039
0.0898299
0.0911293
0.0916199
0.092474
0.113708
0.170492
0.245566
0.327683
0.415074
0.509193
0.608048
0.697911
0.782778
0.893756
1.15829
1.43126
1.64679
1.78934
1.86099
1.88696
0.102975
0.103035
0.0997468
0.0995301
0.125449
0.189821
0.268653
0.349523
0.431149
0.515538
0.600556
0.670331
0.732245
0.801295
0.977473
1.15843
1.298
1.38909
1.4342
1.44984
0.150684
0.148492
0.141888
0.142655
0.171224
0.23393
0.30752
0.380085
0.451294
0.523178
0.594128
0.650509
0.694724
0.736354
0.857544
0.975643
1.06197
1.11733
1.14311
1.15117
0.265538
0.262282
0.257068
0.257746
0.27801
0.319979
0.370004
0.423113
0.477358
0.534404
0.591605
0.636733
0.667704
0.695057
0.775436
0.851824
0.906062
0.939006
0.954322
0.958607
0.409074
0.407124
0.404478
0.402812
0.408019
0.4222
0.44405
0.472593
0.507281
0.547906
0.592366
0.629981
0.655937
0.680562
0.728497
0.775724
0.809675
0.829842
0.839209
0.841539
0.522331
0.521375
0.520005
0.515902
0.509623
0.505512
0.507649
0.517543
0.535792
0.562429
0.595792
0.627801
0.654999
0.679826
0.710646
0.736553
0.755525
0.767817
0.773554
0.774688
0.585893
0.58535
0.584193
0.579373
0.569741
0.558908
0.551954
0.551497
0.558828
0.574482
0.598499
0.626424
0.653496
0.677308
0.696741
0.712179
0.723829
0.731837
0.73584
0.736333
0.612518
0.612117
0.611023
0.606892
0.598406
0.587757
0.578749
0.573833
0.574751
0.58281
0.598864
0.621525
0.647322
0.668651
0.678702
0.687711
0.697767
0.706091
0.710766
0.711187
0.61987
0.61951
0.618514
0.615412
0.609311
0.601081
0.592983
0.586943
0.584363
0.586356
0.594084
0.608436
0.628295
0.645584
0.648804
0.656505
0.669139
0.680593
0.687298
0.687707
0.619687
0.619347
0.618489
0.616184
0.612027
0.606218
0.599759
0.593822
0.589263
0.586464
0.585663
0.586854
0.591297
0.595682
0.598358
0.613359
0.630994
0.645482
0.653667
0.654481
0.617722
0.617405
0.616699
0.61491
0.611856
0.60771
0.60272
0.597366
0.591779
0.585133
0.574992
0.558596
0.537155
0.525444
0.535704
0.561477
0.586387
0.603508
0.612116
0.6129
0.615881
0.615618
0.615119
0.613772
0.61133
0.608187
0.604305
0.599777
0.594072
0.585338
0.567424
0.536957
0.486189
0.460058
0.483628
0.519511
0.547032
0.562328
0.568156
0.568655
0.613766
0.61359
0.613364
0.61259
0.610862
0.608359
0.605546
0.602349
0.598158
0.591267
0.572559
0.533291
0.471851
0.446413
0.477557
0.511339
0.529796
0.537447
0.539759
0.541344
0.609875
0.609783
0.609808
0.609571
0.608758
0.60741
0.606117
0.605801
0.60434
0.600704
0.590009
0.56038
0.514357
0.502882
0.526078
0.544414
0.550778
0.553538
0.554734
0.554966
0.602685
0.602693
0.603007
0.603358
0.603575
0.6039
0.604886
0.607254
0.61095
0.615162
0.61673
0.607386
0.590585
0.590572
0.59388
0.594105
0.590586
0.589596
0.588994
0.587821
0.590572
0.59071
0.591258
0.592204
0.593631
0.595892
0.599739
0.606168
0.615929
0.629426
0.645047
0.656001
0.664213
0.67371
0.658886
0.640833
0.627834
0.62134
0.619126
0.618171
0.571092
0.571409
0.572461
0.574265
0.576998
0.581247
0.588194
0.599018
0.615194
0.637218
0.664073
0.689579
0.713968
0.720737
0.694172
0.671602
0.659771
0.652994
0.648219
0.645663
0.540568
0.541139
0.542737
0.545518
0.549876
0.55651
0.566491
0.581257
0.601978
0.630365
0.662743
0.690823
0.711635
0.711718
0.691296
0.67922
0.672972
0.669533
0.6613
0.659323
0.495048
0.495942
0.498125
0.502055
0.508246
0.517191
0.529529
0.546369
0.568555
0.596441
0.628066
0.655659
0.666972
0.656745
0.646737
0.662978
0.681297
0.681097
0.673256
0.671556
0.4309
0.432057
0.434774
0.439912
0.447915
0.45857
0.471346
0.485906
0.500404
0.517003
0.54649
0.576061
0.57894
0.559227
0.578608
0.622432
0.659687
0.671695
0.663222
0.659641
0.346622
0.347823
0.350803
0.357024
0.366411
0.377361
0.387086
0.391063
0.383093
0.370196
0.404191
0.457268
0.461365
0.433974
0.484071
0.551481
0.59743
0.598628
0.591571
0.587602
0.245513
0.246338
0.249131
0.25592
0.265476
0.274536
0.276324
0.257598
0.207842
0.159244
0.209882
0.30743
0.305099
0.288317
0.367624
0.431518
0.46718
0.459015
0.451627
0.447491
0.136647
0.136814
0.139002
0.144507
0.153242
0.158751
0.150587
0.10386
0.0049631
-0.0531887
0.0240851
0.138443
0.161735
0.154205
0.208359
0.254387
0.244999
0.248672
0.249656
0.249649
0.0821862
0.0827592
0.0871186
0.091863
0.0969114
0.0985017
0.0735791
-0.00201478
-0.0906088
-0.0838224
0.0301156
0.100138
0.0654134
0.10777
0.121379
0.149761
0.145708
0.146697
0.147845
0.0462534
0.233121
0.593641
0.831261
1.03183
1.19429
1.32471
1.42996
1.51959
1.58388
1.58048
0.763301
0.926347
1.07596
1.20488
1.31531
1.40782
1.48415
1.54334
1.57948
1.59303
1.04439
1.1466
1.24555
1.33463
1.41226
1.47828
1.53236
1.5736
1.60283
1.62247
1.23411
1.30283
1.37321
1.43834
1.49467
1.54317
1.58364
1.61621
1.64221
1.66062
1.37754
1.42517
1.47945
1.52767
1.57081
1.60868
1.64136
1.66887
1.69164
1.70744
1.49248
1.53058
1.57286
1.61099
1.64642
1.67843
1.70672
1.73093
1.75103
1.76408
1.59179
1.6247
1.66042
1.69442
1.72629
1.75559
1.78168
1.80389
1.82193
1.83253
1.6841
1.7157
1.75041
1.78412
1.81546
1.84407
1.86924
1.89027
1.90663
1.91533
1.77966
1.81458
1.85163
1.88733
1.91946
1.94791
1.97224
1.99212
2.00701
2.01506
1.89305
1.93337
1.97267
2.00971
2.04165
2.06884
2.09151
2.10982
2.12356
2.13269
2.03721
2.08013
2.11764
2.15134
2.17943
2.20327
2.22394
2.24139
2.25528
2.26644
2.21503
2.25266
2.28089
2.30521
2.32625
2.34557
2.36385
2.38102
2.39694
2.41147
2.41274
2.4338
2.44881
2.46467
2.48097
2.49629
2.51002
2.5233
2.53881
2.55719
2.60357
2.6107
2.62122
2.63279
2.64272
2.65193
2.66221
2.67333
2.68495
2.69382
2.81652
2.81831
2.8104
2.7939
2.78277
2.78222
2.79439
2.819
2.85313
2.87767
3.2362
3.04231
2.94125
2.88342
2.85431
2.84769
2.86289
2.90372
2.97958
3.12254
0.304551
0.300061
0.339162
0.409852
0.495427
0.590703
1.46724
1.53706
1.53818
1.46205
1.3936
1.32184
1.08193
0.84734
0.563348
0.185527
-0.203728
)
;

boundaryField
{
    wall-4
    {
        type            zeroGradient;
    }
    pressure-outlet-7
    {
        type            fixedValue;
        value           uniform 0;
    }
    velocity-inlet-6
    {
        type            zeroGradient;
    }
    velocity-inlet-5
    {
        type            zeroGradient;
    }
    frontAndBackPlanes
    {
        type            empty;
    }
}


// ************************************************************************* //
