/*--------------------------------*- C++ -*----------------------------------*\
  =========                 |
  \\      /  F ield         | OpenFOAM: The Open Source CFD Toolbox
   \\    /   O peration     | Website:  https://openfoam.org
    \\  /    A nd           | Version:  10
     \\/     M anipulation  |
\*---------------------------------------------------------------------------*/
FoamFile
{
    format      ascii;
    class       volScalarField;
    location    "38";
    object      p;
}
// * * * * * * * * * * * * * * * * * * * * * * * * * * * * * * * * * * * * * //

dimensions      [0 2 -2 0 0 0 0];

internalField   nonuniform List<scalar> 
8800
(
0.989181
0.941391
0.902697
0.873696
0.852823
0.837977
0.827359
0.819853
0.814996
0.812888
0.814093
0.818233
0.824837
0.83412
0.846877
0.864595
0.889362
0.923295
0.965838
1.02454
0.820441
0.828119
0.835583
0.838888
0.837377
0.832287
0.825785
0.819685
0.814927
0.812037
0.8117
0.814143
0.818581
0.824489
0.83123
0.837489
0.841115
0.840371
0.83494
0.826244
0.798862
0.805021
0.809143
0.812078
0.814116
0.814704
0.813575
0.811441
0.809382
0.808414
0.809309
0.81163
0.814381
0.816524
0.817103
0.815882
0.813523
0.810118
0.805554
0.801792
0.793088
0.795736
0.798481
0.800875
0.802497
0.80364
0.804355
0.804437
0.804093
0.803977
0.804654
0.805756
0.806539
0.806558
0.805914
0.804795
0.802957
0.80037
0.797958
0.796454
0.787755
0.789178
0.79095
0.792972
0.794741
0.796061
0.79702
0.797777
0.798335
0.798823
0.799386
0.7998
0.799831
0.799487
0.798746
0.797461
0.795736
0.793866
0.792548
0.791717
0.782741
0.78366
0.784895
0.78645
0.788066
0.789568
0.790821
0.791841
0.792739
0.793542
0.794125
0.794353
0.794226
0.793716
0.792777
0.791529
0.790162
0.788873
0.788037
0.787487
0.777914
0.778583
0.779539
0.78083
0.782222
0.783656
0.785059
0.786329
0.787451
0.788451
0.789143
0.789386
0.789193
0.788591
0.787708
0.786697
0.785632
0.784671
0.784071
0.783667
0.773232
0.773747
0.774525
0.775645
0.776904
0.778252
0.779659
0.781073
0.782414
0.783622
0.78447
0.784783
0.784616
0.784109
0.783405
0.782596
0.781752
0.781021
0.78057
0.780256
0.768627
0.769036
0.769688
0.770685
0.771874
0.773173
0.774573
0.776061
0.77758
0.779024
0.780075
0.780533
0.780518
0.780194
0.77968
0.779054
0.778392
0.777837
0.777494
0.777242
0.764024
0.764356
0.764919
0.765839
0.766979
0.768259
0.769685
0.771252
0.77293
0.774626
0.775943
0.776646
0.776862
0.776748
0.776427
0.77599
0.775493
0.775083
0.774822
0.774614
0.75934
0.759613
0.760116
0.760992
0.762116
0.763418
0.764907
0.766593
0.768466
0.770447
0.772107
0.773131
0.773624
0.773747
0.773627
0.773371
0.77303
0.772742
0.772547
0.772371
0.754505
0.754731
0.755195
0.756058
0.757205
0.758572
0.760169
0.76203
0.764161
0.766498
0.768581
0.769992
0.770802
0.771188
0.771288
0.771207
0.771019
0.770838
0.770696
0.770544
0.749442
0.749632
0.750075
0.750955
0.752166
0.753641
0.755398
0.757504
0.759986
0.762794
0.765388
0.76724
0.768412
0.769092
0.76943
0.769535
0.769495
0.76941
0.769314
0.769181
0.74407
0.744227
0.744666
0.745588
0.746902
0.748529
0.750503
0.752914
0.755815
0.759195
0.762421
0.764828
0.766447
0.767475
0.768088
0.768406
0.768518
0.768526
0.768471
0.768352
0.738294
0.738422
0.738868
0.73986
0.741322
0.743159
0.745422
0.748228
0.751671
0.755764
0.759763
0.762834
0.764981
0.766416
0.767344
0.767898
0.768176
0.768279
0.768264
0.768156
0.732011
0.732111
0.732579
0.733666
0.735314
0.737419
0.740055
0.743374
0.747494
0.752462
0.757412
0.761305
0.764084
0.766004
0.767289
0.768113
0.768591
0.768799
0.768821
0.76872
0.725073
0.725154
0.725639
0.726843
0.728736
0.731177
0.734289
0.738254
0.743247
0.749331
0.755427
0.760268
0.7638
0.766308
0.768051
0.769193
0.769886
0.770205
0.770267
0.770171
0.717226
0.717298
0.717845
0.719182
0.721359
0.724233
0.727934
0.732687
0.738714
0.746123
0.753651
0.759713
0.764177
0.767399
0.769701
0.77126
0.772221
0.772674
0.772777
0.772684
0.708243
0.708285
0.708904
0.710443
0.713
0.716435
0.720902
0.726702
0.734103
0.743209
0.752433
0.75988
0.765421
0.769479
0.772449
0.774496
0.775789
0.776396
0.77654
0.776443
0.69773
0.697757
0.698464
0.700261
0.703282
0.707414
0.712846
0.719939
0.729001
0.740157
0.751479
0.760648
0.767516
0.772608
0.776386
0.779035
0.780732
0.78152
0.781704
0.781596
0.685062
0.685081
0.685918
0.688069
0.691738
0.696824
0.703557
0.712367
0.723587
0.737293
0.751102
0.762247
0.770631
0.776908
0.781637
0.785006
0.787164
0.788147
0.788362
0.788235
0.669406
0.669426
0.670473
0.673164
0.677764
0.684183
0.692681
0.703745
0.717691
0.734519
0.751276
0.764734
0.774875
0.782516
0.7883
0.792481
0.79514
0.79632
0.79656
0.796407
0.649566
0.649597
0.65099
0.654537
0.660524
0.668857
0.679809
0.693885
0.711305
0.731916
0.752119
0.768207
0.780309
0.789473
0.79646
0.801526
0.804704
0.806068
0.806324
0.806139
0.62374
0.623808
0.625819
0.630794
0.63901
0.650204
0.664673
0.682798
0.704606
0.729731
0.753857
0.772845
0.787103
0.797926
0.80618
0.812208
0.815892
0.817414
0.817671
0.817454
0.588945
0.589142
0.592402
0.600017
0.61201
0.627648
0.647145
0.670594
0.697787
0.728146
0.756624
0.778755
0.795305
0.807907
0.817568
0.82458
0.828731
0.830359
0.830588
0.830336
0.539484
0.540535
0.547092
0.560101
0.578654
0.601157
0.627588
0.657781
0.691335
0.727543
0.760674
0.786067
0.804995
0.819443
0.830552
0.838553
0.843115
0.844764
0.844931
0.844639
0.466453
0.47387
0.48909
0.512169
0.540424
0.572047
0.60696
0.64495
0.685612
0.728253
0.766491
0.795518
0.817153
0.833766
0.846651
0.855785
0.860852
0.862626
0.862802
0.862557
0.387784
0.405129
0.42976
0.463481
0.501827
0.542759
0.58626
0.632295
0.680569
0.730497
0.774988
0.808772
0.834038
0.853578
0.868881
0.879627
0.885306
0.887158
0.887384
0.887305
0.322498
0.342835
0.375295
0.417873
0.465075
0.514761
0.566569
0.620473
0.676195
0.733185
0.783626
0.821863
0.850529
0.872742
0.889943
0.901614
0.907676
0.910017
0.910284
0.910281
0.268999
0.291041
0.328897
0.37781
0.432031
0.489023
0.548149
0.609251
0.671936
0.735581
0.791603
0.833927
0.865582
0.889941
0.908481
0.921335
0.928458
0.930635
0.930968
0.931015
0.224373
0.247486
0.288952
0.342974
0.402865
0.465892
0.531279
0.598748
0.667757
0.737556
0.798715
0.844728
0.878941
0.905052
0.924847
0.938472
0.946171
0.948661
0.949161
0.949241
0.186279
0.209982
0.254302
0.312194
0.376837
0.445012
0.515838
0.588949
0.663678
0.739111
0.804992
0.854293
0.890705
0.918206
0.938841
0.953101
0.961238
0.964204
0.964852
0.964955
0.152796
0.176879
0.223354
0.284525
0.353142
0.425786
0.501428
0.579614
0.659573
0.740227
0.810464
0.862726
0.900991
0.929601
0.95093
0.965686
0.974183
0.977497
0.978251
0.978349
0.122522
0.146941
0.195147
0.259072
0.331124
0.407672
0.487619
0.570435
0.655241
0.740791
0.815118
0.870096
0.90999
0.939527
0.96135
0.97646
0.985181
0.988717
0.989533
0.989619
0.0945677
0.119306
0.168959
0.235206
0.310266
0.390259
0.474083
0.561141
0.650474
0.74068
0.818934
0.87651
0.917933
0.948323
0.970575
0.98595
0.994788
0.998446
0.999286
0.999327
0.0681738
0.093277
0.144279
0.212516
0.290177
0.373232
0.460563
0.551526
0.645111
0.739782
0.821892
0.882055
0.925019
0.956268
0.978984
0.994527
1.00347
1.00717
1.00805
1.00805
0.0429823
0.0684983
0.120607
0.190638
0.270602
0.356383
0.446887
0.541449
0.639028
0.738016
0.823974
0.886803
0.931409
0.963587
0.986785
1.00253
1.01149
1.01512
1.016
1.016
0.0185911
0.0446384
0.0976634
0.169369
0.251341
0.339565
0.432946
0.530815
0.632139
0.735302
0.825154
0.890812
0.93722
0.970458
0.994207
1.01017
1.01914
1.02273
1.02348
1.02343
-0.0051365
0.0213591
0.0754259
0.148557
0.232299
0.322702
0.418679
0.519577
0.624395
0.731592
0.825404
0.8941
0.942539
0.976996
1.00139
1.01758
1.02652
1.02997
1.03062
1.0305
-0.0283294
-0.00128823
0.0537187
0.128121
0.213441
0.305773
0.404074
0.507718
0.615775
0.726841
0.824661
0.896646
0.947397
0.983287
1.00841
1.02481
1.03362
1.03687
1.03737
1.03719
-0.0511063
-0.0234568
0.0324458
0.10803
0.194748
0.28879
0.38916
0.495271
0.606289
0.721016
0.82285
0.898375
0.951796
0.989393
1.01534
1.0319
1.04047
1.0434
1.04376
1.04354
-0.0734739
-0.0451436
0.0116374
0.0882935
0.176255
0.271793
0.37399
0.482284
0.59597
0.714095
0.819895
0.899187
0.955685
0.995376
1.02232
1.03891
1.04702
1.04953
1.04973
1.04947
-0.0952725
-0.066299
-0.00867026
0.0689445
0.158002
0.254851
0.358629
0.468838
0.584881
0.706108
0.815729
0.898961
0.958945
1.00126
1.02954
1.04604
1.05334
1.0552
1.0552
1.05494
-0.116474
-0.0868889
-0.0284618
0.0500329
0.140049
0.238028
0.343173
0.455016
0.57311
0.697092
0.810309
0.897545
0.961396
1.00698
1.03724
1.05376
1.05971
1.06042
1.06013
1.05991
-0.137142
-0.106873
-0.0477008
0.0315945
0.122461
0.221409
0.327711
0.440928
0.560756
0.687123
0.8036
0.89479
0.962782
1.01229
1.04555
1.06286
1.06711
1.06567
1.06455
1.06459
-0.157097
-0.126226
-0.0663274
0.0136944
0.105298
0.205077
0.312342
0.426688
0.547942
0.676308
0.795609
0.890553
0.962797
1.0167
1.05416
1.07406
1.07773
1.07338
1.06977
1.069
-0.176432
-0.144931
-0.0843559
-0.00369368
0.0885258
0.188984
0.297007
0.412236
0.5346
0.664573
0.786205
0.884566
0.961101
1.0195
1.06206
1.08709
1.09359
1.08894
1.07907
1.06313
-0.195066
-0.162979
-0.101904
-0.0207626
0.0718534
0.172795
0.281287
0.397084
0.520182
0.651264
0.774713
0.875988
0.957024
1.01965
1.06684
1.09847
1.10886
1.09824
1.07963
1.06447
-0.212822
-0.18049
-0.118783
-0.0372823
0.0555909
0.156859
0.265409
0.381562
0.505007
0.636665
0.761266
0.864442
0.949964
1.01605
1.06357
1.09495
1.10899
1.08867
1.0192
0.987075
-0.229031
-0.198653
-0.134668
-0.0526691
0.0404649
0.141673
0.249675
0.365899
0.489296
0.620913
0.745839
0.849713
0.938762
1.00838
1.04801
1.07176
1.06982
1.01873
0.948463
0.904859
-0.285032
-0.214645
-0.149259
-0.0679571
0.0249738
0.125812
0.234022
0.349821
0.472695
0.60358
0.727884
0.831357
0.9199
0.996647
1.00245
1.01346
0.973848
0.907744
0.83146
0.788693
-0.246313
-0.230341
-0.170746
-0.0894989
0.00243517
0.103003
0.21018
0.325167
0.446807
0.575854
0.697533
0.798574
0.878536
0.956745
0.950794
0.84471
0.742487
0.67126
0.598464
0.631951
-0.277543
-0.2482
-0.187631
-0.107114
-0.0151289
0.0851015
0.192459
0.306731
0.427185
0.55423
0.67278
0.769591
0.841623
0.882449
0.837475
0.69406
0.568096
0.478138
0.379376
0.432308
-0.301603
-0.269305
-0.207449
-0.126678
-0.0346394
0.0654286
0.172636
0.285995
0.404944
0.529439
0.64407
0.735076
0.797489
0.806217
0.703384
0.531837
0.379097
0.260136
0.1296
0.163925
-0.325156
-0.291277
-0.22821
-0.146588
-0.0543942
0.0455168
0.152169
0.264491
0.381746
0.503352
0.613256
0.697725
0.744802
0.722126
0.56673
0.370347
0.178598
0.00657975
-0.185487
-0.199413
-0.348063
-0.313737
-0.249764
-0.167402
-0.0750091
0.0246941
0.130678
0.241852
0.357175
0.475548
0.580163
0.657275
0.686511
0.628919
0.436912
0.22521
0.00508481
-0.189552
-0.437757
-0.746746
-0.371244
-0.336909
-0.272384
-0.189523
-0.0969156
0.00263547
0.108025
0.218033
0.331337
0.446267
0.545428
0.614072
0.624979
0.516797
0.324393
0.112837
-0.0945089
-0.270564
-0.338936
-0.425935
-0.39562
-0.361232
-0.296408
-0.213288
-0.1206
-0.0212856
0.0834206
0.192096
0.303078
0.414074
0.507366
0.565676
0.552014
0.409954
0.225079
0.0327141
-0.131844
-0.225792
-0.250022
-0.266593
-0.421506
-0.387022
-0.321995
-0.238778
-0.146182
-0.0472638
0.0565262
0.163572
0.271823
0.378252
0.465189
0.510572
0.478604
0.310826
0.135471
-0.0313597
-0.159625
-0.198379
-0.21251
-0.213854
-0.449099
-0.414434
-0.349198
-0.265969
-0.173596
-0.0752854
0.027346
0.132435
0.23752
0.338809
0.418604
0.450417
0.401404
0.218713
0.0527242
-0.0966628
-0.176406
-0.192657
-0.193945
-0.193794
-0.478438
-0.44348
-0.378026
-0.29484
-0.202833
-0.105313
-0.00409502
0.0986968
0.200193
0.295834
0.367484
0.387945
0.304646
0.134417
-0.0236842
-0.14681
-0.182936
-0.183744
-0.18367
-0.183019
-0.509228
-0.474068
-0.408353
-0.325281
-0.233777
-0.137258
-0.037728
0.0624228
0.159897
0.249428
0.312585
0.31706
0.213033
0.0560682
-0.0844401
-0.163537
-0.173829
-0.176306
-0.176869
-0.176656
-0.540883
-0.505603
-0.439915
-0.357044
-0.266207
-0.170922
-0.0733535
0.0237946
0.116851
0.199844
0.25446
0.242057
0.1301
-0.011151
-0.130746
-0.15865
-0.171354
-0.17291
-0.172294
-0.171922
-0.572952
-0.537558
-0.472218
-0.389708
-0.299737
-0.205934
-0.110631
-0.016835
0.0714048
0.147687
0.192617
0.168339
0.0498601
-0.0677972
-0.163117
-0.191787
-0.17711
-0.172494
-0.171346
-0.17056
-0.604567
-0.56934
-0.504387
-0.422615
-0.333781
-0.241757
-0.149026
-0.0588967
0.0241276
0.093598
0.128778
0.0959142
-0.029299
-0.112203
-0.167115
-0.173688
-0.177637
-0.178932
-0.178235
-0.177488
-0.634118
-0.59971
-0.535498
-0.454827
-0.367524
-0.277609
-0.187779
-0.101563
-0.0240766
0.0382999
0.0679078
0.0120702
-0.110757
-0.160357
-0.149376
-0.186006
-0.193424
-0.190141
-0.190375
-0.190541
-0.660152
-0.626685
-0.564446
-0.485194
-0.399877
-0.312453
-0.225875
-0.143764
-0.0718543
-0.0170311
0.00981348
-0.0803854
-0.218953
-0.239001
-0.205948
-0.232865
-0.242749
-0.244545
-0.244393
-0.243262
-0.680608
-0.6489
-0.589079
-0.512304
-0.429504
-0.345043
-0.262018
-0.184185
-0.117528
-0.0706427
-0.0485152
-0.167409
-0.371935
-0.509551
-0.439606
-0.413455
-0.40346
-0.396704
-0.380996
-0.370881
-0.693416
-0.664317
-0.607793
-0.534296
-0.454839
-0.37391
-0.294726
-0.221204
-0.15927
-0.119634
-0.104397
-0.232802
-0.492042
-0.960935
-0.994755
-0.684344
-0.543885
-0.499537
-0.474741
-0.466171
-0.696078
-0.670884
-0.61872
-0.549441
-0.474172
-0.397463
-0.322357
-0.252955
-0.195043
-0.159428
-0.148033
-0.22987
-0.363767
-0.645316
-0.808509
-0.496926
-0.353498
-0.3352
-0.345845
-0.349436
-0.686956
-0.666386
-0.619888
-0.556224
-0.486034
-0.414119
-0.343288
-0.277496
-0.222532
-0.187424
-0.162696
-0.12147
0.104215
0.400048
0.294418
-0.0736962
-0.281796
-0.292515
-0.293677
-0.292813
-0.663939
-0.647924
-0.609711
-0.553542
-0.4895
-0.422789
-0.35615
-0.293123
-0.239943
-0.204372
-0.177431
-0.0940406
0.179269
0.71967
0.589974
0.092532
-0.224572
-0.241599
-0.268001
-0.284879
-0.628881
-0.618143
-0.588688
-0.54167
-0.484557
-0.423194
-0.360255
-0.298974
-0.245171
-0.208738
-0.199351
-0.28858
-0.64753
-1.26908
-1.84005
-2.16311
-1.95469
-1.52046
-1.12802
-1.04399
-0.587247
-0.58102
-0.560998
-0.522947
-0.472941
-0.416151
-0.35574
-0.29442
-0.236498
-0.192875
-0.186459
-0.471022
-1.28119
-2.38189
-3.06786
-3.26388
-3.01872
-2.62091
-2.25107
-2.01791
-0.546979
-0.543415
-0.532153
-0.502488
-0.457797
-0.403934
-0.343986
-0.279695
-0.21392
-0.149441
-0.11596
-0.218447
-0.553432
-0.811855
-0.864536
-0.657374
-0.333929
-0.0327951
0.183611
0.287145
-0.515039
-0.512855
-0.507148
-0.485122
-0.444156
-0.390334
-0.328206
-0.257089
-0.178661
-0.0872434
0.0201969
0.16544
0.406223
0.856895
1.45088
2.00879
2.43241
2.68032
2.78495
2.81384
-0.488611
-0.487765
-0.486312
-0.472657
-0.435207
-0.379531
-0.312551
-0.23491
-0.144196
-0.037091
0.0944768
0.235341
0.522165
1.05991
1.68554
2.2423
2.63825
2.86703
2.97204
3.00052
-0.470877
-0.470529
-0.470497
-0.462942
-0.429729
-0.371873
-0.299571
-0.216448
-0.120256
-0.00905888
0.109692
0.235095
0.423288
0.902436
1.43607
1.90564
2.24637
2.43661
2.51891
2.54043
-0.456049
-0.45545
-0.455399
-0.453016
-0.425263
-0.366001
-0.289164
-0.202399
-0.107072
-0.000214348
0.104927
0.215184
0.339784
0.689281
1.10636
1.44928
1.70024
1.83974
1.90039
1.91669
-0.447657
-0.44606
-0.445742
-0.445781
-0.421382
-0.359218
-0.277951
-0.189429
-0.0965587
0.00377024
0.0978227
0.185611
0.274629
0.502207
0.796658
1.03681
1.20788
1.30372
1.34602
1.35603
-0.448514
-0.448873
-0.452247
-0.451886
-0.420474
-0.347559
-0.260628
-0.172159
-0.0837633
0.00723007
0.0854499
0.150308
0.20539
0.364908
0.561879
0.721328
0.836972
0.900501
0.92803
0.934064
-0.431365
-0.437263
-0.444609
-0.439258
-0.397409
-0.31742
-0.23039
-0.147446
-0.0686454
0.00865107
0.0734935
0.121511
0.163976
0.269616
0.402475
0.50645
0.578857
0.619011
0.635442
0.638144
-0.340708
-0.347907
-0.355326
-0.348862
-0.311582
-0.247438
-0.178451
-0.111293
-0.0473628
0.0158455
0.0684368
0.104526
0.136888
0.207579
0.295988
0.365009
0.410869
0.435087
0.445185
0.446202
-0.182372
-0.186935
-0.192482
-0.191269
-0.173995
-0.142639
-0.104783
-0.0633617
-0.0193446
0.0275998
0.0670481
0.0948337
0.120641
0.167587
0.224577
0.269757
0.299987
0.316523
0.322991
0.322956
-0.0248089
-0.0269892
-0.0315684
-0.0377868
-0.0411119
-0.039661
-0.0301871
-0.0133881
0.01094
0.0417815
0.0717163
0.0968397
0.118271
0.1492
0.184501
0.213302
0.232512
0.243141
0.246929
0.24623
0.0805225
0.0793889
0.074835
0.0641198
0.0484794
0.0351466
0.0280373
0.0289624
0.0386906
0.0567783
0.078732
0.100462
0.121016
0.141027
0.161858
0.178676
0.190793
0.197845
0.200331
0.199239
0.130692
0.129957
0.125945
0.115286
0.0983844
0.0808607
0.0671101
0.0597477
0.0602356
0.0690355
0.083674
0.101661
0.118408
0.130594
0.14184
0.153304
0.162165
0.167265
0.168562
0.167204
0.145567
0.144987
0.141888
0.133478
0.119551
0.103837
0.0897815
0.079696
0.0753271
0.0777004
0.0860595
0.0979131
0.110217
0.115376
0.121798
0.130327
0.137792
0.142292
0.143517
0.142126
0.143192
0.142741
0.140574
0.134758
0.124802
0.112741
0.100826
0.0909677
0.0844751
0.0823458
0.0843007
0.0888236
0.0936201
0.094759
0.0990261
0.107458
0.115053
0.119412
0.120595
0.119297
0.134304
0.133961
0.132543
0.128848
0.122292
0.113819
0.10473
0.0963285
0.0894023
0.084203
0.0797987
0.0752833
0.0692169
0.0669093
0.0753665
0.0858139
0.0936231
0.0975906
0.0985352
0.0974339
0.124133
0.123866
0.122962
0.120757
0.116742
0.111232
0.10484
0.0983246
0.0919231
0.085123
0.0757885
0.0623406
0.0482962
0.0469575
0.0579894
0.0693417
0.0764589
0.0796579
0.0802901
0.0794978
0.114906
0.114694
0.11412
0.112872
0.110603
0.107303
0.103227
0.0987166
0.0939783
0.0871962
0.0756263
0.0563587
0.036639
0.0385309
0.0529978
0.0642817
0.0698643
0.0713211
0.0715398
0.0711417
0.10718
0.107034
0.106695
0.106038
0.10489
0.103144
0.100977
0.0986157
0.0960813
0.0923938
0.0834612
0.065715
0.0490558
0.0551441
0.0687316
0.0766357
0.0790712
0.079028
0.0789225
0.0786865
0.10042
0.100337
0.10017
0.0998567
0.0995154
0.0989276
0.0983724
0.0982428
0.0986839
0.0997011
0.0988092
0.0919095
0.0861625
0.0943271
0.10261
0.105604
0.105446
0.10462
0.104344
0.104028
0.0937998
0.093783
0.0937683
0.0937002
0.0936468
0.0940645
0.0949019
0.0968048
0.100693
0.107984
0.118353
0.127841
0.134528
0.143497
0.145377
0.143283
0.141665
0.141287
0.141014
0.140486
0.086412
0.0864483
0.0865806
0.0867277
0.087144
0.0879321
0.0898881
0.0935715
0.100569
0.113989
0.136048
0.163109
0.18693
0.192965
0.186807
0.180727
0.178447
0.178207
0.177461
0.176701
0.0776511
0.0777363
0.0780048
0.078356
0.0790742
0.0801335
0.082821
0.0876671
0.0966033
0.114432
0.145528
0.188622
0.226343
0.229694
0.216027
0.207063
0.205717
0.206134
0.204933
0.20393
0.0667964
0.0668985
0.0672243
0.0677413
0.068446
0.0701419
0.0726524
0.078192
0.0881606
0.107128
0.140425
0.186207
0.234336
0.236383
0.221354
0.21565
0.215056
0.215255
0.213505
0.212236
0.053414
0.0534873
0.0538505
0.0546601
0.0557873
0.0571674
0.0597126
0.0644044
0.0734954
0.0903662
0.119512
0.161295
0.19853
0.200415
0.190236
0.189839
0.195461
0.19827
0.196197
0.194565
0.0381267
0.0381633
0.0384518
0.0392251
0.0402569
0.0418921
0.0442898
0.0478002
0.0541743
0.0658277
0.0841288
0.105591
0.12085
0.124001
0.128214
0.138072
0.145877
0.148212
0.146557
0.144682
0.0216254
0.0215934
0.0216718
0.0221531
0.0228428
0.0236129
0.0249408
0.0275268
0.0317874
0.0376246
0.0433874
0.0408241
0.024243
0.0305472
0.0486662
0.0631313
0.0658874
0.0668258
0.0677478
0.0668107
0.00471134
0.00455204
0.00421839
0.00365742
0.00303977
0.00284541
0.00332445
0.00415537
0.00497008
0.0067072
0.0113777
0.0104065
-0.00913638
-0.00107116
0.00398043
0.0031265
-0.00991397
-0.013234
-0.00702512
-0.0030114
0.0507352
0.224103
0.426675
0.602062
0.742998
0.854983
0.948105
1.0269
1.06227
1.03905
0.366569
0.491429
0.625428
0.741517
0.839715
0.921281
0.987296
1.03404
1.05754
1.06947
0.593144
0.678601
0.770014
0.851095
0.920898
0.979305
1.0257
1.05955
1.0839
1.10175
0.75852
0.819208
0.883327
0.94197
0.993115
1.03651
1.07209
1.10041
1.12358
1.1418
0.887163
0.931539
0.978588
1.02344
1.06307
1.09763
1.12717
1.15169
1.17232
1.19011
0.993342
1.02697
1.06582
1.10205
1.13527
1.165
1.19094
1.21272
1.23073
1.24805
1.0871
1.11622
1.15068
1.18324
1.21355
1.24104
1.26503
1.28493
1.30055
1.31762
1.17641
1.20587
1.24018
1.27249
1.30233
1.32912
1.35214
1.37075
1.3842
1.40123
1.27216
1.30553
1.34236
1.37611
1.40631
1.43261
1.45467
1.47203
1.48395
1.50136
1.38744
1.42537
1.46412
1.49847
1.52791
1.55274
1.57317
1.58911
1.60062
1.6187
1.53254
1.57117
1.60737
1.63811
1.66385
1.686
1.70509
1.72065
1.73311
1.75111
1.70774
1.7394
1.76562
1.78811
1.80812
1.82687
1.84461
1.8611
1.87647
1.89454
1.89641
1.91364
1.9287
1.94495
1.96088
1.97543
1.98865
2.00258
2.02014
2.04029
2.07819
2.08772
2.09927
2.11009
2.11938
2.12898
2.13978
2.15115
2.16252
2.17788
2.28543
2.2891
2.27416
2.25935
2.25308
2.25877
2.27725
2.30757
2.33975
2.36641
2.59174
2.45688
2.38025
2.3379
2.32048
2.32445
2.35185
2.40826
2.51089
2.73525
0.879779
0.877647
0.873162
0.864531
0.852299
0.840159
0.829914
0.821992
0.816336
0.813031
0.81261
0.815281
0.82033
0.82751
0.836867
0.848385
0.861021
0.872044
0.878151
0.8812
0.804244
0.810089
0.816424
0.820909
0.823369
0.823032
0.820277
0.816441
0.812892
0.810576
0.810359
0.812483
0.816086
0.82033
0.824102
0.825961
0.825006
0.82151
0.816338
0.809714
0.795848
0.798144
0.801543
0.804531
0.806596
0.808078
0.808811
0.808464
0.807396
0.806453
0.806548
0.807897
0.809646
0.810899
0.811038
0.810117
0.808545
0.806191
0.802915
0.799989
0.790375
0.791461
0.793289
0.795658
0.79767
0.799081
0.800077
0.800793
0.801144
0.801298
0.8017
0.802416
0.802937
0.80294
0.802478
0.801591
0.800091
0.797984
0.795881
0.794492
0.785221
0.785884
0.786988
0.788683
0.790451
0.792064
0.793333
0.794308
0.795133
0.795844
0.796469
0.796911
0.79701
0.796766
0.796136
0.795031
0.793564
0.791989
0.79065
0.789865
0.780309
0.78077
0.781552
0.782841
0.784314
0.78581
0.787244
0.788497
0.789567
0.790529
0.791319
0.791754
0.791783
0.791412
0.790634
0.789579
0.788401
0.787227
0.786286
0.785764
0.775561
0.775906
0.776514
0.777574
0.778854
0.780206
0.781612
0.783008
0.784307
0.785478
0.786439
0.786967
0.786997
0.786595
0.785891
0.785028
0.784107
0.783187
0.782483
0.782099
0.770928
0.771195
0.771685
0.772587
0.773743
0.775016
0.776375
0.777808
0.779265
0.780657
0.781825
0.782492
0.782607
0.782325
0.781797
0.781125
0.780386
0.779676
0.779147
0.778854
0.766334
0.766547
0.766954
0.767747
0.768824
0.770049
0.771392
0.772861
0.774433
0.776038
0.777453
0.778331
0.778638
0.778556
0.778224
0.777739
0.777175
0.776636
0.776239
0.776009
0.761701
0.761871
0.76222
0.762941
0.763973
0.765173
0.766538
0.768076
0.769776
0.771596
0.773303
0.774485
0.775067
0.775226
0.775102
0.774805
0.77442
0.77403
0.77374
0.773557
0.756951
0.757087
0.757393
0.758072
0.75909
0.760313
0.761739
0.76339
0.765275
0.767364
0.769432
0.770991
0.771896
0.772327
0.772431
0.772324
0.772104
0.77185
0.771649
0.771503
0.752012
0.752119
0.752396
0.753058
0.754097
0.75539
0.756921
0.75874
0.760879
0.763317
0.765834
0.767849
0.769129
0.769864
0.770221
0.770319
0.770263
0.770136
0.77001
0.769893
0.746803
0.746885
0.747144
0.747812
0.748908
0.750309
0.751996
0.754045
0.756512
0.759405
0.762483
0.765038
0.76676
0.767849
0.768492
0.768821
0.768935
0.768934
0.768876
0.768784
0.74124
0.7413
0.741549
0.742244
0.743431
0.744981
0.746878
0.74922
0.752092
0.75554
0.759306
0.762534
0.764806
0.766328
0.767302
0.767891
0.768188
0.768313
0.76832
0.768251
0.735226
0.735263
0.735509
0.736249
0.737558
0.739311
0.741489
0.744218
0.74761
0.751748
0.756359
0.760412
0.763344
0.76538
0.766724
0.767596
0.768135
0.768401
0.768472
0.768422
0.728641
0.728648
0.728891
0.729696
0.731167
0.733182
0.735717
0.738942
0.743014
0.748042
0.753702
0.758735
0.762435
0.765068
0.766885
0.76809
0.768884
0.769303
0.769442
0.76941
0.721269
0.721264
0.721531
0.722413
0.724086
0.726398
0.729386
0.733223
0.738109
0.744207
0.751148
0.757395
0.762065
0.765445
0.76783
0.769477
0.770579
0.771172
0.771386
0.771372
0.712881
0.712844
0.713138
0.714143
0.716069
0.718789
0.722352
0.726974
0.732914
0.74036
0.748879
0.756596
0.762394
0.766641
0.76971
0.771908
0.773385
0.774196
0.774492
0.774494
0.703182
0.703121
0.703458
0.704625
0.70686
0.710094
0.714389
0.720017
0.727292
0.736436
0.746881
0.756342
0.763507
0.768812
0.772694
0.775532
0.777469
0.778544
0.778932
0.778943
0.691651
0.691565
0.691971
0.69335
0.695994
0.699893
0.705137
0.712055
0.72101
0.732237
0.745036
0.756624
0.765412
0.771973
0.776849
0.780467
0.782968
0.784349
0.784834
0.784847
0.677564
0.677455
0.677983
0.679682
0.682908
0.687748
0.694304
0.702965
0.71413
0.72801
0.743646
0.757689
0.76833
0.776329
0.782355
0.786837
0.789967
0.791678
0.792257
0.792265
0.659925
0.659795
0.660528
0.662727
0.666812
0.67299
0.681363
0.692358
0.706366
0.723515
0.742556
0.759486
0.772273
0.781905
0.789224
0.794695
0.798524
0.800578
0.801242
0.801238
0.637265
0.637127
0.638207
0.641201
0.646649
0.654842
0.665852
0.680084
0.697824
0.719034
0.742073
0.762257
0.777425
0.788851
0.797577
0.804126
0.808685
0.811066
0.8118
0.811779
0.607261
0.607153
0.608863
0.613271
0.621017
0.632422
0.647339
0.666034
0.68857
0.714685
0.742322
0.766124
0.783871
0.797253
0.807481
0.815214
0.820498
0.823171
0.823948
0.823901
0.565831
0.565891
0.569004
0.576334
0.588323
0.605
0.625721
0.650439
0.678971
0.710829
0.743579
0.771256
0.79173
0.807151
0.819013
0.827988
0.833949
0.836823
0.837589
0.837508
0.505378
0.5066
0.514236
0.52802
0.547721
0.572731
0.60159
0.633984
0.669611
0.707899
0.746107
0.777788
0.801032
0.818531
0.83199
0.842172
0.848774
0.851715
0.852362
0.852238
0.433167
0.435062
0.449621
0.473426
0.503994
0.538754
0.57652
0.617154
0.660469
0.705973
0.750682
0.787518
0.814579
0.835063
0.850838
0.862636
0.870095
0.873292
0.874062
0.874062
0.358615
0.365013
0.386466
0.420422
0.461197
0.505495
0.552138
0.601061
0.652165
0.705036
0.756493
0.798736
0.829795
0.853472
0.871933
0.885607
0.893921
0.896824
0.897445
0.897556
0.297959
0.306501
0.332587
0.373531
0.422185
0.474552
0.529154
0.585804
0.64432
0.704247
0.762103
0.809399
0.844155
0.870633
0.891078
0.906004
0.914725
0.918251
0.919452
0.919637
0.248469
0.257589
0.287165
0.333217
0.387959
0.446825
0.508127
0.57157
0.636814
0.703282
0.767116
0.81906
0.857095
0.88591
0.90801
0.924081
0.933759
0.938012
0.939456
0.939667
0.206888
0.216241
0.248183
0.298124
0.357828
0.422102
0.48909
0.558452
0.629709
0.702151
0.771479
0.827659
0.868569
0.899324
0.922686
0.939604
0.950127
0.954927
0.956595
0.956835
0.170856
0.180286
0.21396
0.267066
0.330836
0.3997
0.471649
0.546248
0.622922
0.700822
0.775226
0.835257
0.878687
0.911036
0.935354
0.952955
0.964159
0.969401
0.971213
0.971478
0.138812
0.148247
0.18324
0.238989
0.306145
0.378966
0.455286
0.534589
0.616218
0.699182
0.778319
0.841899
0.887548
0.921222
0.946316
0.964488
0.976038
0.981682
0.983576
0.983851
0.109558
0.119014
0.155079
0.213043
0.2831
0.359376
0.439572
0.523143
0.609341
0.697058
0.780686
0.84762
0.895318
0.930171
0.95591
0.974419
0.986237
0.992097
0.994061
0.994354
0.0822863
0.0917835
0.128815
0.18864
0.261221
0.340519
0.424187
0.511642
0.602079
0.694295
0.782254
0.852456
0.902158
0.938151
0.964525
0.983365
0.995313
1.00131
1.00325
1.00352
0.0564563
0.0660126
0.103929
0.16534
0.240152
0.322111
0.408894
0.499896
0.594276
0.690767
0.782959
0.856439
0.908191
0.945383
0.972407
0.991583
1.00369
1.00967
1.0116
1.01176
0.0315702
0.041308
0.0800018
0.14285
0.219634
0.303948
0.393539
0.487778
0.585823
0.686381
0.782743
0.859593
0.913531
0.952039
0.979791
0.999308
1.01153
1.01748
1.01934
1.01951
0.00740215
0.0173693
0.0567908
0.121023
0.199508
0.285908
0.378025
0.475214
0.576649
0.681073
0.78156
0.861918
0.918246
0.958244
0.986839
1.00676
1.01909
1.02498
1.02673
1.02686
-0.0161513
-0.00596075
0.034254
0.0997042
0.179684
0.267944
0.362313
0.462171
0.566723
0.674794
0.779357
0.863392
0.922369
0.964081
0.993655
1.01402
1.02642
1.03216
1.03376
1.03382
-0.0392377
-0.028722
0.0121884
0.0788049
0.160133
0.250034
0.346406
0.448659
0.556052
0.667534
0.776075
0.863947
0.925879
0.969599
1.00032
1.02114
1.03353
1.03906
1.04044
1.04042
-0.0618354
-0.0510257
-0.00936585
0.0583032
0.14085
0.2322
0.330346
0.434723
0.544667
0.659287
0.771664
0.863488
0.928714
0.974822
1.00692
1.0282
1.04043
1.04557
1.0467
1.04661
-0.083986
-0.0728471
-0.0303932
0.038234
0.121864
0.214484
0.314184
0.420431
0.532631
0.650082
0.766086
0.861921
0.930764
0.979724
1.01358
1.03537
1.04718
1.0517
1.05251
1.05235
-0.105497
-0.0941015
-0.0508848
0.0186327
0.103231
0.196964
0.297993
0.40586
0.520024
0.639987
0.759331
0.859148
0.931874
0.984205
1.0204
1.04294
1.05403
1.05748
1.05779
1.05756
-0.126508
-0.114748
-0.0708081
-0.000473669
0.0849836
0.179683
0.281869
0.3911
0.506942
0.629092
0.751419
0.855064
0.931847
0.988053
1.0274
1.05139
1.06165
1.06326
1.06256
1.06222
-0.146845
-0.134754
-0.0901273
-0.0190322
0.0672049
0.162728
0.265897
0.376273
0.493502
0.617475
0.742404
0.849585
0.930472
0.990921
1.03429
1.06108
1.07133
1.07052
1.06745
1.06611
-0.166563
-0.154156
-0.108785
-0.0369874
0.0499347
0.14617
0.250161
0.361464
0.479822
0.605281
0.732375
0.842648
0.927547
0.992351
1.04034
1.07162
1.08436
1.08278
1.07566
1.06615
-0.185576
-0.17291
-0.126875
-0.0544899
0.032963
0.129723
0.23432
0.346263
0.465439
0.591987
0.720768
0.833629
0.922486
0.991761
1.04445
1.08165
1.10032
1.10127
1.09137
1.08346
-0.20383
-0.190933
-0.144392
-0.0714961
0.0162996
0.113385
0.218395
0.330653
0.450316
0.577488
0.707415
0.822191
0.914597
0.988379
1.04424
1.08573
1.10729
1.11347
1.07634
1.02314
-0.221031
-0.207448
-0.161219
-0.087934
-0.000156476
0.0970167
0.20234
0.314756
0.434517
0.561855
0.692269
0.808177
0.902889
0.981824
1.03763
1.07291
1.09537
1.08281
1.02591
0.96171
-0.237507
-0.222993
-0.177185
-0.103146
-0.016046
0.0810995
0.18593
0.298631
0.418188
0.545262
0.675359
0.791439
0.886265
0.973178
1.02273
1.0741
1.04259
1.00021
0.930471
0.862398
-0.223509
-0.205536
-0.156586
-0.0779894
0.0142306
0.115084
0.225225
0.340766
0.463269
0.59363
0.717353
0.820429
0.907141
0.999895
1.0459
0.966128
0.919996
0.856875
0.784082
0.735943
-0.247891
-0.231672
-0.195912
-0.127289
-0.0406955
0.0558138
0.160782
0.272839
0.391581
0.517345
0.645437
0.759599
0.851263
0.931497
1.00375
1.00297
0.881634
0.798196
0.73552
0.652524
-0.268004
-0.252347
-0.21097
-0.140951
-0.0540584
0.0420604
0.145825
0.256941
0.374657
0.498916
0.625129
0.736924
0.825485
0.893298
0.919901
0.847862
0.708996
0.613434
0.538349
0.449925
-0.28856
-0.27597
-0.230112
-0.158807
-0.0717581
0.0245497
0.128243
0.238999
0.355754
0.478406
0.601638
0.708754
0.789578
0.842169
0.819939
0.691535
0.540112
0.42257
0.3247
0.187658
-0.312324
-0.299287
-0.25127
-0.178811
-0.0914429
0.00487213
0.108426
0.218553
0.33414
0.454809
0.574521
0.676186
0.748994
0.780877
0.723297
0.541677
0.360114
0.205937
0.0636772
-0.133509
-0.335093
-0.322371
-0.273109
-0.199457
-0.111575
-0.0153188
0.0878381
0.197076
0.311239
0.429551
0.545341
0.640949
0.705145
0.706015
0.598148
0.399881
0.186337
-0.01652
-0.196708
-0.597073
-0.357915
-0.345529
-0.295731
-0.221186
-0.132886
-0.0366146
0.0661357
0.174469
0.287092
0.4028
0.514335
0.603248
0.656103
0.624403
0.475265
0.274124
0.0550529
-0.15943
-0.342265
-0.631092
-0.381652
-0.369403
-0.319366
-0.244252
-0.155658
-0.0593625
0.0430206
0.15047
0.261492
0.374417
0.481443
0.563138
0.602364
0.553711
0.365219
0.171737
-0.0274094
-0.195828
-0.267935
-0.305053
-0.406793
-0.394674
-0.34439
-0.268959
-0.18027
-0.0841147
0.0177452
0.124079
0.233168
0.342819
0.444672
0.518463
0.542825
0.461955
0.267541
0.0866588
-0.0785078
-0.185379
-0.222907
-0.233017
-0.433499
-0.421433
-0.37096
-0.295316
-0.20666
-0.110814
-0.00969177
0.0952632
0.202043
0.307908
0.403871
0.46962
0.469666
0.357573
0.178835
0.0115385
-0.128204
-0.184435
-0.19675
-0.202227
-0.461984
-0.449928
-0.399137
-0.323327
-0.234805
-0.139442
-0.0392723
0.0640051
0.168099
0.269723
0.359086
0.416169
0.391017
0.260005
0.0950294
-0.0618669
-0.161869
-0.193775
-0.188742
-0.18858
-0.491989
-0.480119
-0.428884
-0.352937
-0.264647
-0.16993
-0.0709528
0.0303514
0.131381
0.228272
0.310587
0.356821
0.320433
0.169094
0.0191209
-0.119272
-0.161538
-0.174396
-0.179317
-0.179724
-0.523292
-0.511335
-0.459963
-0.38396
-0.296026
-0.202137
-0.104601
-0.00557761
0.0919896
0.183716
0.258638
0.293317
0.252499
0.0908345
-0.0474213
-0.144313
-0.192324
-0.178537
-0.175044
-0.174611
-0.555372
-0.543415
-0.492148
-0.416057
-0.328622
-0.235775
-0.139937
-0.0435158
0.0501951
0.136402
0.203494
0.228598
0.166616
0.0214217
-0.101451
-0.160963
-0.172335
-0.172988
-0.171894
-0.171352
-0.587432
-0.575644
-0.524255
-0.44867
-0.361932
-0.270377
-0.176537
-0.0830298
0.00645013
0.0868089
0.146221
0.156694
0.0771665
-0.041476
-0.137042
-0.159338
-0.169428
-0.174275
-0.174817
-0.173828
-0.618352
-0.606974
-0.555772
-0.480921
-0.395222
-0.305272
-0.213745
-0.123456
-0.0385078
0.0355853
0.0882231
0.0816982
-0.0106423
-0.104572
-0.152392
-0.207396
-0.192683
-0.184186
-0.182778
-0.18293
-0.646647
-0.635735
-0.585544
-0.511634
-0.427505
-0.339536
-0.250678
-0.163899
-0.0836435
-0.0161507
0.0300813
0.0110674
-0.107931
-0.180881
-0.180576
-0.186716
-0.205812
-0.209039
-0.208651
-0.209495
-0.670702
-0.660487
-0.611681
-0.539593
-0.457537
-0.371982
-0.286186
-0.203209
-0.127621
-0.0667467
-0.0281873
-0.0567805
-0.215338
-0.337043
-0.277285
-0.279233
-0.300718
-0.309461
-0.305974
-0.300799
-0.688304
-0.678979
-0.632321
-0.562908
-0.483759
-0.401253
-0.318888
-0.239938
-0.168913
-0.11406
-0.0847206
-0.120234
-0.317108
-0.604383
-0.769201
-0.625437
-0.530979
-0.497859
-0.468892
-0.445986
-0.697509
-0.689018
-0.645537
-0.579772
-0.5044
-0.425724
-0.347286
-0.272378
-0.205762
-0.155546
-0.134881
-0.162512
-0.348781
-0.687763
-1.1854
-0.83991
-0.545156
-0.442541
-0.427076
-0.420753
-0.694617
-0.687487
-0.649778
-0.588419
-0.517811
-0.443785
-0.369722
-0.298827
-0.236089
-0.188743
-0.170106
-0.169964
-0.168888
-0.105319
-0.156305
-0.258072
-0.304012
-0.299662
-0.301683
-0.303793
-0.678045
-0.673182
-0.642717
-0.587576
-0.522658
-0.454124
-0.38475
-0.317614
-0.257719
-0.211684
-0.190707
-0.148601
0.0517425
0.525532
0.890951
0.400543
-0.103775
-0.266466
-0.281737
-0.284223
-0.648219
-0.644612
-0.622753
-0.576575
-0.518746
-0.456129
-0.391456
-0.327541
-0.268923
-0.223508
-0.199564
-0.182184
-0.148964
-0.126552
-0.24576
-0.720257
-0.832715
-0.640283
-0.476451
-0.432079
-0.608933
-0.606615
-0.59293
-0.557125
-0.506937
-0.450309
-0.389826
-0.328127
-0.26896
-0.219755
-0.195895
-0.260114
-0.71174
-1.65071
-2.42129
-2.93671
-2.92826
-2.58094
-2.17899
-1.90607
-0.566745
-0.565447
-0.557793
-0.533187
-0.490683
-0.438471
-0.380945
-0.319423
-0.25696
-0.198406
-0.166366
-0.193178
-0.714018
-1.48298
-2.26257
-2.51255
-2.31768
-1.90112
-1.5161
-1.24441
-0.529816
-0.529065
-0.525524
-0.508925
-0.473538
-0.424559
-0.367534
-0.3032
-0.233623
-0.15998
-0.081577
-0.0131495
-0.00694179
0.106353
0.385369
0.742974
1.1785
1.53331
1.76479
1.87329
-0.501255
-0.500287
-0.498675
-0.490553
-0.461175
-0.413242
-0.353402
-0.284206
-0.20414
-0.113096
0.000560406
0.137093
0.347135
0.767295
1.37735
1.9977
2.48669
2.79444
2.95092
3.01207
-0.479292
-0.478755
-0.478266
-0.475289
-0.453244
-0.405809
-0.341644
-0.26674
-0.179683
-0.0775734
0.0396187
0.174722
0.32466
0.710007
1.28781
1.85399
2.31404
2.60764
2.7565
2.80824
-0.463369
-0.463065
-0.462931
-0.462339
-0.44732
-0.400852
-0.332887
-0.2527
-0.162445
-0.0594935
0.0512638
0.168966
0.279898
0.559625
1.04501
1.48913
1.84386
2.0698
2.18276
2.22321
-0.450629
-0.449771
-0.448471
-0.448909
-0.440438
-0.396468
-0.324748
-0.240868
-0.149755
-0.0515004
0.052333
0.151836
0.248633
0.422599
0.772034
1.0975
1.34985
1.51019
1.58942
1.61845
-0.448498
-0.447055
-0.447082
-0.449342
-0.440609
-0.39142
-0.313354
-0.226284
-0.136286
-0.0428483
0.0511791
0.131396
0.20422
0.315692
0.551835
0.773578
0.942505
1.05274
1.10684
1.12619
-0.446366
-0.446508
-0.452211
-0.45532
-0.43889
-0.378122
-0.292002
-0.203634
-0.118313
-0.0343253
0.0453491
0.106415
0.158826
0.231959
0.397033
0.543966
0.653465
0.723889
0.758358
0.770415
-0.396792
-0.399758
-0.409049
-0.412346
-0.390752
-0.328256
-0.247579
-0.168228
-0.0944429
-0.0235022
0.0426914
0.0930549
0.134605
0.181291
0.291742
0.390583
0.460982
0.505616
0.525901
0.531726
-0.265052
-0.269006
-0.276422
-0.279278
-0.263606
-0.222398
-0.170548
-0.115636
-0.0609474
-0.00630721
0.0458147
0.0866316
0.115267
0.146855
0.222227
0.286893
0.331495
0.36068
0.374031
0.377815
-0.0977092
-0.100314
-0.104508
-0.109126
-0.1076
-0.0969332
-0.0783858
-0.052653
-0.0215851
0.0145442
0.0525965
0.0847622
0.108215
0.133162
0.17898
0.22148
0.251325
0.269732
0.278536
0.280855
0.0364188
0.0349506
0.0322613
0.0254843
0.0145107
0.00452195
0.000588647
0.00415945
0.0163043
0.0363671
0.0626632
0.0880652
0.110146
0.13183
0.159524
0.184131
0.202397
0.214527
0.220111
0.221016
0.111878
0.111068
0.10902
0.101545
0.0868844
0.0691934
0.0546503
0.0467448
0.0470185
0.0556772
0.0721845
0.0919755
0.111861
0.128408
0.144446
0.158943
0.170936
0.179006
0.182729
0.182936
0.14161
0.141079
0.139442
0.133113
0.120003
0.103001
0.0868565
0.0747451
0.0688435
0.0701208
0.0790833
0.0926137
0.108369
0.119848
0.127574
0.137075
0.145962
0.152415
0.155161
0.154956
0.145914
0.145574
0.144335
0.139729
0.13
0.11664
0.10271
0.0907923
0.0827545
0.0796837
0.0825612
0.0898511
0.0990655
0.106264
0.107759
0.114666
0.122908
0.129054
0.13186
0.131522
0.139271
0.139048
0.138165
0.135116
0.128601
0.119202
0.108605
0.0985495
0.0903824
0.084951
0.0827352
0.0821995
0.0816233
0.0794605
0.0828474
0.091837
0.100805
0.106806
0.109456
0.109143
0.129268
0.129102
0.128486
0.12659
0.122554
0.116411
0.10897
0.101285
0.0941175
0.087704
0.0814715
0.0735016
0.0630726
0.0551419
0.0599487
0.0711374
0.0807026
0.0858827
0.0879611
0.0878706
0.1194
0.119259
0.11883
0.1177
0.11537
0.111637
0.106821
0.101429
0.0957839
0.089569
0.0812348
0.0672834
0.0486096
0.0375021
0.0465389
0.0598684
0.0689053
0.0732491
0.0742857
0.0741957
0.110932
0.110809
0.110519
0.109859
0.108607
0.106547
0.103743
0.100479
0.0968711
0.0927508
0.0850888
0.0696933
0.0479868
0.0377071
0.0505709
0.063958
0.0710362
0.0731849
0.0732474
0.0732139
0.10379
0.103693
0.10353
0.103178
0.102621
0.10167
0.100405
0.0990774
0.0979544
0.0966619
0.0938386
0.0846023
0.0698495
0.0668082
0.0792017
0.0874761
0.0900563
0.0900731
0.0894762
0.0894237
0.0971982
0.0971252
0.0970612
0.0969008
0.0966783
0.0966883
0.0966223
0.097069
0.0985389
0.101724
0.106401
0.1093
0.108699
0.11429
0.121073
0.123967
0.123106
0.122399
0.122118
0.121775
0.090293
0.0902484
0.0902921
0.0903253
0.0904092
0.0907418
0.0918485
0.0938253
0.0977627
0.10545
0.119015
0.137192
0.153115
0.16543
0.168467
0.165134
0.161639
0.160726
0.160497
0.159675
0.0822661
0.0822324
0.0823523
0.0825586
0.082868
0.0836773
0.0854173
0.0886496
0.0946778
0.105979
0.126985
0.159794
0.195786
0.216831
0.209556
0.199579
0.194191
0.193748
0.193566
0.19231
0.0725338
0.0725258
0.0727385
0.0731583
0.0736942
0.0746531
0.076367
0.080215
0.0873589
0.100977
0.126319
0.167296
0.21807
0.242174
0.229865
0.216922
0.212671
0.213147
0.213124
0.211481
0.0604068
0.0604053
0.0606466
0.0611955
0.0620318
0.0630283
0.0653094
0.0688188
0.0756052
0.0886665
0.113776
0.154323
0.204972
0.227374
0.215593
0.207048
0.208165
0.210838
0.209933
0.207911
0.0460731
0.0460327
0.0461947
0.0466232
0.0475021
0.0489886
0.0510577
0.0542841
0.0600638
0.0706878
0.0895036
0.118626
0.152529
0.16697
0.163132
0.164612
0.171352
0.17688
0.176931
0.175063
0.0301412
0.0300309
0.0301247
0.0305888
0.0312981
0.0322647
0.0337236
0.0361955
0.0399468
0.0465468
0.0576595
0.0694185
0.0717798
0.0744958
0.0827607
0.0964573
0.106069
0.108875
0.109473
0.10882
0.00463741
0.00441587
0.00395968
0.00332438
0.00285975
0.00300449
0.00371218
0.00455528
0.00531394
0.00886621
0.0135938
-0.00102705
-0.00453673
0.00212351
0.00577935
-0.00212819
-0.0142615
-0.0102173
-0.00480267
0.0267085
-1.009
-0.306772
0.150506
0.415842
0.60829
0.756869
0.873422
0.969157
1.06952
1.16116
0.0670166
0.269156
0.453107
0.607857
0.737509
0.843828
0.930841
1.00194
1.04596
1.05053
0.412902
0.532208
0.648706
0.752624
0.842265
0.917996
0.980045
1.02713
1.05747
1.07557
0.630464
0.711314
0.791407
0.864836
0.929013
0.983789
1.02883
1.06412
1.09091
1.11028
0.788849
0.843898
0.903991
0.958695
1.00644
1.04796
1.08317
1.11233
1.13613
1.15332
0.913887
0.955325
1.00212
1.04315
1.08115
1.11501
1.14462
1.1699
1.19098
1.20536
1.018
1.05289
1.09059
1.12531
1.15797
1.18793
1.21454
1.23735
1.25617
1.268
1.11216
1.14345
1.17776
1.21065
1.24163
1.27019
1.29548
1.31688
1.33392
1.34352
1.20369
1.23635
1.27184
1.30603
1.33748
1.36588
1.39054
1.41094
1.42645
1.43471
1.30594
1.34352
1.3819
1.41825
1.45039
1.47832
1.50182
1.52087
1.53504
1.54357
1.43304
1.47546
1.51469
1.5506
1.58105
1.60677
1.62835
1.64601
1.65954
1.66973
1.59467
1.63616
1.66989
1.69946
1.72402
1.74556
1.76517
1.78261
1.79736
1.81007
1.78513
1.81595
1.83721
1.85635
1.87443
1.89167
1.90789
1.92372
1.94024
1.95717
1.98303
1.99443
2.00548
2.01958
2.03387
2.04671
2.05809
2.06895
2.08185
2.09874
2.16885
2.17875
2.1874
2.18984
2.1907
2.19497
2.20577
2.22173
2.23935
2.24395
2.46989
2.41449
2.36366
2.32342
2.30103
2.29699
2.31049
2.34429
2.40073
2.47629
1.02199
0.9633
0.920814
0.88695
0.862284
0.844716
0.832185
0.823227
0.817078
0.813541
0.813079
0.815869
0.821253
0.829146
0.840036
0.855066
0.876062
0.905147
0.943903
0.991724
0.823556
0.832307
0.837831
0.838648
0.835152
0.829089
0.822631
0.817123
0.813232
0.811512
0.812608
0.816132
0.821359
0.827796
0.834536
0.839786
0.841399
0.838156
0.830802
0.823133
0.800607
0.802637
0.807239
0.810741
0.813239
0.814649
0.814336
0.812565
0.810328
0.80869
0.808622
0.810366
0.81302
0.815593
0.817037
0.816672
0.814796
0.811981
0.807922
0.803537
0.793731
0.794596
0.797074
0.799778
0.801775
0.803116
0.804071
0.804482
0.804283
0.803955
0.804212
0.805204
0.806223
0.806644
0.806295
0.805415
0.803981
0.801724
0.799072
0.797101
0.788124
0.788586
0.789976
0.791987
0.793911
0.795463
0.796574
0.797425
0.798081
0.798572
0.799096
0.799631
0.799864
0.799699
0.799173
0.798168
0.796628
0.794777
0.793114
0.792093
0.783
0.783286
0.7842
0.785658
0.787267
0.788846
0.790234
0.791355
0.792303
0.793156
0.793867
0.794283
0.794331
0.794021
0.793292
0.792175
0.790843
0.789492
0.788384
0.787755
0.778109
0.77831
0.778994
0.780156
0.781522
0.782939
0.784372
0.785718
0.786908
0.787972
0.788843
0.789318
0.789341
0.788934
0.788171
0.787209
0.78617
0.785127
0.784316
0.783873
0.773383
0.773535
0.774078
0.775051
0.776262
0.777571
0.778953
0.780373
0.781761
0.783042
0.784101
0.784691
0.784749
0.784393
0.783773
0.783008
0.782177
0.781364
0.780754
0.78042
0.768746
0.768865
0.769309
0.770151
0.771264
0.772513
0.773863
0.775311
0.776825
0.778324
0.77961
0.780372
0.780572
0.780384
0.779953
0.779376
0.778721
0.778095
0.777635
0.777376
0.764118
0.764213
0.764588
0.76534
0.766392
0.767603
0.768956
0.770454
0.772084
0.773792
0.775347
0.776365
0.776802
0.776836
0.776606
0.776217
0.775739
0.775272
0.774931
0.774727
0.759414
0.759492
0.759816
0.760512
0.761535
0.762746
0.764141
0.765728
0.767512
0.769457
0.771335
0.772695
0.773431
0.773721
0.773709
0.773509
0.773201
0.772875
0.772631
0.772469
0.754562
0.754626
0.754914
0.75558
0.756604
0.757865
0.759341
0.761067
0.763067
0.765315
0.767593
0.769372
0.77046
0.771037
0.771265
0.771263
0.771119
0.770923
0.77076
0.77063
0.749485
0.749537
0.749803
0.750462
0.751525
0.752875
0.754481
0.756407
0.758703
0.76136
0.764144
0.766411
0.767898
0.768802
0.769296
0.769504
0.769527
0.769454
0.769361
0.769258
0.744099
0.744141
0.744392
0.745066
0.746201
0.74768
0.749469
0.751652
0.754305
0.757456
0.760859
0.763737
0.765722
0.767022
0.767824
0.768282
0.768481
0.768531
0.768503
0.768424
0.738309
0.738341
0.738585
0.739293
0.740537
0.742196
0.744231
0.746753
0.749869
0.753646
0.757813
0.761427
0.76401
0.765773
0.766931
0.767678
0.768063
0.768244
0.768282
0.768224
0.73201
0.732032
0.732278
0.73304
0.734425
0.736312
0.738663
0.741624
0.745332
0.74988
0.754985
0.759514
0.762818
0.765137
0.766711
0.767757
0.76839
0.768722
0.768826
0.768786
0.72506
0.725087
0.725319
0.726143
0.727704
0.729886
0.732641
0.736156
0.740618
0.746164
0.752434
0.758029
0.76218
0.765165
0.767263
0.768687
0.769591
0.770083
0.770258
0.770237
0.717194
0.717205
0.717494
0.718395
0.720185
0.722706
0.725969
0.730167
0.735535
0.742253
0.74994
0.756904
0.762124
0.765922
0.76865
0.770561
0.77181
0.7725
0.772755
0.772751
0.708193
0.708197
0.708498
0.709536
0.711612
0.714606
0.718524
0.72362
0.730196
0.738456
0.74789
0.756423
0.762863
0.76761
0.77108
0.773575
0.775233
0.776164
0.776506
0.776515
0.697659
0.697657
0.697998
0.699202
0.701632
0.705208
0.709948
0.716167
0.724217
0.734334
0.745898
0.756389
0.764338
0.770255
0.774641
0.777835
0.780004
0.781221
0.78166
0.781676
0.684967
0.684962
0.685366
0.686796
0.689723
0.694103
0.699961
0.707683
0.717671
0.730154
0.744306
0.757067
0.766745
0.773997
0.779451
0.783472
0.78624
0.787778
0.788314
0.788328
0.669281
0.669275
0.669783
0.671574
0.675229
0.680749
0.688144
0.697874
0.710361
0.725783
0.743045
0.758483
0.770168
0.778965
0.78563
0.79057
0.794008
0.795883
0.796511
0.796516
0.649399
0.649393
0.650073
0.652451
0.657222
0.664409
0.673973
0.686446
0.702193
0.721265
0.74223
0.760739
0.774692
0.785207
0.793237
0.799207
0.803361
0.80557
0.806276
0.806267
0.623512
0.623512
0.6245
0.62789
0.634507
0.644246
0.657005
0.673286
0.693278
0.716832
0.742095
0.764046
0.780484
0.792877
0.802364
0.809464
0.814348
0.816867
0.81763
0.8176
0.588614
0.588638
0.590292
0.595637
0.605518
0.619383
0.636919
0.658407
0.683786
0.712669
0.742805
0.768519
0.78762
0.802022
0.813085
0.821411
0.82701
0.82979
0.830565
0.830499
0.53898
0.539245
0.543041
0.552838
0.568817
0.589443
0.613921
0.642275
0.674227
0.709228
0.744676
0.774345
0.796207
0.81269
0.825391
0.834956
0.841258
0.844209
0.844937
0.844821
0.467009
0.469386
0.480432
0.499784
0.525881
0.555865
0.589165
0.625658
0.665063
0.706833
0.748094
0.782128
0.807093
0.825986
0.840657
0.851717
0.858806
0.862038
0.862808
0.862708
0.390079
0.396571
0.416182
0.44573
0.482386
0.522039
0.564271
0.609061
0.656281
0.705483
0.753594
0.793179
0.822274
0.844409
0.861737
0.874902
0.883047
0.886571
0.887362
0.887362
0.324594
0.331277
0.357583
0.395712
0.441207
0.48974
0.5405
0.593382
0.648254
0.704701
0.7594
0.80421
0.83717
0.862327
0.881961
0.896539
0.905208
0.909227
0.910243
0.910286
0.271005
0.277997
0.308177
0.352394
0.404591
0.46036
0.518443
0.5786
0.640567
0.703828
0.764728
0.814398
0.850841
0.878554
0.899929
0.915742
0.925522
0.930023
0.930885
0.930998
0.226361
0.233634
0.266258
0.315006
0.372528
0.434196
0.498432
0.564926
0.633253
0.702775
0.769409
0.823521
0.86304
0.892873
0.915685
0.932405
0.943026
0.947912
0.949005
0.94921
0.188239
0.195661
0.229916
0.282084
0.344069
0.410715
0.48025
0.552299
0.626326
0.701548
0.773461
0.831605
0.873818
0.905416
0.929322
0.946742
0.957893
0.963222
0.964643
0.964918
0.154713
0.162223
0.197634
0.252686
0.318312
0.389211
0.463403
0.54041
0.619606
0.700081
0.776883
0.838722
0.883288
0.916329
0.941078
0.959101
0.970681
0.976343
0.978023
0.978318
0.124401
0.132
0.168352
0.22581
0.294505
0.369102
0.447406
0.528889
0.612845
0.698216
0.779621
0.844894
0.891581
0.925856
0.951293
0.969725
0.981572
0.98745
0.989294
0.989604
0.0964249
0.104109
0.141323
0.200695
0.272087
0.349914
0.431886
0.51744
0.605794
0.695787
0.781594
0.850166
0.898866
0.934289
0.960354
0.979064
0.991115
0.997115
0.999062
0.999334
0.0700683
0.0778687
0.115883
0.176903
0.250644
0.331306
0.416565
0.505832
0.598275
0.692652
0.782738
0.854572
0.905286
0.941867
0.968568
0.987613
0.999766
1.00582
1.0078
1.00809
0.0448813
0.0528476
0.0916017
0.154024
0.22987
0.313037
0.401254
0.493911
0.590155
0.688702
0.782985
0.858134
0.910959
0.948792
0.976172
0.995538
1.00779
1.01381
1.01574
1.01606
0.0205191
0.0286844
0.0680961
0.131883
0.209558
0.29494
0.385826
0.481573
0.581345
0.683861
0.782291
0.860875
0.915978
0.955208
0.983369
1.0031
1.01545
1.02144
1.02329
1.02351
-0.00316985
0.00521213
0.0452555
0.110326
0.189583
0.27694
0.370211
0.468769
0.571795
0.67807
0.780602
0.862779
0.920396
0.961219
0.990289
1.01044
1.02286
1.02876
1.03048
1.0306
-0.0263059
-0.0177706
0.0230292
0.0892189
0.169897
0.258999
0.354395
0.455486
0.561496
0.671299
0.777867
0.863801
0.924216
0.966892
0.997018
1.01762
1.03005
1.03575
1.03729
1.03732
-0.0489683
-0.0402403
0.00125013
0.0685121
0.150475
0.241121
0.338406
0.441756
0.550455
0.663538
0.774023
0.863859
0.927398
0.972261
1.00364
1.02469
1.03705
1.04243
1.04373
1.04368
-0.0712003
-0.0622743
-0.0200188
0.0482191
0.131329
0.22334
0.322281
0.427627
0.538732
0.654811
0.769031
0.862857
0.929856
0.97733
1.01025
1.03178
1.04385
1.04875
1.04975
1.04962
-0.0929165
-0.0837779
-0.0407636
0.0283764
0.11251
0.205705
0.306098
0.41318
0.526401
0.645151
0.762863
0.860701
0.931459
0.982039
1.01698
1.0391
1.0506
1.05467
1.05528
1.05508
-0.114048
-0.104695
-0.0609599
0.00901257
0.0940644
0.188291
0.289928
0.398503
0.513542
0.634642
0.755522
0.857283
0.932027
0.986237
1.0239
1.04705
1.05771
1.06036
1.06028
1.06002
-0.134597
-0.12502
-0.0805765
-0.00982758
0.0760386
0.171174
0.273865
0.383698
0.500263
0.623368
0.747054
0.85251
0.931351
0.989647
1.0309
1.0561
1.06617
1.06658
1.06493
1.06448
-0.154485
-0.14469
-0.0995698
-0.0280958
0.058502
0.154407
0.257993
0.368859
0.486684
0.611443
0.737511
0.846308
0.929224
0.991856
1.0375
1.06633
1.07743
1.07584
1.0712
1.06904
-0.173733
-0.163732
-0.117921
-0.0457914
0.04143
0.137971
0.242287
0.353955
0.472773
0.598833
0.726827
0.838462
0.925355
0.992378
1.04277
1.07689
1.09222
1.09207
1.08401
1.06692
-0.192367
-0.182142
-0.135736
-0.0630827
0.0245852
0.121548
0.226364
0.338514
0.457971
0.584887
0.714317
0.828229
0.918959
0.990475
1.04505
1.08475
1.10609
1.1056
1.09845
1.05283
-0.210655
-0.199534
-0.152942
-0.0798279
0.00807591
0.105233
0.210406
0.322759
0.442515
0.569828
0.700082
0.815528
0.909314
0.985517
1.04185
1.08153
1.10384
1.10702
1.05542
0.993478
-0.229621
-0.214832
-0.169328
-0.095897
-0.00836228
0.0888345
0.194154
0.306696
0.426393
0.553646
0.684006
0.800143
0.89522
0.977644
1.03126
1.0558
1.07454
1.04864
0.983751
0.917798
-0.248331
-0.249643
-0.189854
-0.108838
-0.021825
0.0751927
0.178203
0.290982
0.41033
0.537109
0.666703
0.782395
0.876521
0.969085
0.991589
0.997413
0.997481
0.942194
0.870159
0.79937
-0.223884
-0.222841
-0.165369
-0.0849912
0.00694907
0.107685
0.215508
0.330817
0.452924
0.582696
0.705602
0.807997
0.891713
0.982411
1.00495
0.911687
0.831883
0.768179
0.696437
0.551702
-0.265124
-0.238793
-0.178575
-0.0976766
-0.00570075
0.0946929
0.201921
0.316576
0.43768
0.56581
0.686
0.785145
0.86097
0.920032
0.894394
0.772749
0.65621
0.576211
0.492808
0.328283
-0.289773
-0.258672
-0.197393
-0.116873
-0.0248568
0.0752621
0.182617
0.29645
0.416177
0.541983
0.658683
0.752703
0.820235
0.845665
0.772548
0.613215
0.476396
0.374692
0.260342
0.0232567
-0.313843
-0.280359
-0.217785
-0.136582
-0.0444715
0.0555269
0.162499
0.275352
0.393473
0.516561
0.628909
0.716682
0.771903
0.764651
0.634594
0.449874
0.279176
0.136644
-0.02306
-0.411789
-0.336947
-0.302566
-0.238903
-0.156846
-0.0645549
0.035261
0.141576
0.253335
0.369654
0.489681
0.59699
0.677886
0.716073
0.678774
0.500653
0.294542
0.081156
-0.102043
-0.352886
-0.928691
-0.359824
-0.325372
-0.26098
-0.178308
-0.0857981
0.0138191
0.119492
0.230074
0.344393
0.461048
0.562931
0.635857
0.656695
0.573281
0.378149
0.164312
-0.0539889
-0.25781
-0.428467
-1.06737
-0.383616
-0.349078
-0.284265
-0.201204
-0.108522
-0.0090686
0.095995
0.205377
0.317566
0.430605
0.526877
0.590481
0.589099
0.461937
0.273381
0.0696917
-0.118174
-0.247241
-0.278197
-0.326388
-0.408736
-0.374141
-0.309072
-0.225839
-0.13316
-0.0340241
0.0702575
0.178159
0.28782
0.396604
0.486773
0.53879
0.515073
0.359616
0.179159
0.000725808
-0.143905
-0.204955
-0.228571
-0.234381
-0.435556
-0.400754
-0.335483
-0.252189
-0.15967
-0.0610268
0.0422161
0.14832
0.255045
0.358959
0.44241
0.480555
0.442502
0.263749
0.0933573
-0.0628578
-0.172914
-0.201253
-0.201719
-0.201988
-0.46413
-0.429018
-0.363531
-0.280224
-0.187999
-0.0900597
0.0118952
0.115878
0.219222
0.317741
0.393484
0.419791
0.354111
0.175649
0.013834
-0.124179
-0.172176
-0.187108
-0.188557
-0.188227
-0.494356
-0.458851
-0.393161
-0.309911
-0.218108
-0.121065
-0.0206571
0.0808611
0.18039
0.273031
0.340287
0.353872
0.256727
0.0940874
-0.0544947
-0.162803
-0.18034
-0.178874
-0.17973
-0.179447
-0.525736
-0.490195
-0.424175
-0.341057
-0.249833
-0.153904
-0.0553214
0.0433729
0.138684
0.224984
0.283716
0.279566
0.171048
0.0213875
-0.108882
-0.149604
-0.172906
-0.174704
-0.174708
-0.174501
-0.557922
-0.52197
-0.456185
-0.373341
-0.282876
-0.1883
-0.0918302
0.0036863
0.094381
0.174008
0.223788
0.205117
0.0892625
-0.0398677
-0.146726
-0.185638
-0.176249
-0.17254
-0.171538
-0.171109
-0.589971
-0.5541
-0.488629
-0.406229
-0.31675
-0.2238
-0.12975
-0.0377515
0.0479265
0.120797
0.160323
0.132398
0.0096135
-0.0886765
-0.170452
-0.168669
-0.172956
-0.174878
-0.174325
-0.173299
-0.620878
-0.585589
-0.520372
-0.438935
-0.350763
-0.259754
-0.168435
-0.080236
4.78149e-05
0.0659987
0.0973819
0.0558454
-0.0686016
-0.134316
-0.150168
-0.181665
-0.183712
-0.183031
-0.182935
-0.182658
-0.64914
-0.614763
-0.550607
-0.470406
-0.383957
-0.295249
-0.207009
-0.122824
-0.0481408
0.0105525
0.0383413
-0.0340874
-0.159589
-0.185824
-0.168037
-0.198823
-0.208854
-0.208651
-0.209112
-0.208957
-0.673066
-0.640145
-0.577587
-0.499385
-0.415134
-0.329132
-0.24431
-0.164319
-0.095106
-0.0442405
-0.0197778
-0.125013
-0.288603
-0.336486
-0.272677
-0.297232
-0.305427
-0.309015
-0.303008
-0.298771
-0.690524
-0.659707
-0.599433
-0.524167
-0.442831
-0.36006
-0.278927
-0.203263
-0.139052
-0.0961083
-0.0776105
-0.204247
-0.447372
-0.742189
-0.698805
-0.570063
-0.512143
-0.483714
-0.454484
-0.443283
-0.699333
-0.671126
-0.614434
-0.542923
-0.465365
-0.38648
-0.309321
-0.237888
-0.17804
-0.140946
-0.127954
-0.245585
-0.477984
-0.958697
-1.07521
-0.667143
-0.472431
-0.432366
-0.423313
-0.420938
-0.697096
-0.672679
-0.620816
-0.553957
-0.481121
-0.406761
-0.333794
-0.266295
-0.209959
-0.174967
-0.162703
-0.187844
-0.131155
-0.100912
-0.227959
-0.287556
-0.302541
-0.299818
-0.303275
-0.303531
-0.680207
-0.661732
-0.617148
-0.555938
-0.488812
-0.419525
-0.350827
-0.286531
-0.232723
-0.197161
-0.17823
-0.0763963
0.246853
0.787681
0.670687
0.118109
-0.224512
-0.272535
-0.28333
-0.283386
-0.650032
-0.636928
-0.601883
-0.548621
-0.487937
-0.424034
-0.359351
-0.297308
-0.24425
-0.208814
-0.19242
-0.165419
-0.128557
-0.0646705
-0.472939
-0.838767
-0.755199
-0.54077
-0.439012
-0.451754
-0.610468
-0.601948
-0.577618
-0.533186
-0.479206
-0.420532
-0.359062
-0.298097
-0.242419
-0.204024
-0.197469
-0.420524
-1.12341
-2.12962
-2.73294
-2.99359
-2.78909
-2.37287
-2.01638
-1.86522
-0.567964
-0.563155
-0.547955
-0.513588
-0.465492
-0.41048
-0.350612
-0.288257
-0.22717
-0.174793
-0.167607
-0.3996
-1.06931
-1.91204
-2.45676
-2.46508
-2.1179
-1.69729
-1.34751
-1.2305
-0.530625
-0.528159
-0.519449
-0.493286
-0.450472
-0.397008
-0.33636
-0.268977
-0.197301
-0.119133
-0.0470592
-0.00412879
0.0177735
0.236042
0.545078
0.961032
1.3719
1.66544
1.83329
1.89524
-0.500773
-0.499677
-0.496542
-0.478573
-0.439158
-0.384312
-0.320154
-0.245614
-0.160495
-0.0592801
0.0673466
0.222907
0.528593
1.05455
1.69767
2.26341
2.66338
2.88833
2.9906
3.02318
-0.479051
-0.478441
-0.477844
-0.467513
-0.432104
-0.375367
-0.305697
-0.225115
-0.130536
-0.020133
0.106853
0.238153
0.472668
0.992789
1.57633
2.103
2.48181
2.69781
2.79165
2.81548
-0.463242
-0.462942
-0.463104
-0.458214
-0.427505
-0.368942
-0.29421
-0.208935
-0.112808
-0.00307216
0.10795
0.227054
0.378439
0.797617
1.2763
1.68005
1.97391
2.13809
2.20987
2.22899
-0.450329
-0.449072
-0.448471
-0.447868
-0.423063
-0.362934
-0.283933
-0.196151
-0.101933
0.0016321
0.101654
0.201008
0.306836
0.589043
0.943336
1.23311
1.44256
1.55801
1.60883
1.62176
-0.447747
-0.446706
-0.447933
-0.448618
-0.421393
-0.354394
-0.270455
-0.181623
-0.0904892
0.005977
0.0924616
0.168576
0.239481
0.427895
0.668604
0.864413
1.00608
1.08561
1.11968
1.12822
-0.44568
-0.448823
-0.454718
-0.451275
-0.414124
-0.336249
-0.247668
-0.160827
-0.0766085
0.00762628
0.0785124
0.133809
0.180234
0.312423
0.474507
0.603284
0.694262
0.744726
0.766596
0.771065
-0.397543
-0.403708
-0.41226
-0.405983
-0.364177
-0.288354
-0.207587
-0.131327
-0.059034
0.0114283
0.0705167
0.112385
0.150192
0.235227
0.343994
0.429087
0.487201
0.517908
0.530074
0.53147
-0.266519
-0.272611
-0.279125
-0.27461
-0.245462
-0.197124
-0.143319
-0.088309
-0.033956
0.0213562
0.0670283
0.0983264
0.126798
0.185321
0.256186
0.311489
0.348671
0.368938
0.376882
0.377213
-0.0989706
-0.102184
-0.107014
-0.109566
-0.103169
-0.0887308
-0.0661808
-0.0379069
-0.00417787
0.0344171
0.0686819
0.0953016
0.118054
0.155387
0.201131
0.237963
0.262123
0.275055
0.280416
0.280014
0.0355343
0.0339979
0.0294608
0.0203555
0.00897698
0.0017354
0.00143252
0.00911561
0.0254115
0.0494313
0.0752884
0.0987274
0.119718
0.145282
0.172433
0.194099
0.209344
0.218076
0.22099
0.220082
0.111327
0.11048
0.106132
0.0950402
0.0779727
0.0613383
0.0498149
0.0458242
0.0503216
0.0633337
0.081713
0.101554
0.120607
0.136139
0.151653
0.165406
0.175583
0.181368
0.183219
0.181965
0.141264
0.140617
0.137043
0.12737
0.111665
0.0946459
0.0802327
0.0709449
0.0685655
0.0738436
0.0851398
0.100342
0.115114
0.123586
0.132075
0.141732
0.149633
0.154223
0.155384
0.154041
0.14572
0.145209
0.142592
0.135503
0.12358
0.109588
0.0964234
0.0862426
0.0805727
0.0804727
0.0857401
0.094291
0.103405
0.106397
0.110767
0.118836
0.126436
0.130884
0.132063
0.130669
0.139164
0.138772
0.137005
0.132311
0.124158
0.113953
0.103437
0.0941934
0.087333
0.0835297
0.0821416
0.0820787
0.0812595
0.0802356
0.0869551
0.0965584
0.10429
0.108452
0.109643
0.108394
0.1292
0.128895
0.127753
0.124866
0.119702
0.1128
0.105103
0.0976164
0.0908413
0.0846382
0.0775455
0.0685629
0.0578707
0.0561506
0.0654493
0.0764101
0.0838721
0.0872612
0.0881531
0.0873116
0.119344
0.119103
0.11838
0.116709
0.113668
0.109339
0.104167
0.0986461
0.0928694
0.0859129
0.0749468
0.0579088
0.0406155
0.0404355
0.0535589
0.0650074
0.0715939
0.0739912
0.0743641
0.0737492
0.11088
0.110697
0.110246
0.109327
0.107681
0.105223
0.10214
0.0987226
0.0949353
0.0894959
0.0783988
0.0591252
0.039348
0.0432102
0.0580197
0.0683182
0.0725618
0.0732575
0.0732837
0.0729116
0.103742
0.103629
0.103382
0.10292
0.102203
0.101068
0.0997318
0.0984853
0.0974504
0.0956886
0.0901731
0.0771913
0.0652554
0.0729421
0.0840458
0.0892569
0.0902713
0.0897041
0.089448
0.0892508
0.0971547
0.0970991
0.0969966
0.0967908
0.0966419
0.0966374
0.096768
0.0976623
0.0999658
0.104015
0.108287
0.10925
0.109871
0.118223
0.123255
0.123667
0.122706
0.122203
0.122003
0.121593
0.0902566
0.0902639
0.0903192
0.0903501
0.0905334
0.0912063
0.0926784
0.095474
0.100931
0.11153
0.127978
0.145885
0.160472
0.168639
0.166922
0.163057
0.160968
0.160695
0.160143
0.159434
0.0822301
0.0822751
0.0824535
0.0826729
0.0832226
0.0844059
0.086788
0.0912012
0.0994349
0.115168
0.142256
0.17829
0.210473
0.214526
0.203882
0.19588
0.193658
0.193877
0.192892
0.192037
0.0725049
0.0726044
0.0729233
0.0734371
0.0740134
0.0754151
0.0778471
0.083159
0.0929956
0.111774
0.145111
0.191768
0.235041
0.23727
0.221986
0.214325
0.212575
0.213548
0.212184
0.211048
0.0603798
0.0604948
0.060881
0.0615918
0.0624891
0.0639428
0.0667717
0.0717072
0.0809933
0.0999494
0.132274
0.178647
0.221861
0.222554
0.210037
0.206446
0.209681
0.210707
0.208765
0.20728
0.0460319
0.0460822
0.0463731
0.0469824
0.0481831
0.0499399
0.0524301
0.0566545
0.0646667
0.0787661
0.103098
0.135833
0.162778
0.166393
0.162837
0.16788
0.174895
0.177661
0.175992
0.174178
0.0300724
0.030028
0.0303394
0.0309073
0.0317463
0.0328652
0.0347482
0.0379202
0.0430532
0.0518589
0.0636947
0.0736262
0.0715213
0.0768724
0.0892313
0.101906
0.107819
0.109712
0.10935
0.107958
0.013051
0.0129082
0.0128805
0.0130482
0.0132846
0.0137611
0.0145996
0.0156954
0.017236
0.0208614
0.0255777
0.0226567
-0.00183284
-0.00355333
0.00955159
0.0250279
0.026296
0.0248677
0.0253443
0.0265524
-0.60684
-0.0314569
0.294904
0.516365
0.686413
0.817605
0.923927
1.01566
1.12633
1.12284
0.21481
0.367699
0.533817
0.675948
0.793474
0.88939
0.968534
1.02866
1.05342
1.05755
0.489389
0.591872
0.70254
0.799227
0.881839
0.950752
1.00564
1.04422
1.0683
1.08525
0.682299
0.752754
0.829358
0.898102
0.957597
1.00754
1.04766
1.0784
1.10243
1.12103
0.826376
0.879047
0.932516
0.983359
1.02799
1.06634
1.09848
1.12481
1.14674
1.16504
0.942474
0.980684
1.02286
1.06266
1.0986
1.13033
1.15782
1.18089
1.20016
1.21792
1.04141
1.07217
1.10821
1.14194
1.17333
1.20168
1.22646
1.24722
1.26401
1.28137
1.13181
1.16061
1.19444
1.2264
1.25627
1.28328
1.30671
1.32594
1.34045
1.35758
1.22275
1.25391
1.28926
1.3221
1.3521
1.37871
1.40131
1.41933
1.43195
1.44921
1.32668
1.36253
1.40058
1.43483
1.4649
1.49064
1.51192
1.52856
1.54016
1.55801
1.45601
1.49511
1.53333
1.56646
1.59446
1.61805
1.63769
1.65321
1.66505
1.68331
1.61724
1.65331
1.68542
1.71223
1.73507
1.75559
1.77422
1.79026
1.80398
1.82186
1.802
1.82708
1.84697
1.86549
1.88316
1.89992
1.9158
1.9318
1.94893
1.96807
1.98873
1.99958
2.01231
2.02687
2.04049
2.05257
2.06349
2.07484
2.09025
2.10969
2.17064
2.18408
2.18914
2.19016
2.19213
2.1995
2.21322
2.23082
2.24457
2.25591
2.43952
2.38894
2.34148
2.30989
2.29685
2.30141
2.32465
2.36971
2.43641
2.53053
0.878619
0.875606
0.869543
0.858609
0.846107
0.834782
0.825699
0.818906
0.814392
0.81243
0.813589
0.817513
0.823626
0.831874
0.84235
0.85465
0.866991
0.875693
0.880203
0.882365
0.806935
0.813582
0.818825
0.822433
0.823534
0.821883
0.818405
0.814577
0.811542
0.810162
0.811168
0.814138
0.818175
0.822362
0.825364
0.825875
0.823542
0.819152
0.812854
0.807028
0.796855
0.799813
0.80317
0.80565
0.807397
0.808561
0.808759
0.807973
0.806856
0.806327
0.807107
0.808775
0.810389
0.811133
0.810686
0.80941
0.807494
0.804611
0.801268
0.79898
0.790843
0.792264
0.794469
0.796731
0.798439
0.799612
0.80047
0.80101
0.801219
0.801448
0.80205
0.802731
0.803011
0.802761
0.802101
0.800934
0.799102
0.796862
0.795103
0.794019
0.785527
0.786343
0.7878
0.789563
0.791288
0.79274
0.793843
0.794733
0.795499
0.796172
0.79673
0.797007
0.796933
0.796511
0.795647
0.794333
0.792786
0.791246
0.790217
0.789552
0.780532
0.781085
0.782162
0.783564
0.78506
0.786539
0.787893
0.789047
0.790057
0.790962
0.791593
0.791819
0.791653
0.791073
0.790133
0.789002
0.787802
0.786699
0.785997
0.785531
0.775732
0.776146
0.777006
0.778206
0.779519
0.780902
0.782313
0.78367
0.784906
0.786005
0.786771
0.787043
0.786847
0.786274
0.785475
0.784571
0.78363
0.78279
0.78227
0.781916
0.771061
0.771386
0.772095
0.773147
0.774367
0.775682
0.777081
0.778536
0.779972
0.781295
0.782238
0.782613
0.782508
0.782086
0.781477
0.780759
0.780016
0.779379
0.778986
0.778706
0.76644
0.766703
0.767307
0.768261
0.769421
0.770702
0.772109
0.773635
0.775235
0.776803
0.777978
0.778546
0.778638
0.778416
0.777997
0.777463
0.776894
0.776414
0.776115
0.775886
0.761785
0.762003
0.762534
0.763429
0.764552
0.765832
0.767283
0.768905
0.770672
0.772503
0.773983
0.77484
0.775192
0.775194
0.77497
0.774624
0.774216
0.773871
0.773644
0.773452
0.757016
0.7572
0.757682
0.758549
0.759675
0.760997
0.762533
0.764301
0.766296
0.768446
0.770306
0.771515
0.772162
0.772412
0.772399
0.772226
0.771973
0.771742
0.771575
0.771412
0.752061
0.752219
0.752673
0.753542
0.754713
0.756121
0.75779
0.759766
0.762061
0.764618
0.766945
0.76857
0.769554
0.770082
0.770298
0.770304
0.770202
0.770073
0.769954
0.769812
0.746838
0.746976
0.747418
0.748319
0.749573
0.75111
0.752969
0.755221
0.757904
0.760985
0.763877
0.765991
0.767372
0.768218
0.768691
0.768894
0.768945
0.768911
0.768836
0.76871
0.741262
0.741383
0.741829
0.74279
0.744165
0.745878
0.747985
0.750583
0.753741
0.757459
0.761052
0.763777
0.765648
0.766872
0.767638
0.768061
0.76827
0.76833
0.768295
0.768182
0.735234
0.735342
0.735803
0.736846
0.738386
0.740337
0.742775
0.745822
0.74958
0.754085
0.758537
0.762003
0.764461
0.766125
0.767207
0.767902
0.768298
0.768457
0.76846
0.768356
0.72864
0.728718
0.729205
0.730363
0.732118
0.734371
0.73723
0.74086
0.745401
0.750902
0.756397
0.760736
0.763867
0.766068
0.767547
0.768535
0.769137
0.769402
0.769443
0.769345
0.721243
0.72135
0.721875
0.723164
0.725166
0.727796
0.731184
0.735519
0.740996
0.747707
0.754482
0.759909
0.763895
0.766745
0.768728
0.770094
0.770933
0.771319
0.7714
0.771306
0.712839
0.712929
0.71353
0.714999
0.717332
0.720452
0.724511
0.72976
0.736436
0.744649
0.752989
0.759713
0.764685
0.768302
0.770903
0.772734
0.773869
0.774398
0.774519
0.774425
0.70312
0.703219
0.703914
0.705613
0.708354
0.712092
0.717013
0.723426
0.731616
0.741698
0.751917
0.760184
0.76636
0.770906
0.774232
0.776607
0.778112
0.778807
0.778969
0.778868
0.691566
0.691684
0.692512
0.694514
0.697786
0.702326
0.708359
0.716252
0.726323
0.738685
0.751202
0.761329
0.768933
0.774593
0.778803
0.781856
0.783797
0.784681
0.784878
0.784762
0.677454
0.677613
0.678659
0.681099
0.685124
0.690787
0.698339
0.708207
0.720717
0.73591
0.75113
0.763382
0.772613
0.779547
0.784772
0.788576
0.790998
0.792079
0.792304
0.792166
0.659783
0.660023
0.661417
0.664521
0.669636
0.676876
0.686497
0.698958
0.714537
0.733169
0.75159
0.766329
0.777423
0.785803
0.792167
0.796829
0.79977
0.801045
0.801288
0.801122
0.637083
0.637478
0.639436
0.643597
0.6504
0.659966
0.67253
0.688492
0.70799
0.730766
0.752873
0.770375
0.783528
0.793498
0.801092
0.806682
0.810139
0.811589
0.811842
0.811645
0.60703
0.607737
0.610688
0.6167
0.626277
0.63941
0.656187
0.676803
0.701178
0.728836
0.755094
0.77563
0.791015
0.802707
0.811625
0.818196
0.822142
0.823735
0.823979
0.823751
0.565556
0.567007
0.572106
0.581726
0.596132
0.614834
0.637557
0.664212
0.694478
0.727699
0.758478
0.782232
0.799957
0.813457
0.823852
0.831379
0.835742
0.837393
0.837602
0.837346
0.505121
0.509658
0.520397
0.537101
0.559682
0.586663
0.617311
0.651365
0.688403
0.727699
0.763217
0.790257
0.810366
0.825689
0.837468
0.845976
0.850652
0.852226
0.852343
0.852079
0.432796
0.440957
0.460587
0.487923
0.520926
0.557207
0.596407
0.638415
0.682894
0.729201
0.77059
0.802027
0.825493
0.843459
0.85722
0.866978
0.872144
0.873867
0.874098
0.874
0.360078
0.373719
0.402413
0.440101
0.482943
0.528449
0.576214
0.626255
0.678303
0.73181
0.779328
0.815376
0.842373
0.863269
0.879409
0.890521
0.895941
0.897238
0.897537
0.897563
0.299939
0.317375
0.351763
0.397117
0.447938
0.50149
0.557111
0.614725
0.674014
0.734395
0.787682
0.828017
0.858231
0.881533
0.899244
0.911264
0.916868
0.919091
0.919589
0.919682
0.25051
0.269952
0.308679
0.359782
0.416914
0.477077
0.539464
0.603858
0.669789
0.736585
0.795234
0.839456
0.872439
0.897703
0.916824
0.929737
0.936354
0.939018
0.939616
0.939728
0.208894
0.229478
0.271488
0.327083
0.389439
0.455151
0.523353
0.593729
0.665674
0.738351
0.801926
0.849628
0.884984
0.911822
0.931967
0.945718
0.953076
0.956062
0.956767
0.956894
0.172811
0.194126
0.238728
0.297983
0.364678
0.435179
0.508491
0.584207
0.661607
0.739702
0.807801
0.858624
0.895999
0.92407
0.945007
0.959391
0.967383
0.970626
0.971408
0.971526
0.140715
0.162532
0.209192
0.271515
0.341903
0.416576
0.494434
0.574991
0.657421
0.740559
0.812871
0.866513
0.905613
0.934697
0.956247
0.971082
0.979514
0.982967
0.983791
0.983879
0.111462
0.133645
0.182002
0.246926
0.32053
0.398864
0.480802
0.56579
0.652898
0.740805
0.81711
0.873397
0.914059
0.944022
0.966021
0.981154
0.989852
0.993414
0.994312
0.994358
0.0841506
0.106733
0.156614
0.223701
0.300101
0.381681
0.467305
0.55636
0.647853
0.740316
0.820503
0.879367
0.921553
0.952365
0.974833
0.990192
0.998979
1.00264
1.00348
1.00349
0.0582705
0.0813087
0.132436
0.201458
0.280307
0.364769
0.453727
0.546531
0.642147
0.738994
0.823027
0.884507
0.928275
0.959972
0.982909
0.998512
1.00735
1.01101
1.01177
1.0117
0.0334092
0.0569683
0.109092
0.179912
0.260911
0.347951
0.439935
0.536188
0.63567
0.736767
0.824662
0.888882
0.934364
0.967053
0.990504
1.00631
1.01519
1.01877
1.01953
1.01942
0.00929547
0.0333289
0.0864973
0.158891
0.241772
0.331122
0.425837
0.525258
0.62836
0.733562
0.825386
0.892533
0.939922
0.973746
0.997799
1.01385
1.02274
1.02622
1.02688
1.02675
-0.0142414
0.0103378
0.064524
0.138277
0.222828
0.314227
0.4114
0.513711
0.620184
0.729337
0.825149
0.895458
0.94501
0.980154
1.00489
1.02118
1.03
1.03331
1.03387
1.0337
-0.0372597
-0.0121292
0.0430275
0.11802
0.204056
0.297271
0.39664
0.501555
0.61113
0.724052
0.823883
0.897604
0.949642
0.986344
1.01186
1.02834
1.03702
1.04009
1.04049
1.04028
-0.0597541
-0.0341239
0.0219797
0.0981036
0.185461
0.280277
0.381591
0.488832
0.601218
0.717682
0.821506
0.898889
0.953797
0.992384
1.0188
1.03538
1.04373
1.04644
1.04671
1.04646
-0.0817886
-0.0556023
0.00141928
0.0785607
0.167083
0.263297
0.366316
0.475603
0.590508
0.710228
0.817957
0.899202
0.957391
0.998321
1.02587
1.04241
1.05016
1.05236
1.05246
1.0522
-0.103243
-0.0765186
-0.0186323
0.0594241
0.148971
0.246409
0.350898
0.461956
0.57907
0.701716
0.813172
0.898402
0.960274
1.00414
1.0333
1.04976
1.05644
1.05781
1.05768
1.05743
-0.124132
-0.0968278
-0.0381546
0.0407471
0.131196
0.229681
0.335431
0.447997
0.566989
0.692213
0.807109
0.896337
0.962229
1.0097
1.04131
1.05805
1.06314
1.06293
1.06233
1.06213
-0.144359
-0.116526
-0.0570922
0.0225771
0.113811
0.213195
0.319994
0.433811
0.554388
0.681811
0.799755
0.892856
0.96297
1.01464
1.04986
1.06815
1.07181
1.06883
1.06656
1.06608
-0.163981
-0.135575
-0.0753957
0.00497155
0.0968936
0.197036
0.304712
0.419537
0.541396
0.670612
0.791141
0.887828
0.962184
1.01833
1.05826
1.08032
1.08487
1.07965
1.07147
1.05407
-0.182933
-0.153968
-0.0932
-0.0122702
0.0801452
0.180867
0.289161
0.404705
0.527485
0.658071
0.780688
0.880603
0.959373
1.01999
1.06514
1.09337
1.10259
1.09804
1.082
1.09487
-0.201335
-0.17168
-0.110446
-0.0290987
0.0636261
0.164749
0.273349
0.389344
0.512655
0.644098
0.76822
0.870595
0.953883
1.01834
1.06655
1.09898
1.11306
1.10619
1.0447
1.02693
-0.219788
-0.189267
-0.12688
-0.0451278
0.0478383
0.149133
0.257483
0.37372
0.497198
0.628907
0.753786
0.857455
0.94497
1.01271
1.05714
1.0882
1.09386
1.05952
0.990357
0.948396
-0.238981
-0.207659
-0.142113
-0.0599607
0.0331612
0.134164
0.241938
0.358004
0.481201
0.61253
0.737279
0.841098
0.930661
1.00297
1.05298
1.04696
1.02628
0.965969
0.893823
0.849691
0.171429
0.284027
0.403148
0.529532
0.658243
0.772872
0.865268
0.720229
-0.259597
-0.240887
-0.202953
-0.13393
-0.0472197
0.0489602
0.153193
0.264666
0.382886
0.507917
0.635232
0.748614
0.839399
0.914106
0.966122
0.931558
0.791602
0.704984
0.636803
-0.277159
-0.264117
-0.220066
-0.14935
-0.0623673
0.0338538
0.137514
0.248434
0.365685
0.489168
0.613982
0.723622
0.808649
0.869648
0.868622
0.768552
0.625852
0.520619
0.431891
-0.300307
-0.287576
-0.240522
-0.16871
-0.08154
0.0147812
0.118456
0.228955
0.345161
0.466877
0.588399
0.69287
0.769696
0.812448
0.774007
0.616279
0.450927
0.316901
0.199356
-0.323666
-0.310752
-0.262045
-0.18902
-0.101403
-0.00512467
0.0982474
0.20795
0.32284
0.442372
0.560182
0.658921
0.72791
0.745788
0.662333
0.46941
0.271289
0.0904588
-0.081337
-0.346227
-0.333774
-0.284229
-0.210142
-0.12206
-0.0257976
0.0771383
0.185913
0.299315
0.416337
0.530019
0.622351
0.681262
0.663937
0.5351
0.333812
0.11374
-0.0968996
-0.288607
-0.369323
-0.357143
-0.307289
-0.232491
-0.144035
-0.0477306
0.0548435
0.162753
0.274616
0.388999
0.498371
0.583823
0.630116
0.588577
0.418986
0.220991
0.00824877
-0.192362
-0.315893
-0.353267
-0.393727
-0.381689
-0.331569
-0.256371
-0.167735
-0.0714846
0.0306573
0.137584
0.247682
0.359038
0.463578
0.541434
0.573399
0.511549
0.314936
0.126455
-0.0546781
-0.190918
-0.236618
-0.261255
-0.419521
-0.407637
-0.35733
-0.281899
-0.193235
-0.0972236
0.0043068
0.109984
0.217963
0.325787
0.424802
0.494757
0.508548
0.409005
0.222564
0.0486973
-0.103718
-0.188825
-0.208014
-0.213987
-0.447042
-0.435211
-0.384676
-0.309073
-0.220504
-0.124887
-0.0242062
0.0799399
0.185428
0.289238
0.381993
0.443882
0.429447
0.308214
0.136245
-0.027089
-0.147798
-0.191747
-0.1928
-0.194198
-0.476211
-0.464498
-0.413629
-0.337883
-0.249512
-0.15445
-0.0548503
0.0474824
0.150094
0.249419
0.335309
0.387539
0.354463
0.213189
0.0556716
-0.095847
-0.165766
-0.183169
-0.183644
-0.18344
-0.506835
-0.495087
-0.444063
-0.368219
-0.280144
-0.185825
-0.0875332
0.0126737
0.112016
0.206381
0.285064
0.325641
0.288114
0.128729
-0.0168851
-0.133199
-0.178732
-0.175759
-0.176804
-0.176838
-0.538424
-0.526564
-0.475751
-0.399812
-0.31218
-0.218795
-0.122068
-0.0243029
0.071388
0.160399
0.231469
0.261514
0.211477
0.0551884
-0.0770574
-0.159551
-0.175646
-0.173351
-0.172557
-0.172122
-0.570407
-0.558542
-0.507956
-0.432239
-0.345207
-0.25298
-0.158101
-0.063096
0.0285457
0.111885
0.175138
0.193862
0.121558
-0.0107096
-0.125276
-0.152461
-0.169545
-0.173403
-0.171871
-0.170986
-0.601733
-0.590101
-0.53985
-0.464761
-0.378612
-0.287827
-0.195096
-0.103159
-0.015915
0.0613717
0.1174
0.119153
0.0340414
-0.0736999
-0.144877
-0.185651
-0.179353
-0.17917
-0.178523
-0.177904
-0.630923
-0.619925
-0.57062
-0.496359
-0.411534
-0.322538
-0.23229
-0.143716
-0.0611084
0.00970325
0.0593469
0.0458454
-0.0574165
-0.139703
-0.170531
-0.207873
-0.197361
-0.191387
-0.189874
-0.190785
-0.656961
-0.646296
-0.59886
-0.525854
-0.442855
-0.356053
-0.268667
-0.183751
-0.105837
-0.0417007
0.00105909
-0.0230447
-0.16097
-0.245396
-0.206465
-0.209396
-0.237618
-0.244797
-0.244311
-0.244176
-0.677371
-0.66741
-0.622272
-0.551795
-0.471188
-0.387104
-0.30295
-0.221967
-0.148671
-0.0909192
-0.0566605
-0.0895869
-0.270164
-0.462265
-0.470412
-0.421172
-0.404035
-0.40242
-0.389069
-0.37447
-0.690307
-0.68137
-0.639278
-0.572144
-0.494845
-0.414177
-0.333699
-0.256771
-0.187987
-0.135631
-0.110625
-0.146181
-0.34608
-0.715991
-1.09686
-0.815748
-0.596381
-0.515901
-0.485515
-0.468219
-0.693275
-0.685947
-0.647967
-0.585221
-0.512073
-0.435639
-0.359313
-0.28642
-0.221855
-0.173294
-0.154848
-0.170689
-0.290629
-0.492857
-0.820778
-0.639931
-0.403973
-0.335115
-0.339934
-0.348921
-0.685069
-0.679094
-0.646348
-0.589296
-0.521398
-0.449965
-0.378197
-0.309229
-0.248087
-0.201474
-0.181136
-0.14436
-0.0361481
0.270574
0.462464
0.108631
-0.211288
-0.292852
-0.293132
-0.293403
-0.662203
-0.657837
-0.631913
-0.583083
-0.52194
-0.45615
-0.389131
-0.323687
-0.264622
-0.219194
-0.19526
-0.15205
0.0133098
0.429996
0.762675
0.328716
-0.108928
-0.246506
-0.252662
-0.282696
-0.627372
-0.624652
-0.606214
-0.566848
-0.513868
-0.454107
-0.391609
-0.329002
-0.270357
-0.223868
-0.199311
-0.223216
-0.435293
-0.992695
-1.55749
-2.08931
-2.08722
-1.75907
-1.29679
-1.04152
-0.585862
-0.584217
-0.573793
-0.543765
-0.499154
-0.445014
-0.386138
-0.324846
-0.264513
-0.211048
-0.187368
-0.25232
-0.824559
-1.83693
-2.76817
-3.23659
-3.17907
-2.82504
-2.41338
-2.11539
-0.545944
-0.544894
-0.53986
-0.519721
-0.481683
-0.43149
-0.374573
-0.312034
-0.246587
-0.181602
-0.128478
-0.101564
-0.38851
-0.694191
-0.877041
-0.786491
-0.496111
-0.174909
0.0897831
0.244457
-0.514291
-0.513654
-0.511053
-0.498999
-0.466566
-0.41839
-0.360328
-0.293635
-0.218713
-0.135739
-0.0350994
0.0772204
0.261604
0.60699
1.15115
1.74125
2.24201
2.57687
2.74552
2.80392
-0.488947
-0.488221
-0.487323
-0.48237
-0.456788
-0.409187
-0.347117
-0.275131
-0.191029
-0.0935527
0.0246363
0.165098
0.351338
0.768567
1.37467
1.97991
2.46277
2.77062
2.93178
2.9919
-0.47105
-0.470673
-0.470482
-0.46892
-0.450333
-0.40316
-0.336866
-0.259261
-0.170248
-0.0663887
0.047687
0.174229
0.298251
0.636019
1.17568
1.68256
2.09598
2.35763
2.48793
2.53389
-0.456199
-0.455766
-0.455251
-0.455361
-0.44394
-0.398621
-0.32895
-0.246774
-0.155853
-0.0551353
0.0522685
0.161015
0.264694
0.486862
0.905343
1.288
1.58887
1.78186
1.87741
1.91188
-0.448197
-0.446879
-0.445538
-0.446503
-0.438772
-0.393984
-0.319815
-0.234271
-0.143443
-0.0474369
0.0521592
0.142332
0.228804
0.366844
0.653566
0.925283
1.13186
1.26384
1.33002
1.35359
-0.44937
-0.448257
-0.450623
-0.453423
-0.442362
-0.38732
-0.304563
-0.216221
-0.127897
-0.0384066
0.0486612
0.118516
0.178773
0.269323
0.467058
0.647309
0.785049
0.874461
0.917502
0.933104
-0.431285
-0.433465
-0.441543
-0.444954
-0.424459
-0.359916
-0.273583
-0.187972
-0.107407
-0.0297081
0.0430733
0.0981131
0.145523
0.203868
0.339039
0.458943
0.546209
0.602514
0.629461
0.638048
-0.33993
-0.343455
-0.352471
-0.355072
-0.334931
-0.280926
-0.212868
-0.144181
-0.078818
-0.0155516
0.0437491
0.0894349
0.12405
0.161937
0.253465
0.334137
0.390158
0.425313
0.441218
0.4468
-0.180946
-0.184295
-0.189934
-0.193467
-0.18518
-0.159257
-0.124362
-0.0842985
-0.0416032
0.00383056
0.0487559
0.085288
0.110321
0.137106
0.197186
0.249775
0.286246
0.309741
0.320727
0.323714
-0.0237404
-0.0256619
-0.0289524
-0.0347273
-0.0398531
-0.0413554
-0.0359419
-0.0227298
-0.00199724
0.0254902
0.0573714
0.0860195
0.108781
0.131958
0.167435
0.200281
0.223894
0.238818
0.24573
0.247084
0.0813033
0.0801275
0.0777803
0.0703413
0.0564586
0.0411383
0.0305878
0.0273815
0.0327604
0.046618
0.0677063
0.0901341
0.111308
0.131087
0.15215
0.170845
0.185271
0.194934
0.199569
0.200217
0.131143
0.130475
0.128633
0.121585
0.10729
0.0893356
0.07323
0.06245
0.0589879
0.06348
0.0759721
0.0928144
0.110673
0.12471
0.136351
0.14785
0.158084
0.165206
0.16833
0.16816
0.145828
0.145402
0.143962
0.138483
0.127002
0.111652
0.0963812
0.0840435
0.0767163
0.0755514
0.0813343
0.0918152
0.104608
0.113809
0.118349
0.126079
0.134334
0.140429
0.143307
0.143018
0.143336
0.143062
0.142007
0.138231
0.130198
0.118881
0.106612
0.0954925
0.0872115
0.0827371
0.0829454
0.0864849
0.0911876
0.0941452
0.0958166
0.103148
0.111535
0.117703
0.120388
0.120075
0.134386
0.134199
0.133465
0.131059
0.125893
0.118212
0.109251
0.100364
0.0926289
0.0865613
0.0821658
0.0777212
0.0721334
0.0665952
0.0703438
0.0807428
0.0901878
0.0960443
0.0983943
0.0981096
0.124192
0.124044
0.123533
0.122072
0.118973
0.114135
0.108088
0.101566
0.0951167
0.0886045
0.0810379
0.0697625
0.0552468
0.04502
0.0518256
0.0640574
0.0734653
0.078428
0.0801711
0.0800287
0.114959
0.114828
0.11447
0.113607
0.111874
0.109075
0.105334
0.101034
0.0964198
0.0910404
0.0825058
0.0669834
0.0455264
0.0342464
0.0455352
0.0593361
0.0677251
0.070967
0.0714474
0.071482
0.10723
0.107121
0.106898
0.106412
0.105537
0.104091
0.102096
0.0998146
0.0973192
0.0945541
0.0891003
0.0754247
0.055742
0.0488765
0.0622505
0.0735782
0.0782793
0.0791975
0.078909
0.0789033
0.100465
0.100381
0.100272
0.10003
0.0996749
0.099242
0.0986174
0.0982159
0.098354
0.0991669
0.0998638
0.0963242
0.0879623
0.0892593
0.0989144
0.104837
0.105712
0.105014
0.104415
0.104211
0.0938385
0.0937839
0.0937832
0.0937279
0.0937181
0.0937666
0.0943839
0.0956736
0.09843
0.103748
0.112919
0.123468
0.130923
0.139416
0.145041
0.144605
0.142202
0.14137
0.141211
0.140686
0.0864464
0.0864132
0.0865078
0.086645
0.0868484
0.0874418
0.0887484
0.0914515
0.0964718
0.106135
0.123878
0.149492
0.17486
0.192997
0.190147
0.183659
0.179169
0.178275
0.177934
0.176946
0.0776801
0.0776691
0.0778495
0.0781876
0.0787012
0.0795146
0.0811864
0.0848262
0.0914205
0.103974
0.128012
0.166182
0.211397
0.232915
0.22321
0.21089
0.205421
0.205915
0.205743
0.204285
0.0668205
0.0668213
0.0670321
0.0674621
0.0679729
0.0692573
0.0711912
0.0751518
0.0825296
0.0959475
0.121559
0.162716
0.219372
0.241296
0.228397
0.216996
0.215615
0.215233
0.214536
0.212747
0.0534533
0.0534188
0.0536239
0.0541896
0.0552157
0.0563953
0.0583004
0.0616452
0.0681693
0.0806941
0.102817
0.139095
0.183606
0.204161
0.193748
0.18927
0.192222
0.198322
0.197337
0.195309
0.0381839
0.0381127
0.0382586
0.0388088
0.039692
0.0409705
0.0430483
0.0459253
0.0504376
0.0591191
0.0742336
0.0946413
0.114278
0.123465
0.124512
0.133067
0.142133
0.147243
0.147367
0.145648
0.0216863
0.0215922
0.021617
0.0218544
0.022493
0.0232152
0.0241557
0.0259849
0.0292248
0.0343873
0.0413046
0.0443511
0.0307687
0.0254737
0.0392359
0.0576799
0.0656666
0.0664672
0.0674024
0.0675274
0.0129681
0.0128783
0.0129426
0.0131546
0.0134803
0.0141445
0.0151527
0.0164041
0.018876
0.022439
0.0267289
0.0109804
-0.00365003
0.00141192
0.0206399
0.0265558
0.0255118
0.0244011
0.0261316
-0.00343099
-0.254607
0.0960344
0.323464
0.518092
0.675661
0.80188
0.903385
0.989757
1.05199
1.04799
0.258585
0.415683
0.560687
0.68574
0.792833
0.882427
0.956287
1.01358
1.04842
1.06132
0.530108
0.629136
0.725324
0.811969
0.887413
0.951534
1.00407
1.04413
1.07251
1.09175
0.714581
0.780946
0.849856
0.913584
0.968502
1.01578
1.05526
1.08707
1.11253
1.13069
0.854409
0.901659
0.954673
1.00167
1.0439
1.08098
1.11302
1.14004
1.16247
1.1781
0.967587
1.00544
1.0468
1.08427
1.11908
1.15059
1.17847
1.20235
1.22223
1.23516
1.06592
1.09852
1.13367
1.16722
1.19871
1.22769
1.25351
1.27551
1.2934
1.30392
1.15744
1.18883
1.2232
1.25664
1.28775
1.31615
1.34114
1.36203
1.3783
1.38693
1.25248
1.28732
1.3242
1.3597
1.39167
1.41997
1.44419
1.46398
1.47881
1.4868
1.36545
1.40582
1.4451
1.48195
1.51377
1.54088
1.56348
1.58174
1.59544
1.60454
1.50938
1.55209
1.58978
1.62348
1.6515
1.67531
1.69594
1.71336
1.72722
1.73836
1.6873
1.7249
1.75293
1.77729
1.79832
1.81762
1.83587
1.85303
1.86893
1.88345
1.88501
1.90605
1.92096
1.93677
1.95305
1.96836
1.98208
1.99534
2.01085
2.02921
2.07566
2.08282
2.09337
2.10492
2.11484
2.12404
2.13429
2.1454
2.15701
2.16588
2.28869
2.29046
2.28254
2.26603
2.25488
2.25432
2.26648
2.29108
2.3252
2.34974
2.70833
2.51444
2.41339
2.35554
2.32641
2.31978
2.33498
2.3758
2.45166
2.59461
-0.223299
-0.227839
-0.188743
-0.117555
-0.0307211
0.0661657
0.95225
1.02111
1.02083
0.942866
0.87311
0.801474
0.567539
0.339222
0.0632494
-0.301848
-0.668454
)
;

boundaryField
{
    wall-4
    {
        type            zeroGradient;
    }
    pressure-outlet-7
    {
        type            fixedValue;
        value           uniform 0;
    }
    velocity-inlet-6
    {
        type            zeroGradient;
    }
    velocity-inlet-5
    {
        type            zeroGradient;
    }
    frontAndBackPlanes
    {
        type            empty;
    }
}


// ************************************************************************* //
