/*--------------------------------*- C++ -*----------------------------------*\
  =========                 |
  \\      /  F ield         | OpenFOAM: The Open Source CFD Toolbox
   \\    /   O peration     | Website:  https://openfoam.org
    \\  /    A nd           | Version:  10
     \\/     M anipulation  |
\*---------------------------------------------------------------------------*/
FoamFile
{
    format      ascii;
    class       volVectorField;
    location    "59";
    object      U;
}
// * * * * * * * * * * * * * * * * * * * * * * * * * * * * * * * * * * * * * //

dimensions      [0 1 -1 0 0 0 0];

internalField   nonuniform List<vector> 
2200
(
(0.878857 -0.030411 0)
(1.0058 -0.0512798 0)
(1.00331 -0.0353827 0)
(1.00033 -0.0244301 0)
(0.999915 -0.0166459 0)
(1.00001 -0.0107174 0)
(1.00001 -0.00682356 0)
(1 -0.00418027 0)
(0.99998 -0.00215148 0)
(1.00018 -0.000602987 0)
(0.999994 0.00110487 0)
(1.00003 0.00257238 0)
(1.00021 0.00449008 0)
(1.00016 0.00706482 0)
(1.00011 0.010833 0)
(1.00006 0.0166482 0)
(1.00038 0.0243718 0)
(1.00348 0.0348677 0)
(1.00599 0.0513771 0)
(0.879054 0.0302983 0)
(0.711997 -0.032767 0)
(0.996643 -0.063017 0)
(1.0333 -0.0561878 0)
(1.02484 -0.0464474 0)
(1.01584 -0.0361609 0)
(1.00966 -0.0264225 0)
(1.00594 -0.0181849 0)
(1.0038 -0.0114583 0)
(1.00263 -0.0061342 0)
(1.00206 -0.00169295 0)
(1.00202 0.00249637 0)
(1.00235 0.00706901 0)
(1.00337 0.0123345 0)
(1.00558 0.0189327 0)
(1.00935 0.027199 0)
(1.01545 0.0369548 0)
(1.02457 0.0474516 0)
(1.03315 0.0579786 0)
(0.996707 0.0631412 0)
(0.711777 0.0330335 0)
(0.535572 -0.0238889 0)
(0.969918 -0.0569228 0)
(1.05645 -0.0546942 0)
(1.05229 -0.0487264 0)
(1.03629 -0.0403859 0)
(1.02446 -0.0322253 0)
(1.01589 -0.023944 0)
(1.01036 -0.0160914 0)
(1.00711 -0.00877224 0)
(1.00563 -0.00206382 0)
(1.00576 0.00434919 0)
(1.00725 0.010741 0)
(1.01043 0.0177716 0)
(1.01575 0.0254487 0)
(1.02421 0.0334279 0)
(1.03624 0.0414034 0)
(1.05229 0.0493941 0)
(1.05633 0.0532652 0)
(0.969223 0.0576421 0)
(0.534414 0.0239349 0)
(0.392315 -0.0136539 0)
(0.911789 -0.0464007 0)
(1.05749 -0.0469361 0)
(1.06949 -0.0443267 0)
(1.05483 -0.0381886 0)
(1.03933 -0.0314868 0)
(1.02758 -0.0246944 0)
(1.01912 -0.0174428 0)
(1.01379 -0.00998486 0)
(1.01111 -0.00248593 0)
(1.01066 0.00500238 0)
(1.01289 0.0125192 0)
(1.0181 0.0197925 0)
(1.02657 0.0266342 0)
(1.03839 0.0330649 0)
(1.05389 0.0395352 0)
(1.06811 0.0456311 0)
(1.05549 0.0483242 0)
(0.909889 0.0469924 0)
(0.389935 0.0137794 0)
(0.307693 -0.0045156 0)
(0.846749 -0.0323855 0)
(1.04945 -0.0399327 0)
(1.07953 -0.0381811 0)
(1.06828 -0.0335295 0)
(1.05173 -0.0279446 0)
(1.03833 -0.0225401 0)
(1.02808 -0.0164936 0)
(1.02095 -0.00956164 0)
(1.01713 -0.00186863 0)
(1.01723 0.00607749 0)
(1.02085 0.0132996 0)
(1.02753 0.0197837 0)
(1.03738 0.0254562 0)
(1.05038 0.0303729 0)
(1.06679 0.0356658 0)
(1.07783 0.0399834 0)
(1.04742 0.0417138 0)
(0.843071 0.0329458 0)
(0.303798 0.00473203 0)
(0.264266 0.000104925 0)
(0.788989 -0.0200609 0)
(1.03338 -0.031446 0)
(1.08352 -0.0320088 0)
(1.07727 -0.0287431 0)
(1.06084 -0.0238481 0)
(1.04723 -0.0193985 0)
(1.03638 -0.0142927 0)
(1.02859 -0.00823311 0)
(1.02417 -0.00125809 0)
(1.02343 0.00598014 0)
(1.027 0.0128382 0)
(1.03439 0.0185167 0)
(1.04495 0.0230975 0)
(1.05852 0.0271139 0)
(1.07482 0.0315306 0)
(1.08027 0.034264 0)
(1.02911 0.0333241 0)
(0.782619 0.0207342 0)
(0.258791 0.000119201 0)
(0.24035 0.00106736 0)
(0.738386 -0.0122868 0)
(1.01373 -0.0249997 0)
(1.08408 -0.0267761 0)
(1.08304 -0.0244952 0)
(1.06781 -0.0203434 0)
(1.05427 -0.0163115 0)
(1.04341 -0.0118119 0)
(1.0352 -0.00644543 0)
(1.0302 -2.17682e-05 0)
(1.03006 0.00680774 0)
(1.03428 0.0125999 0)
(1.04164 0.0172706 0)
(1.05186 0.0212016 0)
(1.06486 0.0245546 0)
(1.07953 0.0279989 0)
(1.08007 0.0296204 0)
(1.00773 0.027195 0)
(0.729072 0.013133 0)
(0.233201 -0.000840127 0)
(0.225999 0.000955761 0)
(0.69546 -0.0080487 0)
(0.993063 -0.0207639 0)
(1.0822 -0.0231395 0)
(1.08686 -0.0212749 0)
(1.0734 -0.0176939 0)
(1.0599 -0.0138868 0)
(1.04932 -0.00957772 0)
(1.0414 -0.00459263 0)
(1.03658 0.00101549 0)
(1.03549 0.0067722 0)
(1.03882 0.0121373 0)
(1.04583 0.0164877 0)
(1.05589 0.0199405 0)
(1.06923 0.0230217 0)
(1.08198 0.025808 0)
(1.07563 0.0267436 0)
(0.983319 0.0234107 0)
(0.681945 0.00910568 0)
(0.216761 -0.000715768 0)
(0.216426 0.000623525 0)
(0.660078 -0.00567294 0)
(0.972578 -0.0176231 0)
(1.07957 -0.0202222 0)
(1.0903 -0.0186576 0)
(1.07828 -0.0155282 0)
(1.06489 -0.0118582 0)
(1.05437 -0.00767754 0)
(1.04639 -0.00288294 0)
(1.04117 0.00253424 0)
(1.04051 0.00803982 0)
(1.04421 0.0126694 0)
(1.05082 0.0163681 0)
(1.06021 0.0196383 0)
(1.07271 0.0223126 0)
(1.08356 0.0244603 0)
(1.07106 0.0249484 0)
(0.959507 0.0209689 0)
(0.642037 0.00705966 0)
(0.204729 -0.000336381 0)
(0.209217 0.000295836 0)
(0.631452 -0.00422709 0)
(0.953609 -0.015037 0)
(1.07633 -0.0179844 0)
(1.09332 -0.0166555 0)
(1.08291 -0.0137181 0)
(1.06947 -0.0101207 0)
(1.05902 -0.00601392 0)
(1.05128 -0.00132061 0)
(1.04645 0.00367148 0)
(1.04489 0.00865442 0)
(1.04716 0.0130975 0)
(1.05326 0.0168972 0)
(1.06268 0.0196615 0)
(1.0756 0.0220628 0)
(1.08445 0.0238095 0)
(1.06403 0.0237317 0)
(0.934678 0.0190668 0)
(0.607106 0.00590116 0)
(0.19429 3.45663e-05 0)
(0.203375 8.22768e-05 0)
(0.60816 -0.00316169 0)
(0.935702 -0.0125847 0)
(1.07332 -0.0155983 0)
(1.09671 -0.014444 0)
(1.08761 -0.0117139 0)
(1.07412 -0.00820655 0)
(1.06338 -0.00416998 0)
(1.0552 0.000509407 0)
(1.04966 0.00566757 0)
(1.04823 0.0105027 0)
(1.05128 0.0147462 0)
(1.05723 0.0176928 0)
(1.06611 0.0203536 0)
(1.07805 0.0223826 0)
(1.08488 0.023559 0)
(1.05734 0.0229727 0)
(0.911066 0.0175351 0)
(0.576998 0.00525173 0)
(0.184743 0.000317798 0)
(0.198772 3.00727e-06 0)
(0.589878 -0.00231077 0)
(0.920236 -0.0102895 0)
(1.07027 -0.0135307 0)
(1.09998 -0.0124748 0)
(1.09247 -0.00972064 0)
(1.07891 -0.00613451 0)
(1.06805 -0.00224827 0)
(1.05987 0.00221209 0)
(1.05448 0.00701046 0)
(1.05222 0.0118422 0)
(1.05342 0.0156359 0)
(1.0587 0.0189341 0)
(1.06775 0.0209573 0)
(1.08029 0.0226843 0)
(1.08463 0.0236066 0)
(1.04825 0.0223208 0)
(0.886456 0.0162918 0)
(0.549418 0.00486281 0)
(0.175328 0.000486452 0)
(0.195176 2.54476e-05 0)
(0.575141 -0.00156492 0)
(0.90562 -0.00813602 0)
(1.06751 -0.0110648 0)
(1.10362 -0.00998635 0)
(1.09743 -0.00728471 0)
(1.08365 -0.00374875 0)
(1.07218 0.000263257 0)
(1.06316 0.00487879 0)
(1.05664 0.00993013 0)
(1.05413 0.0144167 0)
(1.05652 0.0181241 0)
(1.06214 0.0202022 0)
(1.07082 0.0221807 0)
(1.08185 0.0235736 0)
(1.08388 0.0239676 0)
(1.03941 0.0221704 0)
(0.86284 0.0154301 0)
(0.524559 0.00467345 0)
(0.166283 0.000571463 0)
(0.193057 6.60611e-05 0)
(0.564592 -0.000783422 0)
(0.894339 -0.00592027 0)
(1.06512 -0.00878312 0)
(1.10716 -0.00756347 0)
(1.10261 -0.00469278 0)
(1.0889 -0.00094105 0)
(1.07733 0.00295909 0)
(1.06828 0.00736657 0)
(1.06176 0.012017 0)
(1.05827 0.0165718 0)
(1.05843 0.0198132 0)
(1.06287 0.0223865 0)
(1.07177 0.0236234 0)
(1.08295 0.0245449 0)
(1.08207 0.0245746 0)
(1.02739 0.0222502 0)
(0.837427 0.0148539 0)
(0.500263 0.00461026 0)
(0.157089 0.000612739 0)
(0.192149 0.000102101 0)
(0.557055 -0.000239875 0)
(0.883947 -0.00399032 0)
(1.06342 -0.00612673 0)
(1.11121 -0.00469833 0)
(1.10799 -0.00169513 0)
(1.09415 0.00207722 0)
(1.08177 0.00631605 0)
(1.07154 0.0110715 0)
(1.06362 0.0161511 0)
(1.05976 0.0203421 0)
(1.06091 0.0232305 0)
(1.06608 0.0246371 0)
(1.07436 0.0258086 0)
(1.08303 0.026296 0)
(1.07951 0.0257635 0)
(1.01583 0.0227038 0)
(0.813018 0.0146251 0)
(0.477555 0.00463739 0)
(0.148157 0.000629025 0)
(0.192706 8.43826e-05 0)
(0.5527 0.000818377 0)
(0.87769 -0.00158848 0)
(1.06272 -0.0034577 0)
(1.11547 -0.00166721 0)
(1.1137 0.00160363 0)
(1.09995 0.00577516 0)
(1.08758 0.0101193 0)
(1.07737 0.014841 0)
(1.06917 0.0194626 0)
(1.06381 0.0235025 0)
(1.06258 0.0262598 0)
(1.06562 0.0277545 0)
(1.07389 0.0282712 0)
(1.08282 0.0283923 0)
(1.07495 0.0273861 0)
(1.00041 0.0235178 0)
(0.785978 0.0147665 0)
(0.453994 0.0047758 0)
(0.138769 0.00065251 0)
(0.194736 0.000228021 0)
(0.552908 0.00151772 0)
(0.872775 0.000469689 0)
(1.06336 -0.000100015 0)
(1.1205 0.00210426 0)
(1.11981 0.0057502 0)
(1.10584 0.0101436 0)
(1.09247 0.0149847 0)
(1.08067 0.0201508 0)
(1.07071 0.0252151 0)
(1.06491 0.0290465 0)
(1.06432 0.0308366 0)
(1.06849 0.031833 0)
(1.07575 0.0321119 0)
(1.08115 0.0313532 0)
(1.06983 0.02964 0)
(0.985483 0.0249 0)
(0.759524 0.0152443 0)
(0.431058 0.00503728 0)
(0.129362 0.00068217 0)
(0.198873 0.000665126 0)
(0.555515 0.00230981 0)
(0.873059 0.00330966 0)
(1.06589 0.00322117 0)
(1.12645 0.00608296 0)
(1.12681 0.0100723 0)
(1.11256 0.0150445 0)
(1.09896 0.0201572 0)
(1.08717 0.0254354 0)
(1.07695 0.0303284 0)
(1.06905 0.0338243 0)
(1.06533 0.0357721 0)
(1.06629 0.0361684 0)
(1.0733 0.0356214 0)
(1.07955 0.0349738 0)
(1.06226 0.0326071 0)
(0.965694 0.0266724 0)
(0.729326 0.0161108 0)
(0.405941 0.00540591 0)
(0.119026 0.000715265 0)
(0.205194 0.000868197 0)
(0.562124 0.0034133 0)
(0.876737 0.00575146 0)
(1.07053 0.00737943 0)
(1.13335 0.0108804 0)
(1.13459 0.015647 0)
(1.1199 0.0211845 0)
(1.10501 0.0270468 0)
(1.09114 0.033021 0)
(1.07819 0.0383293 0)
(1.06921 0.0418821 0)
(1.06638 0.0426997 0)
(1.06865 0.0424032 0)
(1.0744 0.0416676 0)
(1.07554 0.0396574 0)
(1.05364 0.0361798 0)
(0.945846 0.0291383 0)
(0.698882 0.0173118 0)
(0.380414 0.00587203 0)
(0.108334 0.000752025 0)
(0.213572 0.00105036 0)
(0.57332 0.00471944 0)
(0.884874 0.00887836 0)
(1.07802 0.0119578 0)
(1.14174 0.0165213 0)
(1.1435 0.0217561 0)
(1.12781 0.0280954 0)
(1.11186 0.0344028 0)
(1.09714 0.0406644 0)
(1.08362 0.0461059 0)
(1.07241 0.0493198 0)
(1.06578 0.050213 0)
(1.06452 0.0493158 0)
(1.06944 0.0470843 0)
(1.07195 0.0452662 0)
(1.04191 0.040699 0)
(0.91988 0.0319951 0)
(0.663235 0.0188614 0)
(0.351477 0.00639278 0)
(0.0963628 0.000778697 0)
(0.225804 0.00139603 0)
(0.591359 0.00667318 0)
(0.899501 0.0131841 0)
(1.08863 0.0181585 0)
(1.15159 0.0235986 0)
(1.15354 0.0298677 0)
(1.13696 0.0371039 0)
(1.1195 0.0445214 0)
(1.10244 0.0518081 0)
(1.08547 0.0576764 0)
(1.07175 0.0601405 0)
(1.0655 0.0596565 0)
(1.06544 0.0579648 0)
(1.06915 0.0558486 0)
(1.0647 0.0519739 0)
(1.02805 0.0460351 0)
(0.893085 0.035719 0)
(0.626186 0.0207204 0)
(0.321222 0.00696507 0)
(0.0838689 0.000803479 0)
(0.241459 0.00193737 0)
(0.614621 0.00850379 0)
(0.92011 0.0178533 0)
(1.10378 0.0251729 0)
(1.1639 0.032416 0)
(1.1654 0.0397284 0)
(1.14702 0.0482781 0)
(1.12744 0.0562963 0)
(1.10791 0.0635765 0)
(1.08869 0.0687662 0)
(1.07294 0.0712701 0)
(1.0634 0.0705979 0)
(1.05961 0.0679772 0)
(1.06107 0.0636901 0)
(1.05768 0.0596843 0)
(1.01024 0.0523074 0)
(0.858081 0.0395211 0)
(0.582058 0.0227268 0)
(0.286562 0.00747352 0)
(0.0699837 0.00080333 0)
(0.26335 0.00280389 0)
(0.647646 0.0122444 0)
(0.949233 0.0246436 0)
(1.12348 0.0347361 0)
(1.17894 0.0431571 0)
(1.17933 0.0526103 0)
(1.15874 0.0622606 0)
(1.13662 0.0715066 0)
(1.11416 0.0797641 0)
(1.09177 0.0855714 0)
(1.07256 0.0863615 0)
(1.06154 0.0832898 0)
(1.0583 0.0792895 0)
(1.05888 0.0753168 0)
(1.04636 0.0689094 0)
(0.98889 0.0593821 0)
(0.821479 0.0445393 0)
(0.535841 0.0249538 0)
(0.250403 0.00794133 0)
(0.055826 0.000784155 0)
(0.294376 0.00368455 0)
(0.692215 0.0153997 0)
(0.987469 0.0326974 0)
(1.14963 0.0464106 0)
(1.19755 0.0578455 0)
(1.19519 0.0693632 0)
(1.17087 0.0808668 0)
(1.14518 0.090726 0)
(1.11886 0.0982638 0)
(1.09203 0.101716 0)
(1.06966 0.100916 0)
(1.05677 0.0977948 0)
(1.0506 0.0927025 0)
(1.04762 0.0857097 0)
(1.03426 0.0790532 0)
(0.962399 0.0675601 0)
(0.773494 0.0489817 0)
(0.479396 0.0268375 0)
(0.208953 0.00813935 0)
(0.0403981 0.000687133 0)
(0.330744 0.0070822 0)
(0.750382 0.0246794 0)
(1.03718 0.046632 0)
(1.18193 0.0645929 0)
(1.22006 0.0774195 0)
(1.21349 0.0920257 0)
(1.18451 0.104203 0)
(1.15463 0.114046 0)
(1.12424 0.121039 0)
(1.09447 0.124286 0)
(1.06962 0.122573 0)
(1.05333 0.115486 0)
(1.04551 0.107725 0)
(1.04234 0.100735 0)
(1.01694 0.0907852 0)
(0.929596 0.075877 0)
(0.722828 0.0545009 0)
(0.422576 0.0289503 0)
(0.167778 0.00814528 0)
(0.0262263 0.000608039 0)
(0.410593 0.0106254 0)
(0.837721 0.0356723 0)
(1.10288 0.067194 0)
(1.22218 0.0898853 0)
(1.24705 0.106053 6.2561e-34)
(1.2333 0.122362 -2.82193e-34)
(1.19782 0.134607 0)
(1.16297 0.143311 0)
(1.12806 0.148377 0)
(1.09315 0.147998 0)
(1.06255 0.141077 0)
(1.04472 0.132857 0)
(1.03636 0.124255 0)
(1.02655 0.113959 0)
(0.997253 0.102728 0)
(0.890572 0.0851026 0)
(0.657421 0.0583918 0)
(0.34985 0.0291774 0)
(0.118313 0.00764835 0)
(0.0103282 0.000751602 0)
(0.481417 0.0258533 4.60138e-20)
(0.93994 0.0596399 -3.48487e-20)
(1.17402 0.101883 0)
(1.26339 0.128818 2.70189e-20)
(1.27488 0.144172 -2.19111e-20)
(1.25185 0.162494 2.9774e-34)
(1.20932 0.172855 0)
(1.16903 0.17943 1.58826e-20)
(1.1283 0.181669 -5.21774e-20)
(1.08846 0.178604 1.06547e-20)
(1.05763 0.171436 0)
(1.03749 0.16024 -2.70755e-20)
(1.02434 0.147665 -3.25147e-20)
(1.01483 0.136219 5.69137e-20)
(0.963909 0.120349 -4.49545e-20)
(0.827148 0.0947921 0)
(0.567666 0.0622129 -1.61836e-20)
(0.266312 0.02838 0)
(0.0682431 0.00730608 -8.93283e-20)
(-0.00660994 0.000492582 1.05278e-19)
(0.517743 0.0535825 -6.04792e-21)
(1.00472 0.102465 1.03676e-19)
(1.22453 0.152122 -5.63016e-21)
(1.29719 0.176533 -6.62932e-20)
(1.29965 0.193933 -4.63823e-20)
(1.26748 0.210342 7.54705e-20)
(1.21848 0.217841 0)
(1.17266 0.22159 0)
(1.1272 0.221449 8.30006e-20)
(1.08353 0.215575 0)
(1.04505 0.202918 9.77176e-20)
(1.0192 0.187161 2.90524e-20)
(1.00595 0.173899 4.58762e-22)
(0.981071 0.159265 -6.19013e-20)
(0.9232 0.139119 0)
(0.767333 0.109927 0)
(0.494379 0.0668092 -2.63822e-19)
(0.208014 0.0273906 6.6331e-19)
(0.0371481 0.00562846 -3.92071e-19)
(-0.0179007 -0.00124289 -4.61952e-19)
(0.525235 0.0760433 -5.76437e-20)
(1.04131 0.159445 2.221e-20)
(1.26085 0.212449 1.22613e-20)
(1.32352 0.235759 1.15488e-19)
(1.31874 0.251526 1.45284e-20)
(1.27925 0.263479 -1.96586e-19)
(1.22466 0.267032 6.71232e-20)
(1.17343 0.267536 0)
(1.12176 0.263688 -1.75423e-19)
(1.07094 0.253575 1.5597e-19)
(1.02859 0.236967 -2.63701e-19)
(1.00259 0.220754 1.23614e-19)
(0.984435 0.205185 -8.01751e-20)
(0.964563 0.188418 1.80681e-19)
(0.890727 0.165766 0)
(0.722768 0.124779 -6.59188e-20)
(0.451341 0.0740404 0)
(0.190647 0.0291323 3.62518e-19)
(0.0304813 0.00512176 -8.59528e-19)
(-0.0209552 -0.00297962 5.38451e-19)
(0.521452 0.107934 1.55532e-19)
(1.06324 0.216522 -6.858e-20)
(1.28318 0.277868 -1.477e-20)
(1.34067 0.300494 0)
(1.33099 0.314127 -8.56248e-20)
(1.28631 0.320917 1.05719e-19)
(1.22703 0.319667 -7.17723e-20)
(1.17098 0.315876 0)
(1.1151 0.307964 1.24619e-19)
(1.06135 0.293613 -1.09554e-19)
(1.01647 0.274454 2.28229e-19)
(0.984624 0.255348 0)
(0.96294 0.237215 -1.70317e-19)
(0.929627 0.216041 9.59461e-20)
(0.858095 0.187285 2.41783e-19)
(0.692144 0.143952 -2.12738e-19)
(0.433953 0.0856657 3.36566e-19)
(0.188013 0.0347888 -7.44061e-19)
(0.0326425 0.00592025 4.71102e-19)
(-0.0204486 -0.00422056 -5.89338e-19)
(0.509234 0.131978 -5.03322e-20)
(1.06922 0.269592 3.58313e-20)
(1.29346 0.343133 -4.92191e-20)
(1.34969 0.366013 9.97244e-20)
(1.33669 0.377516 -9.51405e-20)
(1.28836 0.379268 3.32385e-20)
(1.22569 0.373325 3.70417e-21)
(1.16603 0.365189 -1.40539e-19)
(1.10589 0.352644 -1.30486e-19)
(1.04627 0.333712 -2.35221e-19)
(0.995266 0.310463 -4.90865e-19)
(0.96117 0.288099 -1.5142e-19)
(0.9381 0.267019 2.23405e-21)
(0.911529 0.246403 -3.28856e-19)
(0.83378 0.216616 -5.4291e-21)
(0.66992 0.163727 3.09686e-19)
(0.425706 0.0987208 -9.31676e-20)
(0.193257 0.0430197 -5.39293e-20)
(0.0413551 0.00818289 0)
(-0.0166781 -0.00439743 1.25326e-18)
(0.493406 0.152996 0)
(1.06572 0.32017 -1.86772e-21)
(1.29625 0.406853 -7.57432e-21)
(1.35187 0.430145 -1.28802e-20)
(1.33639 0.440484 9.13936e-20)
(1.28571 0.437812 -7.77966e-20)
(1.22034 0.427372 7.81992e-20)
(1.15712 0.414809 2.30872e-19)
(1.09295 0.398237 -7.27295e-20)
(1.02971 0.375484 1.16107e-19)
(0.976688 0.348497 2.63924e-19)
(0.941156 0.322873 3.30161e-19)
(0.914541 0.299922 -1.98968e-19)
(0.876935 0.274828 3.56211e-19)
(0.804333 0.239059 -2.82341e-19)
(0.650414 0.187015 0)
(0.421796 0.115812 -7.07415e-19)
(0.20401 0.0540851 9.52136e-19)
(0.0544021 0.0134471 7.10706e-20)
(-0.0106243 -0.00350932 -1.32599e-18)
(0.477916 0.17274 -5.08454e-21)
(1.05591 0.367163 -9.45694e-21)
(1.29274 0.467064 5.48962e-20)
(1.34917 0.491963 -7.77175e-20)
(1.33177 0.501286 7.65296e-20)
(1.27916 0.494593 -7.50283e-20)
(1.21156 0.480359 1.54684e-19)
(1.14586 0.463957 -6.90481e-20)
(1.07885 0.442962 -2.93192e-19)
(1.0128 0.415367 -1.52512e-22)
(0.956892 0.384771 -2.87066e-19)
(0.915988 0.355367 -3.55524e-19)
(0.887747 0.330423 2.19888e-19)
(0.859078 0.30547 -1.28176e-19)
(0.782542 0.270583 3.07238e-19)
(0.634031 0.207911 0)
(0.418588 0.133853 -4.3979e-19)
(0.212995 0.0660492 6.49571e-19)
(0.0661761 0.0198903 1.22875e-18)
(-0.00455238 -0.0019405 -1.44499e-18)
(0.464225 0.190628 -7.92476e-20)
(1.04499 0.412602 3.40573e-20)
(1.28616 0.525084 -3.40466e-20)
(1.34242 0.55112 8.01452e-20)
(1.32325 0.55994 1.21201e-20)
(1.26928 0.549887 -1.4684e-19)
(1.2001 0.532067 -8.99976e-20)
(1.13237 0.511731 -8.87342e-20)
(1.06304 0.486943 -1.65658e-19)
(0.994339 0.455874 2.66607e-19)
(0.934007 0.421146 2.89909e-19)
(0.893189 0.388942 5.64128e-19)
(0.864258 0.362496 0)
(0.824376 0.333514 6.51773e-21)
(0.755837 0.291954 -8.44982e-19)
(0.616822 0.232496 1.98062e-19)
(0.415339 0.152044 9.53906e-19)
(0.220927 0.0791958 -2.81521e-19)
(0.0771455 0.0273242 5.84442e-19)
(0.00142704 0.000202277 -4.87066e-20)
(0.453348 0.208205 5.8312e-21)
(1.03173 0.454245 5.38329e-20)
(1.27619 0.57945 -1.15445e-20)
(1.33298 0.607638 8.27271e-20)
(1.3125 0.615759 -1.47366e-19)
(1.25748 0.602422 1.45456e-19)
(1.18709 0.581497 9.31258e-20)
(1.11796 0.557996 2.6475e-19)
(1.04651 0.529621 3.32228e-19)
(0.974812 0.494805 -3.08475e-19)
(0.912784 0.456306 0)
(0.868602 0.422147 -2.13681e-19)
(0.836616 0.39125 2.4533e-19)
(0.80658 0.362416 3.10038e-19)
(0.735009 0.323113 -1.79375e-19)
(0.600614 0.252827 -4.36824e-19)
(0.410227 0.170201 -1.30228e-19)
(0.22607 0.0921758 -1.92655e-21)
(0.0854786 0.0348041 0)
(0.00626022 0.00240527 0)
(0.445353 0.224454 -7.93737e-20)
(1.02054 0.495253 0)
(1.26535 0.631684 3.43513e-21)
(1.32146 0.6613 -1.43557e-20)
(1.29976 0.668811 1.68624e-19)
(1.24391 0.652801 -4.25959e-20)
(1.17252 0.629084 9.45907e-20)
(1.10194 0.602369 -1.78995e-19)
(1.02856 0.570979 2.51991e-19)
(0.955055 0.532981 -1.01799e-19)
(0.890569 0.490345 1.66305e-19)
(0.845292 0.452409 6.78127e-19)
(0.81354 0.420892 1.43638e-20)
(0.773126 0.388344 -3.23498e-19)
(0.708493 0.341801 5.99457e-19)
(0.581956 0.27653 3.8097e-21)
(0.403362 0.187 1.39325e-19)
(0.227513 0.104744 -6.64282e-19)
(0.0903531 0.0413506 6.84656e-19)
(0.00971295 0.00438149 -8.066e-19)
(0.438073 0.241704 2.7885e-23)
(1.00759 0.53224 0)
(1.25266 0.679955 0)
(1.30863 0.712205 -3.49731e-23)
(1.28604 0.719066 -4.92836e-20)
(1.22951 0.70034 6.76528e-20)
(1.15731 0.674093 -1.75464e-19)
(1.0857 0.644881 0)
(1.01067 0.610641 -3.7176e-19)
(0.934459 0.56942 4.47119e-19)
(0.867815 0.523937 4.75015e-19)
(0.819398 0.483704 -2.48977e-19)
(0.786048 0.447325 -3.01723e-19)
(0.755907 0.413295 7.07696e-19)
(0.68721 0.370601 -2.13108e-19)
(0.563727 0.293114 -2.54216e-19)
(0.39251 0.202393 -1.52064e-19)
(0.224797 0.114619 -7.17526e-19)
(0.0916147 0.0466316 1.05203e-19)
(0.0117644 0.00578075 8.72818e-19)
(0.433607 0.259592 -3.88351e-20)
(0.997488 0.569367 -5.1794e-20)
(1.24006 0.72631 2.36511e-20)
(1.29486 0.760124 -1.9575e-22)
(1.27138 0.766342 -5.27885e-20)
(1.21421 0.745511 1.07967e-19)
(1.14125 0.717127 0)
(1.06855 0.685393 1.08446e-19)
(0.992112 0.648935 -8.55102e-20)
(0.914514 0.605236 7.46271e-19)
(0.845681 0.556072 -1.07608e-19)
(0.796663 0.511013 1.23367e-19)
(0.76328 0.474454 0)
(0.722299 0.437421 -3.83306e-19)
(0.660618 0.384122 4.64629e-19)
(0.543326 0.313011 0)
(0.381236 0.215239 -3.275e-19)
(0.219827 0.123251 9.63871e-19)
(0.0899159 0.050264 1.14246e-19)
(0.0123513 0.00662031 -1.075e-18)
(0.430611 0.276624 -9.74986e-20)
(0.986318 0.602645 1.2459e-19)
(1.22644 0.768852 0)
(1.2806 0.805278 1.95735e-20)
(1.25641 0.811077 0)
(1.1987 0.788057 -1.41146e-19)
(1.12527 0.757595 0)
(1.05202 0.723919 0)
(0.974415 0.685321 -1.1362e-19)
(0.894155 0.638915 -7.09494e-19)
(0.822304 0.587336 -8.78272e-19)
(0.770552 0.539681 1.44526e-19)
(0.735024 0.497865 5.21916e-19)
(0.704579 0.457855 4.22487e-19)
(0.638838 0.409303 -1.49097e-18)
(0.523521 0.323532 -5.97004e-19)
(0.367045 0.225926 3.49875e-19)
(0.211972 0.129247 0)
(0.0868003 0.0520922 9.78966e-19)
(0.0118878 0.00708072 -1.1582e-18)
(0.428933 0.292225 1.16166e-19)
(0.977598 0.636173 -1.44511e-19)
(1.2135 0.809852 0)
(1.26612 0.847572 -1.12285e-20)
(1.2412 0.852808 -2.15696e-21)
(1.18305 0.82819 0)
(1.10922 0.796121 5.4147e-20)
(1.0352 0.760517 7.54817e-20)
(0.956215 0.720353 -2.13424e-19)
(0.874396 0.67236 9.39185e-20)
(0.800275 0.617924 0)
(0.747559 0.565516 5.98754e-19)
(0.711413 0.522832 5.65003e-21)
(0.670621 0.478768 2.27985e-19)
(0.611788 0.416595 2.70662e-19)
(0.502475 0.338151 0)
(0.353571 0.232991 -5.70421e-19)
(0.203071 0.132877 1.11781e-18)
(0.0824127 0.0528765 -1.18426e-18)
(0.0109458 0.00708667 2.49433e-18)
(0.427481 0.307157 0)
(0.96758 0.665952 0)
(1.20011 0.84716 -7.09353e-20)
(1.25173 0.887298 0)
(1.2262 0.892342 0)
(1.16769 0.866 -1.14893e-19)
(1.09361 0.832262 5.53851e-20)
(1.0192 0.79517 1.77566e-20)
(0.939103 0.753421 -4.86765e-20)
(0.854844 0.703343 0)
(0.777425 0.646547 -1.33994e-19)
(0.720713 0.592469 -4.88454e-19)
(0.682167 0.543966 -5.88658e-19)
(0.651291 0.494055 -2.36897e-19)
(0.589069 0.436939 2.93116e-19)
(0.481938 0.34149 -6.90662e-19)
(0.338521 0.237497 1.22767e-18)
(0.194121 0.133793 1.76972e-21)
(0.0779894 0.0528366 -1.13295e-18)
(0.0100205 0.00701659 -1.68215e-19)
(0.426449 0.321541 0)
(0.959875 0.696505 -1.17522e-19)
(1.18776 0.883339 8.6473e-20)
(1.23757 0.924451 0)
(1.21141 0.928954 0)
(1.1526 0.901419 2.29313e-19)
(1.07831 0.866543 0)
(1.00323 0.828038 0)
(0.921869 0.785209 -4.68358e-19)
(0.83613 0.734336 1.30274e-19)
(0.755966 0.675986 -1.188e-18)
(0.697304 0.618075 0)
(0.657444 0.566993 -6.40122e-19)
(0.61517 0.511888 1.04446e-20)
(0.559903 0.435983 -9.43109e-19)
(0.460176 0.348779 3.71492e-19)
(0.325934 0.236803 1.32913e-21)
(0.187436 0.131296 -1.28245e-18)
(0.075107 0.0511109 6.09629e-19)
(0.00799211 0.00517482 1.79932e-19)
(0.425327 0.335684 0)
(0.951044 0.723433 -1.61262e-19)
(1.17519 0.91605 9.12054e-20)
(1.22378 0.959295 1.23164e-19)
(1.19706 0.963743 -8.88269e-21)
(1.13798 0.934841 2.27937e-20)
(1.06356 0.898642 -3.21721e-20)
(0.988243 0.859052 4.45672e-19)
(0.905953 0.815139 5.0101e-19)
(0.817714 0.762859 9.91713e-19)
(0.733995 0.702614 9.87065e-19)
(0.670509 0.643253 1.73744e-19)
(0.625871 0.58612 9.20871e-19)
(0.593005 0.522335 5.69484e-19)
(0.534081 0.45066 6.7692e-19)
(0.438941 0.341153 -4.06523e-19)
(0.311264 0.229862 -4.69936e-19)
(0.185435 0.126369 5.50821e-19)
(0.0799796 0.056544 -3.27724e-19)
(0.0141085 0.0133406 5.82813e-19)
(0.424533 0.349332 2.26239e-19)
(0.944412 0.751299 2.52674e-19)
(1.16372 0.948063 5.27183e-20)
(1.21039 0.991877 1.57846e-20)
(1.18312 0.995727 -5.2489e-21)
(1.12383 0.965918 -6.34044e-20)
(1.04936 0.928976 3.08315e-20)
(0.973551 0.888435 -1.95711e-20)
(0.890058 0.843833 -5.83359e-19)
(0.800372 0.79128 -1.07647e-18)
(0.714235 0.730743 6.8523e-20)
(0.647627 0.668997 0)
(0.60053 0.608661 0)
(0.55277 0.538892 -2.97029e-19)
(0.499501 0.440803 -1.10917e-18)
(0.414745 0.33728 8.75813e-19)
(0.30678 0.211062 5.14158e-19)
(0.195055 0.106722 0)
(0.095737 0.0285716 1.04896e-18)
(0.0079955 -0.0126738 -6.21653e-19)
(0.423603 0.362523 -1.20017e-19)
(0.936591 0.775372 1.0606e-19)
(1.15202 0.976732 -1.26398e-19)
(1.19747 1.02237 -1.04471e-19)
(1.16972 1.02624 -1.77132e-20)
(1.11026 0.995338 -2.02568e-20)
(1.03579 0.957354 0)
(0.959839 0.916063 -5.60231e-19)
(0.875547 0.870764 7.09388e-20)
(0.783565 0.817462 0)
(0.693872 0.756201 0)
(0.621398 0.693483 1.11195e-19)
(0.56647 0.627117 1.49661e-19)
(0.526124 0.546305 -3.21129e-19)
(0.466959 0.452356 7.96128e-19)
(0.384824 0.314299 -9.5449e-19)
(0.285849 0.186603 -1.10189e-18)
(0.211808 0.0921917 9.76343e-19)
(0.159628 0.0770378 -3.72985e-19)
(0.111892 0.0772578 2.16999e-19)
(0.4229 0.374858 1.49864e-19)
(0.930715 0.800471 0)
(1.14139 1.00503 0)
(1.18501 1.05087 -2.90542e-20)
(1.15683 1.05407 2.35216e-20)
(1.09728 1.02247 -2.01821e-20)
(1.0229 0.984066 1.39316e-19)
(0.94658 0.942207 5.73247e-19)
(0.861247 0.896574 1.05867e-18)
(0.768133 0.843428 -8.12283e-20)
(0.6763 0.782838 1.68167e-19)
(0.599958 0.719147 -9.95034e-19)
(0.541599 0.651185 -9.93674e-19)
(0.480341 0.565569 -1.72585e-19)
(0.418194 0.436465 0)
(0.346834 0.307217 -5.50135e-21)
(0.264452 0.114804 6.08035e-19)
(0.250135 -0.0106654 -1.02144e-18)
(0.215578 -0.101492 7.76293e-19)
(0.0872 -0.0980028 6.42756e-19)
(0.421835 0.386893 -3.3083e-19)
(0.923463 0.821696 -1.49079e-19)
(1.13043 1.03015 6.93848e-21)
(1.17295 1.07768 5.91762e-20)
(1.14436 1.08107 0)
(1.0847 1.04867 -5.77062e-20)
(1.01036 1.00952 -2.01506e-19)
(0.933956 0.96728 -2.05977e-21)
(0.848019 0.921411 -5.54664e-19)
(0.752722 0.868119 -7.97522e-20)
(0.656968 0.807971 7.40769e-20)
(0.574639 0.745023 8.74241e-19)
(0.504367 0.672031 9.69415e-19)
(0.447864 0.573242 1.68384e-19)
(0.377452 0.456128 8.60121e-19)
(0.281697 0.274214 0)
(0.155735 0.0988982 0)
(-0.00536823 0.186921 6.99902e-19)
(-0.0786119 0.630121 -2.8105e-20)
(0.00868715 1.54146 -8.66166e-19)
(0.421102 0.398156 1.82657e-19)
(0.918141 0.844464 4.19616e-19)
(1.12052 1.05553 -5.78403e-19)
(1.16126 1.10314 2.92651e-19)
(1.13224 1.10599 -9.33338e-21)
(1.07249 1.07326 -9.01956e-21)
(0.998245 1.0342 0)
(0.92149 0.991994 -4.7745e-19)
(0.834544 0.946452 0)
(0.738156 0.89407 1.12167e-18)
(0.640362 0.83565 -9.0541e-20)
(0.553594 0.77339 1.01524e-19)
(0.480077 0.702657 1.11382e-18)
(0.393315 0.607347 -3.65796e-19)
(0.285692 0.443948 -4.37011e-19)
(0.188403 0.326071 0)
(0.079612 0.477144 0)
(0.0250556 1.34882 0)
(0.0715247 2.46931 -3.97369e-19)
(0.0984672 2.91361 -2.45144e-19)
(0.419685 0.408933 0)
(0.911333 0.86312 0)
(1.11023 1.07771 2.10787e-19)
(1.15 1.12712 -2.3799e-19)
(1.12056 1.13048 1.08442e-19)
(1.06068 1.09736 1.71822e-20)
(0.986449 1.05798 2.62429e-20)
(0.909646 1.01591 -2.04319e-20)
(0.822269 0.970822 7.85394e-20)
(0.723817 0.919206 -1.28731e-18)
(0.621759 0.862568 1.63948e-19)
(0.529067 0.803741 8.7663e-19)
(0.439259 0.73126 -1.10924e-18)
(0.356695 0.617321 -1.22321e-18)
(0.265698 0.502462 4.11201e-19)
(0.184008 0.643639 0)
(0.116723 1.57575 5.63534e-19)
(0.12003 2.69808 6.12053e-19)
(0.127786 3.08954 -6.84e-19)
(0.120126 3.22296 7.30881e-19)
(0.418702 0.419437 0)
(0.90652 0.883643 3.69229e-19)
(1.10107 1.10048 -5.28365e-20)
(1.13917 1.14987 3.31444e-19)
(1.1093 1.1528 -1.13828e-19)
(1.04935 1.11966 0)
(0.975262 1.08079 0)
(0.898184 1.03929 0)
(0.809927 0.995151 4.4056e-19)
(0.71064 0.945287 5.92484e-20)
(0.60696 0.891349 0)
(0.509741 0.833982 -8.71393e-19)
(0.422897 0.766722 0)
(0.303016 0.663947 8.75113e-19)
(0.202083 0.717974 -5.92019e-19)
(0.148635 1.46441 -4.75173e-19)
(0.152037 2.68508 -1.10029e-18)
(0.174803 3.12638 -5.78961e-19)
(0.165556 3.2661 -7.81517e-19)
(0.152251 3.30631 5.76981e-19)
(0.417138 0.428887 -1.28802e-19)
(0.900091 0.899757 1.50939e-20)
(1.09147 1.11992 -5.87066e-20)
(1.1288 1.17124 -2.56609e-19)
(1.09851 1.175 0)
(1.03845 1.14181 0)
(0.964361 1.10291 0)
(0.887302 1.0619 3.35428e-20)
(0.798849 1.01877 -5.571e-19)
(0.697828 0.970501 0)
(0.590239 0.919395 0)
(0.489854 0.86788 0)
(0.379146 0.796371 0)
(0.308383 0.755867 6.41223e-19)
(0.267916 1.14945 1.57518e-18)
(0.242201 2.3944 4.6402e-19)
(0.258034 3.08224 9.31173e-19)
(0.252619 3.28038 -7.13544e-19)
(0.204218 3.34586 2.62133e-19)
(0.172227 3.35884 0)
(0.415991 0.4382 1.32491e-19)
(0.89561 0.918756 -8.18854e-19)
(1.08285 1.14098 -2.20519e-19)
(1.11861 1.19217 -4.87243e-20)
(1.08793 1.19555 2.64545e-20)
(1.02783 1.16252 -9.96872e-20)
(0.95396 1.12446 -1.66058e-21)
(0.876735 1.0844 -3.6987e-19)
(0.787567 1.04268 0)
(0.686143 0.996878 -7.55679e-20)
(0.578101 0.949384 6.87442e-20)
(0.473378 0.898413 0)
(0.380499 0.842417 0)
(0.320878 0.945773 -8.03107e-19)
(0.26868 1.85368 9.99335e-20)
(0.265181 2.94449 -3.48768e-19)
(0.289222 3.28393 7.29051e-19)
(0.26093 3.38218 5.25031e-19)
(0.196086 3.40666 -7.1174e-19)
(0.17157 3.4166 3.51851e-19)
(0.413936 0.447766 2.59912e-19)
(0.888581 0.934089 7.9762e-19)
(1.07279 1.1599 2.65085e-19)
(1.10804 1.21331 0)
(1.077 1.21776 0)
(1.0169 1.18477 7.74668e-20)
(0.943118 1.14667 5.97222e-20)
(0.866108 1.10716 3.29523e-19)
(0.777135 1.06664 2.16507e-20)
(0.674575 1.0229 9.64098e-19)
(0.563738 0.978736 -1.14478e-18)
(0.453058 0.931004 0)
(0.376004 0.915775 0)
(0.333743 1.31775 -5.4739e-19)
(0.33122 2.4934 -6.58019e-19)
(0.375186 3.19585 0)
(0.399934 3.36501 -7.37411e-19)
(0.329517 3.42775 4.9711e-20)
(0.260903 3.47299 3.43176e-19)
(0.238682 3.49836 -1.12525e-19)
(0.412157 0.457644 -4.94121e-19)
(0.883416 0.955141 -3.82853e-19)
(1.06304 1.18298 0)
(1.09664 1.23571 0)
(1.06532 1.23943 0)
(1.00537 1.20644 0)
(0.932083 1.16919 -7.13021e-20)
(0.85519 1.13067 2.87656e-19)
(0.765825 1.09163 0)
(0.663688 1.05067 -8.77654e-19)
(0.554167 1.01032 2.05373e-18)
(0.445289 0.971966 8.40648e-20)
(0.395587 1.0418 1.12894e-19)
(0.38561 1.74619 8.91946e-19)
(0.397141 2.90182 -4.79995e-19)
(0.436393 3.31619 0)
(0.419646 3.43815 2.07062e-19)
(0.334034 3.52693 9.12868e-20)
(0.259734 3.59076 1.48623e-19)
(0.18433 3.57022 -1.36108e-20)
(0.409146 0.468084 2.34857e-19)
(0.874496 0.971374 -3.90601e-19)
(1.05103 1.20337 0)
(1.08441 1.25865 -7.13835e-20)
(1.05286 1.26363 2.45887e-19)
(0.993077 1.2305 0)
(0.920108 1.19287 0)
(0.843793 1.15462 -4.98702e-19)
(0.755257 1.11666 -5.60398e-20)
(0.652916 1.07772 8.60248e-19)
(0.538626 1.03994 -9.7574e-19)
(0.44814 1.01985 5.71842e-19)
(0.409403 1.22335 0)
(0.420263 2.18692 -4.7288e-19)
(0.463098 3.14412 3.10219e-19)
(0.527467 3.4187 1.9481e-19)
(0.51875 3.51436 0)
(0.456249 3.59582 -3.69385e-20)
(0.387038 3.63597 -4.0975e-19)
(0.306625 3.60786 -9.62945e-20)
(0.40645 0.478671 -4.6742e-19)
(0.868102 0.995503 5.59222e-19)
(1.03957 1.22941 3.8785e-19)
(1.07118 1.28316 -9.64043e-20)
(1.03946 1.28679 -3.75558e-19)
(0.980094 1.25338 0)
(0.908012 1.21655 1.76538e-20)
(0.83221 1.17928 1.79981e-19)
(0.743727 1.14271 2.93655e-20)
(0.642694 1.10647 -7.43188e-19)
(0.530939 1.07424 -5.16469e-20)
(0.451432 1.08208 -6.45225e-19)
(0.448382 1.461 7.07069e-19)
(0.49302 2.55416 1.55564e-19)
(0.558175 3.30505 -2.73753e-19)
(0.61038 3.46968 1.4291e-19)
(0.570146 3.5202 0)
(0.512882 3.52396 0)
(0.420161 3.48754 -6.80247e-19)
(0.192821 3.27799 1.25577e-18)
(0.401831 0.48968 2.23656e-19)
(0.856671 1.01255 5.50846e-19)
(1.02522 1.25124 -3.95863e-19)
(1.05706 1.30795 3.516e-19)
(1.02525 1.313 3.92163e-19)
(0.966339 1.27924 0)
(0.894899 1.24162 -9.99572e-21)
(0.820147 1.20419 1.44022e-19)
(0.73327 1.16839 0)
(0.633167 1.13371 0)
(0.525594 1.10684 0)
(0.460392 1.15941 0)
(0.486578 1.69657 -7.98061e-19)
(0.549605 2.85983 -2.07426e-19)
(0.626461 3.39099 0)
(0.669703 3.48191 -2.49574e-20)
(0.667485 3.48743 0)
(0.745103 3.3276 1.4026e-19)
(0.840466 2.95781 -1.773e-18)
(0.447574 2.57601 1.86034e-18)
(0.398085 0.500027 -4.53875e-19)
(0.848501 1.04009 -3.53136e-19)
(1.01165 1.28068 -2.62596e-19)
(1.04166 1.33481 -3.28822e-19)
(1.00988 1.33771 -1.91063e-19)
(0.951758 1.30328 0)
(0.881746 1.26638 2.41279e-21)
(0.808011 1.2299 -4.07964e-20)
(0.721714 1.19528 -2.21776e-19)
(0.624105 1.16305 0)
(0.521287 1.14495 5.10557e-20)
(0.476725 1.2554 -5.80445e-20)
(0.53538 1.95657 0)
(0.625673 3.08289 2.70384e-19)
(0.716954 3.43329 0)
(0.746894 3.4686 -9.983e-20)
(0.750457 3.37721 2.7485e-19)
(0.743731 2.99548 -1.38443e-19)
(0.49884 1.98405 2.72824e-19)
(-0.341645 0.493456 -6.62927e-19)
(0.390225 0.511197 -1.31083e-20)
(0.833515 1.05757 -1.80313e-19)
(0.994151 1.30396 3.61938e-19)
(1.02503 1.3619 -1.98022e-20)
(0.993332 1.36668 -6.04005e-20)
(0.936008 1.33191 0)
(0.86696 1.2939 7.3437e-20)
(0.794764 1.25693 -7.10689e-20)
(0.71094 1.22293 3.97087e-19)
(0.612178 1.1917 -4.97439e-19)
(0.523976 1.18363 -6.00852e-19)
(0.501165 1.37169 0)
(0.587948 2.25882 4.01403e-19)
(0.687398 3.21472 -5.61939e-20)
(0.76175 3.41236 2.80638e-20)
(0.769717 3.40271 0)
(0.698769 3.17069 -1.44477e-19)
(0.529934 2.39601 1.51843e-19)
(0.100219 0.621161 -1.80124e-19)
(-0.248591 -0.392964 -1.65586e-19)
(0.384982 0.521751 4.252e-19)
(0.822702 1.08863 -1.76559e-19)
(0.977605 1.33746 2.54816e-19)
(1.00667 1.39191 1.96862e-19)
(0.975215 1.39377 1.2128e-19)
(0.919141 1.35808 2.33137e-19)
(0.852177 1.321 -1.61264e-19)
(0.78158 1.28532 5.68707e-21)
(0.698781 1.25263 -2.87782e-19)
(0.603167 1.22493 3.37414e-20)
(0.525872 1.23283 9.76105e-20)
(0.52989 1.52062 -3.95208e-19)
(0.640309 2.52333 1.07871e-19)
(0.750532 3.28903 -2.1372e-19)
(0.813982 3.38888 3.5539e-20)
(0.788068 3.30747 7.78787e-20)
(0.661607 2.85928 -2.0555e-19)
(0.40283 1.6212 1.33947e-19)
(0.0590339 0.0485622 0)
(-0.0797622 -0.15795 -2.90593e-19)
(0.373208 0.529549 0)
(0.80289 1.10544 -6.69611e-19)
(0.956059 1.36171 2.383e-20)
(0.986915 1.42134 -3.24423e-19)
(0.955806 1.42584 0)
(0.901017 1.39003 -1.72354e-19)
(0.835418 1.35166 1.60624e-19)
(0.766938 1.31516 -5.32016e-21)
(0.687749 1.28302 1.99833e-19)
(0.59538 1.2575 3.55401e-19)
(0.531059 1.28424 4.62785e-19)
(0.563877 1.67691 4.8317e-20)
(0.696348 2.76914 -2.94408e-19)
(0.799546 3.31688 1.36956e-20)
(0.833151 3.34406 6.6007e-21)
(0.758762 3.12768 7.55864e-20)
(0.522847 2.31121 8.74728e-20)
(0.115948 0.439193 -1.03671e-19)
(-0.138004 -0.245439 0)
(-0.115715 -0.207075 0)
(0.364134 0.540728 -4.1143e-19)
(0.788008 1.13876 6.63742e-19)
(0.935708 1.399 0)
(0.964949 1.45437 0)
(0.934377 1.45506 0)
(0.881543 1.41801 0)
(0.818875 1.38073 -8.37937e-20)
(0.752771 1.3459 -1.61094e-20)
(0.675348 1.31522 -3.59239e-20)
(0.589249 1.29419 3.7139e-20)
(0.537473 1.35026 -3.79901e-19)
(0.599341 1.86074 2.78974e-19)
(0.746823 2.95311 0)
(0.83988 3.31653 3.63258e-20)
(0.860926 3.28367 5.907e-20)
(0.717788 2.85917 -2.29376e-20)
(0.390862 1.67727 1.03032e-19)
(0.0169186 -0.0421911 5.96051e-20)
(-0.156775 -0.20166 -2.41757e-19)
(-0.0571842 -0.137393 -2.82603e-19)
(0.347714 0.543532 2.0869e-19)
(0.761899 1.15223 3.10513e-19)
(0.909325 1.42279 -9.33624e-21)
(0.941456 1.4854 1.70903e-19)
(0.911492 1.48968 0)
(0.86072 1.45291 3.2398e-19)
(0.79987 1.41418 -6.74432e-20)
(0.736519 1.37804 1.94557e-20)
(0.662604 1.34752 -3.60512e-20)
(0.583519 1.33052 2.66007e-20)
(0.549033 1.4186 2.56698e-19)
(0.641511 2.0678 -1.26671e-19)
(0.796549 3.07504 -1.10684e-19)
(0.874013 3.30777 2.12084e-21)
(0.852592 3.17746 -3.12483e-20)
(0.621848 2.50611 1.39995e-19)
(0.186454 0.703632 -7.79441e-20)
(-0.0851179 -0.271126 1.15323e-19)
(-0.128203 -0.22201 -3.53191e-19)
(-0.0599527 -0.122166 2.47155e-19)
(0.331883 0.550912 -1.95209e-19)
(0.739916 1.1839 0)
(0.884562 1.4627 -2.28e-19)
(0.914974 1.52087 -3.29441e-19)
(0.885942 1.52028 0)
(0.838238 1.48196 -2.52786e-19)
(0.781212 1.44438 0)
(0.721139 1.41015 -1.24412e-19)
(0.648003 1.38122 -1.66876e-20)
(0.580159 1.37114 6.14192e-20)
(0.561401 1.50374 -1.22139e-19)
(0.681752 2.27064 7.01955e-20)
(0.834498 3.14358 1.74613e-19)
(0.900273 3.27758 1.15965e-20)
(0.841137 3.03177 -3.19652e-20)
(0.523269 2.06859 -4.80496e-20)
(0.0728463 0.114722 1.23803e-19)
(-0.184943 -0.252027 -1.37258e-19)
(-0.105678 -0.210443 4.88865e-22)
(-0.0529983 -0.076018 -2.58776e-20)
(0.308706 0.54639 3.87879e-19)
(0.706683 1.19109 -2.97166e-19)
(0.852686 1.48332 2.42301e-19)
(0.886641 1.55213 1.58634e-19)
(0.858888 1.55637 2.83551e-20)
(0.81442 1.51887 1.58218e-19)
(0.759539 1.47971 0)
(0.702961 1.44358 -3.84793e-20)
(0.634168 1.4151 0)
(0.575206 1.41122 -5.74428e-20)
(0.577241 1.58885 1.2148e-19)
(0.723902 2.44933 -2.67383e-21)
(0.875158 3.18688 -5.72989e-20)
(0.920224 3.24289 3.76e-20)
(0.79658 2.83709 -1.26458e-20)
(0.372913 1.50404 6.3238e-20)
(-0.0512467 -0.13298 -1.87999e-19)
(-0.22791 -0.253736 -1.0639e-19)
(-0.124457 -0.24885 -4.02597e-20)
(-0.0740446 -0.0886949 1.92663e-19)
(0.285842 0.544778 4.28334e-21)
(0.677878 1.2185 1.52225e-19)
(0.8221 1.52225 0)
(0.854143 1.58826 2.98145e-19)
(0.828635 1.58716 -4.25622e-19)
(0.788518 1.54782 1.59717e-19)
(0.738229 1.50986 -1.0723e-19)
(0.686144 1.47564 1.0449e-19)
(0.6195 1.44958 -9.3739e-20)
(0.571239 1.45497 -1.16464e-21)
(0.592185 1.68371 2.25369e-20)
(0.76398 2.60587 4.58168e-20)
(0.897595 3.19484 3.51087e-20)
(0.922508 3.18163 -5.92627e-20)
(0.739343 2.58754 -5.85277e-20)
(0.282291 0.998291 1.11003e-19)
(-0.0473906 -0.257719 -1.07955e-19)
(-0.193523 -0.291755 7.64047e-20)
(-0.112846 -0.276077 1.99497e-21)
(-0.0809127 -0.107911 -1.6276e-19)
(0.255454 0.526525 7.20691e-19)
(0.635823 1.21286 -1.51533e-19)
(0.782994 1.53516 -4.14879e-19)
(0.81999 1.61645 3.36803e-19)
(0.797474 1.62302 -1.86342e-19)
(0.761238 1.58502 3.08649e-19)
(0.713365 1.5455 1.67652e-19)
(0.665791 1.50899 0)
(0.605867 1.48339 1.07842e-19)
(0.564601 1.49718 -1.56602e-20)
(0.608557 1.77088 -1.07776e-20)
(0.799602 2.72558 -2.64792e-21)
(0.919944 3.19609 1.79221e-20)
(0.929624 3.12287 7.93339e-21)
(0.677437 2.38772 -8.33702e-20)
(0.170872 0.454532 -3.02012e-20)
(-0.0408551 -0.274142 1.03618e-19)
(-0.114676 -0.287317 4.70567e-20)
(-0.0865151 -0.244855 1.57926e-20)
(-0.0480849 -0.103784 1.33404e-19)
(0.224368 0.506411 0)
(0.59747 1.22801 1.41042e-19)
(0.744475 1.56863 -1.88493e-19)
(0.780799 1.64955 3.26425e-19)
(0.762881 1.65178 -4.05945e-19)
(0.73101 1.61219 1.69245e-19)
(0.688903 1.5741 0)
(0.646731 1.53921 0)
(0.592254 1.51553 0)
(0.557944 1.54117 2.27259e-20)
(0.620106 1.85733 -2.12931e-20)
(0.828005 2.81502 1.77392e-20)
(0.931729 3.19241 4.67017e-20)
(0.909416 3.04196 4.41694e-20)
(0.594229 2.12078 -7.80761e-20)
(0.049643 0.119298 5.18108e-20)
(-0.127667 -0.284964 5.14229e-21)
(-0.104753 -0.290424 -1.05457e-19)
(-0.0776329 -0.203369 1.28753e-20)
(-0.0216804 -0.0641498 0)
(0.186099 0.462928 6.59767e-19)
(0.543718 1.19711 -1.31886e-19)
(0.69679 1.56714 4.60552e-21)
(0.741404 1.67104 0)
(0.727447 1.68383 -1.9535e-19)
(0.699767 1.6474 1.8475e-20)
(0.660566 1.60752 0)
(0.623788 1.57062 5.21913e-20)
(0.577359 1.5465 -4.11848e-20)
(0.549542 1.57984 0)
(0.631615 1.92919 0)
(0.84735 2.87597 -3.22301e-20)
(0.939147 3.18507 -5.60534e-20)
(0.901021 2.97346 2.3181e-21)
(0.52763 1.89764 -2.0256e-20)
(-0.00103175 -0.011852 2.77717e-20)
(-0.163667 -0.277477 0)
(-0.132681 -0.32221 -6.22828e-20)
(-0.0889347 -0.200897 -9.70143e-20)
(-0.0175175 -0.0566528 2.32196e-19)
(0.146356 0.409553 5.44072e-19)
(0.493838 1.18601 -1.26182e-19)
(0.649076 1.58644 1.79175e-19)
(0.695711 1.69601 -4.44725e-19)
(0.687033 1.70623 0)
(0.665531 1.67126 0)
(0.632904 1.63291 0)
(0.602338 1.59731 5.50851e-20)
(0.561938 1.57368 -4.34646e-20)
(0.540432 1.61534 0)
(0.634216 1.9935 0)
(0.858494 2.9136 9.83793e-20)
(0.938673 3.18519 -3.25114e-20)
(0.870285 2.90364 3.60035e-20)
(0.493951 1.72386 5.65939e-20)
(0.00476461 -0.0568943 0)
(-0.175286 -0.289423 -1.3956e-20)
(-0.134798 -0.356942 -2.02667e-20)
(-0.0979802 -0.251887 1.88187e-19)
(-0.0141872 -0.078882 -2.2874e-19)
(0.102328 0.325647 -5.05693e-19)
(0.425482 1.10698 1.32083e-19)
(0.59191 1.55766 3.75744e-19)
(0.650831 1.70511 2.5649e-19)
(0.647095 1.72994 -2.07697e-19)
(0.630833 1.70093 -1.38616e-19)
(0.601158 1.66053 9.53905e-20)
(0.576867 1.62406 0)
(0.545217 1.59895 0)
(0.527677 1.64069 0)
(0.632739 2.02309 -7.99647e-20)
(0.863411 2.93684 -9.48994e-20)
(0.935648 3.19003 3.15959e-20)
(0.858873 2.91067 -1.87045e-20)
(0.498372 1.68114 2.34637e-21)
(0.00452462 0.0440035 0)
(-0.181263 -0.251995 2.93346e-20)
(-0.159732 -0.372184 -1.42907e-19)
(-0.0926157 -0.28938 3.34657e-19)
(0.0104326 -0.019104 -1.92598e-19)
(0.0525946 0.222517 5.3486e-19)
(0.360523 1.0465 -4.39401e-19)
(0.531681 1.54439 0)
(0.596857 1.71171 1.27005e-19)
(0.601829 1.74183 9.22699e-20)
(0.593138 1.71868 1.95402e-19)
(0.570573 1.6811 -8.91655e-20)
(0.552035 1.64468 0)
(0.526748 1.61896 0)
(0.513376 1.65929 -1.5995e-19)
(0.61839 2.02824 -3.32993e-21)
(0.867634 2.93987 8.35397e-20)
(0.934699 3.20275 5.15704e-20)
(0.832783 2.91515 7.70065e-20)
(0.452194 1.72041 -8.94117e-20)
(-0.101547 0.290555 1.59509e-19)
(-0.281689 -0.289823 -1.13377e-19)
(-0.310959 -0.515632 0)
(-0.217069 -0.460575 -1.52273e-20)
(-0.0286338 -0.00893441 2.7641e-19)
(0.0134663 0.131813 5.47018e-19)
(0.266413 0.879279 0)
(0.462807 1.46232 0)
(0.546935 1.69685 0)
(0.558524 1.75161 7.78898e-20)
(0.555252 1.7379 -1.93385e-19)
(0.535629 1.69863 -8.76135e-20)
(0.523669 1.66293 0)
(0.506859 1.63537 0)
(0.496723 1.66912 9.8798e-20)
(0.601863 2.0023 3.32323e-20)
(0.849915 2.90216 -4.17481e-20)
(0.950576 3.20426 1.90261e-20)
(0.865894 3.02754 9.52564e-20)
(0.509597 1.86177 -1.70153e-19)
(0.0040556 0.406301 2.74551e-19)
(-0.340363 -0.354842 -2.60421e-19)
(-0.385449 -0.832365 0)
(-0.373306 -1.00248 1.38581e-20)
(-0.163914 -0.648921 3.8446e-19)
(-0.00611365 0.0729198 -5.0806e-19)
(0.182592 0.734739 1.74924e-19)
(0.387424 1.37494 2.72848e-19)
(0.484524 1.662 -1.38452e-20)
(0.510498 1.74649 -1.67826e-19)
(0.514615 1.74566 -1.09505e-19)
(0.503005 1.71532 2.46131e-19)
(0.493778 1.67543 -4.90314e-21)
(0.482621 1.64387 0)
(0.477124 1.67003 2.71472e-20)
(0.571522 1.9481 -1.56509e-20)
(0.849585 2.82919 4.2967e-20)
(0.999126 3.17917 0)
(1.0491 3.05507 -4.99355e-20)
(0.908494 2.4102 0)
(0.528922 1.12455 -6.48034e-20)
(0.0995313 0.138192 -2.54721e-20)
(-0.160216 -0.879455 0)
(-0.299926 -1.25241 0)
(-0.178818 -1.12811 4.60255e-19)
(-0.00102695 0.00650086 4.09722e-19)
(0.0767339 0.355737 -1.53639e-19)
(0.323786 1.18259 1.22419e-19)
(0.434419 1.59516 -1.93502e-19)
(0.465372 1.73203 7.61061e-20)
(0.472049 1.74332 -2.64111e-20)
(0.465857 1.72312 1.6892e-20)
(0.460392 1.68403 -3.24267e-20)
(0.456197 1.64675 -2.14219e-20)
(0.453224 1.65809 -2.0808e-20)
(0.52787 1.86339 3.81953e-21)
(0.801694 2.65141 0)
(1.02546 3.06882 -6.658e-22)
(1.05952 2.99146 0)
(1.03396 2.63495 0)
(0.871521 1.85023 0)
(0.540229 0.840911 1.49224e-20)
(0.242103 0.0150388 1.52514e-20)
(0.0478043 -0.849775 -2.00217e-20)
(-0.111232 -1.21572 5.28412e-20)
(0.00892313 -0.0453004 7.35091e-20)
(0.0169831 0.132229 6.88967e-20)
(0.207311 0.895261 -5.61351e-20)
(0.35873 1.45789 -4.28232e-20)
(0.41814 1.69405 3.46145e-20)
(0.431168 1.74404 2.46424e-20)
(0.427362 1.73417 1.75407e-20)
(0.420222 1.69065 0)
(0.418627 1.64308 -9.01799e-21)
(0.421546 1.6399 -5.51931e-21)
(0.455731 1.76209 1.47154e-20)
(0.658073 2.41131 0)
(0.893515 2.92991 1.35193e-20)
(0.96273 2.90388 -1.42841e-20)
(0.937546 2.6878 0)
(0.846397 2.2136 0)
(0.610258 1.40238 -1.05368e-20)
(0.373455 0.61437 0)
(0.185392 -0.218796 -9.51032e-21)
(0.0628457 -0.531321 0)
(0.000487706 -0.0736542 0)
(0.00342436 -0.0161103 0)
(0.0808513 0.41394 0)
(0.279072 1.23301 0)
(0.355697 1.60568 -8.65542e-34)
(0.382009 1.71481 6.62518e-34)
(0.38434 1.72479 0)
(0.379701 1.69881 0)
(0.375272 1.63771 0)
(0.377935 1.61614 0)
(0.384919 1.68433 0)
(0.490905 2.12264 0)
(0.720693 2.79583 0)
(0.762926 2.82961 0)
(0.745876 2.72598 0)
(0.697869 2.44024 0)
(0.555021 1.87796 0)
(0.368704 1.20745 0)
(0.191419 0.553229 0)
(0.0431867 0.0593023 0)
(-0.00491284 -0.0733102 0)
(0.0102727 -0.0961571 0)
(0.0245093 0.112255 0)
(0.183401 0.899674 0)
(0.295268 1.48637 0)
(0.329533 1.69315 0)
(0.334828 1.72126 0)
(0.332311 1.70342 0)
(0.326049 1.63808 0)
(0.328188 1.6 0)
(0.322145 1.63945 0)
(0.363512 1.96647 0)
(0.567707 2.67094 0)
(0.594099 2.80501 0)
(0.574507 2.76774 0)
(0.542582 2.59434 0)
(0.451723 2.19758 0)
(0.295807 1.58962 0)
(0.150329 0.98048 0)
(0.0362128 0.449002 0)
(-0.00389895 -0.0832906 0)
(0.0094552 -0.135601 0)
(0.00662149 -0.012201 0)
(0.0927162 0.609846 0)
(0.222789 1.31053 0)
(0.277505 1.63096 0)
(0.285499 1.70678 0)
(0.283534 1.70078 0)
(0.274151 1.64171 0)
(0.272103 1.59088 0)
(0.26531 1.61632 0)
(0.258624 1.88348 0)
(0.429657 2.57768 0)
(0.453061 2.80981 0)
(0.422999 2.81399 0)
(0.396317 2.72211 0)
(0.338036 2.44575 0)
(0.221482 1.9297 0)
(0.10703 1.38201 0)
(0.0218503 0.785611 0)
(-0.00425911 -0.0774251 0)
(-0.00330047 -0.14167 0)
(-0.00720229 -0.0589434 0)
(0.0357223 0.385277 0)
(0.165808 1.18862 0)
(0.215083 1.57936 0)
(0.23261 1.69567 0)
(0.232811 1.69829 0)
(0.223246 1.64914 0)
(0.217649 1.59095 0)
(0.216805 1.61046 0)
(0.180102 1.84018 0)
(0.311996 2.51614 0)
(0.338092 2.82317 0)
(0.301121 2.86822 0)
(0.275939 2.82121 0)
(0.234626 2.62088 0)
(0.150722 2.17979 0)
(0.0650232 1.64831 0)
(0.00967397 0.978901 0)
(-0.00392281 -0.0482022 0)
(-0.00630141 -0.134737 0)
(0.0105821 -0.0912635 0)
(0.0192565 0.189981 0)
(0.124202 1.03643 0)
(0.168496 1.52491 0)
(0.178194 1.68093 0)
(0.177889 1.69559 0)
(0.170677 1.65609 0)
(0.165111 1.5977 0)
(0.173973 1.61486 0)
(0.121263 1.81818 0)
(0.218093 2.47373 0)
(0.244292 2.83791 0)
(0.20613 2.91835 0)
(0.184681 2.90027 0)
(0.155476 2.75008 0)
(0.0973166 2.36945 0)
(0.0367571 1.86257 0)
(0.000787284 1.11188 0)
(0.00222367 -0.0499918 0)
(0.0216622 -0.190099 0)
(0.0605346 -0.147985 0)
(0.0460059 0.0989183 0)
(0.0973065 0.891689 0)
(0.130828 1.46719 0)
(0.131862 1.66751 0)
(0.129222 1.69265 0)
(0.123409 1.65993 0)
(0.116797 1.6056 0)
(0.1348 1.6229 0)
(0.0788646 1.808 0)
(0.145601 2.44989 0)
(0.168333 2.85415 0)
(0.134171 2.96214 0)
(0.115592 2.95946 0)
(0.0945146 2.84122 0)
(0.0536294 2.49494 0)
(0.0104956 1.9874 0)
(-0.00678369 1.14716 0)
(0.0137822 -0.136735 0)
(0.0486449 -0.314503 0)
(0.0835767 -0.220271 0)
(0.05923 0.115019 0)
(0.0556722 0.862856 0)
(0.0742533 1.45004 0)
(0.0715773 1.66067 0)
(0.0724194 1.69053 0)
(0.076034 1.66111 0)
(0.072352 1.61058 0)
(0.0978153 1.63001 0)
(0.047793 1.80152 0)
(0.0928994 2.43212 0)
(0.108731 2.86727 0)
(0.079771 2.99669 0)
(0.0643981 3.00764 0)
(0.0509213 2.90602 0)
(0.022345 2.58141 0)
(-0.00119252 2.07052 0)
(-0.0111331 1.13562 0)
(0.018243 -0.289863 0)
(0.0470042 -0.42665 0)
(0.0660065 -0.254953 0)
(0.0231179 0.184735 0)
(-0.0193296 0.880038 0)
(-0.00695796 1.44905 0)
(-0.00258284 1.65796 0)
(0.0159102 1.68495 0)
(0.0308203 1.6558 0)
(0.0324856 1.61037 0)
(0.0638914 1.63349 0)
(0.0232213 1.80031 0)
(0.0540887 2.42331 0)
(0.0631726 2.87728 0)
(0.038378 3.02226 0)
(0.0276445 3.04149 0)
(0.0172813 2.94968 0)
(-0.000572568 2.63371 0)
(-0.0198301 2.1071 0)
(-0.0129853 1.09813 0)
(0.0115721 -0.374712 0)
(0.0209596 -0.473451 0)
(-0.00233035 -0.156992 0)
(-0.0626055 0.342074 0)
(-0.11214 0.986212 0)
(-0.108722 1.45989 0)
(-0.0838945 1.64073 0)
(-0.0460825 1.66871 0)
(-0.0123938 1.64239 0)
(-0.00333278 1.60227 0)
(0.0334239 1.63294 0)
(0.00390547 1.79774 0)
(0.0251894 2.41613 0)
(0.0280583 2.88455 0)
(0.00930415 3.04092 0)
(0.000534612 3.06785 0)
(-0.00779269 2.97787 0)
(-0.0197488 2.65973 0)
(-0.0266888 2.10313 0)
(-0.0156383 1.02223 0)
(0.000723344 -0.382396 0)
(-0.0304305 -0.371521 0)
(-0.0810931 -0.0240722 0)
(-0.135064 0.483323 0)
(-0.186479 1.06951 0)
(-0.173478 1.43675 0)
(-0.142982 1.59431 0)
(-0.0960848 1.6346 0)
(-0.0504714 1.61835 0)
(-0.0339832 1.58579 0)
(0.0077698 1.62808 0)
(-0.0113077 1.79901 0)
(0.00319665 2.41545 0)
(0.00188109 2.89051 0)
(-0.0115688 3.05438 0)
(-0.0179916 3.08375 0)
(-0.0252989 2.99299 0)
(-0.0320027 2.67105 0)
(-0.0323685 2.08428 0)
(-0.0171526 0.930138 0)
(-0.0117014 -0.284003 0)
(-0.0517225 -0.219734 0)
(-0.111975 0.127488 0)
(-0.165675 0.598651 0)
(-0.200426 1.09287 0)
(-0.194289 1.3847 0)
(-0.164724 1.5299 0)
(-0.121206 1.58296 0)
(-0.0746546 1.58182 0)
(-0.0559866 1.56294 0)
(-0.0106362 1.61886 0)
(-0.0241909 1.79806 0)
(-0.0131544 2.41338 0)
(-0.0173333 2.89551 0)
(-0.0266305 3.06424 0)
(-0.0315185 3.0953 0)
(-0.0358945 3.00082 0)
(-0.0401048 2.66667 0)
(-0.0346255 2.04666 0)
(-0.0145041 0.837729 0)
(-0.0128617 -0.167363 0)
(-0.0529035 -0.0540004 0)
(-0.112193 0.273249 0)
(-0.166369 0.694358 0)
(-0.190971 1.10094 0)
(-0.183595 1.34086 0)
(-0.156874 1.47156 0)
(-0.123493 1.5295 0)
(-0.0839105 1.54127 0)
(-0.0663077 1.53669 0)
(-0.0224226 1.60654 0)
(-0.03367 1.7983 0)
(-0.0251591 2.41387 0)
(-0.0298205 2.89999 0)
(-0.0364885 3.07016 0)
(-0.0388907 3.10083 0)
(-0.0420134 3.00147 0)
(-0.0421185 2.65281 0)
(-0.0331974 1.9906 0)
(-0.0104771 0.750577 0)
(-0.0103191 -0.0519017 0)
(-0.0448107 0.105008 0)
(-0.0958377 0.405461 0)
(-0.141588 0.775473 0)
(-0.166754 1.11387 0)
(-0.158354 1.31575 0)
(-0.138691 1.43007 0)
(-0.11375 1.48663 0)
(-0.0810936 1.50479 0)
(-0.0673425 1.51114 0)
(-0.0269902 1.59166 0)
(-0.0400164 1.79552 0)
(-0.0330076 2.41453 0)
(-0.0373966 2.9033 0)
(-0.0418566 3.07439 0)
(-0.0431079 3.10514 0)
(-0.0432121 2.99827 0)
(-0.0409638 2.63889 0)
(-0.0293865 1.93736 0)
(-0.006375 0.679812 0)
(-0.00734551 0.0378072 0)
(-0.0333301 0.233411 0)
(-0.073441 0.51604 0)
(-0.109401 0.846189 0)
(-0.131318 1.13528 0)
(-0.128135 1.30783 0)
(-0.117149 1.40767 0)
(-0.100215 1.45959 0)
(-0.0733193 1.47862 0)
(-0.0636594 1.49069 0)
(-0.0274034 1.57895 0)
(-0.041439 1.79492 0)
(-0.0366933 2.41867 0)
(-0.0409441 2.90717 0)
(-0.0438724 3.07701 0)
(-0.0430223 3.10499 0)
(-0.0425546 2.99057 0)
(-0.0381947 2.6104 0)
(-0.024833 1.87393 0)
(-0.00329686 0.622462 0)
(-0.00420451 0.0992141 0)
(-0.0219254 0.330576 0)
(-0.0520582 0.604291 0)
(-0.0800381 0.904815 0)
(-0.0983784 1.15707 0)
(-0.0991752 1.30796 0)
(-0.0946942 1.39649 0)
(-0.0845932 1.44351 0)
(-0.0631751 1.46177 0)
(-0.0578476 1.47585 0)
(-0.0266578 1.56871 0)
(-0.0405134 1.79557 0)
(-0.036605 2.42129 0)
(-0.0414552 2.9092 0)
(-0.0432768 3.07743 0)
(-0.0419708 3.10396 0)
(-0.0404239 2.9838 0)
(-0.0348558 2.59006 0)
(-0.0204296 1.82024 0)
(-0.00125166 0.580708 0)
(-0.00213645 0.137525 0)
(-0.0133886 0.398303 0)
(-0.035074 0.669787 0)
(-0.0561712 0.951995 0)
(-0.0711263 1.17955 0)
(-0.0745126 1.31436 0)
(-0.0742886 1.39313 0)
(-0.0696216 1.43475 0)
(-0.0531096 1.4511 0)
(-0.0521674 1.46667 0)
(-0.0247504 1.56277 0)
(-0.0391284 1.79854 0)
(-0.035553 2.42683 0)
(-0.0406592 2.91218 0)
(-0.0418876 3.07703 0)
(-0.040122 3.10066 0)
(-0.0377163 2.96937 0)
(-0.0314567 2.55536 0)
(-0.0164552 1.75842 0)
(-4.59683e-05 0.546764 0)
(-0.00089007 0.159683 0)
(-0.00745196 0.444706 0)
(-0.0226431 0.718534 0)
(-0.0386638 0.987366 0)
(-0.0505584 1.19738 0)
(-0.0549675 1.32084 0)
(-0.0570002 1.39207 0)
(-0.0559825 1.42887 0)
(-0.043309 1.4431 0)
(-0.0467567 1.46017 0)
(-0.0218214 1.55894 0)
(-0.0359421 1.80029 0)
(-0.0328327 2.42965 0)
(-0.038831 2.91317 0)
(-0.0397535 3.07623 0)
(-0.0381765 3.09788 0)
(-0.0354965 2.96053 0)
(-0.0287681 2.53246 0)
(-0.0132938 1.71022 0)
(0.000538399 0.523925 0)
(-0.000266199 0.170885 0)
(-0.00377451 0.473783 0)
(-0.0139439 0.754059 0)
(-0.0258766 1.01679 0)
(-0.0355433 1.21558 0)
(-0.0405306 1.33074 0)
(-0.0436128 1.3952 0)
(-0.0450101 1.42682 0)
(-0.0347875 1.43804 0)
(-0.0414515 1.45535 0)
(-0.0186688 1.55684 0)
(-0.0333384 1.80494 0)
(-0.0306118 2.43542 0)
(-0.0371106 2.91514 0)
(-0.0373049 3.07459 0)
(-0.0355551 3.09245 0)
(-0.032638 2.94403 0)
(-0.0260144 2.49669 0)
(-0.0107317 1.6544 0)
(0.000820955 0.503412 0)
(6.70831e-06 0.176161 0)
(-0.00164777 0.49167 0)
(-0.00845851 0.777925 0)
(-0.0174443 1.03618 0)
(-0.0248619 1.22751 0)
(-0.0297301 1.33768 0)
(-0.0333339 1.39791 0)
(-0.0365446 1.4256 0)
(-0.0281623 1.43416 0)
(-0.0364571 1.45168 0)
(-0.0153312 1.55489 0)
(-0.030368 1.80722 0)
(-0.0278217 2.43791 0)
(-0.0348813 2.91599 0)
(-0.0349359 3.07357 0)
(-0.0335967 3.08939 0)
(-0.0307778 2.93486 0)
(-0.0239787 2.47505 0)
(-0.00878663 1.61542 0)
(0.000812329 0.490952 0)
(0.000119068 0.177835 0)
(-0.000395102 0.50234 0)
(-0.00462001 0.796801 0)
(-0.0115966 1.05431 0)
(-0.0175749 1.24068 0)
(-0.0221704 1.34681 0)
(-0.0254112 1.40297 0)
(-0.0293963 1.42674 0)
(-0.0223718 1.43225 0)
(-0.0316964 1.44866 0)
(-0.0129276 1.55325 0)
(-0.0291475 1.81213 0)
(-0.0263376 2.44398 0)
(-0.0335982 2.91796 0)
(-0.0327383 3.07178 0)
(-0.0315032 3.08368 0)
(-0.0284511 2.91815 0)
(-0.0218914 2.43974 0)
(-0.00732247 1.56653 0)
(0.000706956 0.47675 0)
(0.000149151 0.177692 0)
(7.99409e-05 0.507523 0)
(-0.00256254 0.807954 0)
(-0.00790673 1.06508 0)
(-0.0126417 1.24867 0)
(-0.0170977 1.35275 0)
(-0.0199837 1.40681 0)
(-0.0243545 1.42797 0)
(-0.0178508 1.43143 0)
(-0.0278813 1.4471 0)
(-0.0108415 1.55286 0)
(-0.027185 1.81475 0)
(-0.0248962 2.44719 0)
(-0.0326288 2.91917 0)
(-0.0314618 3.07093 0)
(-0.0303258 3.08082 0)
(-0.0271987 2.90924 0)
(-0.0204301 2.41994 0)
(-0.00630619 1.53666 0)
(0.000500728 0.469278 0)
(0.000150149 0.17718 0)
(0.000298881 0.511219 0)
(-0.0013533 0.818544 0)
(-0.00576518 1.07704 0)
(-0.00962269 1.25846 0)
(-0.0136242 1.36037 0)
(-0.0162 1.41175 0)
(-0.0208345 1.43043 0)
(-0.0151256 1.4321 0)
(-0.0257956 1.44679 0)
(-0.0105531 1.55347 0)
(-0.0269361 1.82037 0)
(-0.0240642 2.45337 0)
(-0.0320356 2.92095 0)
(-0.0298288 3.06899 0)
(-0.0287644 3.07508 0)
(-0.025374 2.8926 0)
(-0.0188436 2.38599 0)
(-0.00569857 1.49379 0)
(0.000401559 0.457404 0)
(0.000164684 0.176067 0)
(0.000359286 0.51201 0)
(-0.00059986 0.823628 0)
(-0.00405252 1.08336 0)
(-0.00748367 1.26355 0)
(-0.0110827 1.36454 0)
(-0.0132102 1.41434 0)
(-0.018293 1.43136 0)
(-0.0131174 1.43233 0)
(-0.0245151 1.44697 0)
(-0.0099274 1.55442 0)
(-0.0265145 1.82358 0)
(-0.0235399 2.45695 0)
(-0.0316718 2.92183 0)
(-0.0292728 3.0678 0)
(-0.028348 3.07192 0)
(-0.0249257 2.88373 0)
(-0.0181247 2.36791 0)
(-0.00515435 1.47063 0)
(0.00023102 0.451972 0)
(0.000147278 0.175273 0)
(0.000291075 0.513479 0)
(-0.000530399 0.830333 0)
(-0.00333673 1.09247 0)
(-0.00640418 1.27169 0)
(-0.00978798 1.37128 0)
(-0.0117814 1.41907 0)
(-0.0169447 1.43425 0)
(-0.0126271 1.4338 0)
(-0.0235645 1.44767 0)
(-0.0102777 1.55634 0)
(-0.026406 1.83012 0)
(-0.0234604 2.46333 0)
(-0.0314451 2.92353 0)
(-0.0285058 3.06546 0)
(-0.027559 3.06587 0)
(-0.0238504 2.86684 0)
(-0.0172785 2.33472 0)
(-0.00518658 1.4313 0)
(0.000179708 0.441016 0)
(8.92012e-05 0.174348 0)
(6.88778e-05 0.513915 0)
(-0.00070449 0.833062 0)
(-0.00317379 1.09632 0)
(-0.00594626 1.27525 0)
(-0.00929458 1.37428 0)
(-0.0107668 1.42119 0)
(-0.016146 1.43559 0)
(-0.0115726 1.4345 0)
(-0.0228959 1.44807 0)
(-0.0103917 1.55749 0)
(-0.0266362 1.83338 0)
(-0.0237788 2.46636 0)
(-0.0315464 2.92447 0)
(-0.0284995 3.06439 0)
(-0.0278567 3.06298 0)
(-0.0242375 2.8585 0)
(-0.0175109 2.31826 0)
(-0.00495602 1.41234 0)
(7.14894e-05 0.436674 0)
(-0.000106126 0.175405 0)
(-0.000418273 0.517185 0)
(-0.00143378 0.840459 0)
(-0.00365768 1.10577 0)
(-0.00602798 1.284 0)
(-0.00921122 1.38154 0)
(-0.0102121 1.42661 0)
(-0.0152306 1.43906 0)
(-0.0109364 1.43729 0)
(-0.0218886 1.44977 0)
(-0.0104129 1.56092 0)
(-0.0261841 1.84185 0)
(-0.0238215 2.47339 0)
(-0.0308131 2.92645 0)
(-0.0278966 3.06153 0)
(-0.0273529 3.05531 0)
(-0.0236037 2.83695 0)
(-0.0173003 2.27599 0)
(-0.00586338 1.36304 0)
(-0.000886187 0.418233 0)
(-0.234171 1.56057 1.2641e-22)
(0.3933 3.2299 1.66966e-20)
(0.0900055 3.462 6.35411e-20)
(0.19627 3.43192 0)
(0.154465 3.38713 0)
(0.148443 3.34081 -3.7536e-19)
(0.150593 3.31426 3.85763e-19)
(0.1235 3.27297 -4.08391e-19)
(0.111827 3.18138 7.54688e-21)
(0.0937643 2.56929 5.60827e-19)
(-0.105226 2.31645 1.06743e-23)
(0.12929 3.28547 1.65566e-19)
(0.00891552 3.43547 0)
(0.0952588 3.38905 0)
(0.0706186 3.34371 1.11345e-20)
(0.0756316 3.30689 7.78291e-19)
(0.0721371 3.27699 -4.34019e-19)
(0.0488251 3.24201 -7.28848e-21)
(0.0495717 3.08499 6.95184e-21)
(0.000636224 2.08778 0)
(-0.0280302 2.06874 1.77763e-19)
(0.084245 3.13827 -1.88489e-19)
(0.0220486 3.34388 0)
(0.0703539 3.32384 3.58223e-19)
(0.0499714 3.30269 -1.3397e-21)
(0.0508003 3.28151 -4.04742e-19)
(0.0450177 3.26632 -5.03072e-19)
(0.02963 3.24627 -2.09207e-22)
(0.0404572 3.11994 7.1699e-21)
(-0.0168589 2.2122 0)
(-0.041032 2.01451 -4.48186e-20)
(0.0270218 3.11597 0)
(-0.0147211 3.30794 -1.89516e-19)
(0.0199421 3.30683 -1.55562e-19)
(0.015272 3.28317 1.41617e-20)
(0.0212524 3.26137 -2.6244e-19)
(0.0263401 3.24671 2.33557e-19)
(0.0210528 3.23378 -8.40036e-21)
(0.0417049 3.1259 1.10702e-20)
(0.00715011 2.25089 2.88736e-19)
(-0.0530549 2.0235 -1.46551e-19)
(0.0124324 3.08889 0)
(-0.00829279 3.2663 4.09256e-19)
(0.0101687 3.2619 -2.26077e-19)
(0.0135095 3.24815 -6.95271e-22)
(0.016268 3.23787 -2.24863e-21)
(0.0211543 3.23323 -1.55622e-20)
(0.0216763 3.22449 -2.9854e-19)
(0.0428168 3.12796 8.19968e-21)
(-0.00313339 2.31242 -6.05016e-19)
(-0.0500101 2.0831 0)
(-0.0106614 3.0854 -2.25533e-19)
(-0.0288688 3.24239 1.89065e-20)
(-0.0155897 3.24672 -1.56937e-20)
(-0.00608926 3.23213 1.60736e-20)
(0.00304251 3.21962 2.66858e-19)
(0.0153376 3.21155 2.79188e-19)
(0.0208339 3.20548 5.8759e-19)
(0.0426779 3.1241 3.25779e-19)
(0.0105616 2.35438 -1.67071e-20)
(-0.0513233 2.1408 0)
(-0.0201359 3.08167 2.33329e-19)
(-0.0193526 3.2137 -2.44971e-19)
(-0.011833 3.2127 -1.69602e-20)
(-0.000562673 3.20249 3.50738e-20)
(0.00735132 3.19612 3.63702e-22)
(0.0166083 3.1953 -1.88684e-20)
(0.021786 3.1912 -3.07322e-19)
(0.0422896 3.12174 -3.16771e-19)
(0.00383808 2.41989 -1.72968e-20)
(-0.047676 2.22779 2.69487e-19)
(-0.028743 3.08529 -1.25205e-20)
(-0.0322443 3.1938 8.6388e-21)
(-0.0238052 3.19528 0)
(-0.0135496 3.18546 0)
(-0.00135382 3.17769 0)
(0.0130519 3.17205 0)
(0.0206201 3.16933 3.43205e-19)
(0.0412102 3.11267 -3.53606e-19)
(0.0153093 2.46395 3.49482e-19)
(-0.0464333 2.30643 2.62953e-20)
(-0.0330238 3.08462 2.87292e-19)
(-0.0211665 3.16954 0)
(-0.0146445 3.16539 -1.93504e-20)
(-0.0040217 3.15771 1.97893e-20)
(0.00521976 3.15343 0)
(0.0150196 3.15396 -1.07328e-20)
(0.0207184 3.1529 -3.33098e-19)
(0.0401383 3.10934 3.55096e-19)
(0.0104161 2.5331 0)
(-0.0437191 2.40335 1.60218e-20)
(-0.0358855 3.08616 -4.40679e-19)
(-0.0300733 3.14972 0)
(-0.0225135 3.14683 0)
(-0.0136932 3.13908 2.12421e-20)
(-0.00207246 3.13343 -1.79318e-19)
(0.0114674 3.12925 -2.24172e-20)
(0.0191575 3.1293 1.91172e-19)
(0.0385941 3.09616 0)
(0.0192013 2.58107 0)
(-0.0400766 2.49062 -4.65986e-19)
(-0.038567 3.08228 1.57925e-19)
(-0.0206057 3.12431 0)
(-0.0128435 3.1163 0)
(-0.00335606 3.10962 0)
(0.0055331 3.10679 3.69445e-19)
(0.0145168 3.10861 0)
(0.0201557 3.11071 -2.0396e-19)
(0.0378519 3.09052 1.26072e-20)
(0.0149493 2.65385 2.13626e-19)
(-0.0377087 2.58953 1.66287e-19)
(-0.0398261 3.07578 -1.61711e-20)
(-0.029637 3.10133 1.93848e-19)
(-0.0210665 3.09502 1.88443e-19)
(-0.0124586 3.08837 0)
(-0.000752074 3.08402 -1.89901e-19)
(0.0123655 3.0815 0)
(0.0209856 3.08446 0)
(0.0385436 3.07215 0)
(0.022281 2.70642 -2.14618e-19)
(-0.0351273 2.67842 -1.76208e-19)
(-0.0429711 3.0624 1.81964e-19)
(-0.0235531 3.07218 -1.82731e-19)
(-0.0130705 3.06222 -2.88169e-19)
(-0.00280497 3.05704 0)
(0.00709496 3.05565 2.57831e-20)
(0.0168661 3.05863 -1.3161e-20)
(0.0247795 3.06319 9.81672e-20)
(0.0417172 3.06164 1.21887e-19)
(0.0208515 2.78046 -1.25418e-19)
(-0.034357 2.77301 1.80798e-19)
(-0.0460955 3.04528 -1.7434e-19)
(-0.0329264 3.04588 1.24303e-20)
(-0.0209226 3.04032 7.341e-20)
(-0.0112084 3.03619 -1.05432e-19)
(0.000310218 3.03362 0)
(0.0137548 3.03213 1.13312e-19)
(0.0256209 3.03557 4.95046e-21)
(0.0446196 3.03659 -2.35958e-19)
(0.0286853 2.83262 -6.55252e-21)
(-0.0295884 2.85517 -5.16945e-20)
(-0.0442556 3.02152 1.26368e-20)
(-0.023172 3.01778 -6.55913e-20)
(-0.0111771 3.01444 2.68501e-20)
(-0.00220853 3.01412 1.28481e-19)
(0.00627214 3.01344 -5.4657e-20)
(0.0145337 3.01419 -5.43868e-20)
(0.0233424 3.01708 -5.64605e-20)
(0.0418082 3.02184 1.21221e-19)
(0.0248412 2.90033 5.9244e-20)
(-0.0176336 2.94053 4.15553e-20)
(-0.0259892 3.00084 1.83719e-20)
(-0.0161447 3.00084 3.61438e-20)
(-0.00938678 3.00162 -7.40776e-20)
(-0.00416675 3.00264 2.5035e-20)
(0.000688506 3.00215 5.08917e-20)
(0.00539197 3.00065 -5.31387e-20)
(0.0107386 2.999 -5.54878e-20)
(0.0217936 2.99714 7.51688e-21)
(0.016521 2.94913 5.33141e-20)
)
;

boundaryField
{
    wall-4
    {
        type            noSlip;
    }
    pressure-outlet-7
    {
        type            zeroGradient;
    }
    velocity-inlet-6
    {
        type            fixedValue;
        value           uniform (0 3 0);
    }
    velocity-inlet-5
    {
        type            fixedValue;
        value           uniform (1 0 0);
    }
    frontAndBackPlanes
    {
        type            empty;
    }
}


// ************************************************************************* //
