/*--------------------------------*- C++ -*----------------------------------*\
  =========                 |
  \\      /  F ield         | OpenFOAM: The Open Source CFD Toolbox
   \\    /   O peration     | Website:  https://openfoam.org
    \\  /    A nd           | Version:  10
     \\/     M anipulation  |
\*---------------------------------------------------------------------------*/
FoamFile
{
    format      ascii;
    class       volScalarField;
    location    "0.5";
    object      T;
}
// * * * * * * * * * * * * * * * * * * * * * * * * * * * * * * * * * * * * * //

dimensions      [0 0 0 1 0 0 0];

internalField   nonuniform List<scalar> 
16128
(
1
1
1
1
1
1
1
1
1
1
1
1
1
1
1
1
1
1
1
1
1
1
1
1
1
1
1
1
1
1
1.92344
2.80613
2.8572
2.87585
2.88607
2.88964
2.89624
2.9139
2.93688
2.96511
2.99667
3.03402
3.09824
3.20271
3.33697
3.4614
3.53581
3.56178
1
1
1
1
1
1
1
1
1
1
1
1
1
1
1
1
1
1
1
1
1
1
1
1
1
1
1
1
1
1
1.90946
2.79989
2.85537
2.87557
2.88598
2.88923
2.89562
2.91344
2.93662
2.96531
2.99717
3.03484
3.09987
3.20492
3.3387
3.46154
3.5349
3.56034
1
1
1
1
1
1
1
1
1
1
1
1
1
1
1
1
1
1
1
1
1
1
1
1
1
1
1
1
1
1
1.87314
2.7865
2.85155
2.8739
2.88527
2.88798
2.89388
2.91195
2.93579
2.96544
2.99787
3.03602
3.10248
3.2088
3.34203
3.46226
3.53376
3.55826
1
1
1
1
1
1
1
1
1
1
1
1
1
1
1
1
1
1
1
1
1
1
1
1
1
1
1
1
1
1
1.8209
2.76426
2.84559
2.87058
2.88333
2.8855
2.89092
2.90934
2.93415
2.96488
2.99772
3.03596
3.10349
3.21077
3.3438
3.46211
3.53201
3.55531
1
1
1
1
1
1
1
1
1
1
1
1
1
1
1
1
1
1
1
1
1
1
1
1
1
1
1
1
1
1
1.74818
2.72999
2.83808
2.86535
2.88041
2.88196
2.88697
2.90562
2.93165
2.96325
2.99605
3.03367
3.10114
3.20879
3.34224
3.46002
3.52919
3.55089
1
1
1
1
1
1
1
1
1
1
1
1
1
1
1
1
1
1
1
1
1
1
1
1
1
1
1
1
1
1
1.64206
2.67692
2.83039
2.85967
2.87649
2.87726
2.88206
2.90099
2.92857
2.96056
2.99239
3.02845
3.09447
3.2018
3.33619
3.45463
3.52429
3.5447
1
1
1
1
1
1
1
1
1
1
1
1
1
1
1
1
1
1
1
1
1
1
1
1
1
1
1
1
1
1
1.48452
2.59886
2.82508
2.85563
2.87147
2.8713
2.87605
2.89567
2.92494
2.9567
2.9868
3.02068
3.08379
3.18926
3.3242
3.44478
3.51636
3.53767
1
1
1
1
1
1
1
1
1
1
1
1
1
1
1
1
1
1
1
1
1
1
1
1
1
1
1
1
1
1
1.27689
2.49457
2.82198
2.8543
2.8651
2.86388
2.8687
2.8897
2.92053
2.95164
2.97975
3.01117
3.07037
3.17231
3.30662
3.43047
3.50529
3.52925
1
1
1
1
1
1
1
1
1
1
1
1
1
1
1
1
1
1
1
1
1
1
1
1
1
1
1
1
1
1
1.06144
2.37785
2.82675
2.85375
2.85529
2.85391
2.86023
2.88335
2.915
2.94487
2.97092
2.99982
3.05439
3.15116
3.28381
3.41224
3.49254
3.51779
1
1
1
1
1
1
1
1
1
1
1
1
1
1
1
1
1
1
1
1
1
1
1
1
1
1
1
1
1
1
1.00067
2.26357
2.82902
2.84565
2.84354
2.84319
2.85172
2.87618
2.90769
2.93595
2.96003
2.98658
3.03638
3.12703
3.25682
3.38938
3.47638
3.50338
1
1
1
1
1
1
1
1
1
1
1
1
1
1
1
1
1
1
1
1
1
1
1
1
1
1
1
1
1
1
1
2.12012
2.81469
2.83184
2.83099
2.83318
2.84387
2.86834
2.89843
2.92449
2.94658
2.9709
3.01596
3.09995
3.22587
3.36185
3.45587
3.48608
1
1
1
1
1
1
1
1
1
1
1
1
1
1
1
1
1
1
1
1
1
1
1
1
1
1
1
1
1
1
1
1.92102
2.76037
2.81072
2.81751
2.82517
2.83738
2.85994
2.88688
2.90997
2.93005
2.95248
2.99346
3.07138
3.19306
3.33107
3.4308
3.46223
1
1
1
1
1
1
1
1
1
1
1
1
1
1
1
1
1
1
1
1
1
1
1
1
1
1
1
1
1
1
1
1.64745
2.65717
2.78134
2.80398
2.81834
2.8317
2.85023
2.87203
2.89224
2.91094
2.9319
2.96885
3.03943
3.15457
3.29293
3.39837
3.43208
1
1
1
1
1
1
1
1
1
1
1
1
1
1
1
1
1
1
1
1
1
1
1
1
1
1
1
1
1
1
1
1.31472
2.51367
2.76551
2.79317
2.81081
2.82307
2.83644
2.85322
2.87137
2.88933
2.90909
2.9425
3.00582
3.11377
3.25118
3.35804
3.38673
1
1
1
1
1
1
1
1
1
1
1
1
1
1
1
1
1
1
1
1
1
1
1
1
1
1
1
1
1
1
1
1.03223
2.36845
2.75012
2.79217
2.80848
2.81431
2.82038
2.83041
2.84641
2.86497
2.88504
2.91524
2.96898
3.06324
3.18994
3.29435
3.32886
1
1
1
1
1
1
1
1
1
1
1
1
1
1
1
1
1
1
1
1
1
1
1
1
1
1
1
1
1
1
1
1.0002
2.1663
2.73352
2.78156
2.79752
2.79975
2.80034
2.80613
2.82028
2.83962
2.85949
2.88554
2.92749
3.00469
3.11981
3.23046
3.29097
1
1
1
1
1
1
1
1
1
1
1
1
1
1
1
1
1
1
1
1
1
1
1
1
1
1
1
1
1
1
1
1
1.84357
2.67733
2.76026
2.77446
2.77992
2.77872
2.78421
2.79671
2.8145
2.83324
2.85366
2.88437
2.93892
3.01977
3.06195
2.97725
1
1
1
1
1
1
1
1
1
1
1
1
1
1
1
1
1
1
1
1
1
1
1
1
1
1
1
1
1
1
1
1
1.36822
2.52976
2.7543
2.75142
2.75478
2.752
2.75738
2.77154
2.79069
2.80757
2.81976
2.83624
2.86348
2.89797
2.90591
2.77184
1
1
1
1
1
1
1
1
1
1
1
1
1
1
1
1
1
1
1
1
1
1
1
1
1
1
1
1
1
1
1
1
1.02498
2.32738
2.72067
2.73699
2.74333
2.73936
2.73965
2.74969
2.76532
2.77872
2.78307
2.78653
2.79044
2.79923
2.76568
2.6346
1
1
1
1
1
1
1
1
1
1
1
1
1
1
1
1
1
1
1
1
1
1
1
1
1
1
1
1
1
1
1
1
1.00015
1.99027
2.65621
2.72174
2.73186
2.72805
2.72264
2.72752
2.73585
2.74439
2.74312
2.73757
2.72641
2.70987
2.6554
2.54429
1
1
1
1
1
1
1
1
1
1
1
1
1
1
1
1
1
1
1
1
1
1
1
1
1
1
1
1
1
1
1
1
1
1.47357
2.51738
2.69652
2.71164
2.71035
2.70335
2.70311
2.70534
2.70909
2.70522
2.69315
2.67434
2.63753
2.57624
2.48847
1
1
1
1
1
1
1
1
1
1
1
1
1
1
1
1
1
1
1
1
1
1
1
1
1
1
1
1
1
1
1
1
1
1.04363
2.31113
2.65709
2.68864
2.68994
2.68207
2.67564
2.67461
2.67567
2.6707
2.65534
2.62847
2.5825
2.52087
2.44347
1
1
1
1
1
1
1
1
1
1
1
1
1
1
1
1
1
1
1
1
1
1
1
1
1
1
1
1
1
1
1
1
1
1.00036
1.91988
2.58119
2.66292
2.66925
2.66123
2.65125
2.64479
2.64076
2.6331
2.61892
2.58999
2.54449
2.4878
2.41825
1
1
1
1
1
1
1
1
1
1
1
1
1
1
1
1
1
1
1
1
1
1
1
1
1
1
1
1
1
1
1
1
1
1
1.30005
2.40945
2.63318
2.64155
2.63965
2.63206
2.61998
2.60885
2.59832
2.58273
2.55683
2.51656
2.46459
2.40051
1
1
1
1
1
1
1
1
1
1
1
1
1
1
1
1
1
1
1
1
1
1
1
1
1
1
1
1
1
1
1
1
1
1
1.01528
2.13522
2.56006
2.61026
2.62066
2.61404
2.59984
2.58329
2.56698
2.54796
2.52393
2.49047
2.44571
2.39013
1
1
1
1
1
1
1
1
1
1
1
1
1
1
1
1
1
1
1
1
1
1
1
1
1
1
1
1
1
1
1
1
1
1
1.00004
1.56251
2.43918
2.58541
2.59478
2.59074
2.57909
2.56126
2.54129
2.51894
2.49447
2.46473
2.42591
2.37851
1
1
1
1
1
1
1
1
1
1
1
1
1
1
1
1
1
1
1
1
1
1
1
1
1
1
1
1
1
1
1
1
1
1
1
1.06268
2.20963
2.54195
2.56142
2.56342
2.55637
2.54014
2.51849
2.49379
2.46787
2.4394
2.40581
2.36606
1
1
1
1
1
1
1
1
1
1
1
1
1
1
1
1
1
1
1
1
1
1
1
1
1
1
1
1
1
1
1
1
1
1
1
1.00064
1.67148
2.43379
2.53752
2.53227
2.52689
2.516
2.49792
2.47424
2.4471
2.41847
2.38758
2.35236
1
1
1
1
1
1
1
1
1
1
1
1
1
1
1
1
1
1
1
1
1
1
1
1
1
1
1
1
1
1
1
1
1
1
1
1
1.09698
2.19775
2.49203
2.4951
2.49468
2.48888
2.47545
2.45543
2.43041
2.40229
2.37142
2.3381
1
1
1
1
1
1
1
1
1
1
1
1
1
1
1
1
1
1
1
1
1
1
1
1
1
1
1
1
1
1
1
1
1
1
1
1
1.00148
1.62007
2.36742
2.47595
2.46694
2.46174
2.45158
2.4362
2.41447
2.38734
2.35697
2.32522
1
1
1
1
1
1
1
1
1
1
1
1
1
1
1
1
1
1
1
1
1
1
1
1
1
1
1
1
1
1
1
1
1
1
1
1
1
1.07977
2.10285
2.42476
2.43171
2.42883
2.42334
2.41292
2.39547
2.37159
2.34338
2.31312
1
1
1
1
1
1
1
1
1
1
1
1
1
1
1
1
1
1
1
1
1
1
1
1
1
1
1
1
1
1
1
1
1
1
1
1
1
1.001
1.45601
2.27199
2.41853
2.40511
2.39741
2.38592
2.37127
2.3523
2.32845
2.30102
1
1
1
1
1
1
1
1
1
1
1
1
1
1
1
1
1
1
1
1
1
1
1
1
1
1
1
1
1
1
1
1
1
1
1
1
1
1
1.03946
1.90699
2.33444
2.38495
2.37015
2.36036
2.34878
2.33371
2.3136
2.28848
1
1
1
1
1
1
1
1
1
1
1
1
1
1
1
1
1
1
1
1
1
1
1
1
1
1
1
1
1
1
1
1
1
1
1
1
1
1
1.00033
1.25793
2.12738
2.35986
2.34469
2.3294
2.31812
2.30628
2.29052
2.26944
1
1
1
1
1
1
1
1
1
1
1
1
1
1
1
1
1
1
1
1
1
1
1
1
1
1
1
1
1
1
1
1
1
1
1
1
1
1
1
1.01016
1.58439
2.22603
2.32897
2.30816
2.29881
2.28465
2.26604
2.24551
1
1
1
1
1
1
1
1
1
1
1
1
1
1
1
1
1
1
1
1
1
1
1
1
1
1
1
1
1
1
1
1
1
1
1
1
1
1
1
1.00004
1.07615
1.8635
2.24295
2.2927
2.27337
2.25961
2.24393
2.22748
1
1
1
1
1
1
1
1
1
1
1
1
1
1
1
1
1
1
1
1
1
1
1
1
1
1
1
1
1
1
1
1
1
1
1
1
1
1
1
1
1.00106
1.2506
2.011
2.25756
2.24747
2.23162
2.21965
2.20558
1
1
1
1
1
1
1
1
1
1
1
1
1
1
1
1
1
1
1
1
1
1
1
1
1
1
1
1
1
1
1
1
1
1
1
1
1
1
1
1
1
1.01004
1.46369
2.09125
2.22992
2.21585
2.19963
2.18423
1
1
1
1
1
1
1
1
1
1
1
1
1
1
1
1
1
1
1
1
1
1
1
1
1
1
1
1
1
1
1
1
1
1
1
1
1
1
1
1
1
1.00005
1.04446
1.64346
2.11906
2.20258
2.1851
2.16846
1
1
1
1
1
1
1
1
1
1
1
1
1
1
1
1
1
1
1
1
1
1
1
1
1
1
1
1
1
1
1
1
1
1
1
1
1
1
1
1
1
1
1.00047
1.11476
1.76181
2.11792
2.17276
2.15333
1
1
1
1
1
1
1
1
1
1
1
1
1
1
1
1
1
1
1
1
1
1
1
1
1
1
1
1
1
1
1
1
1
1
1
1
1
1
1
1
1
1
1
1.00237
1.20543
1.83133
2.09944
2.14174
1
1
1
1
1
1
1
1
1
1
1
1
1
1
1
1
1
1
1
1
1
1
1
1
1
1
1
1
1
1
1
1
1
1
1
1
1
1
1
1
1
1
1
1.00001
1.00741
1.29253
1.86818
2.07374
1
1
1
1
1
1
1
1
1
1
1
1
1
1
1
1
1
1
1
1
1
1
1
1
1
1
1
1
1
1
1
1
1
1
1
1
1
1
1
1
1
1
1
1
1.00004
1.01609
1.36304
1.88035
1
1
1
1
1
1
1
1
1
1
1
1
1
1
1
1
1
1
1
1
1
1
1
1
1
1
1
1
1
1
1
1
1
1
1
1
1
1
1
1
1
1
1
1
1
1.00011
1.02748
1.41016
1
1
1
1
1
1
1
1
1
1
1
1
1
1
1
1
1
1
1
1
1
1
1
1
1
1
1
1
1
1
1
1
1
1
1
1
1
1
1
1
1
1
1
1
1
1
1.00026
1.03866
1
1
1
1
1
1
1
1
1
1
1
1
1
1
1
1
1
1
1
1
1
1
1
1
1
1
1
1
1
1
1
1
1
1
1
1
1
1
1
1
1
1
1
1
1
1
1
1.00043
1
1
1
1
1
1
1
1
1
1
1
1
1
1
1
1
1
1
1
1
1
1
1
1
1
1
1
1
1
1
1
1
1
1
1
1
1
1
1
1
1
1
1
1
1
1
1
1
1
1
1
1
1
1
1
1
1
1
1
1
1
1
1
1
1
1
1
1
1
1
1
1
1
1
1
1
1
1
1
1
1
1
1
1
1
1
1
1
1
1
1
1
1
1
1
1
1
1
1
1
1
1
1
1
1
1
1
1
1
1
1
1
1
1
1
1
1
1
1
1
1
1
1
1
1
1
1
1
1
1
1
1
1
1
1
1
1
1
1
1
1
1
1
1
1
1
1
1
1
1
1
1
1
1
1
1
1
1
1
1
1
1
1
1
1
1
1
1
1
1
1
1
1
1
1
1
1
1
1
1
1
1
1
1
1
1
1
1
1
1
1
1
1
1
1
1
1
1
1
1
1
1
1
1
1
1
1
1
1
1
1
1
1
1
1
1
1
1
1
1
1
1
1
1
1
1
1
1
1
1
1
1
1
1
1
1
1
1
1
1
1
1
1
1
1
1
1
1
1
1
1
1
1
1
1
1
1
1
1
1
1
1
1
1
1
1
1
1
1
1
1
1
1
1
1
1
1
1
1
1
1
1
1
1
1
1
1
1
1
1
1
1
1
1
1
1
1
1
1
1
1
1
1
1
1
1
1
1
1
1
1
1
1
1
1
1
1
1
1
1
1
1
1
1
1
1
1
1
1
1
1
1
1
1
1
1
1
1
1
1
1
1
1
1
1
1
1
1
1
1
1
1
1
1
1
1
1
1
1
1
1
1
1
1
1
1
1
1
1
1
1
1
1
1
1
1
1
1
1
1
1
1
1
1
1
1
1
1
1
1
1
1
1
1
1
1
1
1
1
1
1
1
1
1
1
1
1
1
1
1
1
1
1
1
1
1
1
1
1
1
1
1
1
1
1
1
1
1
1
1
1
1
1
1
1
1
1
1
1
1
1
1
1
1
1
1
1
1
1
1
1
1
1
1
1
1
1
1
1
1
1
1
1
1
1
1
1
1
1
1
1
1
1
1
1
1
1
1
1
1
1
1
1
1
1
1
1
1
1
1
1
1
1
1
1
1
1
1
1
1
1
1
1
1
1
1
1
1
1
1
1
1
1
1
1
1
1
1
1
1
1
1
1
1
1
1
1
1
1
1
1
1
1
1
1
1
1
1
1
1
1
1
1
1
1
1
1
1
1
1
1
1
1
1
1
1
1
1
1
1
1
1
1
1
1
1
1
1
1
1
1
1
1
1
1
1
1
1
1
1
1
1
1
1
1
1
1
1
1
1
1
1
1
1
1
1
1
1
1
1
1
1
1
1
1
1
1
1
1
1
1
1
1
1
1
1
1
1
1
1
1
1
1
1
1
1
1
1
1
1
1
1
1
1
1
1
1
1
1
1
1
1
1
1
1
1
1
1
1
1
1
1
1
1
1
1
1
1
1
1
1
1
1
1
1
1
1
1
1
1
1
1
1
1
1
1
1
1
1
1
1
1
1
1
1
1
1
1
1
1
1
1
1
1
1
1
1
1
1
1
1
1
1
1
1
1
1
1
1
1
1
1
1
1
1
1
1
1
1
1
1
1
1
1
1
1
1
1
1
1
1
1
1
1
1
1
1
1
1
1
1
1
1
1
1
1
1
1
1
1
1
1
1
1
1
1
1
1
1
1
1
1
1
1
1
1
1
1
1
1
1
1
1
1
1
1
1
1
1
1
1
1
1
1
1
1
1
1
1
1
1
1
1
1
1
1
1
1
1
1
1
1
1
1
1
1
1
1
1
1
1
1
1
1
1
1
1
1
1
1
1
1
1
1
1
1
1
1
1
1
1
1
1
1
1
1
1
1
1
1
1
1
1
1
1
1
1
1
1
1
1
1
1
1
1
1
1
1
1
1
1
1
1
1
1
1
1
1
1
1
1
1
1
1
1
1
1
1
1
1
1
1
1
1
1
1
1
1
1
1
1
1
1
1
1
1
1
1
1
1
1
1
1
1
1
1
1
1
1
1
1
1
1
1
1
1
1
1
1
1
1
1
1
1
1
1
1
1
1
1
1
1
1
1
1
1
1
1
1
1
1
1
1
1
1
1
1
1
1
1
1
1
1
1
1
1
1
1
1
1
1
1
1
1
1
1
1
1
1
1
1
1
1
1
1
1
1
1
1
1
1
1
1
1
1
1
1
1
1
1
1
1
1
1
1
1
1
1
1
1
1
1
1
1
1
1
1
1
1
1
1
1
1
1
1
1
1
1
1
1
1
1
1
1
1
1
1
1
1
1
1
1
1
1
1
1
1
1
1
1
1
1
1
1
1
1
1
1
1
1
1
1
1
1
1
1
1
1
1
1
1
1
1
1
1
1
1
1
1
1
1
1
1
1
1
1
1
1
1
1
1
1
1
1
1
1
1
1
1
1
1
1
1
1
1
1
1
1
1
1
1
1
1
1
1
1
1
1
1
1
1
1
1
1
1
1
1
1
1
1
1
1
1
1
1
1
1
1
1
1
1
1
1
1
1
1
1
1
1
1
1
1
1
1
1
1
1
1
1
1
1
1
1
1
1
1
1
1
1
1
1
1
1
1
1
1
1
1
1
1
1
1
1
1
1
1
1
1
1
1
1
1
1
1
1
1
1
1
1
1
1
1
1
1
1
1
1
1
1
1
1
1
1
1
1
1
1
1
1
1
1
1
1
1
1
1
1
1
1
1
1
1
1
1
1
1
1
1
1
1
1
1
1
1
1
1
1
1
1
1
1
1
1
1
1
1
1
1
1
1
1
1
1
1
1
1
1
1
1
1
1
1
1
1
1
1
1
1
1
1
1
1
1
1
1
1
1
1
1
1
1
1
1
1
1
1
1
1
1
1
1
1
1
1
1
1
1
1
1
1
1
1
1
1
1
1
1
1
1
1
1
1
1
1
1
1
1
1
1
1
1
1
1
1
1
1
1
1
1
1
1
1
1
1
1
1
1
1
1
1
1
1
1
1
1
1
1
1
1
1
1
1
1
1
1
1
1
1
1
1
1
1
1
1
1
1
1
1
1
1
1
1
1
1
1
1
1
1
1
1
1
1
1
1
1
1
1
1
1
1
1
1
1
1
1
1
1
1
1
1
1
1
1
1
1
1
1
1
1
1
1
1
1
1
1
1
1
1
1
1
1
1
1
1
1
1
1
1
1
1
1
1
1
1
1
1
1
1
1
1
1
1
1
1
1
1
1
1
1
1
1
1
1
1
1
1
1
1
1
1
1
1
1
1
1
1
1
1
1
1
1
1
1
1
1
1
1
1
1
1
1
1
1
1
1
1
1
1
1
1
1
1
1
1
1
1
1
1
1
1
1
1
1
1
1
1
1
1
1
1
1
1
1
1
1
1
1
1
1
1
1
1
1
1
1
1
1
1
1
1
1
1
1
1
1
1
1
1
1
1
1
1
1
1
1
1
1
1
1
1
1
1
1
1
1
1
1
1
1
1
1
1
1
1
1
1
1
1
1
1
1
1
1
1
1
1
1
1
1
1
1
1
1
1
1
1
1
1
1
1
1
1
1
1
1
1
1
1
1
1
1
1
1
1
1
1
1
1
1
1
1
1
1
1
1
1
1
1
1
1
1
1
1
1
1
1
1
1
1
1
1
1
1.88266
0.94981
0.390317
0.53651
1.01428
1.16602
1.30367
1.4373
1.40941
1.4174
1.4792
1.5519
1.65232
1.74827
1.81296
1.82007
1.8164
1.82555
1.86315
1.90424
1.92892
1.92675
1.89689
1.86458
1.86429
1.89575
1.93306
1.9425
1.9429
1.94273
1.94041
1.93583
1.93275
1.92856
1.9278
1.93166
1.93219
1.91693
1.87722
1.85722
1.86129
1.86854
1.86426
1.85184
1.83734
1.83249
1.83193
1.83776
1.8467
1.85263
1.85283
1.84818
1.84189
1.83589
1.83043
1.82617
1.82056
1.81347
1.8069
1.80068
1.79414
1.78586
1.778
1.77471
1.7749
1.77348
1.76666
1.75864
1.75349
1.75023
1.75076
1.75234
1.75096
1.74668
1.73994
1.73101
1.72275
1.71832
1.71802
1.72157
1.73332
1.75076
1.76013
1.75762
1.74661
1.73034
1.71558
1.69272
1.6658
1.66046
1.65741
1.65542
1.65536
1.6563
1.65524
1.6495
1.64054
1.62966
1.61498
1.59925
1.58553
1.5715
1.55221
1.52704
1.49662
1.45596
1.40551
1.3557
1.31005
1.26081
1.20022
1.13066
1.06931
1.02866
1.00614
0.998338
0.997758
0.998039
0.99755
0.995337
0.992758
0.992756
0.99802
1.00578
1.00917
1.01148
1.01177
1.00373
0.997066
0.996036
0.996886
1.00659
1.01391
1.01521
1.01597
1.01113
0.994659
0.988925
0.988389
0.989462
1.00087
1.00812
1.0093
1.00995
1.00536
0.990848
0.985645
0.984958
0.988585
1.00687
1.01702
1.01871
1.01952
1.01853
1.00806
0.99983
0.998301
0.997653
0.999475
1.00489
1.00576
1.00593
1.00329
0.998986
0.997869
0.997282
0.997232
0.999515
1.00067
1.00075
1.00074
1.00023
0.999719
0.99957
0.99946
0.99953
0.9999
0.999998
1
1
1
1
1
1
1
1
1
1
1
1
1
1
2.20629
1.8228
1.553
1.12629
1.12684
1.11523
1.13192
1.17574
1.18353
1.19741
1.21537
1.26582
1.37929
1.48918
1.55546
1.58738
1.60248
1.6308
1.67069
1.7155
1.75994
1.79566
1.82181
1.83077
1.84021
1.86798
1.87798
1.87158
1.86732
1.8813
1.89794
1.90656
1.92266
1.93546
1.93891
1.94272
1.93648
1.90482
1.86319
1.85195
1.85147
1.8583
1.86003
1.85595
1.84169
1.83349
1.83076
1.82982
1.82977
1.83097
1.83217
1.831
1.8279
1.82547
1.82437
1.82056
1.81297
1.80699
1.80287
1.79817
1.79035
1.78385
1.77877
1.77497
1.7702
1.76522
1.76156
1.75805
1.75726
1.758
1.75885
1.75696
1.75018
1.73834
1.72803
1.72549
1.72616
1.72951
1.73728
1.74404
1.74429
1.74227
1.743
1.74095
1.73656
1.73273
1.72339
1.70142
1.67205
1.66363
1.66345
1.66242
1.66386
1.66846
1.66891
1.66453
1.65448
1.64142
1.62501
1.60609
1.5923
1.58412
1.56623
1.53424
1.49461
1.45295
1.41452
1.37753
1.33328
1.27603
1.20568
1.1293
1.06529
1.02652
1.00698
0.997904
0.992807
0.990432
0.988974
0.993164
1.00205
1.00515
1.0069
1.00672
1.00427
1.00283
1.00139
1.00075
1.00562
1.00977
1.01114
1.01088
1.00664
1.00287
0.999319
0.995815
0.998405
1.00731
1.01112
1.01301
1.00933
0.999747
0.995021
0.991409
0.987991
0.990703
1.00543
1.01207
1.01474
1.01443
1.01003
1.00757
1.00546
1.0032
1.00283
1.00836
1.01155
1.01307
1.01113
1.00333
1.00027
0.999256
0.99858
0.999558
1.00131
1.00203
1.00237
1.00114
0.999961
0.999775
0.999657
0.999613
0.999907
1.0001
1.0002
1.00026
1.00011
1
1
1
1
1
1
1
1
1
1
1
1
1
1
1
2.28153
2.05742
1.89607
1.69976
1.55199
1.43809
1.31177
1.28659
1.31289
1.29626
1.26224
1.27295
1.31073
1.34098
1.35908
1.36397
1.36975
1.39586
1.45033
1.50946
1.55818
1.60459
1.67072
1.71055
1.73102
1.75301
1.77273
1.78194
1.79322
1.81849
1.84525
1.87236
1.89364
1.90207
1.903
1.89527
1.87656
1.84884
1.84148
1.84306
1.84778
1.85285
1.8486
1.82386
1.80047
1.7947
1.7926
1.79359
1.79891
1.79973
1.79877
1.79613
1.79323
1.79094
1.78876
1.78686
1.78659
1.78611
1.78383
1.77631
1.76343
1.75512
1.75065
1.74606
1.74254
1.7448
1.75526
1.75862
1.75811
1.75419
1.73937
1.72377
1.71539
1.71172
1.71362
1.72494
1.73848
1.74096
1.74012
1.73341
1.71822
1.71451
1.71545
1.7187
1.7254
1.72628
1.72167
1.70725
1.6844
1.67969
1.68017
1.68233
1.68526
1.6836
1.67554
1.66388
1.65183
1.63996
1.62802
1.61579
1.60272
1.58439
1.55957
1.53182
1.50337
1.47549
1.4472
1.40879
1.35596
1.29152
1.21413
1.12942
1.05624
1.01629
1.00143
0.995547
0.993371
0.992167
0.992617
0.998016
1.00359
1.00527
1.00536
1.00455
1.00372
1.00371
1.00443
1.00799
1.00943
1.00963
1.00923
1.00671
1.00295
1.00152
1.00142
1.00563
1.01124
1.0118
1.0117
1.00967
1.00235
0.994983
0.99321
0.992831
0.994992
1.00413
1.00924
1.01088
1.01136
1.01012
1.0072
1.00624
1.00606
1.00778
1.01075
1.01169
1.01195
1.01115
1.00609
1.00097
0.999998
0.999933
1.00035
1.00097
1.00133
1.00151
1.0012
1.00015
0.999772
0.999733
0.999736
0.999845
1.00001
1.00008
1.00012
1.00012
1.00003
1
1
1
1
1
1
1
1
1
1
1
1
1
1
1
2.34557
2.19519
2.02607
1.88359
1.79275
1.6964
1.59184
1.51111
1.47289
1.41572
1.35218
1.34911
1.35485
1.3485
1.339
1.3342
1.32873
1.32739
1.3297
1.34652
1.37964
1.42916
1.50493
1.5692
1.60275
1.61561
1.63257
1.65865
1.68473
1.71689
1.75611
1.78614
1.80348
1.8174
1.81761
1.80892
1.80446
1.80571
1.80522
1.80673
1.80922
1.80426
1.7799
1.74951
1.73939
1.73846
1.74268
1.74956
1.74946
1.74471
1.73839
1.73467
1.7325
1.73151
1.73281
1.73686
1.73832
1.73638
1.72701
1.7122
1.69986
1.69673
1.69628
1.69621
1.70067
1.71597
1.7263
1.72655
1.72076
1.707
1.6885
1.67977
1.6795
1.68296
1.69466
1.71157
1.717
1.71583
1.7082
1.69152
1.68258
1.68456
1.68879
1.69875
1.71095
1.7115
1.70674
1.69405
1.67957
1.67751
1.67526
1.67502
1.67468
1.67188
1.66558
1.65685
1.64647
1.63466
1.62274
1.61219
1.59534
1.56943
1.5453
1.52437
1.50326
1.481
1.45277
1.413
1.36092
1.29534
1.21413
1.12117
1.04019
1.00105
0.993393
0.992782
0.993096
0.995149
0.998465
1.00061
1.00264
1.00354
1.00376
1.00418
1.00519
1.00656
1.00829
1.00962
1.0098
1.00934
1.00749
1.00434
1.0029
1.00304
1.00582
1.01152
1.01338
1.01328
1.01128
1.00468
0.997059
0.994917
0.995072
0.996989
1.00271
1.00753
1.00878
1.00859
1.00761
1.00633
1.00608
1.00679
1.00836
1.0112
1.01316
1.01336
1.0123
1.0077
1.00231
1.00073
1.00064
1.00087
1.0013
1.0015
1.00143
1.00082
0.999989
0.999749
0.999758
0.999814
0.9999
1.00003
1.0001
1.0001
1.00009
1.00003
1
1
1
1
1
1
1
1
1
1
1
1
1
1
1
1
2.35001
2.23667
2.11977
2.00484
1.91562
1.8311
1.73198
1.67244
1.62645
1.56646
1.47822
1.46015
1.45444
1.42935
1.40592
1.38983
1.36326
1.34086
1.33943
1.34431
1.34405
1.34818
1.36265
1.39483
1.43087
1.44969
1.47502
1.53127
1.58099
1.61804
1.66532
1.69825
1.71497
1.73107
1.73909
1.74501
1.75351
1.76101
1.75682
1.75106
1.74236
1.72362
1.69768
1.68655
1.68629
1.69052
1.695
1.6919
1.68374
1.67417
1.67077
1.66984
1.66965
1.67293
1.68016
1.68282
1.68026
1.66949
1.65458
1.63946
1.63529
1.63553
1.63727
1.64408
1.65856
1.66869
1.66818
1.66385
1.65623
1.64349
1.63578
1.63546
1.63843
1.64695
1.66044
1.6658
1.66426
1.65879
1.64753
1.63916
1.64027
1.64306
1.64933
1.66238
1.66786
1.66476
1.65888
1.6514
1.64883
1.64963
1.65088
1.6509
1.64865
1.64528
1.64139
1.63732
1.63218
1.62342
1.60894
1.58991
1.56336
1.534
1.51264
1.49747
1.48382
1.46571
1.43549
1.39233
1.33898
1.27381
1.19115
1.09396
1.01801
0.993199
0.990953
0.991415
0.993841
0.997012
0.999364
1.00042
1.00054
1.00153
1.00319
1.00563
1.00797
1.0093
1.00973
1.00967
1.00912
1.0072
1.00472
1.00411
1.00453
1.00673
1.01082
1.01265
1.01267
1.01134
1.00638
0.999633
0.997109
0.997176
0.998524
1.0021
1.00542
1.00618
1.00571
1.00442
1.00386
1.00423
1.00596
1.00859
1.01196
1.01386
1.01395
1.01319
1.00988
1.0045
1.0017
1.00134
1.00152
1.0017
1.00166
1.00125
1.00044
0.999863
0.999778
0.999794
0.999839
0.999913
1.00003
1.00009
1.00009
1.00007
1.00002
1
1
1
1
1
1
1
1
1
1
1
1
1
1
1
1
1
2.34369
2.25485
2.16103
2.06873
1.99544
1.9235
1.82691
1.75069
1.71225
1.66748
1.6029
1.57227
1.54651
1.50456
1.46451
1.45169
1.42946
1.38751
1.36871
1.3711
1.36689
1.34972
1.34662
1.35307
1.35206
1.34658
1.35057
1.38214
1.44064
1.49165
1.55452
1.6088
1.63609
1.6562
1.67447
1.6845
1.69907
1.70926
1.70643
1.69752
1.68218
1.66113
1.64809
1.64569
1.64686
1.64782
1.64243
1.63363
1.62377
1.61958
1.61885
1.6185
1.62165
1.63057
1.63401
1.63187
1.62371
1.61066
1.59365
1.58637
1.58595
1.58706
1.59328
1.60507
1.61214
1.61122
1.60805
1.60329
1.59407
1.58769
1.58699
1.58831
1.59411
1.60319
1.60583
1.60392
1.60013
1.59235
1.58643
1.58708
1.59006
1.59732
1.60768
1.61163
1.60908
1.6012
1.59418
1.59199
1.59287
1.59624
1.60363
1.60661
1.60601
1.60506
1.60414
1.60209
1.59712
1.58755
1.57065
1.54373
1.50928
1.47757
1.45683
1.44514
1.4348
1.41584
1.38174
1.33637
1.28493
1.22413
1.14648
1.05816
1.00087
0.989406
0.989477
0.992209
0.995799
0.996986
0.997054
0.99717
0.998063
1.00041
1.00452
1.00818
1.00984
1.01026
1.01027
1.00948
1.00723
1.00511
1.00451
1.00466
1.00628
1.01023
1.01258
1.01264
1.01153
1.00785
1.00243
0.999352
0.999057
0.999822
1.00212
1.0043
1.00464
1.00381
1.00222
1.00179
1.00211
1.00406
1.00786
1.01231
1.01433
1.01442
1.01394
1.01156
1.00711
1.00369
1.00259
1.00244
1.00232
1.00192
1.00119
1.00026
0.999844
0.999806
0.99981
0.999839
0.999914
1.00003
1.00009
1.00009
1.00007
1.00002
1
1
1
1
1
1
1
1
1
1
1
1
1
1
1
1
1
1
2.33459
2.25949
2.18073
2.10489
2.03787
1.97077
1.89508
1.83313
1.77927
1.72668
1.67642
1.64975
1.62526
1.58309
1.52252
1.50021
1.48522
1.45698
1.42739
1.42405
1.42044
1.40177
1.37549
1.36465
1.35197
1.33161
1.32936
1.33138
1.33982
1.35884
1.39691
1.45882
1.52892
1.57025
1.60481
1.62832
1.64684
1.65885
1.65829
1.65369
1.64566
1.63487
1.62726
1.62258
1.61705
1.60817
1.59714
1.58773
1.58449
1.58434
1.58483
1.5889
1.59567
1.59686
1.59424
1.58894
1.57871
1.56417
1.55635
1.55507
1.55567
1.56124
1.56865
1.5702
1.56776
1.56417
1.55922
1.55213
1.54725
1.5464
1.54745
1.55231
1.55732
1.557
1.5531
1.5467
1.54099
1.53904
1.53868
1.54071
1.54911
1.55781
1.55889
1.55601
1.54899
1.53976
1.53301
1.53159
1.53268
1.53834
1.54704
1.55219
1.55489
1.55616
1.55618
1.55355
1.54586
1.5331
1.51413
1.48656
1.45217
1.41976
1.39532
1.37462
1.34977
1.3178
1.28196
1.24504
1.2052
1.1576
1.09569
1.02803
0.993287
0.988431
0.989349
0.993441
0.995696
0.995611
0.99577
0.996662
0.998556
1.00225
1.00684
1.00931
1.01018
1.01034
1.0097
1.00751
1.00556
1.00503
1.0051
1.00623
1.00927
1.01128
1.0114
1.0106
1.00802
1.00452
1.00221
1.00201
1.00254
1.00295
1.00289
1.00271
1.00137
0.999701
0.999428
1.00004
1.0026
1.00743
1.01259
1.01424
1.01425
1.01397
1.01246
1.00921
1.00604
1.00453
1.004
1.00336
1.00233
1.0011
1.00012
0.999844
0.99983
0.999835
0.99986
0.999933
1.00004
1.00009
1.00009
1.00007
1.00003
1
1
1
1
1
1
1
1
1
1
1
1
1
1
1
1
1
1
1
2.32892
2.26368
2.19402
2.12834
2.06751
2.00312
1.93922
1.88969
1.83841
1.78534
1.73123
1.69976
1.67181
1.63921
1.58832
1.54836
1.53029
1.50882
1.47603
1.4669
1.46437
1.45095
1.42309
1.39777
1.37974
1.35934
1.33277
1.3232
1.32573
1.3344
1.34534
1.35435
1.38063
1.43116
1.49189
1.5515
1.58391
1.59933
1.60801
1.61106
1.61146
1.61231
1.60896
1.60072
1.59115
1.57845
1.56565
1.56008
1.55886
1.55933
1.56429
1.56938
1.56839
1.56438
1.56044
1.5535
1.54212
1.5339
1.53211
1.53312
1.5378
1.54181
1.54146
1.53879
1.5338
1.52634
1.51901
1.5144
1.51328
1.51423
1.51879
1.52277
1.52134
1.51586
1.50872
1.5011
1.49883
1.49861
1.50056
1.50903
1.51615
1.51591
1.5117
1.50434
1.49487
1.48806
1.4862
1.48644
1.49087
1.49719
1.49976
1.50035
1.49983
1.49758
1.49341
1.48747
1.47963
1.46835
1.45101
1.42637
1.39675
1.3658
1.33291
1.29568
1.25598
1.21819
1.18579
1.15892
1.133
1.09826
1.04916
1.00613
0.99011
0.988194
0.989879
0.994264
0.995004
0.994854
0.995099
0.996224
0.999341
1.00416
1.00773
1.00921
1.00969
1.0093
1.00758
1.00618
1.00578
1.0057
1.00626
1.00854
1.0105
1.01057
1.00969
1.00793
1.0058
1.00437
1.00442
1.0048
1.00474
1.00378
1.00186
0.999135
0.997518
0.997368
0.997978
1.0005
1.006
1.01213
1.01417
1.01425
1.01403
1.01293
1.01065
1.00824
1.00674
1.00601
1.00499
1.00323
1.00122
1.00005
0.999848
0.999839
0.999845
0.999877
0.99996
1.00006
1.00009
1.00009
1.00007
1.00003
1
1
1
1
1
1
1
1
1
1
1
1
1
1
1
1
1
1
1
1
2.32769
2.2654
2.20339
2.14661
2.09089
2.03001
1.9751
1.92149
1.87607
1.83348
1.79207
1.74872
1.70259
1.66547
1.6299
1.5976
1.57926
1.56111
1.52874
1.50204
1.49376
1.47993
1.45461
1.4266
1.41343
1.40172
1.38093
1.36329
1.35934
1.35351
1.34104
1.33646
1.33651
1.34035
1.3577
1.40418
1.46969
1.51955
1.5444
1.5566
1.57193
1.5804
1.57935
1.57328
1.56595
1.55731
1.55062
1.54861
1.54784
1.54806
1.54915
1.54753
1.54138
1.53468
1.52912
1.52333
1.51765
1.51564
1.51563
1.5157
1.51392
1.51283
1.51157
1.50884
1.504
1.49761
1.49211
1.48953
1.48952
1.49114
1.49179
1.48939
1.48328
1.47672
1.47035
1.46741
1.46697
1.46763
1.47314
1.47964
1.47966
1.47654
1.47042
1.46194
1.45333
1.44865
1.44844
1.45235
1.45726
1.45678
1.45397
1.45061
1.44564
1.43882
1.43178
1.425
1.41766
1.40817
1.39426
1.37401
1.34659
1.31203
1.2721
1.23044
1.19086
1.1568
1.12966
1.10545
1.07789
1.04574
1.01519
0.99657
0.991069
0.990856
0.992766
0.995575
0.996113
0.996191
0.99653
0.998243
1.00183
1.00504
1.00685
1.00778
1.00779
1.00714
1.00662
1.00643
1.00636
1.00671
1.00818
1.00957
1.00962
1.00877
1.00761
1.00676
1.0064
1.00667
1.00697
1.00658
1.00484
1.00166
0.997881
0.996328
0.996259
0.996693
0.998635
1.00384
1.01074
1.0136
1.0138
1.01363
1.01293
1.01154
1.00997
1.00883
1.00818
1.00707
1.00476
1.00175
1.00009
0.999873
0.999868
0.999875
0.999911
0.999997
1.00008
1.0001
1.00009
1.00007
1.00003
1
1
1
1
1
1
1
1
1
1
1
1
1
1
1
1
1
1
1
1
1
2.32396
2.26811
2.21418
2.16
2.10485
2.05313
2.00594
1.95614
1.90259
1.85538
1.82235
1.78356
1.74382
1.70557
1.66554
1.62463
1.61005
1.60084
1.58187
1.55625
1.53424
1.5072
1.46957
1.43942
1.43346
1.4306
1.42006
1.40179
1.39558
1.38957
1.3745
1.3497
1.32758
1.32591
1.32738
1.33587
1.35632
1.39493
1.44201
1.47818
1.50289
1.52531
1.53932
1.53918
1.53562
1.53579
1.53931
1.54275
1.54224
1.53795
1.53162
1.52486
1.51581
1.5084
1.50476
1.50245
1.50184
1.50104
1.49629
1.48792
1.48282
1.48083
1.47904
1.47729
1.47557
1.47351
1.47226
1.47152
1.47025
1.4663
1.45919
1.45122
1.44531
1.44117
1.43785
1.43657
1.43684
1.43968
1.44512
1.44633
1.44517
1.44166
1.43597
1.42941
1.42337
1.41979
1.41948
1.41942
1.41661
1.41235
1.40829
1.40365
1.39744
1.38967
1.38275
1.3773
1.37154
1.36305
1.34905
1.3275
1.29844
1.26396
1.22691
1.18958
1.15328
1.1194
1.08858
1.06062
1.03624
1.01725
1.00389
0.996714
0.995581
0.995777
0.996408
0.99702
0.997476
0.998198
0.999506
1.00144
1.00334
1.00451
1.00512
1.00541
1.00571
1.00623
1.00652
1.00675
1.00723
1.00824
1.00901
1.00896
1.00809
1.00743
1.00738
1.00767
1.00855
1.00888
1.00855
1.00672
1.00249
0.997636
0.996057
0.996015
0.996235
0.99744
1.00124
1.00776
1.01237
1.01319
1.01301
1.01255
1.01189
1.01117
1.01064
1.01029
1.0094
1.00697
1.00307
1.00035
0.999896
0.999885
0.999899
0.999946
1.00004
1.0001
1.00011
1.00011
1.00008
1.00003
1
1
1
1
1
1
1
1
1
1
1
1
1
1
1
1
1
1
1
1
1
1
2.3189
2.26866
2.21941
2.16998
2.11796
2.06884
2.02192
1.97761
1.93057
1.88666
1.84452
1.8033
1.76692
1.73966
1.71296
1.67787
1.64474
1.6268
1.60661
1.58531
1.56757
1.54259
1.50012
1.46591
1.46163
1.46211
1.4561
1.44281
1.43278
1.42209
1.40245
1.37044
1.34716
1.34228
1.33741
1.33513
1.3413
1.34883
1.35309
1.36489
1.38651
1.41645
1.45329
1.47918
1.49125
1.50238
1.51631
1.52586
1.52599
1.52126
1.51179
1.50162
1.49582
1.49249
1.48991
1.48863
1.48713
1.48211
1.46972
1.45596
1.45104
1.44956
1.44913
1.45047
1.4537
1.45605
1.4559
1.45259
1.44468
1.43465
1.42495
1.41756
1.41215
1.40942
1.40867
1.40874
1.41011
1.41352
1.41533
1.41496
1.41349
1.41124
1.40766
1.40203
1.3952
1.38886
1.38347
1.37848
1.37405
1.37052
1.36703
1.36242
1.35663
1.35009
1.34427
1.33908
1.33194
1.32009
1.30249
1.2805
1.25597
1.22871
1.19706
1.16106
1.12277
1.08592
1.05531
1.03351
1.01908
1.00975
1.00396
1.00087
0.999317
0.998622
0.998243
0.998354
0.999591
1.00172
1.00287
1.00314
1.00336
1.00345
1.00344
1.00396
1.00504
1.00588
1.00677
1.00773
1.00836
1.00857
1.00852
1.00798
1.00768
1.00772
1.00839
1.00998
1.01047
1.01014
1.00865
1.00457
0.9987
0.99625
0.996083
0.996203
0.997086
0.999901
1.00481
1.00916
1.01125
1.01203
1.01212
1.01209
1.01197
1.01197
1.012
1.01157
1.00958
1.00534
1.0011
0.999978
0.999934
0.999947
0.999993
1.00007
1.00013
1.00013
1.00012
1.00008
1.00003
1
1
1
1
1
1
1
1
1
1
1
1
1
1
1
1
1
1
1
1
1
1
1
2.31092
2.26699
2.22202
2.17369
2.12512
2.08324
2.0406
1.99294
1.94564
1.90778
1.86891
1.83498
1.79987
1.76893
1.74027
1.7127
1.68771
1.66678
1.63758
1.59792
1.57772
1.55993
1.52999
1.4977
1.49304
1.49288
1.48655
1.47371
1.46381
1.45159
1.42554
1.38516
1.36821
1.36533
1.36139
1.35294
1.35007
1.35003
1.34404
1.32354
1.31671
1.3232
1.3471
1.38848
1.42637
1.45179
1.47986
1.49797
1.49889
1.49464
1.48599
1.48244
1.4811
1.48072
1.47744
1.47243
1.46617
1.45676
1.44168
1.43201
1.42866
1.42719
1.42816
1.43404
1.43831
1.43776
1.43233
1.42229
1.41136
1.40065
1.39377
1.38879
1.38531
1.38453
1.38509
1.38651
1.38746
1.3872
1.38542
1.38338
1.3823
1.38162
1.37892
1.37147
1.36102
1.3514
1.34428
1.3398
1.33793
1.33717
1.33528
1.32963
1.32224
1.31492
1.30656
1.29654
1.28468
1.27061
1.25448
1.23824
1.22124
1.19709
1.16405
1.12695
1.09007
1.05806
1.03601
1.02412
1.01706
1.01042
1.00496
1.00146
0.999948
0.999203
0.999126
1.00023
1.00307
1.0046
1.00455
1.0039
1.00305
1.00279
1.00299
1.00365
1.00466
1.00603
1.00727
1.00784
1.00807
1.00812
1.00805
1.00803
1.00817
1.00912
1.01089
1.01155
1.01131
1.0102
1.00697
1.00101
0.997206
0.996721
0.996799
0.997381
0.999171
1.00237
1.00594
1.00838
1.0094
1.0105
1.01202
1.01292
1.01334
1.01352
1.01342
1.01217
1.00834
1.00277
1.0002
0.999982
0.999996
1.00004
1.00011
1.00015
1.00015
1.00013
1.00008
1.00002
1
1
1
1
1
1
1
1
1
1
1
1
1
1
1
1
1
1
1
1
1
1
1
1
2.30072
2.26136
2.22021
2.17601
2.13102
2.08963
2.04952
2.00681
1.96808
1.93024
1.89077
1.85205
1.82545
1.80358
1.77653
1.73953
1.70894
1.68872
1.66264
1.62678
1.60082
1.58242
1.55607
1.52382
1.52004
1.52084
1.51464
1.49975
1.48825
1.47469
1.44719
1.41021
1.39852
1.3957
1.39156
1.38172
1.37216
1.36486
1.34916
1.32011
1.30749
1.30821
1.31186
1.32248
1.34623
1.37993
1.41084
1.43927
1.45794
1.45764
1.45757
1.46036
1.46016
1.45845
1.45454
1.44883
1.44154
1.43006
1.41835
1.41303
1.41161
1.41288
1.41878
1.42247
1.42102
1.41361
1.40119
1.38734
1.37601
1.37026
1.36658
1.3643
1.36423
1.36586
1.36627
1.3649
1.36133
1.35659
1.35176
1.34908
1.34882
1.34851
1.34527
1.33695
1.32527
1.31474
1.30875
1.3075
1.30954
1.31174
1.30804
1.29614
1.28424
1.27474
1.26318
1.24873
1.23552
1.22483
1.21587
1.20825
1.193
1.16217
1.12616
1.09289
1.0627
1.0407
1.03032
1.02438
1.01659
1.00924
1.00361
1.00059
0.999074
0.99862
0.999508
1.00317
1.00591
1.006
1.00535
1.00389
1.00268
1.00246
1.00268
1.00362
1.00525
1.0065
1.00696
1.0072
1.00728
1.00736
1.00767
1.00838
1.00985
1.01157
1.01226
1.01227
1.01172
1.00953
1.00433
0.998873
0.997491
0.997551
0.997881
0.998755
1.00037
1.00281
1.00514
1.00648
1.00796
1.01044
1.01324
1.01483
1.01515
1.01517
1.01452
1.01157
1.00558
1.00088
1.00007
1.00006
1.0001
1.00015
1.00017
1.00017
1.00014
1.00008
1.00002
1
1
1
1
1
1
1
1
1
1
1
1
1
1
1
1
1
1
1
1
1
1
1
1
1
2.2902
2.25445
2.21684
2.17468
2.13364
2.09722
2.05921
2.01771
1.98156
1.94829
1.91622
1.88144
1.84949
1.82198
1.7963
1.76652
1.73733
1.71184
1.68119
1.6442
1.62258
1.6107
1.59285
1.56139
1.54824
1.54474
1.53348
1.51541
1.50461
1.49347
1.47019
1.43708
1.42555
1.42256
1.41695
1.40669
1.39502
1.38087
1.35587
1.32503
1.31202
1.30841
1.31013
1.31456
1.31835
1.32219
1.33123
1.34824
1.37483
1.40114
1.41937
1.43349
1.43442
1.43332
1.43067
1.42456
1.4154
1.4065
1.40092
1.40016
1.40408
1.41209
1.4132
1.40822
1.39935
1.38655
1.36895
1.35467
1.34867
1.34573
1.3453
1.34699
1.34907
1.34788
1.34242
1.33536
1.32917
1.32302
1.31772
1.31582
1.31602
1.31536
1.31189
1.30508
1.29467
1.28407
1.2801
1.28129
1.28473
1.28307
1.2721
1.25519
1.24207
1.23232
1.22136
1.20765
1.19572
1.19039
1.18846
1.18199
1.15911
1.12414
1.09354
1.06644
1.04476
1.03468
1.02978
1.0213
1.01235
1.00618
1.00096
0.998518
0.998093
0.998621
1.00222
1.00647
1.00696
1.00658
1.00525
1.00329
1.00241
1.00238
1.00273
1.00419
1.00567
1.00618
1.00637
1.00652
1.00669
1.00707
1.00797
1.00989
1.01192
1.01244
1.01249
1.01245
1.01166
1.00843
1.0023
0.998136
0.997649
0.997675
0.997926
0.998759
1.00037
1.00201
1.00322
1.00501
1.00831
1.01275
1.01602
1.01676
1.01683
1.01655
1.01458
1.0093
1.00263
1.00026
1.00014
1.00016
1.00018
1.00019
1.00018
1.00015
1.00008
1.00002
1
1
1
1
1
1
1
1
1
1
1
1
1
1
1
1
1
1
1
1
1
1
1
1
1
1
2.27988
2.24588
2.21097
2.1731
2.1353
2.09938
2.06371
2.03063
1.99885
1.96642
1.93248
1.89998
1.8715
1.84584
1.81872
1.77918
1.74904
1.72797
1.70416
1.67296
1.64958
1.63764
1.6207
1.59402
1.58004
1.57212
1.55808
1.532
1.51246
1.50401
1.49006
1.46709
1.45534
1.45157
1.44363
1.4298
1.41158
1.39153
1.37091
1.34962
1.33565
1.32973
1.3298
1.32612
1.3202
1.31552
1.30815
1.3072
1.31067
1.32723
1.35254
1.37488
1.38924
1.39697
1.39658
1.39394
1.38948
1.38699
1.38819
1.3951
1.40385
1.40512
1.39966
1.38877
1.37589
1.35923
1.34138
1.33209
1.32796
1.32762
1.33092
1.33414
1.33172
1.32241
1.31193
1.30316
1.29693
1.29099
1.28792
1.28795
1.28826
1.28651
1.28268
1.2779
1.2712
1.26311
1.25699
1.2535
1.24962
1.24211
1.23018
1.21675
1.20457
1.1945
1.18639
1.17874
1.17228
1.16794
1.16184
1.14554
1.11789
1.09133
1.06866
1.04863
1.03667
1.03141
1.02366
1.01408
1.00734
1.00165
0.998474
0.998125
0.998312
1.00145
1.00678
1.0078
1.00749
1.00645
1.00441
1.00289
1.00263
1.00264
1.00348
1.005
1.0055
1.00565
1.00592
1.00633
1.00679
1.00758
1.00938
1.01183
1.01262
1.01264
1.01261
1.01218
1.01087
1.00762
1.00201
0.998028
0.997484
0.997493
0.997731
0.998379
0.999111
0.999899
1.00168
1.00556
1.0116
1.0168
1.01822
1.01833
1.01825
1.01713
1.0132
1.00588
1.0009
1.00021
1.0002
1.0002
1.0002
1.00019
1.00015
1.00007
1.00001
1
1
1
1
1
1
1
1
1
1
1
1
1
1
1
1
1
1
1
1
1
1
1
1
1
1
1
2.2702
2.23833
2.20551
2.17083
2.13519
2.1013
2.06871
2.03808
2.00734
1.97479
1.94678
1.91934
1.88667
1.8584
1.8322
1.79944
1.7667
1.73869
1.71347
1.69162
1.6798
1.66964
1.65506
1.62873
1.60646
1.5919
1.57508
1.55034
1.52697
1.51894
1.50969
1.49219
1.48027
1.47595
1.46653
1.44873
1.4233
1.39817
1.3861
1.3741
1.35813
1.35065
1.34782
1.34066
1.32745
1.31625
1.30852
1.3025
1.30023
1.30066
1.30414
1.30874
1.31264
1.32223
1.33538
1.34603
1.35521
1.36235
1.37238
1.38394
1.38534
1.38337
1.37736
1.3669
1.35274
1.33478
1.32088
1.31435
1.31317
1.31605
1.32031
1.31865
1.30897
1.29427
1.28036
1.27338
1.2689
1.2646
1.26373
1.26522
1.26529
1.26141
1.25636
1.25204
1.2465
1.23838
1.2282
1.21839
1.21104
1.20488
1.19726
1.18741
1.17693
1.1679
1.16115
1.15508
1.14742
1.13706
1.12372
1.10603
1.08557
1.06697
1.05071
1.03913
1.03292
1.02544
1.0157
1.00835
1.00235
0.998493
0.997976
0.998109
1.00077
1.00655
1.0085
1.00832
1.00746
1.00551
1.00349
1.00293
1.00284
1.00334
1.0048
1.00538
1.00536
1.00549
1.00598
1.00653
1.00722
1.00855
1.01108
1.01314
1.01341
1.01337
1.01298
1.01198
1.01005
1.00678
1.00192
0.99802
0.997198
0.997085
0.997025
0.996974
0.997056
0.998326
1.00239
1.00979
1.01714
1.01948
1.01965
1.01965
1.01912
1.01656
1.01023
1.00276
1.00033
1.0002
1.0002
1.0002
1.00018
1.00014
1.00007
1.00001
1
1
1
1
1
1
1
1
1
1
1
1
1
1
1
1
1
1
1
1
1
1
1
1
1
1
1
1
2.25983
2.23004
2.19837
2.16641
2.13491
2.1014
2.06814
2.04243
2.01589
1.98339
1.94937
1.92293
1.89765
1.87218
1.84652
1.81633
1.78415
1.75548
1.73315
1.71132
1.69988
1.69175
1.67746
1.65689
1.63625
1.6165
1.59288
1.55891
1.541
1.53758
1.53121
1.51896
1.50626
1.49881
1.48443
1.45857
1.42908
1.41191
1.40746
1.39918
1.38226
1.37332
1.37045
1.36397
1.34985
1.32938
1.31758
1.30941
1.30076
1.29556
1.29124
1.28386
1.2717
1.26952
1.27463
1.28804
1.30657
1.32768
1.34746
1.35843
1.35864
1.35612
1.35207
1.34318
1.32745
1.31381
1.30612
1.30252
1.30409
1.30914
1.30844
1.2998
1.2857
1.26938
1.25513
1.24798
1.24407
1.24264
1.24356
1.24478
1.24164
1.23277
1.22588
1.22139
1.21603
1.20761
1.1965
1.18721
1.18302
1.18086
1.17617
1.16647
1.15497
1.14494
1.13601
1.12683
1.11645
1.10511
1.09297
1.0792
1.06491
1.05187
1.04153
1.03455
1.02739
1.01798
1.00985
1.00343
0.999603
0.998871
0.998837
1.00082
1.0063
1.0086
1.00848
1.00775
1.00616
1.00419
1.00334
1.00311
1.00341
1.00483
1.00562
1.00567
1.00548
1.00553
1.00603
1.00675
1.00775
1.00966
1.01256
1.01415
1.01428
1.0142
1.01369
1.01245
1.01004
1.00603
1.00051
0.996271
0.995077
0.994778
0.994587
0.994611
0.995769
0.999602
1.00757
1.01691
1.02051
1.02079
1.02082
1.02059
1.01907
1.01454
1.00639
1.00097
1.00021
1.00019
1.00018
1.00016
1.00012
1.00005
1.00001
1
1
1
1
1
1
1
1
1
1
1
1
1
1
1
1
1
1
1
1
1
1
1
1
1
1
1
1
1
2.24504
2.21951
2.19223
2.16259
2.1321
2.10041
2.06902
2.04261
2.01611
1.98388
1.9529
1.92695
1.89724
1.87114
1.85618
1.83489
1.80646
1.7815
1.75354
1.7284
1.72019
1.70871
1.69217
1.66864
1.65139
1.63471
1.6121
1.58277
1.56457
1.55979
1.55218
1.53711
1.52254
1.51404
1.49763
1.4667
1.43815
1.43027
1.42748
1.41973
1.40164
1.39028
1.38719
1.3816
1.36894
1.35177
1.33612
1.32324
1.30819
1.29204
1.2836
1.27461
1.26376
1.25639
1.25457
1.25677
1.26384
1.28006
1.3068
1.32243
1.32216
1.31964
1.31664
1.31043
1.30021
1.2922
1.28861
1.28882
1.29309
1.29416
1.28994
1.27894
1.26443
1.24943
1.23737
1.22868
1.22412
1.22396
1.2252
1.22313
1.21313
1.2007
1.19306
1.18859
1.18389
1.17692
1.16913
1.16617
1.1673
1.16713
1.159
1.14305
1.12891
1.1182
1.10898
1.10068
1.09304
1.08542
1.07658
1.06502
1.0522
1.04123
1.03346
1.02761
1.02013
1.01182
1.00527
1.00169
1.00064
1.00045
1.00167
1.00615
1.00876
1.00876
1.00807
1.00656
1.00483
1.00383
1.00344
1.00361
1.00493
1.00584
1.0059
1.00564
1.00546
1.00558
1.00608
1.00693
1.00843
1.01122
1.0141
1.01493
1.01493
1.01462
1.01387
1.01257
1.00991
1.00448
0.997256
0.993158
0.992385
0.992288
0.992376
0.993433
0.996864
1.005
1.01604
1.02127
1.02177
1.0218
1.02171
1.02085
1.01795
1.01107
1.00298
1.0003
1.00015
1.00014
1.00012
1.00008
1.00003
1
1
1
1
1
1
1
1
1
1
1
1
1
1
1
1
1
1
1
1
1
1
1
1
1
1
1
1
1
1
1
2.22411
2.20179
2.17849
2.1532
2.12545
2.09655
2.06875
2.04284
2.01746
1.98889
1.95963
1.93017
1.89576
1.8695
1.85533
1.83998
1.82317
1.80722
1.78268
1.75148
1.73215
1.72008
1.7053
1.68182
1.66384
1.64473
1.62341
1.59978
1.58925
1.58581
1.57788
1.56151
1.53565
1.51556
1.4974
1.47383
1.45584
1.45251
1.44978
1.4419
1.42397
1.40628
1.39991
1.39259
1.38051
1.36751
1.35582
1.34342
1.32879
1.30805
1.28878
1.27283
1.26024
1.25192
1.24647
1.24717
1.2511
1.25327
1.2594
1.26795
1.26687
1.26263
1.26357
1.26601
1.26554
1.26483
1.26506
1.26934
1.2727
1.2713
1.26544
1.25583
1.24409
1.233
1.22383
1.2163
1.21143
1.20977
1.20841
1.20041
1.18556
1.17177
1.16328
1.15893
1.15526
1.15075
1.14846
1.15035
1.15205
1.14618
1.13128
1.11492
1.10282
1.0935
1.08679
1.08311
1.08074
1.07606
1.06463
1.04995
1.03804
1.02956
1.0245
1.02077
1.01464
1.00806
1.00415
1.0028
1.00248
1.00311
1.00638
1.00853
1.00845
1.00799
1.00692
1.00547
1.0044
1.00391
1.00408
1.00534
1.00612
1.00612
1.00578
1.00536
1.00537
1.00571
1.00639
1.00755
1.00995
1.01357
1.01568
1.01599
1.016
1.01553
1.01387
1.01113
1.00621
0.998376
0.992579
0.991554
0.991603
0.991804
0.992442
0.994787
1.0019
1.014
1.02149
1.0225
1.02253
1.02252
1.0221
1.02038
1.0155
1.00679
1.00095
1.00011
1.00008
1.00006
1.00004
1.00002
1
1
1
1
1
1
1
1
1
1
1
1
1
1
1
1
1
1
1
1
1
1
1
1
1
1
1
1
1
1
1
1
2.20892
2.18749
2.16429
2.13955
2.11259
2.08575
2.06192
2.03766
2.01288
1.98973
1.9671
1.93873
1.90583
1.87688
1.85573
1.83768
1.82516
1.81463
1.79997
1.77585
1.74768
1.72987
1.71211
1.68724
1.66951
1.65567
1.64149
1.61919
1.60778
1.60302
1.59278
1.57451
1.5481
1.52136
1.50266
1.48479
1.4737
1.47105
1.4687
1.46144
1.44584
1.42408
1.4122
1.40234
1.3884
1.37616
1.3672
1.35651
1.34241
1.32278
1.29837
1.28103
1.2683
1.25892
1.25137
1.2452
1.24457
1.24466
1.24185
1.2354
1.22509
1.21149
1.21023
1.21397
1.22126
1.22916
1.238
1.24515
1.24707
1.24467
1.23839
1.2307
1.22137
1.21129
1.20444
1.20056
1.19773
1.19517
1.19089
1.17982
1.16443
1.14982
1.13992
1.13539
1.13321
1.13188
1.1324
1.13428
1.13026
1.11695
1.10239
1.09132
1.08243
1.0764
1.07492
1.07567
1.07442
1.06361
1.04667
1.03466
1.02673
1.02099
1.01876
1.01706
1.01249
1.00749
1.00523
1.00469
1.00479
1.00649
1.0085
1.00846
1.00778
1.00686
1.00587
1.00481
1.00421
1.00435
1.00553
1.00627
1.00625
1.00606
1.0054
1.00498
1.00512
1.00561
1.0065
1.00854
1.01242
1.01589
1.01675
1.01684
1.01684
1.01621
1.01402
1.00861
0.999558
0.992466
0.991088
0.991179
0.991508
0.9921
0.993818
0.999269
1.0107
1.0208
1.023
1.02307
1.02307
1.02288
1.02191
1.01886
1.01163
1.00305
1.00018
1.00003
1.00002
1.00001
1
1
1
1
1
1
1
1
1
1
1
1
1
1
1
1
1
1
1
1
1
1
1
1
1
1
1
1
1
1
1
1
1
1
2.18953
2.1717
2.1513
2.12845
2.10369
2.07893
2.05395
2.0266
1.99973
1.98084
1.96207
1.94011
1.91596
1.89085
1.86688
1.84413
1.82439
1.80967
1.79763
1.78127
1.75787
1.73691
1.71997
1.69858
1.67751
1.66552
1.65321
1.63392
1.6234
1.61727
1.60447
1.58188
1.55181
1.52639
1.51587
1.50446
1.49327
1.48899
1.48523
1.4763
1.45965
1.43637
1.42263
1.413
1.39991
1.38765
1.37861
1.36764
1.35082
1.32729
1.30332
1.29169
1.28338
1.27201
1.26216
1.25444
1.2488
1.24207
1.23332
1.22382
1.21186
1.19627
1.18807
1.18585
1.18694
1.19079
1.20102
1.21308
1.21498
1.21238
1.20716
1.20173
1.19487
1.186
1.17989
1.17769
1.17665
1.17466
1.16893
1.15797
1.14469
1.13222
1.12228
1.11714
1.11625
1.11679
1.11741
1.11482
1.10371
1.08947
1.07982
1.07263
1.06829
1.06867
1.07298
1.07296
1.06453
1.04676
1.03076
1.02311
1.01853
1.01641
1.01651
1.01555
1.01143
1.00823
1.00708
1.00672
1.00692
1.00816
1.00855
1.00788
1.00669
1.00581
1.00511
1.00473
1.00488
1.0058
1.00614
1.00607
1.00585
1.00537
1.00506
1.00499
1.00509
1.00575
1.00747
1.01117
1.01562
1.01724
1.0174
1.01744
1.01692
1.01498
1.01002
1.00133
0.994129
0.991731
0.991219
0.991223
0.991523
0.992762
0.996847
1.00666
1.01878
1.0233
1.02357
1.0236
1.02354
1.02301
1.02118
1.01611
1.00703
1.00089
1.00002
1
1
1
1
1
1
1
1
1
1
1
1
1
1
1
1
1
1
1
1
1
1
1
1
1
1
1
1
1
1
1
1
1
1
1
1
1
2.16792
2.15044
2.1322
2.11292
2.09265
2.07197
2.04916
2.02204
1.99145
1.96692
1.94907
1.93334
1.91615
1.89736
1.87418
1.84905
1.82243
1.80757
1.79664
1.77959
1.75801
1.73825
1.7261
1.71093
1.69105
1.67577
1.66377
1.6427
1.62828
1.62158
1.60844
1.58602
1.55747
1.53793
1.53305
1.52341
1.50912
1.50448
1.50055
1.48978
1.46874
1.44354
1.43134
1.42273
1.40941
1.39768
1.38876
1.37658
1.35615
1.32862
1.30933
1.30175
1.29552
1.28424
1.27392
1.26648
1.25847
1.2483
1.23611
1.22092
1.20249
1.18744
1.17793
1.17232
1.17224
1.17411
1.17437
1.17461
1.17327
1.16838
1.16505
1.1632
1.16072
1.15704
1.15335
1.15128
1.15088
1.14973
1.14478
1.13446
1.12196
1.11151
1.10429
1.10055
1.10004
1.1002
1.09874
1.09209
1.07898
1.06754
1.06101
1.05799
1.0584
1.06451
1.06707
1.06272
1.05043
1.03476
1.02334
1.01792
1.01534
1.01559
1.01712
1.01563
1.01107
1.00899
1.00876
1.00847
1.00845
1.00874
1.00853
1.00731
1.00585
1.00508
1.00487
1.00507
1.00585
1.00607
1.00598
1.00569
1.00501
1.00444
1.00453
1.00508
1.00581
1.00723
1.01064
1.01552
1.0178
1.01805
1.01808
1.01766
1.016
1.01109
1.00184
0.994495
0.992726
0.992425
0.992405
0.992573
0.993368
0.995948
1.00276
1.01453
1.02268
1.02396
1.02401
1.02403
1.0239
1.02291
1.01966
1.01203
1.00309
1.00015
1
1
1
1
1
1
1
1
1
1
1
1
1
1
1
1
1
1
1
1
1
1
1
1
1
1
1
1
1
1
1
1
1
1
1
1
1
1
2.15161
2.13232
2.11283
2.09348
2.07577
2.05864
2.03901
2.01651
1.99255
1.96708
1.94095
1.92039
1.90773
1.89323
1.8755
1.85373
1.8238
1.8035
1.79167
1.77929
1.76289
1.73793
1.72371
1.71438
1.70018
1.68572
1.67186
1.65017
1.62968
1.61947
1.60769
1.5868
1.56071
1.5536
1.54914
1.53924
1.52188
1.51423
1.51071
1.49867
1.4749
1.45143
1.44127
1.43268
1.41817
1.40426
1.39463
1.38082
1.35656
1.3305
1.31807
1.31189
1.30566
1.29467
1.28406
1.27571
1.26688
1.25556
1.24102
1.22117
1.19761
1.18342
1.17456
1.16648
1.16283
1.16206
1.16119
1.15755
1.14792
1.13637
1.12847
1.1241
1.12193
1.12134
1.12191
1.12425
1.12459
1.12359
1.11866
1.10912
1.0978
1.0886
1.08365
1.08218
1.0817
1.0807
1.07705
1.06726
1.05592
1.04891
1.04553
1.04515
1.04832
1.05372
1.05318
1.04764
1.03771
1.02728
1.02044
1.01698
1.01686
1.01926
1.01961
1.01698
1.01241
1.00991
1.0094
1.00895
1.00889
1.00914
1.00886
1.00751
1.00586
1.00524
1.00531
1.00568
1.00567
1.0055
1.00522
1.00508
1.00505
1.00476
1.00464
1.00511
1.00668
1.01021
1.01548
1.01836
1.01867
1.01869
1.01838
1.0169
1.01244
1.00395
0.996237
0.993682
0.993206
0.993174
0.993282
0.993917
0.995826
1.00041
1.00952
1.02016
1.02419
1.02445
1.02449
1.02448
1.02404
1.02219
1.01678
1.00713
1.00085
1.00001
1
1
1
1
1
1
1
1
1
1
1
1
1
1
1
1
1
1
1
1
1
1
1
1
1
1
1
1
1
1
1
1
1
1
1
1
1
1
2.13525
2.11913
2.0996
2.0785
2.05937
2.04107
2.02324
2.00613
1.98821
1.96684
1.94248
1.91693
1.89819
1.88299
1.86792
1.85043
1.83021
1.80769
1.78434
1.77329
1.76377
1.74676
1.72307
1.7107
1.70086
1.68727
1.67345
1.65716
1.63403
1.61736
1.60506
1.58861
1.57035
1.56591
1.56156
1.55153
1.53195
1.51883
1.51271
1.50033
1.47749
1.46021
1.45256
1.44399
1.4295
1.41148
1.39745
1.37996
1.35353
1.33386
1.32493
1.31876
1.31341
1.30321
1.2931
1.28415
1.27412
1.26128
1.24289
1.2185
1.19869
1.18851
1.18034
1.17157
1.16363
1.15818
1.15269
1.14457
1.13322
1.12074
1.11039
1.10446
1.10254
1.10178
1.101
1.10002
1.09778
1.09356
1.08779
1.07922
1.06846
1.0617
1.06119
1.06239
1.06286
1.06161
1.05522
1.04395
1.03484
1.03094
1.03008
1.03206
1.03749
1.04132
1.04014
1.03483
1.02742
1.02196
1.01847
1.01811
1.02122
1.02293
1.02151
1.01739
1.0126
1.01079
1.01009
1.00935
1.00931
1.00957
1.00949
1.00854
1.00703
1.00603
1.00543
1.00529
1.00518
1.00484
1.00461
1.0046
1.00476
1.00533
1.00608
1.00759
1.01109
1.01601
1.01838
1.01854
1.01854
1.01829
1.01711
1.01308
1.00469
0.997081
0.995021
0.994868
0.994992
0.995282
0.995962
0.99749
1.00054
1.00613
1.01495
1.02294
1.02509
1.02521
1.02526
1.02518
1.02424
1.02066
1.01219
1.00285
1.00012
1
1
1
1
1
1
1
1
1
1
1
1
1
1
1
1
1
1
1
1
1
1
1
1
1
1
1
1
1
1
1
1
1
1
1
1
1
1
1
2.12125
2.10257
2.08711
2.06859
2.04786
2.02607
2.00628
1.99238
1.97956
1.96342
1.94194
1.91474
1.89354
1.87625
1.85764
1.83971
1.82701
1.81374
1.7919
1.76809
1.75663
1.74631
1.72893
1.71413
1.70119
1.68484
1.66962
1.65502
1.63622
1.61982
1.60701
1.5922
1.57763
1.57416
1.56887
1.55787
1.54014
1.5223
1.51263
1.50051
1.47989
1.46658
1.46039
1.45206
1.43856
1.41868
1.39905
1.37776
1.35385
1.3403
1.33191
1.32554
1.31984
1.30938
1.29936
1.29014
1.27912
1.2641
1.24144
1.2159
1.20172
1.19332
1.18566
1.17678
1.16815
1.16125
1.15225
1.14028
1.12595
1.11071
1.09867
1.09114
1.08692
1.08468
1.08204
1.07692
1.06993
1.06331
1.05831
1.05372
1.04741
1.04287
1.0423
1.04361
1.04425
1.04144
1.0327
1.02296
1.0161
1.0139
1.01546
1.01963
1.02601
1.02786
1.02706
1.02348
1.01835
1.01559
1.01548
1.01853
1.02188
1.02152
1.0192
1.01579
1.01243
1.01103
1.01066
1.01094
1.01193
1.01206
1.0111
1.00914
1.00746
1.00591
1.00487
1.00487
1.00493
1.00478
1.00466
1.00463
1.00475
1.00545
1.00769
1.01216
1.01731
1.01935
1.01946
1.01915
1.01838
1.01694
1.01333
1.00617
0.998905
0.996002
0.995632
0.995818
0.996238
0.997165
0.99896
1.00183
1.00578
1.01117
1.01847
1.0245
1.02598
1.02609
1.02614
1.02589
1.0238
1.01725
1.00649
1.0006
1.00001
1
1
1
1
1
1
1
1
1
1
1
1
1
1
1
1
1
1
1
1
1
1
1
1
1
1
1
1
1
1
1
1
1
1
1
1
1
1
1
2.1091
2.09003
2.06919
2.05405
2.03707
2.01708
1.99626
1.97888
1.96676
1.95523
1.93855
1.91473
1.89013
1.86918
1.85126
1.83418
1.82156
1.80969
1.79161
1.77024
1.75347
1.74293
1.72807
1.7118
1.69735
1.68118
1.66583
1.65315
1.63685
1.62039
1.60816
1.59519
1.58316
1.5787
1.57276
1.56077
1.54036
1.52176
1.51192
1.50173
1.48626
1.47366
1.46647
1.45629
1.44044
1.41819
1.39486
1.37616
1.35862
1.34682
1.33813
1.33171
1.32452
1.31374
1.30384
1.29384
1.28164
1.26262
1.23595
1.21674
1.20638
1.1986
1.1921
1.18199
1.1715
1.16274
1.15295
1.14001
1.12346
1.10718
1.09521
1.08666
1.08152
1.07741
1.07123
1.06329
1.05526
1.04814
1.04173
1.03588
1.03161
1.02896
1.02749
1.02528
1.02177
1.0156
1.00723
1.00124
1.00029
1.00165
1.00429
1.00847
1.00816
1.00549
1.00459
1.00414
1.00401
1.00519
1.01151
1.01968
1.0201
1.01844
1.0154
1.01223
1.01093
1.01091
1.01137
1.01377
1.01485
1.01421
1.01225
1.00993
1.00752
1.00541
1.00464
1.00466
1.00464
1.0048
1.0052
1.00578
1.00689
1.00942
1.01405
1.01831
1.01935
1.01944
1.01948
1.01923
1.01753
1.01307
1.0057
0.999617
0.997735
0.997543
0.997752
0.998261
0.999174
1.00074
1.00311
1.00605
1.00946
1.01418
1.02093
1.02619
1.02724
1.02733
1.02732
1.02628
1.02168
1.01129
1.00197
1.00005
1
1
1
1
1
1
1
1
1
1
1
1
1
1
1
1
1
1
1
1
1
1
1
1
1
1
1
1
1
1
1
1
1
1
1
1
1
1
1
1
2.04459
2.07672
2.06008
2.03837
2.023
2.00716
1.9889
1.97123
1.95699
1.94424
1.92931
1.91021
1.88774
1.86612
1.84573
1.8296
1.81971
1.80607
1.78877
1.76699
1.74704
1.7372
1.72547
1.71037
1.69379
1.67636
1.65669
1.64421
1.63744
1.62639
1.61335
1.59988
1.58443
1.57855
1.57137
1.55831
1.5392
1.5213
1.513
1.50478
1.49189
1.47999
1.47095
1.45862
1.43941
1.41291
1.38915
1.37728
1.36492
1.35285
1.34378
1.33727
1.32784
1.31686
1.30679
1.29576
1.28043
1.256
1.23184
1.2192
1.20991
1.20263
1.19663
1.18627
1.17528
1.16569
1.15454
1.13954
1.12103
1.10566
1.09476
1.08703
1.08205
1.07617
1.06689
1.05646
1.04692
1.03814
1.03054
1.02482
1.02145
1.01991
1.01791
1.013
1.00544
0.999131
0.994116
0.990965
0.990533
0.992146
0.994334
0.991664
0.984676
0.981092
0.981034
0.982046
0.98558
0.993946
1.00767
1.01716
1.0174
1.0157
1.01252
1.00948
1.00946
1.01038
1.01303
1.01493
1.01465
1.01352
1.01176
1.00965
1.00709
1.00518
1.00464
1.00445
1.00446
1.0047
1.00568
1.00778
1.01157
1.01658
1.01964
1.02009
1.02001
1.0194
1.0186
1.01694
1.01259
1.00556
1.00031
0.998662
0.998518
0.998811
0.999384
1.00041
1.00218
1.00473
1.00741
1.00963
1.01207
1.01643
1.02348
1.02817
1.02881
1.02889
1.02858
1.0255
1.01643
1.00453
1.00024
1
1
1
1
1
1
1
1
1
1
1
1
1
1
1
1
1
1
1
1
1
1
1
1
1
1
1
1
1
1
1
1
1
1
1
1
1
1
1
1
1
1.86742
2.01783
2.04566
2.03104
2.0123
1.99746
1.98172
1.96365
1.94537
1.92895
1.91537
1.90067
1.88316
1.86376
1.8417
1.82759
1.81478
1.7982
1.78323
1.7656
1.74594
1.73157
1.7163
1.70153
1.69027
1.67917
1.65833
1.63876
1.63239
1.62323
1.61202
1.60129
1.58887
1.58121
1.56997
1.55269
1.531
1.52014
1.51538
1.50773
1.49665
1.48536
1.47363
1.45743
1.43303
1.40561
1.38978
1.38166
1.37023
1.35787
1.34904
1.34121
1.33007
1.31829
1.30726
1.29434
1.27361
1.24693
1.23094
1.22108
1.2123
1.2067
1.2005
1.1892
1.17791
1.16772
1.15548
1.13791
1.11981
1.10708
1.09767
1.09097
1.08451
1.07534
1.06463
1.05383
1.04295
1.03301
1.02555
1.02046
1.01704
1.01353
1.00788
1.00063
0.994281
0.989425
0.98576
0.983895
0.98391
0.983991
0.979818
0.972376
0.967331
0.965125
0.964932
0.965823
0.970847
0.982128
0.994465
0.999988
1.00186
1.00188
1.00143
1.00144
1.00346
1.00902
1.01314
1.01311
1.01236
1.01119
1.00947
1.00725
1.00552
1.0047
1.00423
1.00419
1.0046
1.00594
1.00837
1.01212
1.01671
1.01942
1.01991
1.02
1.01994
1.01919
1.01656
1.01112
1.0043
1.00061
0.999945
1.00001
1.00035
1.00096
1.00195
1.00341
1.00528
1.0072
1.00896
1.01085
1.01387
1.01981
1.02751
1.03054
1.03075
1.03072
1.02877
1.02132
1.00815
1.00076
1.00001
1
1
1
1
1
1
1
1
1
1
1
1
1
1
1
1
1
1
1
1
1
1
1
1
1
1
1
1
1
1
1
1
1
1
1
1
1
1
1
1
1
1.42039
1.86468
1.98743
2.0139
2.00418
1.98467
1.9675
1.95165
1.93343
1.91458
1.89856
1.88754
1.87644
1.8587
1.8372
1.82185
1.80534
1.79048
1.77776
1.76116
1.74461
1.72667
1.70765
1.69023
1.68096
1.67232
1.65608
1.63949
1.63147
1.62087
1.60952
1.59547
1.58436
1.57876
1.5676
1.5512
1.53075
1.52161
1.51637
1.50681
1.49442
1.48425
1.47141
1.45196
1.42434
1.4028
1.39291
1.38576
1.37323
1.36131
1.35328
1.34469
1.33271
1.31992
1.30661
1.28865
1.26307
1.24318
1.23269
1.22311
1.21505
1.20998
1.20247
1.19001
1.17859
1.16785
1.1536
1.13505
1.12056
1.11023
1.10207
1.09573
1.08779
1.07664
1.06531
1.05438
1.04347
1.03433
1.02742
1.02242
1.01798
1.01082
1.00139
0.993311
0.987751
0.983587
0.981319
0.981408
0.982203
0.980068
0.973445
0.966981
0.963515
0.962394
0.962148
0.96259
0.964984
0.969686
0.973205
0.975571
0.978277
0.981365
0.984902
0.989281
0.99569
1.00468
1.00949
1.00935
1.0088
1.00802
1.00673
1.00524
1.0041
1.00338
1.00335
1.00395
1.00559
1.00846
1.01244
1.0162
1.01814
1.01872
1.01877
1.0187
1.01789
1.01487
1.00891
1.00305
1.00059
1.00009
1.00024
1.00073
1.00146
1.00257
1.00434
1.00669
1.00864
1.00955
1.01009
1.01154
1.01595
1.02482
1.03187
1.033
1.03306
1.03189
1.02582
1.01239
1.00177
1.00003
1
1
1
1
1
1
1
1
1
1
1
1
1
1
1
1
1
1
1
1
1
1
1
1
1
1
1
1
1
1
1
1
1
1
1
1
1
1
1
1
1
1
1.04355
1.42538
1.84366
1.95373
1.9841
1.97291
1.95065
1.93344
1.91852
1.9027
1.8866
1.87646
1.86611
1.84862
1.82989
1.81273
1.79549
1.78006
1.76599
1.75454
1.73932
1.71857
1.69612
1.67763
1.67262
1.66616
1.6513
1.63593
1.62737
1.61659
1.60591
1.58947
1.57971
1.57429
1.56357
1.54761
1.52927
1.52378
1.51779
1.50665
1.49177
1.47898
1.46332
1.44212
1.41756
1.40387
1.39616
1.38879
1.37502
1.36287
1.35512
1.34604
1.33373
1.31962
1.30248
1.27851
1.2548
1.24281
1.23393
1.22446
1.21799
1.21306
1.20389
1.19107
1.17904
1.16631
1.14898
1.13265
1.12216
1.11344
1.10691
1.1003
1.09034
1.07829
1.06687
1.05548
1.04543
1.03762
1.03157
1.027
1.02147
1.01276
1.00303
0.995076
0.989466
0.985572
0.983626
0.983478
0.982943
0.979037
0.972566
0.967214
0.963987
0.961834
0.960901
0.961309
0.962433
0.962301
0.962287
0.962711
0.963804
0.965733
0.969502
0.976437
0.98649
0.995211
0.998219
0.998671
0.998513
0.998422
0.998662
0.999465
1.00007
1.00065
1.00171
1.0034
1.006
1.00974
1.01379
1.0166
1.01773
1.01777
1.01731
1.01575
1.01225
1.00652
1.0019
1.00096
1.00098
1.00109
1.0014
1.00193
1.00283
1.00438
1.00646
1.00829
1.00949
1.01046
1.01176
1.01474
1.02223
1.03214
1.03554
1.03572
1.03503
1.02996
1.01678
1.00331
1.0001
1
1
1
1
1
1
1
1
1
1
1
1
1
1
1
1
1
1
1
1
1
1
1
1
1
1
1
1
1
1
1
1
1
1
1
1
1
1
1
1
1
1
1
1.00054
1.04553
1.42477
1.78966
1.91585
1.95995
1.94592
1.92292
1.9074
1.89192
1.87483
1.86513
1.8537
1.83595
1.81716
1.80087
1.78725
1.77031
1.75435
1.74345
1.72771
1.70942
1.69182
1.67054
1.66497
1.66055
1.64758
1.63251
1.62198
1.61127
1.59857
1.5797
1.57422
1.57045
1.56047
1.54593
1.52986
1.52217
1.51372
1.50076
1.48414
1.47035
1.45489
1.43587
1.41647
1.40567
1.39781
1.38942
1.37463
1.36258
1.35514
1.34591
1.33314
1.31644
1.29352
1.26826
1.25307
1.24435
1.23562
1.22649
1.22033
1.2142
1.20339
1.19027
1.17761
1.16237
1.14521
1.13376
1.12528
1.11806
1.11226
1.10399
1.09204
1.07968
1.06827
1.05792
1.04993
1.04357
1.03855
1.03346
1.0258
1.01616
1.00674
0.999123
0.993959
0.99081
0.98923
0.988141
0.985048
0.979861
0.974142
0.968654
0.965003
0.962666
0.962275
0.962756
0.962451
0.960914
0.960712
0.961148
0.962138
0.963616
0.965682
0.969569
0.97552
0.980223
0.982787
0.984521
0.986086
0.987855
0.990126
0.993048
0.995966
0.998163
1.00008
1.00247
1.00586
1.00984
1.01288
1.01391
1.01404
1.01379
1.01215
1.00897
1.00491
1.00173
1.00078
1.00088
1.00122
1.00171
1.00233
1.00322
1.00489
1.00759
1.00973
1.0102
1.01017
1.0106
1.01293
1.01979
1.03152
1.03813
1.03869
1.03825
1.03386
1.02106
1.00522
1.00022
1
1
1
1
1
1
1
1
1
1
1
1
1
1
1
1
1
1
1
1
1
1
1
1
1
1
1
1
1
1
1
1
1
1
1
1
1
1
1
1
1
1
1
1
1
1.00059
1.04627
1.37991
1.71436
1.89754
1.93674
1.92694
1.90548
1.88151
1.86006
1.85014
1.83805
1.82167
1.80575
1.79229
1.77774
1.75854
1.74441
1.73172
1.71707
1.70631
1.68718
1.66323
1.65957
1.65392
1.64091
1.62497
1.61432
1.60427
1.59059
1.57177
1.56918
1.56566
1.55556
1.54036
1.52621
1.51738
1.50649
1.49267
1.47438
1.45859
1.44675
1.43267
1.41697
1.40664
1.39896
1.39021
1.37492
1.36236
1.3542
1.34428
1.33007
1.30916
1.28211
1.26422
1.25469
1.24599
1.23701
1.22863
1.22294
1.21546
1.20302
1.18927
1.17451
1.15704
1.14371
1.13563
1.12847
1.12302
1.11672
1.1066
1.09394
1.08156
1.07012
1.06123
1.05457
1.04914
1.04484
1.03955
1.0315
1.022
1.01325
1.00652
1.00201
0.999167
0.997329
0.995309
0.991687
0.986842
0.981264
0.975949
0.972568
0.970468
0.969787
0.969512
0.968023
0.965311
0.963772
0.963845
0.96434
0.965087
0.966338
0.968719
0.97123
0.973442
0.975571
0.977629
0.979695
0.982282
0.985702
0.989633
0.993006
0.995267
0.997505
1.00064
1.00526
1.00846
1.00872
1.0087
1.00849
1.00779
1.00624
1.00423
1.00281
1.00195
1.00166
1.00183
1.00199
1.00225
1.00288
1.00433
1.0069
1.00947
1.01078
1.01161
1.01252
1.01433
1.0197
1.03114
1.04056
1.042
1.04165
1.03761
1.02501
1.00725
1.0004
1
1
1
1
1
1
1
1
1
1
1
1
1
1
1
1
1
1
1
1
1
1
1
1
1
1
1
1
1
1
1
1
1
1
1
1
1
1
1
1
1
1
1
1
1
1
1
1.00058
1.0358
1.29461
1.67783
1.88973
1.90114
1.89351
1.87547
1.85204
1.83756
1.82436
1.80979
1.79589
1.78226
1.76725
1.75371
1.73668
1.71409
1.69976
1.69684
1.68781
1.67014
1.6517
1.64146
1.62927
1.61543
1.60549
1.59684
1.58172
1.56546
1.5648
1.56067
1.55022
1.53314
1.51752
1.5072
1.4958
1.48277
1.46614
1.45218
1.44371
1.43212
1.41651
1.40517
1.39703
1.38887
1.37524
1.36264
1.35295
1.34131
1.32359
1.29763
1.27419
1.26411
1.25714
1.24804
1.23906
1.23121
1.22512
1.21589
1.20217
1.18696
1.16973
1.15422
1.14542
1.13873
1.13293
1.12759
1.11953
1.10806
1.0954
1.08322
1.07314
1.06614
1.06065
1.05635
1.0521
1.04573
1.03728
1.0281
1.01983
1.01379
1.00991
1.00781
1.00635
1.0041
1.0002
0.995158
0.989196
0.98352
0.980098
0.977988
0.97674
0.975557
0.973681
0.971366
0.968698
0.967423
0.967533
0.96781
0.968607
0.969587
0.970923
0.97271
0.974786
0.976917
0.979023
0.981465
0.984858
0.989104
0.993101
0.995541
0.996864
0.999045
1.00322
1.0053
1.00531
1.00527
1.00519
1.00514
1.00457
1.00303
1.00204
1.00216
1.00254
1.003
1.0035
1.00421
1.00573
1.00863
1.01148
1.01228
1.01207
1.01207
1.01354
1.01915
1.03142
1.04311
1.04559
1.04525
1.04123
1.02849
1.00911
1.0006
1
1
1
1
1
1
1
1
1
1
1
1
1
1
1
1
1
1
1
1
1
1
1
1
1
1
1
1
1
1
1
1
1
1
1
1
1
1
1
1
1
1
1
1
1
1
1
1
1
1.00038
1.02109
1.24329
1.67689
1.82644
1.85317
1.8655
1.85152
1.8309
1.81745
1.80587
1.79
1.77105
1.75621
1.74276
1.72828
1.71399
1.69707
1.6846
1.67989
1.6718
1.65564
1.63708
1.61805
1.6022
1.59783
1.59316
1.58174
1.56591
1.55993
1.55188
1.5391
1.52054
1.50678
1.49743
1.48705
1.47379
1.45764
1.44815
1.4411
1.43062
1.4156
1.4041
1.39428
1.38572
1.37425
1.36199
1.35116
1.33686
1.31419
1.28801
1.27265
1.26534
1.25999
1.25077
1.24186
1.23457
1.22734
1.21585
1.20059
1.183
1.16568
1.15509
1.14853
1.14293
1.13806
1.13125
1.1212
1.10936
1.09723
1.08571
1.07759
1.07172
1.06713
1.0636
1.05907
1.05213
1.04374
1.03495
1.02744
1.02219
1.01891
1.01729
1.01587
1.01325
1.00909
1.00384
0.997785
0.992564
0.98964
0.98789
0.98677
0.985458
0.983526
0.981293
0.978604
0.976908
0.976751
0.976921
0.976825
0.975607
0.975393
0.975952
0.977414
0.979354
0.981389
0.983562
0.98643
0.99013
0.993455
0.995495
0.996949
0.998734
1.00223
1.00424
1.0044
1.00456
1.00473
1.00484
1.00452
1.00329
1.00313
1.00325
1.00318
1.00338
1.00406
1.00565
1.00849
1.01148
1.01318
1.01425
1.01529
1.01693
1.02176
1.03335
1.0461
1.04941
1.04902
1.04476
1.03137
1.01048
1.00076
1
1
1
1
1
1
1
1
1
1
1
1
1
1
1
1
1
1
1
1
1
1
1
1
1
1
1
1
1
1
1
1
1
1
1
1
1
1
1
1
1
1
1
1
1
1
1
1
1
1
1
1.00018
1.01529
1.22779
1.58836
1.74387
1.82311
1.84677
1.8364
1.818
1.80513
1.78726
1.76673
1.74679
1.72861
1.71799
1.7122
1.70363
1.68599
1.67222
1.66437
1.65003
1.63392
1.61413
1.59728
1.59268
1.58847
1.57874
1.56419
1.55363
1.5416
1.52605
1.50437
1.49433
1.48871
1.48082
1.46683
1.45329
1.44702
1.43878
1.42706
1.41416
1.40308
1.39168
1.3814
1.37182
1.36006
1.34742
1.33009
1.30487
1.28485
1.27382
1.26736
1.26286
1.25387
1.24501
1.23763
1.22905
1.21592
1.19841
1.17897
1.16534
1.15804
1.15227
1.14789
1.14246
1.13361
1.12283
1.11173
1.09964
1.08971
1.08352
1.0783
1.07469
1.07137
1.06602
1.05872
1.05071
1.0422
1.03546
1.03088
1.02834
1.02724
1.02563
1.02237
1.01774
1.01211
1.00587
1.00136
0.999064
0.997726
0.99668
0.994979
0.992732
0.990073
0.987176
0.985815
0.985637
0.985566
0.984559
0.982356
0.980502
0.980454
0.980928
0.981815
0.983229
0.985519
0.988359
0.991091
0.99349
0.99548
0.997215
0.999425
1.00295
1.00464
1.00479
1.00498
1.0052
1.00525
1.00504
1.00502
1.00538
1.00577
1.00631
1.00728
1.00921
1.01224
1.01457
1.01498
1.01454
1.01466
1.0166
1.02321
1.03671
1.05006
1.05349
1.05294
1.04809
1.03347
1.01112
1.0008
1.00001
1
1
1
1
1
1
1
1
1
1
1
1
1
1
1
1
1
1
1
1
1
1
1
1
1
1
1
1
1
1
1
1
1
1
1
1
1
1
1
1
1
1
1
1
1
1
1
1
1
1
1
1
1.00013
1.01174
1.16087
1.43733
1.69279
1.81809
1.81582
1.81424
1.80765
1.78375
1.75915
1.74243
1.72731
1.71186
1.70768
1.70485
1.6935
1.67442
1.6558
1.64132
1.62612
1.61071
1.59971
1.59254
1.58507
1.57362
1.55836
1.54418
1.52975
1.51346
1.49341
1.48696
1.4833
1.47587
1.46145
1.45091
1.44572
1.43652
1.42239
1.41172
1.40247
1.3914
1.37877
1.36815
1.35608
1.33984
1.32131
1.30117
1.28622
1.27647
1.27032
1.2659
1.2571
1.24805
1.23997
1.22993
1.21526
1.19505
1.17756
1.1687
1.16264
1.15785
1.15309
1.14533
1.13553
1.12544
1.11417
1.10266
1.09553
1.09043
1.08593
1.08289
1.07887
1.07272
1.06577
1.05801
1.04997
1.04428
1.04045
1.03858
1.03733
1.0349
1.03093
1.02588
1.01994
1.01423
1.01093
1.00931
1.00837
1.00714
1.00492
1.00232
0.999277
0.996665
0.995786
0.995525
0.995379
0.994754
0.993107
0.991197
0.990585
0.990779
0.991105
0.991792
0.993505
0.995515
0.996875
0.998168
0.999525
1.00077
1.00229
1.00466
1.00614
1.00629
1.00642
1.00663
1.00676
1.00669
1.00635
1.00667
1.00749
1.00876
1.01075
1.01336
1.01557
1.01694
1.01802
1.01903
1.02117
1.02777
1.0417
1.05491
1.05792
1.05697
1.05105
1.03447
1.01082
1.00072
1
1
1
1
1
1
1
1
1
1
1
1
1
1
1
1
1
1
1
1
1
1
1
1
1
1
1
1
1
1
1
1
1
1
1
1
1
1
1
1
1
1
1
1
1
1
1
1
1
1
1
1
1
1
1
1.00008
1.00535
1.07399
1.33886
1.65694
1.76052
1.79691
1.79913
1.78316
1.75906
1.74306
1.73054
1.7096
1.70263
1.70029
1.69215
1.67305
1.64832
1.63355
1.62107
1.6065
1.5984
1.59326
1.5848
1.56795
1.54761
1.53319
1.52067
1.50568
1.48645
1.48328
1.48102
1.47292
1.45775
1.44894
1.44422
1.43518
1.41945
1.40899
1.40168
1.39014
1.3766
1.36424
1.35035
1.33094
1.31456
1.30264
1.28988
1.27973
1.27355
1.26883
1.26067
1.25143
1.2417
1.22987
1.21225
1.19187
1.18062
1.17419
1.16891
1.16494
1.15779
1.14815
1.13907
1.12891
1.11666
1.10716
1.10186
1.0979
1.09517
1.09149
1.08566
1.07973
1.07347
1.06546
1.05817
1.05355
1.05054
1.04911
1.0473
1.04391
1.03923
1.03364
1.02748
1.02278
1.02056
1.01954
1.0188
1.01716
1.01443
1.01133
1.00799
1.00597
1.0055
1.00533
1.0052
1.00437
1.00287
1.00107
0.999933
0.999945
1.0001
1.00054
1.00165
1.00261
1.00325
1.00406
1.00477
1.0053
1.00576
1.0066
1.00792
1.00817
1.00824
1.00856
1.00933
1.01056
1.01186
1.01321
1.01491
1.01691
1.01841
1.01878
1.01819
1.01781
1.01855
1.02245
1.03242
1.04854
1.0605
1.06253
1.06092
1.0534
1.03409
1.00954
1.00053
1
1
1
1
1
1
1
1
1
1
1
1
1
1
1
1
1
1
1
1
1
1
1
1
1
1
1
1
1
1
1
1
1
1
1
1
1
1
1
1
1
1
1
1
1
1
1
1
1
1
1
1
1
1
1
1
1
1.00002
1.00144
1.03554
1.27738
1.56767
1.72564
1.75716
1.76813
1.76213
1.75087
1.735
1.71606
1.70133
1.6885
1.68318
1.67145
1.64906
1.62517
1.61463
1.60764
1.59861
1.58934
1.57975
1.56418
1.53934
1.5216
1.51365
1.50387
1.48755
1.4815
1.47885
1.47045
1.45492
1.44659
1.44229
1.43405
1.41861
1.40715
1.40024
1.3885
1.37256
1.35965
1.34421
1.32573
1.31321
1.30479
1.29474
1.28387
1.27704
1.27194
1.26426
1.25467
1.24268
1.22762
1.20797
1.19321
1.18653
1.18056
1.17609
1.17141
1.1622
1.15247
1.14358
1.13254
1.12088
1.11401
1.10946
1.10679
1.10451
1.09903
1.0928
1.08758
1.08109
1.07291
1.0673
1.06363
1.06108
1.05937
1.05664
1.05251
1.04732
1.04123
1.03534
1.03195
1.03048
1.02985
1.02901
1.02685
1.0237
1.02006
1.01673
1.01545
1.01522
1.0152
1.01517
1.0144
1.01306
1.01145
1.01028
1.01024
1.01019
1.01036
1.01105
1.01131
1.01144
1.01166
1.01186
1.01162
1.01124
1.0117
1.01293
1.0133
1.01341
1.01361
1.01409
1.01495
1.01623
1.01793
1.01979
1.02127
1.0222
1.02282
1.0232
1.02424
1.02854
1.03982
1.05663
1.06641
1.06726
1.06458
1.0547
1.03198
1.00748
1.00032
1
1
1
1
1
1
1
1
1
1
1
1
1
1
1
1
1
1
1
1
1
1
1
1
1
1
1
1
1
1
1
1
1
1
1
1
1
1
1
1
1
1
1
1
1
1
1
1
1
1
1
1
1
1
1
1
1
1
1
1
1.00045
1.02261
1.1839
1.43873
1.64933
1.72808
1.73382
1.73815
1.73603
1.7252
1.7083
1.68982
1.66773
1.6588
1.64814
1.62997
1.60949
1.6038
1.59829
1.58661
1.57208
1.55812
1.53887
1.51799
1.50912
1.50344
1.49246
1.48167
1.47636
1.46932
1.45437
1.44432
1.44046
1.43369
1.42031
1.40614
1.39636
1.38484
1.36816
1.35497
1.34142
1.32526
1.31435
1.30627
1.29933
1.28911
1.28136
1.2752
1.26726
1.25656
1.2416
1.22286
1.20695
1.19883
1.19343
1.18757
1.18361
1.17785
1.16772
1.15798
1.14824
1.13633
1.12754
1.12236
1.11853
1.11658
1.11326
1.10677
1.10101
1.09548
1.08797
1.08083
1.0771
1.07415
1.07161
1.06906
1.06558
1.06096
1.05514
1.04859
1.04385
1.04161
1.04062
1.0402
1.03901
1.03638
1.03277
1.02865
1.02566
1.02507
1.025
1.02501
1.02472
1.02365
1.02224
1.02048
1.01979
1.01985
1.01988
1.02025
1.02051
1.02037
1.02006
1.01997
1.01988
1.01842
1.01717
1.01754
1.0185
1.01926
1.01965
1.02011
1.02093
1.02209
1.02311
1.02361
1.02367
1.02329
1.0231
1.02365
1.02661
1.03454
1.04924
1.06548
1.07198
1.07177
1.06743
1.05435
1.02788
1.00506
1.00015
1
1
1
1
1
1
1
1
1
1
1
1
1
1
1
1
1
1
1
1
1
1
1
1
1
1
1
1
1
1
1
1
1
1
1
1
1
1
1
1
1
1
1
1
1
1
1
1
1
1
1
1
1
1
1
1
1
1
1
1
1
1
1.00025
1.00822
1.08106
1.31451
1.56853
1.67791
1.70119
1.7156
1.72189
1.7153
1.69769
1.67294
1.64664
1.6382
1.62946
1.6142
1.59891
1.59377
1.58537
1.56801
1.55064
1.53727
1.52257
1.507
1.50099
1.49645
1.48678
1.47443
1.46654
1.45636
1.44519
1.43911
1.43225
1.41924
1.4051
1.39319
1.38104
1.36521
1.35094
1.34117
1.32902
1.31771
1.30917
1.30358
1.2953
1.28692
1.27916
1.26997
1.25683
1.23759
1.21997
1.2119
1.20619
1.20055
1.1948
1.19082
1.18433
1.17425
1.16412
1.15298
1.14209
1.13636
1.13198
1.12895
1.12665
1.12158
1.11518
1.10962
1.10305
1.09486
1.08974
1.0872
1.08459
1.08152
1.07827
1.07447
1.06938
1.06281
1.05642
1.05326
1.05155
1.05073
1.05015
1.04857
1.0457
1.0417
1.03742
1.03509
1.03474
1.03471
1.03463
1.03405
1.03294
1.03126
1.02947
1.02914
1.02916
1.02926
1.02976
1.02977
1.02933
1.02876
1.02829
1.02709
1.02514
1.02461
1.02495
1.0255
1.0262
1.02685
1.02749
1.02836
1.02941
1.03003
1.03032
1.03046
1.03072
1.03172
1.03526
1.04452
1.06043
1.07386
1.07697
1.07554
1.06908
1.05152
1.02194
1.00283
1.00005
1
1
1
1
1
1
1
1
1
1
1
1
1
1
1
1
1
1
1
1
1
1
1
1
1
1
1
1
1
1
1
1
1
1
1
1
1
1
1
1
1
1
1
1
1
1
1
1
1
1
1
1
1
1
1
1
1
1
1
1
1
1
1
1
1.00004
1.00166
1.03245
1.20001
1.45032
1.60257
1.65836
1.69779
1.70594
1.69857
1.67952
1.65221
1.6321
1.62459
1.61651
1.60202
1.58768
1.57989
1.56868
1.5485
1.53387
1.52668
1.51539
1.50144
1.49527
1.4899
1.47869
1.4652
1.45534
1.44678
1.43926
1.43013
1.41587
1.40118
1.39054
1.37906
1.36437
1.35074
1.34343
1.33495
1.32288
1.31383
1.30826
1.30079
1.29246
1.28338
1.27164
1.25448
1.23401
1.2234
1.21936
1.21408
1.20799
1.20226
1.19773
1.19093
1.18123
1.17002
1.15805
1.15039
1.14628
1.14277
1.14034
1.13638
1.13003
1.1241
1.11819
1.1102
1.10264
1.09931
1.09763
1.09474
1.09088
1.08725
1.083
1.07739
1.07041
1.06542
1.06338
1.06179
1.06082
1.05986
1.05801
1.05474
1.05036
1.0466
1.04507
1.04467
1.04441
1.04393
1.04322
1.04184
1.03967
1.03837
1.03833
1.0384
1.03881
1.03908
1.03883
1.0382
1.03755
1.03651
1.03391
1.03182
1.03186
1.03218
1.03249
1.03298
1.03371
1.03414
1.03433
1.03438
1.03445
1.03476
1.03575
1.0385
1.04482
1.05679
1.07214
1.08059
1.08113
1.07818
1.06867
1.04552
1.01492
1.00125
1.00001
1
1
1
1
1
1
1
1
1
1
1
1
1
1
1
1
1
1
1
1
1
1
1
1
1
1
1
1
1
1
1
1
1
1
1
1
1
1
1
1
1
1
1
1
1
1
1
1
1
1
1
1
1
1
1
1
1
1
1
1
1
1
1
1
1
1
1
1.00036
1.01086
1.09398
1.30797
1.49594
1.6104
1.66962
1.68324
1.67629
1.6608
1.63764
1.62444
1.61736
1.60695
1.59132
1.572
1.56394
1.552
1.5351
1.52717
1.52053
1.50663
1.49682
1.49019
1.48107
1.46929
1.45644
1.44486
1.43645
1.42859
1.41482
1.39865
1.38919
1.3788
1.36392
1.35286
1.34757
1.34047
1.32853
1.32014
1.31427
1.30673
1.29782
1.28688
1.2711
1.25021
1.2364
1.23194
1.228
1.22163
1.21582
1.21074
1.20474
1.19737
1.18742
1.17481
1.16521
1.16048
1.15706
1.15491
1.15166
1.14551
1.13933
1.13351
1.12618
1.11708
1.11151
1.10931
1.10793
1.10439
1.10031
1.09632
1.09146
1.08481
1.07846
1.07544
1.07364
1.07193
1.07083
1.0696
1.06734
1.06366
1.05914
1.05629
1.05515
1.05461
1.05393
1.0532
1.05228
1.0505
1.04819
1.04742
1.04741
1.0476
1.048
1.04796
1.04751
1.04679
1.04578
1.04362
1.04067
1.03974
1.03989
1.04006
1.04039
1.04105
1.042
1.04287
1.04348
1.044
1.04478
1.0464
1.05011
1.05792
1.07063
1.08223
1.0855
1.08442
1.07929
1.06492
1.03599
1.00824
1.0004
1
1
1
1
1
1
1
1
1
1
1
1
1
1
1
1
1
1
1
1
1
1
1
1
1
1
1
1
1
1
1
1
1
1
1
1
1
1
1
1
1
1
1
1
1
1
1
1
1
1
1
1
1
1
1
1
1
1
1
1
1
1
1
1
1
1
1
1
1
1
1.00007
1.00246
1.03284
1.16784
1.37521
1.53925
1.61405
1.65669
1.65412
1.64288
1.63104
1.62349
1.61503
1.59965
1.57858
1.56016
1.55108
1.53733
1.52788
1.52322
1.51242
1.50107
1.49306
1.48171
1.47028
1.45968
1.44475
1.43136
1.42531
1.41619
1.40017
1.3886
1.37929
1.3659
1.35717
1.35233
1.34585
1.3351
1.32751
1.32009
1.31151
1.30157
1.28846
1.26901
1.25055
1.24385
1.24154
1.23709
1.23043
1.22526
1.21975
1.21269
1.20379
1.19154
1.18016
1.17489
1.1711
1.1686
1.1666
1.16179
1.15561
1.14955
1.14247
1.13286
1.1249
1.12152
1.11993
1.11752
1.11357
1.10966
1.1054
1.09968
1.09216
1.08746
1.08593
1.08415
1.08212
1.08071
1.07917
1.07666
1.07244
1.06829
1.06633
1.06546
1.06469
1.06345
1.06225
1.06095
1.05875
1.0568
1.05646
1.05648
1.0568
1.05691
1.05663
1.05602
1.05524
1.05347
1.05003
1.04753
1.04744
1.04745
1.04743
1.04756
1.04808
1.049
1.05023
1.05174
1.05384
1.05725
1.06315
1.07269
1.08363
1.08926
1.08929
1.08621
1.07754
1.05627
1.02387
1.00341
1.00009
1
1
1
1
1
1
1
1
1
1
1
1
1
1
1
1
1
1
1
1
1
1
1
1
1
1
1
1
1
1
1
1
1
1
1
1
1
1
1
1
1
1
1
1
1
1
1
1
1
1
1
1
1
1
1
1
1
1
1
1
1
1
1
1
1
1
1
1
1
1
1
1
1.00001
1.0004
1.00853
1.06421
1.24553
1.42087
1.54759
1.61986
1.62578
1.62379
1.62181
1.61995
1.60914
1.58965
1.56571
1.5529
1.54189
1.52947
1.52417
1.51633
1.50355
1.49507
1.48371
1.46899
1.45924
1.44729
1.43113
1.42276
1.41682
1.4054
1.39112
1.38122
1.37083
1.36211
1.35667
1.35151
1.34322
1.3354
1.32659
1.31531
1.30296
1.28757
1.26814
1.25779
1.25411
1.252
1.24645
1.23964
1.23476
1.22882
1.2207
1.2087
1.19529
1.18858
1.18551
1.18271
1.17982
1.17667
1.17212
1.1665
1.15967
1.1501
1.13965
1.13436
1.13209
1.13028
1.12654
1.12286
1.11921
1.11458
1.10762
1.10028
1.09721
1.09618
1.09497
1.09257
1.09056
1.08868
1.0856
1.08098
1.0778
1.07649
1.07587
1.07494
1.07318
1.07137
1.06934
1.06668
1.06531
1.06523
1.06536
1.06558
1.06547
1.06496
1.06428
1.06306
1.06041
1.05688
1.05571
1.05573
1.05568
1.05573
1.0561
1.05707
1.0588
1.06141
1.06517
1.07064
1.07842
1.08741
1.09331
1.09399
1.09186
1.08574
1.07082
1.04209
1.01207
1.00096
1.00001
1
1
1
1
1
1
1
1
1
1
1
1
1
1
1
1
1
1
1
1
1
1
1
1
1
1
1
1
1
1
1
1
1
1
1
1
1
1
1
1
1
1
1
1
1
1
1
1
1
1
1
1
1
1
1
1
1
1
1
1
1
1
1
1
1
1
1
1
1
1
1
1
1
1
1
1.00005
1.00133
1.01975
1.1111
1.27579
1.4546
1.56531
1.58779
1.59835
1.60891
1.60748
1.59889
1.58124
1.56303
1.55157
1.53707
1.52635
1.51825
1.50659
1.49486
1.48308
1.46753
1.45749
1.44931
1.43567
1.42367
1.41821
1.41052
1.39642
1.38435
1.37744
1.37113
1.36367
1.3559
1.34902
1.34231
1.33381
1.31946
1.30376
1.28741
1.27329
1.2678
1.26467
1.26274
1.25687
1.24958
1.24394
1.23725
1.22663
1.212
1.20204
1.19833
1.19702
1.19439
1.19004
1.18673
1.18278
1.17684
1.16816
1.15706
1.14887
1.14506
1.14249
1.14017
1.13631
1.1325
1.12874
1.12327
1.11536
1.11002
1.10783
1.10676
1.10544
1.10287
1.10046
1.09786
1.09387
1.08978
1.08782
1.08691
1.08622
1.08496
1.08284
1.08041
1.07739
1.07445
1.07365
1.07369
1.07402
1.07405
1.07369
1.07296
1.07204
1.07029
1.067
1.06436
1.06399
1.06384
1.06375
1.06391
1.06496
1.06756
1.07195
1.07819
1.08601
1.09391
1.09884
1.09955
1.09754
1.09211
1.08054
1.05679
1.02453
1.00412
1.00016
1
1
1
1
1
1
1
1
1
1
1
1
1
1
1
1
1
1
1
1
1
1
1
1
1
1
1
1
1
1
1
1
1
1
1
1
1
1
1
1
1
1
1
1
1
1
1
1
1
1
1
1
1
1
1
1
1
1
1
1
1
1
1
1
1
1
1
1
1
1
1
1
1
1
1
1
1
1
1
1.00018
1.00372
1.03225
1.14275
1.32325
1.46921
1.52901
1.56755
1.59129
1.58968
1.58022
1.56864
1.56171
1.55263
1.53796
1.52384
1.5101
1.49632
1.48263
1.46718
1.45707
1.45074
1.44143
1.42888
1.42058
1.4136
1.40346
1.39134
1.38328
1.37845
1.3733
1.36425
1.35381
1.34644
1.33811
1.32277
1.30488
1.29254
1.28423
1.27891
1.27511
1.27302
1.26751
1.26002
1.2533
1.24444
1.23002
1.21772
1.21184
1.20934
1.20885
1.20518
1.20024
1.19708
1.19301
1.18602
1.17474
1.16454
1.1601
1.15627
1.15276
1.15024
1.14682
1.14264
1.13776
1.13071
1.12397
1.12114
1.11915
1.11734
1.11543
1.11308
1.11044
1.10669
1.10194
1.09925
1.09804
1.09735
1.09631
1.09447
1.09225
1.08941
1.08539
1.08225
1.08162
1.08163
1.08208
1.08213
1.08158
1.08072
1.07948
1.07717
1.0742
1.07316
1.07307
1.07299
1.07325
1.07486
1.07882
1.08541
1.09379
1.10152
1.10569
1.10605
1.10373
1.09827
1.08788
1.06708
1.03597
1.00959
1.00083
1.00002
1
1
1
1
1
1
1
1
1
1
1
1
1
1
1
1
1
1
1
1
1
1
1
1
1
1
1
1
1
1
1
1
1
1
1
1
1
1
1
1
1
1
1
1
1
1
1
1
1
1
1
1
1
1
1
1
1
1
1
1
1
1
1
1
1
1
1
1
1
1
1
1
1
1
1
1
1
1
1
1
1
1.00001
1.00043
1.00637
1.04934
1.16414
1.32193
1.43151
1.51532
1.56353
1.5639
1.55765
1.55558
1.55416
1.54812
1.53651
1.51975
1.50254
1.4873
1.47157
1.46038
1.45426
1.44652
1.43398
1.42396
1.41563
1.4082
1.40047
1.39177
1.38377
1.37886
1.37233
1.36106
1.35002
1.34023
1.32504
1.30933
1.30289
1.29776
1.29132
1.28644
1.28302
1.27766
1.26974
1.26139
1.24938
1.23483
1.22797
1.22336
1.2209
1.22026
1.2161
1.21101
1.2076
1.20286
1.19361
1.18053
1.1735
1.171
1.16758
1.16362
1.16087
1.15754
1.15284
1.14606
1.13782
1.13364
1.13234
1.1309
1.128
1.12538
1.12309
1.12003
1.11495
1.11054
1.10908
1.10816
1.10709
1.10563
1.10382
1.10152
1.098
1.0932
1.0903
1.08954
1.08932
1.0895
1.08973
1.0894
1.0885
1.08698
1.08468
1.08329
1.0833
1.08353
1.08454
1.08752
1.09339
1.10158
1.10907
1.11253
1.11254
1.10993
1.1046
1.09448
1.07454
1.04431
1.01525
1.00214
1.00009
1
1
1
1
1
1
1
1
1
1
1
1
1
1
1
1
1
1
1
1
1
1
1
1
1
1
1
1
1
1
1
1
1
1
1
1
1
1
1
1
1
1
1
1
1
1
1
1
1
1
1
1
1
1
1
1
1
1
1
1
1
1
1
1
1
1
1
1
1
1
1
1
1
1
1
1
1
1
1
1
1
1
1
1
1
1.00003
1.00081
1.00838
1.04861
1.15682
1.29735
1.41808
1.50137
1.52416
1.53458
1.54268
1.54164
1.53574
1.52501
1.51246
1.5011
1.48773
1.47357
1.4636
1.45452
1.44029
1.42754
1.41973
1.41274
1.40693
1.40014
1.39039
1.38229
1.37597
1.36685
1.35419
1.34184
1.32987
1.31965
1.31403
1.30973
1.30496
1.29921
1.293
1.28645
1.27743
1.266
1.25478
1.24548
1.2402
1.23548
1.23303
1.2316
1.22717
1.22151
1.21752
1.21157
1.19961
1.18803
1.18362
1.18172
1.17883
1.17467
1.1717
1.16829
1.16258
1.1535
1.14616
1.14374
1.14302
1.14217
1.13939
1.13591
1.13262
1.12861
1.12283
1.1195
1.11851
1.11754
1.1162
1.1146
1.11274
1.11014
1.10583
1.1008
1.0985
1.09775
1.09732
1.09726
1.09761
1.09764
1.09726
1.0963
1.09561
1.09586
1.09687
1.09923
1.10359
1.10988
1.11578
1.1181
1.11771
1.11524
1.1105
1.1005
1.0804
1.04992
1.0194
1.00355
1.00024
1
1
1
1
1
1
1
1
1
1
1
1
1
1
1
1
1
1
1
1
1
1
1
1
1
1
1
1
1
1
1
1
1
1
1
1
1
1
1
1
1
1
1
1
1
1
1
1
1
1
1
1
1
1
1
1
1
1
1
1
1
1
1
1
1
1
1
1
1
1
1
1
1
1
1
1
1
1
1
1
1
1
1
1
1
1
1
1
1
1.00004
1.00077
1.00835
1.04353
1.14446
1.27745
1.38968
1.46024
1.49548
1.51757
1.52156
1.5174
1.51022
1.50547
1.50138
1.49261
1.48031
1.46764
1.45338
1.43828
1.4284
1.42085
1.41387
1.40678
1.39697
1.38601
1.37798
1.37008
1.35864
1.34438
1.33689
1.33228
1.32606
1.32013
1.31618
1.3112
1.30378
1.29417
1.28156
1.26906
1.26392
1.25992
1.25324
1.24754
1.24499
1.24272
1.23789
1.23175
1.22555
1.21773
1.20584
1.19811
1.19487
1.19278
1.18997
1.18557
1.18185
1.17806
1.1708
1.1606
1.15599
1.15447
1.15389
1.15267
1.1499
1.14645
1.14182
1.13557
1.13074
1.12866
1.12739
1.12622
1.12489
1.12326
1.12111
1.11786
1.113
1.1089
1.10732
1.10663
1.10643
1.10662
1.10746
1.10876
1.10993
1.11103
1.11247
1.11422
1.1164
1.11908
1.12132
1.12184
1.12102
1.11888
1.11478
1.10488
1.08452
1.05345
1.02181
1.00451
1.00039
1.00001
1
1
1
1
1
1
1
1
1
1
1
1
1
1
1
1
1
1
1
1
1
1
1
1
1
1
1
1
1
1
1
1
1
1
1
1
1
1
1
1
1
1
1
1
1
1
1
1
1
1
1
1
1
1
1
1
1
1
1
1
1
1
1
1
1
1
1
1
1
1
1
1
1
1
1
1
1
1
1
1
1
1
1
1
1
1
1
1
1
1
1
1
1.00005
1.00071
1.00726
1.03695
1.11949
1.23186
1.34201
1.42198
1.46219
1.48818
1.49323
1.49642
1.49614
1.49259
1.48538
1.47693
1.4683
1.45846
1.4468
1.43582
1.426
1.4162
1.40503
1.39268
1.38237
1.37365
1.36318
1.35168
1.34518
1.34187
1.33761
1.33047
1.32499
1.32018
1.31217
1.29941
1.28462
1.27695
1.27429
1.2727
1.26696
1.25939
1.25573
1.25273
1.24742
1.23993
1.23049
1.22239
1.21507
1.20971
1.2065
1.20352
1.20027
1.19623
1.19119
1.18545
1.17722
1.16904
1.16639
1.16519
1.16424
1.1624
1.15972
1.15587
1.1495
1.14183
1.13876
1.13793
1.13658
1.13491
1.13346
1.13182
1.12937
1.12547
1.1211
1.11898
1.11828
1.11815
1.11861
1.12041
1.12319
1.12615
1.12871
1.13035
1.13073
1.12943
1.12656
1.12445
1.12279
1.12079
1.11628
1.1059
1.08542
1.05436
1.02256
1.0049
1.00047
1.00002
1
1
1
1
1
1
1
1
1
1
1
1
1
1
1
1
1
1
1
1
1
1
1
1
1
1
1
1
1
1
1
1
1
1
1
1
1
1
1
1
1
1
1
1
1
1
1
1
1
1
1
1
1
1
1
1
1
1
1
1
1
1
1
1
1
1
1
1
1
1
1
1
1
1
1
1
1
1
1
1
1
1
1
1
1
1
1
1
1
1
1
1
1
1
1
1
1.00004
1.00052
1.00473
1.02394
1.08179
1.17787
1.28333
1.36731
1.42278
1.45961
1.4713
1.4791
1.47764
1.47264
1.46801
1.4637
1.45788
1.4498
1.4405
1.43063
1.41938
1.40655
1.39429
1.38329
1.37288
1.36448
1.35768
1.35214
1.34799
1.34193
1.33402
1.32715
1.31761
1.30257
1.29176
1.28828
1.28518
1.28296
1.27939
1.27164
1.2654
1.26127
1.25481
1.24484
1.2339
1.2286
1.22563
1.22128
1.21723
1.2138
1.21004
1.20553
1.19892
1.19017
1.18348
1.17953
1.17712
1.1754
1.17383
1.1719
1.16899
1.16386
1.1558
1.14981
1.14804
1.14726
1.14653
1.14505
1.14351
1.14181
1.13936
1.13592
1.13392
1.13365
1.13392
1.13532
1.13798
1.14112
1.14329
1.14384
1.14267
1.13909
1.13419
1.12951
1.12527
1.12068
1.11394
1.10179
1.08084
1.05094
1.02122
1.00472
1.00048
1.00002
1
1
1
1
1
1
1
1
1
1
1
1
1
1
1
1
1
1
1
1
1
1
1
1
1
1
1
1
1
1
1
1
1
1
1
1
1
1
1
1
1
1
1
1
1
1
1
1
1
1
1
1
1
1
1
1
1
1
1
1
1
1
1
1
1
1
1
1
1
1
1
1
1
1
1
1
1
1
1
1
1
1
1
1
1
1
1
1
1
1
1
1
1
1
1
1
1
1
1
1
1.00002
1.00025
1.00229
1.01271
1.04872
1.12177
1.21856
1.30829
1.37488
1.41704
1.43806
1.4515
1.4546
1.45539
1.45305
1.44815
1.44139
1.43527
1.42974
1.42231
1.4125
1.40171
1.39271
1.38532
1.37794
1.36993
1.36247
1.3556
1.34631
1.33529
1.32326
1.31078
1.3047
1.30158
1.29773
1.2936
1.29049
1.28452
1.27484
1.26807
1.26094
1.24956
1.24014
1.23701
1.23538
1.23184
1.22758
1.224
1.21998
1.21407
1.20477
1.1957
1.19226
1.1907
1.18848
1.18622
1.18422
1.18201
1.17835
1.17155
1.16427
1.16147
1.16031
1.15976
1.15936
1.15879
1.15787
1.15682
1.15519
1.15329
1.15293
1.15313
1.15392
1.1549
1.15508
1.15376
1.15118
1.14744
1.14275
1.13664
1.12867
1.11905
1.10717
1.09107
1.06877
1.04152
1.01698
1.00386
1.00041
1.00002
1
1
1
1
1
1
1
1
1
1
1
1
1
1
1
1
1
1
1
1
1
1
1
1
1
1
1
1
1
1
1
1
1
1
1
1
1
1
1
1
1
1
1
1
1
1
1
1
1
1
1
1
1
1
1
1
1
1
1
1
1
1
1
1
1
1
1
1
1
1
1
1
1
1
1
1
1
1
1
1
1
1
1
1
1
1
1
1
1
1
1
1
1
1
1
1
1
1
1
1
1
1
1
1
1.00001
1.00009
1.00092
1.00569
1.02394
1.06877
1.14227
1.22416
1.29783
1.35399
1.39313
1.41676
1.42763
1.43293
1.43122
1.42901
1.42592
1.42167
1.4161
1.40993
1.40527
1.40103
1.39583
1.3892
1.38137
1.37279
1.36196
1.34844
1.337
1.33066
1.32601
1.32084
1.31554
1.30926
1.30351
1.29731
1.28688
1.27629
1.26873
1.25954
1.25195
1.2486
1.24694
1.24412
1.2402
1.2362
1.23118
1.22287
1.21242
1.20737
1.20557
1.20426
1.20233
1.20043
1.19837
1.19537
1.18992
1.18322
1.18012
1.17892
1.17856
1.17844
1.17805
1.17717
1.17613
1.17468
1.17185
1.16798
1.16478
1.16279
1.16113
1.15917
1.15672
1.15356
1.14866
1.14086
1.12906
1.11311
1.094
1.07254
1.04951
1.0272
1.01045
1.00238
1.00027
1.00001
1
1
1
1
1
1
1
1
1
1
1
1
1
1
1
1
1
1
1
1
1
1
1
1
1
1
1
1
1
1
1
1
1
1
1
1
1
1
1
1
1
1
1
1
1
1
1
1
1
1
1
1
1
1
1
1
1
1
1
1
1
1
1
1
1
1
1
1
1
1
1
1
1
1
1
1
1
1
1
1
1
1
1
1
1
1
1
1
1
1
1
1
1
1
1
1
1
1
1
1
1
1
1
1
1
1
1
1
1
1.00003
1.00026
1.00172
1.00802
1.02691
1.06856
1.13257
1.20583
1.27194
1.32265
1.35794
1.38163
1.39621
1.40385
1.40793
1.40792
1.40536
1.40223
1.39905
1.39553
1.39098
1.38533
1.37786
1.36938
1.36227
1.3574
1.35279
1.34736
1.34156
1.33495
1.32751
1.31956
1.31203
1.30282
1.29101
1.28332
1.27838
1.27234
1.26687
1.26401
1.26133
1.25753
1.25252
1.24499
1.23496
1.2292
1.22711
1.22558
1.2235
1.22119
1.21904
1.21652
1.2122
1.20519
1.20036
1.19879
1.19744
1.19587
1.19374
1.19095
1.18757
1.1836
1.179
1.17389
1.16891
1.16494
1.16175
1.15845
1.15403
1.14724
1.1363
1.11983
1.09771
1.07216
1.04743
1.02703
1.01262
1.00435
1.00096
1.00011
1.00001
1
1
1
1
1
1
1
1
1
1
1
1
1
1
1
1
1
1
1
1
1
1
1
1
1
1
1
1
1
1
1
1
1
1
1
1
1
1
1
1
1
1
1
1
1
1
1
1
1
1
1
1
1
1
1
1
1
1
1
1
1
1
1
1
1
1
1
1
1
1
1
1
1
1
1
1
1
1
1
1
1
1
1
1
1
1
1
1
1
1
1
1
1
1
1
1
1
1
1
1
1
1
1
1
1
1
1
1
1
1
1
1
1
1
1.00004
1.00032
1.00181
1.00744
1.02308
1.05482
1.10351
1.1619
1.22069
1.27132
1.31125
1.34005
1.35966
1.37209
1.3789
1.3817
1.38293
1.38203
1.37893
1.37333
1.36678
1.36229
1.35915
1.35529
1.35031
1.34508
1.33915
1.33225
1.32498
1.31824
1.31149
1.3038
1.29753
1.29362
1.28898
1.283
1.27798
1.27401
1.26958
1.26374
1.25599
1.24915
1.246
1.24339
1.24046
1.23701
1.23313
1.22898
1.22436
1.2185
1.2116
1.20641
1.20345
1.20101
1.19833
1.19517
1.19146
1.18697
1.18143
1.1748
1.16738
1.15974
1.1519
1.14297
1.13149
1.11582
1.09493
1.06971
1.04393
1.02299
1.00996
1.00358
1.00103
1.00021
1.00002
1
1
1
1
1
1
1
1
1
1
1
1
1
1
1
1
1
1
1
1
1
1
1
1
1
1
1
1
1
1
1
1
1
1
1
1
1
1
1
1
1
1
1
1
1
1
1
1
1
1
1
1
1
1
1
1
1
1
1
1
1
1
1
1
1
1
1
1
1
1
1
1
1
1
1
1
1
1
1
1
1
1
1
1
1
1
1
1
1
1
1
1
1
1
1
1
1
1
1
1
1
1
1
1
1
1
1
1
1
1
1
1
1
1
1
1
1
1
1
1
1.00004
1.00024
1.00118
1.00442
1.01326
1.03247
1.06498
1.10882
1.15713
1.20388
1.2443
1.27648
1.30088
1.31952
1.33229
1.33936
1.34275
1.34502
1.34685
1.34718
1.34575
1.34296
1.33902
1.33418
1.32835
1.32146
1.31508
1.30964
1.30339
1.2977
1.29353
1.28927
1.28401
1.27869
1.2741
1.26943
1.26352
1.25615
1.25061
1.2474
1.24446
1.24118
1.23747
1.23325
1.22834
1.22256
1.21578
1.20879
1.2034
1.19959
1.19599
1.19168
1.18603
1.17847
1.16861
1.15647
1.14252
1.12762
1.11209
1.09527
1.0764
1.05572
1.03522
1.01828
1.00747
1.00237
1.00059
1.00012
1.00002
1
1
1
1
1
1
1
1
1
1
1
1
1
1
1
1
1
1
1
1
1
1
1
1
1
1
1
1
1
1
1
1
1
1
1
1
1
1
1
1
1
1
1
1
1
1
1
1
1
1
1
1
1
1
1
1
1
1
1
1
1
1
1
1
1
1
1
1
1
1
1
1
1
1
1
1
1
1
1
1
1
1
1
1
1
1
1
1
1
1
1
1
1
1
1
1
1
1
1
1
1
1
1
1
1
1
1
1
1
1
1
1
1
1
1
1
1
1
1
1
1
1
1
1
1
1
1.00002
1.0001
1.00048
1.0018
1.00541
1.01342
1.02823
1.05082
1.07999
1.11311
1.14696
1.1782
1.20542
1.22964
1.25081
1.2679
1.28063
1.28911
1.29418
1.29683
1.29739
1.2962
1.29391
1.29153
1.28947
1.28705
1.28366
1.28005
1.27689
1.27307
1.26828
1.2632
1.25796
1.25188
1.24556
1.24098
1.23766
1.23417
1.22993
1.22476
1.21843
1.21071
1.20162
1.19204
1.1833
1.17555
1.16776
1.15868
1.14731
1.13307
1.11605
1.09716
1.07791
1.05994
1.04412
1.03044
1.01888
1.01001
1.00428
1.00141
1.00034
1.00006
1.00001
1
1
1
1
1
1
1
1
1
1
1
1
1
1
1
1
1
1
1
1
1
1
1
1
1
1
1
1
1
1
1
1
1
1
1
1
1
1
1
1
1
1
1
1
1
1
1
1
1
1
1
1
1
1
1
1
1
1
1
1
1
1
1
1
1
1
1
1
1
1
1
1
1
1
1
1
1
1
1
1
1
1
1
1
1
1
1
1
1
1
1
1
1
1
1
1
1
1
1
1
1
1
1
1
1
1
1
1
1
1
1
1
1
1
1
1
1
1
1
1
1
1
1
1
1
1
1
1
1
1
1
1
1
1.00002
1.0001
1.00038
1.00113
1.00288
1.00634
1.0123
1.0215
1.03473
1.05235
1.07291
1.09419
1.1144
1.13252
1.14818
1.16144
1.17275
1.18235
1.19085
1.1984
1.20491
1.20927
1.21139
1.21203
1.21172
1.21068
1.20799
1.20373
1.19884
1.19404
1.18993
1.18615
1.18181
1.17619
1.16878
1.1595
1.14848
1.13611
1.12338
1.11166
1.10104
1.09027
1.07832
1.06494
1.05069
1.03678
1.02469
1.01542
1.00907
1.00505
1.00261
1.00118
1.00043
1.00012
1.00002
1
1
1
1
1
1
1
1
1
1
1
1
1
1
1
1
1
1
1
1
1
1
1
1
1
1
1
1
1
1
1
1
1
1
1
1
1
1
1
1
1
1
1
1
1
1
1
1
1
1
1
1
1
1
1
1
1
1
1
1
1
1
1
1
1
1
1
1
1
1
1
1
1
1
1
1
1
1
1
1
1
1
1
1
1
1
1
1
1
1
1
1
1
1
1
1
1
1
1
1
1
1
1
1
1
1
1
1
1
1
1
1
1
1
1
1
1
1
1
1
1
1
1
1
1
1
1
1
1
1
1
1
1
1
1
1
1
1
1
1
1
1.00001
1.00003
1.00009
1.00024
1.00061
1.00137
1.00272
1.00478
1.00761
1.01122
1.01558
1.02066
1.02652
1.03323
1.04074
1.04856
1.05607
1.06243
1.06743
1.07111
1.07369
1.07495
1.07472
1.0736
1.07207
1.07091
1.06966
1.06737
1.06349
1.05801
1.05121
1.04369
1.03615
1.02932
1.02371
1.01924
1.01532
1.01156
1.00802
1.00501
1.0028
1.0014
1.00063
1.00026
1.00011
1.00004
1.00001
1
1
1
1
1
1
1
1
1
1
1
1
1
1
1
1
1
1
1
1
1
1
1
1
1
1
1
1
1
1
1
1
1
1
1
1
1
1
1
1
1
1
1
1
1
1
1
1
1
1
1
1
1
1
1
1
1
1
1
1
1
1
1
1
1
1
1
1
1
1
1
1
1
1
1
1
1
1
1
1
1
1
1
1
1
1
1
1
1
1
1
1
1
1
1
1
1
1
1
1
1
1
1
1
1
1
1
1
1
1
1
1
1
1
1
1
1
1
1
1
1
1
1
1
1
1
1
1
1
1
1
1
1
1
1
1
1
1
1
1
1
1
1
1
1
1
1
1
1
1
1
1.00001
1.00002
1.00004
1.00008
1.00015
1.00025
1.00042
1.00067
1.00103
1.00149
1.00203
1.00259
1.00314
1.00362
1.00401
1.00425
1.00435
1.0044
1.00445
1.00448
1.00442
1.00415
1.00364
1.00297
1.00227
1.00165
1.00115
1.00081
1.00057
1.00041
1.00027
1.00016
1.00008
1.00003
1.00001
1
1
1
1
1
1
1
1
1
1
1
1
1
1
1
1
1
1
1
1
1
1
1
1
1
1
1
1
1
1
1
1
1
1
1
1
1
1
1
1
1
1
1
1
1
1
1
1
1
1
1
1
1
1
1
1
1
1
1
1
1
1
1
1
1
1
1
1
1
1
1
1
1
1
1
1
1
1
1
1
1
1
1
1
1
1
1
1
1
1
1
1
1
1
1
1
1
1
1
1
1
1
1
1
1
1
1
1
1
1
1
1
1
1
1
1
1
1
1
1
1
1
1
1
1
1
1
1
1
1
1
1
1
1
1
1
1
1
1
1
1
1
1
1
1
1
1
1
1
1
1
1
1
1
1
1
1
1
1
1
1
1
1
1
1
1
1
1.00001
1.00001
1.00001
1.00002
1.00002
1.00002
1.00002
1.00002
1.00002
1.00003
1.00003
1.00002
1.00002
1.00001
1.00001
1
1
1
1
1
1
1
1
1
1
1
1
1
1
1
1
1
1
1
1
1
1
1
1
1
1
1
1
1
1
1
1
1
1
1
1
1
1
1
1
1
1
1
1
1
1
1
1
1
1
1
1
1
1
1
1
1
1
1
1
1
1
1
1
1
1
1
1
1
1
1
1
1
1
1
1
1
1
1
1
1
1
1
1
1
1
1
1
1
1
1
1
1
1
1
1
1
1
1
1
1
1
1
1
1
1
1
1
1
1
1
1
1
1
1
1
1
1
1
1
1
1
1
1
1
1
1
1
1
1
1
1
1
1
1
1
1
1
1
1
1
1
1
1
1
1
1
1
1
1
1
1
1
1
1
1
1
1
1
1
1
1
1
1
1
1
1
1
1
1
1
1
1
1
1
1
1
1
1
1
1
1
1
1
1
1
1
1
1
1
1
1
1
1
1
1
1
1
1
1
1
1
1
1
1
1
1
1
1
1
1
1
1
1
1
1
1
1
1
1
1
1
1
1
1
1
1
1
1
1
1
1
1
1
1
1
1
1
1
1
1
1
1
1
1
1
1
1
1
1
1
1
1
1
1
1
1
1
1
1
1
1
1
1
1
1
1
1
1
1
1
1
1
1
1
1
1
1
1
1
1
1
1
1
1
1
1
1
1
1
1
1
1
1
1
1
1
1
1
1
1
1
1
1
1
1
1
1
1
1
1
1
1
1
1
1
1
1
1
1
1
1
1
1
1
1
1
1
1
1
1
1
1
1
1
1
1
1
1
1
1
1
1
1
1
1
1
1
1
1
1
1
1
1
1
1
1
1
1
1
1
1
1
1
1
1
1
1
1
1
1
1
1
1
1
1
1
1
1
1
1
1
1
1
1
1
1
1
1
1
1
1
1
1
1
1
1
1
1
1
1
1
1
1
1
1
1
1
1
1
1
1
1
1
1
1
1
1
1
1
1
1
1
1
1
1
1
1
1
1
1
1
1
1
1
1
1
1
1
1
1
1
1
1
1
1
1
1
1
1
1
1
1
1
1
1
1
1
1
1
1
1
1
1
1
1
1
1
1
1
1
1
1
1
1
1
1
1
1
1
1
1
1
1
1
1
1
1
1
1
1
1
1
1
1
1
1
1
1
1
1
1
1
1
1
1
1
1
1
1
1
1
1
1
1
1
1
1
1
1
1
1
1
1
1
1
1
1
1
1
1
1
1
1
1
1
1
1
1
1
1
1
1
1
1
1
1
1
1
1
1
1
1
1
1
1
1
1
1
1
1
1
1
1
1
1
1
1
1
1
1
1
1
1
1
1
1
1
1
1
1
1
1
1
1
1
1
1
1
1
1
1
1
1
1
1
1
1
1
1
1
1
1
1
1
1
1
1
1
1
1
1
1
1
1
1
1
1
1
1
1
1
1
1
1
1
1
1
1
1
1
1
1
1
1
1
1
1
1
1
1
1
1
1
1
1
1
1
1
1
1
1
1
1
1
1
1
1
1
1
1
1
1
1
1
1
1
1
1
1
1
1
1
1
1
1
1
1
1
1
1
1
1
1
1
)
;

boundaryField
{
    inlet
    {
        type            fixedValue;
        value           uniform 1;
    }
    outlet
    {
        type            inletOutlet;
        inletValue      uniform 1;
        value           nonuniform List<scalar> 
64
(
1
1
1
1
1
1
1
1
1
1
1
1
1
1
1
1
1
1
1
1
1
1
1
1
1
1
1
1
1
1
1
1
1
1
1
1
1
1
1
1
1
1
1
1
1
1
1
1
1
1
1
1
1
1
1
1
1
1
1
1
1
1
1
1
)
;
    }
    bottom
    {
        type            symmetryPlane;
    }
    top
    {
        type            symmetryPlane;
    }
    obstacle
    {
        type            zeroGradient;
    }
    defaultFaces
    {
        type            empty;
    }
}


// ************************************************************************* //
