/*--------------------------------*- C++ -*----------------------------------*\
  =========                 |
  \\      /  F ield         | OpenFOAM: The Open Source CFD Toolbox
   \\    /   O peration     | Website:  https://openfoam.org
    \\  /    A nd           | Version:  10
     \\/     M anipulation  |
\*---------------------------------------------------------------------------*/
FoamFile
{
    format      ascii;
    class       volVectorField;
    location    "70";
    object      U;
}
// * * * * * * * * * * * * * * * * * * * * * * * * * * * * * * * * * * * * * //

dimensions      [0 1 -1 0 0 0 0];

internalField   nonuniform List<vector> 
2200
(
(0.878836 -0.0304122 0)
(1.00578 -0.0512794 0)
(1.00327 -0.0353998 0)
(1.00024 -0.0244358 0)
(0.999858 -0.0166565 0)
(1.00003 -0.0107236 0)
(1.00003 -0.00683258 0)
(0.999988 -0.00417253 0)
(0.999888 -0.0021812 0)
(1.00018 -0.000651002 0)
(0.999991 0.00115629 0)
(1.00034 0.00269277 0)
(1.00038 0.00452153 0)
(1.00026 0.00712052 0)
(1.00006 0.0108399 0)
(0.999985 0.0166628 0)
(1.00032 0.024378 0)
(1.00347 0.0348687 0)
(1.00598 0.0513819 0)
(0.879045 0.030296 0)
(0.712026 -0.0327599 0)
(0.996645 -0.0630035 0)
(1.03333 -0.056134 0)
(1.02494 -0.046408 0)
(1.01591 -0.0361035 0)
(1.00965 -0.0263627 0)
(1.00592 -0.0181176 0)
(1.00381 -0.0114376 0)
(1.00271 -0.00606005 0)
(1.00229 -0.00163847 0)
(1.00214 0.00247264 0)
(1.00215 0.00695545 0)
(1.00323 0.0123898 0)
(1.00551 0.0189317 0)
(1.00944 0.0272404 0)
(1.01555 0.0369845 0)
(1.02463 0.0474752 0)
(1.03315 0.0579899 0)
(0.996699 0.0631492 0)
(0.711785 0.033036 0)
(0.535584 -0.0238902 0)
(0.969934 -0.0569177 0)
(1.05644 -0.0547159 0)
(1.05222 -0.0487162 0)
(1.03623 -0.0403742 0)
(1.02448 -0.0321998 0)
(1.01591 -0.0239217 0)
(1.01032 -0.015995 0)
(1.00698 -0.0086685 0)
(1.00531 -0.00190879 0)
(1.00541 0.00439612 0)
(1.00727 0.0109264 0)
(1.01049 0.0177891 0)
(1.01573 0.0255216 0)
(1.02404 0.0334772 0)
(1.03606 0.041442 0)
(1.05214 0.0494336 0)
(1.05629 0.0533222 0)
(0.969184 0.0576573 0)
(0.534335 0.0239446 0)
(0.392418 -0.0136397 0)
(0.911913 -0.0463722 0)
(1.05755 -0.0468367 0)
(1.06966 -0.0442754 0)
(1.05492 -0.0381224 0)
(1.03935 -0.0314447 0)
(1.02761 -0.0246364 0)
(1.01923 -0.0174496 0)
(1.01402 -0.0099781 0)
(1.01149 -0.00250083 0)
(1.01124 0.00513642 0)
(1.01305 0.0125065 0)
(1.01804 0.0199273 0)
(1.02654 0.0267071 0)
(1.03848 0.0331294 0)
(1.05397 0.0395685 0)
(1.06821 0.0456403 0)
(1.05546 0.0482925 0)
(0.909892 0.0469934 0)
(0.38988 0.0137789 0)
(0.307834 -0.00451061 0)
(0.846832 -0.0323613 0)
(1.04942 -0.0398942 0)
(1.07947 -0.0381177 0)
(1.06825 -0.0334356 0)
(1.05176 -0.0278007 0)
(1.03832 -0.022397 0)
(1.02796 -0.0162786 0)
(1.02071 -0.0092998 0)
(1.01668 -0.00154564 0)
(1.01659 0.00618249 0)
(1.02059 0.0135095 0)
(1.02757 0.0197679 0)
(1.03733 0.0254993 0)
(1.05019 0.0304467 0)
(1.06663 0.0357842 0)
(1.07767 0.0401322 0)
(1.04719 0.0417979 0)
(0.842859 0.0330057 0)
(0.303639 0.00474362 0)
(0.264483 0.000105751 0)
(0.789281 -0.0200452 0)
(1.03365 -0.03141 0)
(1.08378 -0.0319659 0)
(1.07744 -0.0286743 0)
(1.06092 -0.0237854 0)
(1.04736 -0.019273 0)
(1.03663 -0.0142105 0)
(1.029 -0.00820397 0)
(1.02463 -0.00129283 0)
(1.02408 0.00620548 0)
(1.02722 0.0129528 0)
(1.03426 0.0188072 0)
(1.04493 0.0232667 0)
(1.0586 0.0271943 0)
(1.07485 0.0315793 0)
(1.08027 0.0343054 0)
(1.02911 0.0333911 0)
(0.782448 0.0207701 0)
(0.258589 0.000127067 0)
(0.240561 0.00107183 0)
(0.738632 -0.0122577 0)
(1.01382 -0.0249323 0)
(1.0841 -0.0266803 0)
(1.08312 -0.0243644 0)
(1.06792 -0.0201788 0)
(1.05429 -0.0161681 0)
(1.04324 -0.0115578 0)
(1.03481 -0.00605482 0)
(1.02966 0.000451113 0)
(1.02935 0.00706304 0)
(1.03391 0.0128777 0)
(1.04164 0.0174032 0)
(1.05175 0.0214107 0)
(1.06467 0.0247831 0)
(1.07937 0.0282255 0)
(1.07984 0.0297821 0)
(1.0074 0.0272934 0)
(0.728631 0.013168 0)
(0.232883 -0.000831679 0)
(0.226341 0.000965612 0)
(0.696014 -0.00800316 0)
(0.99354 -0.0206592 0)
(1.08257 -0.0229914 0)
(1.08708 -0.0211267 0)
(1.07353 -0.0175797 0)
(1.06011 -0.0137483 0)
(1.04964 -0.00949296 0)
(1.0419 -0.00456417 0)
(1.0371 0.00104023 0)
(1.03606 0.00707719 0)
(1.03901 0.0124933 0)
(1.04565 0.0169402 0)
(1.05571 0.0202642 0)
(1.06913 0.0232337 0)
(1.08184 0.0259328 0)
(1.07547 0.0269072 0)
(0.983034 0.0235324 0)
(0.681422 0.00916561 0)
(0.216381 -0.000704924 0)
(0.216787 0.00062784 0)
(0.660593 -0.00563379 0)
(0.972905 -0.017539 0)
(1.0797 -0.0200877 0)
(1.09042 -0.0184611 0)
(1.07841 -0.0152304 0)
(1.06499 -0.0115191 0)
(1.05437 -0.00722004 0)
(1.04614 -0.00232587 0)
(1.04075 0.00313763 0)
(1.04006 0.00849608 0)
(1.04391 0.0130249 0)
(1.05075 0.0165904 0)
(1.06005 0.0198738 0)
(1.07242 0.0225654 0)
(1.08327 0.0247363 0)
(1.07075 0.0251391 0)
(0.958925 0.0211169 0)
(0.641207 0.00711374 0)
(0.204213 -0.000328207 0)
(0.209749 0.000305164 0)
(0.632379 -0.00416451 0)
(0.954397 -0.014886 0)
(1.07693 -0.0177629 0)
(1.09376 -0.0164111 0)
(1.08322 -0.0134869 0)
(1.06973 -0.00985832 0)
(1.05929 -0.0058149 0)
(1.05168 -0.00115045 0)
(1.04687 0.00387709 0)
(1.0452 0.00903388 0)
(1.04723 0.0135959 0)
(1.05302 0.0173875 0)
(1.06238 0.0200681 0)
(1.07543 0.0224266 0)
(1.08424 0.0240923 0)
(1.06356 0.0240433 0)
(0.933928 0.0192718 0)
(0.606039 0.00598592 0)
(0.193657 5.03503e-05 0)
(0.203953 9.35054e-05 0)
(0.609124 -0.00310412 0)
(0.936434 -0.0124422 0)
(1.07369 -0.0154039 0)
(1.09701 -0.0141884 0)
(1.08792 -0.0113236 0)
(1.07445 -0.00769193 0)
(1.06369 -0.00349972 0)
(1.05537 0.0013085 0)
(1.04963 0.00642127 0)
(1.04818 0.0111373 0)
(1.05107 0.0150843 0)
(1.05706 0.0180535 0)
(1.06594 0.0207746 0)
(1.07775 0.0228303 0)
(1.08444 0.0240435 0)
(1.05674 0.0232741 0)
(0.909938 0.0177719 0)
(0.575536 0.00534967 0)
(0.183917 0.000333617 0)
(0.199559 2.00154e-05 0)
(0.591302 -0.00222525 0)
(0.921422 -0.0100937 0)
(1.07111 -0.0131996 0)
(1.10061 -0.0121021 0)
(1.09295 -0.00937617 0)
(1.07925 -0.00578461 0)
(1.06821 -0.00188363 0)
(1.05989 0.00256204 0)
(1.05448 0.00748572 0)
(1.05202 0.0125828 0)
(1.05321 0.0166414 0)
(1.05844 0.0197946 0)
(1.06748 0.0216931 0)
(1.08002 0.0233706 0)
(1.0841 0.0241687 0)
(1.04738 0.0228197 0)
(0.885016 0.0166163 0)
(0.547555 0.00499137 0)
(0.174304 0.000504858 0)
(0.196041 3.59468e-05 0)
(0.576701 -0.00151204 0)
(0.906974 -0.00796378 0)
(1.06827 -0.0108499 0)
(1.10413 -0.00969617 0)
(1.09796 -0.00687641 0)
(1.08432 -0.00323412 0)
(1.07298 0.000943684 0)
(1.06409 0.00584449 0)
(1.05758 0.0110483 0)
(1.05491 0.0153162 0)
(1.05669 0.0187936 0)
(1.06203 0.0211293 0)
(1.07049 0.0231214 0)
(1.08128 0.0243451 0)
(1.08323 0.0247185 0)
(1.03808 0.0227483 0)
(0.860651 0.0158213 0)
(0.521993 0.00484991 0)
(0.164943 0.000594717 0)
(0.194118 7.4113e-05 0)
(0.566583 -0.000687699 0)
(0.896079 -0.00572382 0)
(1.06635 -0.00833823 0)
(1.10801 -0.00700976 0)
(1.10323 -0.00407922 0)
(1.08943 -0.00026496 0)
(1.07766 0.00368585 0)
(1.06822 0.00806528 0)
(1.06122 0.0126608 0)
(1.05764 0.0175638 0)
(1.05811 0.0211738 0)
(1.06263 0.023508 0)
(1.07141 0.024631 0)
(1.08241 0.0255733 0)
(1.08106 0.0254623 0)
(1.02588 0.0229424 0)
(0.834873 0.0153531 0)
(0.497121 0.00480147 0)
(0.155466 0.000627298 0)
(0.193385 0.000108306 0)
(0.559283 -0.000170301 0)
(0.886121 -0.00371237 0)
(1.06484 -0.00585873 0)
(1.11216 -0.00431251 0)
(1.10887 -0.00117198 0)
(1.09512 0.00272896 0)
(1.08292 0.00709425 0)
(1.07295 0.0121272 0)
(1.06547 0.0176605 0)
(1.06121 0.0218067 0)
(1.06135 0.0244573 0)
(1.06583 0.026088 0)
(1.07379 0.0272811 0)
(1.08219 0.0275898 0)
(1.07835 0.0270097 0)
(1.01348 0.0237182 0)
(0.809083 0.0153002 0)
(0.473208 0.00489565 0)
(0.146061 0.000654945 0)
(0.194072 7.52301e-05 0)
(0.555393 0.000916401 0)
(0.880047 -0.00144902 0)
(1.06449 -0.00295792 0)
(1.11676 -0.000978639 0)
(1.11466 0.00246845 0)
(1.10069 0.00685098 0)
(1.08805 0.0114028 0)
(1.07736 0.0161893 0)
(1.06827 0.0206476 0)
(1.06275 0.024954 0)
(1.06196 0.0278622 0)
(1.06535 0.0292849 0)
(1.07352 0.0297638 0)
(1.08213 0.0299735 0)
(1.07351 0.0288279 0)
(0.997692 0.0246939 0)
(0.781367 0.0155407 0)
(0.448781 0.00505214 0)
(0.13629 0.000668346 0)
(0.196354 0.000311886 0)
(0.55589 0.0015909 0)
(0.875858 0.000949884 0)
(1.0656 0.000300352 0)
(1.12213 0.00261478 0)
(1.12128 0.0063464 0)
(1.10727 0.0108337 0)
(1.09389 0.0157868 0)
(1.08227 0.0211942 0)
(1.07294 0.0269794 0)
(1.06683 0.0311038 0)
(1.06492 0.0332246 0)
(1.06784 0.0339853 0)
(1.075 0.0343709 0)
(1.08006 0.033477 0)
(1.06788 0.0315848 0)
(0.981298 0.0264804 0)
(0.752783 0.0162241 0)
(0.424057 0.00537518 0)
(0.126242 0.000699402 0)
(0.200731 0.000685101 0)
(0.55889 0.00244023 0)
(0.876616 0.00359628 0)
(1.06833 0.0037172 0)
(1.12828 0.00680562 0)
(1.12835 0.0109914 0)
(1.11392 0.016263 0)
(1.10009 0.0217895 0)
(1.08789 0.0275348 0)
(1.07658 0.0325189 0)
(1.0679 0.0359538 0)
(1.06485 0.0378737 0)
(1.06653 0.0386559 0)
(1.07297 0.0381197 0)
(1.07852 0.0374816 0)
(1.05991 0.0348121 0)
(0.960729 0.0284239 0)
(0.72132 0.017228 0)
(0.39766 0.00575899 0)
(0.115452 0.000717098 0)
(0.207539 0.000906919 0)
(0.566489 0.00363363 0)
(0.881034 0.00606392 0)
(1.07356 0.00807176 0)
(1.13542 0.0117175 0)
(1.13645 0.0165388 0)
(1.12166 0.0221705 0)
(1.10671 0.0282199 0)
(1.09269 0.0343673 0)
(1.07991 0.0401808 0)
(1.07119 0.0448261 0)
(1.06689 0.0462091 0)
(1.06783 0.0458811 0)
(1.07345 0.0449881 0)
(1.07392 0.0428347 0)
(1.05029 0.0390657 0)
(0.938833 0.0314511 0)
(0.687872 0.0186826 0)
(0.369758 0.0062705 0)
(0.104028 0.000743347 0)
(0.216043 0.00106697 0)
(0.577499 0.00487528 0)
(0.889236 0.00912504 0)
(1.08146 0.0124566 0)
(1.14421 0.0173332 0)
(1.14568 0.0230344 0)
(1.13001 0.029793 0)
(1.1141 0.0366277 0)
(1.09931 0.0436564 0)
(1.08518 0.0496441 0)
(1.07251 0.0526254 0)
(1.0661 0.0531737 0)
(1.06513 0.0529162 0)
(1.06895 0.050992 0)
(1.07048 0.0490283 0)
(1.03789 0.0442323 0)
(0.911213 0.0346093 0)
(0.649805 0.0204087 0)
(0.338933 0.00679367 0)
(0.0915688 0.000755013 0)
(0.228869 0.00142454 0)
(0.59682 0.00685067 0)
(0.905122 0.0137124 0)
(1.09299 0.0190155 0)
(1.15481 0.0245188 0)
(1.15646 0.0312103 0)
(1.13972 0.0387144 0)
(1.12211 0.0464075 0)
(1.10457 0.0536848 0)
(1.08717 0.0597358 0)
(1.07342 0.0633226 0)
(1.06662 0.0642045 0)
(1.06524 0.0626941 0)
(1.06837 0.0602919 0)
(1.06249 0.056756 0)
(1.02248 0.0501307 0)
(0.881207 0.038965 0)
(0.608639 0.0224798 0)
(0.305783 0.007333 0)
(0.078393 0.000754939 0)
(0.244712 0.00200974 0)
(0.620445 0.00864228 0)
(0.926444 0.0181415 0)
(1.10872 0.0257771 0)
(1.16772 0.033371 0)
(1.16893 0.0412799 0)
(1.15038 0.0501736 0)
(1.13075 0.0588438 0)
(1.11136 0.0671694 0)
(1.09223 0.0736811 0)
(1.0756 0.0768118 0)
(1.06499 0.0755093 0)
(1.06081 0.0732101 0)
(1.06106 0.0696513 0)
(1.05589 0.0652986 0)
(1.00353 0.0575537 0)
(0.843349 0.043289 0)
(0.560423 0.0245925 0)
(0.268712 0.00774842 0)
(0.0641975 0.000733958 0)
(0.26705 0.00283314 0)
(0.653722 0.0124812 0)
(0.955499 0.0250268 0)
(1.12899 0.0354534 0)
(1.18357 0.0440766 0)
(1.18357 0.0540574 0)
(1.16273 0.0642318 0)
(1.14041 0.0740251 0)
(1.11751 0.0825963 0)
(1.09414 0.0884794 0)
(1.07388 0.0901536 0)
(1.06274 0.0887759 0)
(1.05899 0.0860438 0)
(1.05865 0.0819434 0)
(1.04334 0.0759328 0)
(0.979312 0.0653975 0)
(0.801206 0.0488185 0)
(0.508162 0.0268422 0)
(0.229397 0.00802423 0)
(0.049705 0.000711219 0)
(0.298774 0.00378018 0)
(0.699982 0.0156407 0)
(0.995566 0.0333929 0)
(1.15601 0.0472928 0)
(1.20285 0.0589735 0)
(1.20018 0.07102 0)
(1.17555 0.0829007 0)
(1.14964 0.0934735 0)
(1.12333 0.102178 0)
(1.09703 0.107437 0)
(1.07464 0.108421 0)
(1.06046 0.105528 0)
(1.05245 0.100406 0)
(1.04802 0.0942183 0)
(1.0312 0.0869372 0)
(0.9504 0.0745734 0)
(0.748424 0.0536065 0)
(0.445961 0.0283441 0)
(0.186065 0.00786483 0)
(0.0346434 0.000604523 0)
(0.335609 0.00715888 0)
(0.758164 0.0250599 0)
(1.04457 0.0469406 0)
(1.18875 0.0653913 0)
(1.22628 0.078641 0)
(1.21935 0.0937143 0)
(1.19024 0.106466 0)
(1.16032 0.117106 0)
(1.12962 0.124891 0)
(1.09867 0.128657 0)
(1.07194 0.127398 0)
(1.05516 0.122048 0)
(1.04811 0.116434 0)
(1.04283 0.109952 0)
(1.01207 0.100315 0)
(0.912701 0.0836968 0)
(0.688719 0.0591883 0)
(0.381014 0.0297924 0)
(0.143008 0.007518 0)
(0.0211531 0.000568526 0)
(0.416415 0.0108761 0)
(0.846616 0.0357898 0)
(1.11248 0.0680085 0)
(1.23003 0.0908318 0)
(1.25392 0.10714 6.11439e-34)
(1.23981 0.124372 -2.76516e-34)
(1.20401 0.13734 0)
(1.16873 0.146981 0)
(1.13323 0.153103 0)
(1.09828 0.154218 0)
(1.06883 0.149791 0)
(1.05103 0.142782 0)
(1.03969 0.134666 0)
(1.02761 0.125002 0)
(0.990962 0.11313 0)
(0.868402 0.0932381 0)
(0.61517 0.0625293 0)
(0.301856 0.0287215 0)
(0.094392 0.00683168 0)
(0.00668195 0.000725286 0)
(0.488176 0.0260614 4.43514e-20)
(0.949066 0.0606924 -3.36323e-20)
(1.18238 0.102642 0)
(1.27156 0.130113 2.6292e-20)
(1.2828 0.14634 -2.13204e-20)
(1.25919 0.165177 2.91753e-34)
(1.21664 0.176027 0)
(1.17651 0.183405 1.56252e-20)
(1.13603 0.186547 -5.13507e-20)
(1.09609 0.184608 1.05055e-20)
(1.06302 0.178079 0)
(1.04086 0.168006 -2.67826e-20)
(1.02967 0.157693 -3.22874e-20)
(1.01579 0.147664 5.65832e-20)
(0.953958 0.131507 -4.46902e-20)
(0.794858 0.102893 0)
(0.508768 0.0643667 -1.605e-20)
(0.209439 0.0263158 0)
(0.0460446 0.0064291 -8.87968e-20)
(-0.00873075 0.000290087 1.0465e-19)
(0.524815 0.0542535 -5.87653e-21)
(1.01639 0.10305 9.84925e-20)
(1.23584 0.153858 -4.90989e-21)
(1.30684 0.178318 -6.33888e-20)
(1.30877 0.195768 -4.49474e-20)
(1.27617 0.212947 7.31188e-20)
(1.22705 0.221243 0)
(1.18103 0.225955 0)
(1.13511 0.226813 8.14601e-20)
(1.09069 0.222197 0)
(1.05317 0.211423 9.62443e-20)
(1.02986 0.198388 2.87384e-20)
(1.01313 0.187411 6.05867e-22)
(0.983851 0.17246 -6.12131e-20)
(0.909196 0.150406 0)
(0.722425 0.115237 0)
(0.421897 0.0655098 -2.6077e-19)
(0.148091 0.0234006 6.55773e-19)
(0.0129301 0.00420743 -3.87606e-19)
(-0.0200971 -0.00153175 -4.56482e-19)
(0.531735 0.0780989 -5.18149e-20)
(1.04943 0.160001 2.03714e-20)
(1.27028 0.213855 1.15805e-20)
(1.33359 0.237464 1.09992e-19)
(1.32853 0.254261 1.46735e-20)
(1.28851 0.266798 -1.89876e-19)
(1.23393 0.270661 6.49944e-20)
(1.18294 0.271819 0)
(1.13167 0.268921 -1.71754e-19)
(1.08146 0.259978 1.53159e-19)
(1.03971 0.246158 -2.59612e-19)
(1.01274 0.232455 1.21731e-19)
(0.994329 0.217528 -7.89665e-20)
(0.966283 0.200874 1.78178e-19)
(0.872204 0.174747 0)
(0.668857 0.127118 -6.4756e-20)
(0.368499 0.0675518 0)
(0.121703 0.0222321 3.56673e-19)
(-0.00171134 0.00176725 -8.44805e-19)
(-0.0258846 -0.00357201 5.28738e-19)
(0.52954 0.108578 1.31186e-19)
(1.07645 0.219717 -5.88157e-20)
(1.29562 0.280963 -1.3001e-20)
(1.35193 0.303022 0)
(1.34174 0.316463 -8.16035e-20)
(1.29667 0.323725 1.00867e-19)
(1.23726 0.323183 -6.92992e-20)
(1.1811 0.320247 0)
(1.12505 0.313187 1.21926e-19)
(1.07126 0.300417 -1.07521e-19)
(1.02669 0.283079 2.24134e-19)
(0.996876 0.26509 0)
(0.974112 0.248111 -1.6757e-19)
(0.933518 0.226984 9.45067e-20)
(0.838103 0.192223 2.37332e-19)
(0.631182 0.13928 -2.08755e-19)
(0.343493 0.0730637 3.29081e-19)
(0.114761 0.0236531 -7.2846e-19)
(-0.00777256 -0.00031158 4.60511e-19)
(-0.0298003 -0.00584577 -5.75771e-19)
(0.513968 0.13281 -3.66394e-20)
(1.07695 0.270761 2.57775e-20)
(1.30391 0.344577 -4.34612e-20)
(1.36094 0.368279 9.06849e-20)
(1.34765 0.380732 -8.79639e-20)
(1.29877 0.38287 3.13289e-20)
(1.23592 0.377104 3.83451e-21)
(1.17634 0.369463 -1.36316e-19)
(1.11635 0.357832 -1.27251e-19)
(1.05733 0.340156 -2.3017e-19)
(1.00817 0.318425 -4.81629e-19)
(0.975355 0.297465 -1.48624e-19)
(0.951304 0.276944 2.23351e-21)
(0.915353 0.253906 -3.227e-19)
(0.81233 0.217366 -4.84439e-21)
(0.607521 0.153412 3.03158e-19)
(0.336888 0.0805926 -9.065e-20)
(0.11664 0.0270004 -5.2647e-20)
(-0.0052507 -0.00199482 0)
(-0.0302569 -0.00749863 1.22148e-18)
(0.499665 0.154846 0)
(1.07753 0.323913 9.48529e-22)
(1.30855 0.410436 -5.35042e-21)
(1.36358 0.433369 -1.30222e-20)
(1.34782 0.4434 8.34848e-20)
(1.29693 0.440893 -7.38999e-20)
(1.23141 0.430978 7.52285e-20)
(1.16825 0.419174 2.24057e-19)
(1.10456 0.403189 -7.07852e-20)
(1.04292 0.381204 1.13645e-19)
(0.992074 0.355757 2.58729e-19)
(0.957144 0.331165 3.2403e-19)
(0.928588 0.308192 -1.95122e-19)
(0.882715 0.281383 3.49302e-19)
(0.784651 0.236599 -2.76762e-19)
(0.587869 0.171204 0)
(0.332289 0.0919266 -6.88488e-19)
(0.124228 0.0325226 9.27908e-19)
(0.00285125 -0.000842453 6.92262e-20)
(-0.0273186 -0.00833234 -1.29192e-18)
(0.480987 0.173598 -5.19547e-21)
(1.06299 0.368525 -2.79113e-20)
(1.30315 0.468951 3.81887e-20)
(1.36074 0.494715 -6.25647e-20)
(1.3433 0.504714 7.0911e-20)
(1.29034 0.498278 -7.06521e-20)
(1.22269 0.484116 1.47906e-19)
(1.15743 0.467915 -6.64068e-20)
(1.09116 0.447431 -2.85098e-19)
(1.02604 0.420862 -7.411e-23)
(0.970949 0.391138 -2.81238e-19)
(0.932108 0.362682 -3.48827e-19)
(0.903618 0.336651 2.15782e-19)
(0.864211 0.308322 -1.25531e-19)
(0.761613 0.264488 3.01276e-19)
(0.57248 0.188623 0)
(0.332074 0.10575 -4.28588e-19)
(0.133466 0.0400377 6.33021e-19)
(0.0124832 0.00212823 1.19685e-18)
(-0.0231458 -0.00830504 -1.40768e-18)
(0.468708 0.19251 -1.11833e-19)
(1.05502 0.416377 5.07843e-20)
(1.29744 0.528894 -1.85201e-20)
(1.3541 0.554852 6.38443e-20)
(1.33498 0.563215 1.22598e-20)
(1.28112 0.55306 -1.3722e-19)
(1.21208 0.535478 -8.6355e-20)
(1.14468 0.515603 -8.59887e-20)
(1.07601 0.491246 -1.61453e-19)
(1.00868 0.460831 2.59886e-19)
(0.95114 0.426848 2.83678e-19)
(0.910823 0.395283 5.53433e-19)
(0.88005 0.367522 0)
(0.831712 0.336093 6.36842e-21)
(0.7367 0.283209 -8.28761e-19)
(0.557607 0.208146 1.94919e-19)
(0.331286 0.119479 9.31113e-19)
(0.142226 0.0488187 -2.74779e-19)
(0.0225889 0.00629782 5.69629e-19)
(-0.0183321 -0.00753765 -4.74631e-20)
(0.454759 0.208285 5.89653e-21)
(1.03746 0.455542 6.83643e-20)
(1.28596 0.581648 -3.5875e-22)
(1.34456 0.610636 5.60817e-20)
(1.32434 0.619191 -1.26758e-19)
(1.26921 0.605937 1.35082e-19)
(1.19878 0.584995 8.92481e-20)
(1.13006 0.561469 2.559e-19)
(1.05922 0.533312 3.23063e-19)
(0.988202 0.498772 -3.01833e-19)
(0.927286 0.460884 0)
(0.884757 0.425456 -2.10042e-19)
(0.853206 0.394168 2.41152e-19)
(0.812936 0.361651 3.04722e-19)
(0.715525 0.31122 -1.76475e-19)
(0.543871 0.225699 -4.27876e-19)
(0.33045 0.134182 -1.27326e-19)
(0.149736 0.05828 -2.06114e-21)
(0.0317694 0.0112882 0)
(-0.0135949 -0.00628762 0)
(0.447116 0.225686 -9.34698e-20)
(1.02745 0.498136 0)
(1.27552 0.635453 1.54535e-20)
(1.33287 0.665201 -1.93523e-20)
(1.31138 0.672308 1.46987e-19)
(1.25579 0.656012 -3.67225e-20)
(1.18453 0.632274 9.07069e-20)
(1.11412 0.605699 -1.72685e-19)
(1.04114 0.574549 2.45173e-19)
(0.968807 0.536712 -1.0035e-19)
(0.90667 0.494678 1.63045e-19)
(0.86292 0.456175 6.67317e-19)
(0.829492 0.42444 1.4262e-20)
(0.780645 0.387712 -3.1847e-19)
(0.691572 0.327839 5.89068e-19)
(0.528501 0.245283 3.17683e-21)
(0.326907 0.147826 1.36221e-19)
(0.15469 0.0679315 -6.49243e-19)
(0.0390381 0.0163504 6.68911e-19)
(-0.00946923 -0.0048698 -7.87919e-19)
(0.438775 0.240527 2.74724e-23)
(1.01174 0.533117 0)
(1.26149 0.682215 0)
(1.31976 0.715293 5.0311e-21)
(1.29762 0.722525 -4.15291e-20)
(1.24109 0.703711 6.19175e-20)
(1.1687 0.677348 -1.66705e-19)
(1.09733 0.64796 0)
(1.02311 0.61365 -3.62033e-19)
(0.948462 0.572278 4.38004e-19)
(0.882732 0.526699 4.67302e-19)
(0.83629 0.485573 -2.45069e-19)
(0.802399 0.448493 -2.97396e-19)
(0.762105 0.410029 6.9772e-19)
(0.669969 0.354357 -2.09693e-19)
(0.513002 0.260864 -2.49493e-19)
(0.322131 0.16116 -1.4904e-19)
(0.156904 0.0766316 -7.02164e-19)
(0.044117 0.0209151 1.02924e-19)
(-0.006161 -0.00350934 8.53719e-19)
(0.433162 0.257513 -4.45405e-20)
(1.00175 0.571111 -6.04508e-20)
(1.24905 0.729897 2.39026e-20)
(1.30557 0.764147 -2.02437e-22)
(1.28245 0.770074 -4.91487e-20)
(1.22559 0.748852 9.57659e-20)
(1.15277 0.720236 0)
(1.08048 0.688268 1.05202e-19)
(1.0048 0.651703 -8.29524e-20)
(0.928348 0.607767 7.32138e-19)
(0.860609 0.558487 -1.05016e-19)
(0.813736 0.51375 1.21524e-19)
(0.779253 0.476097 0)
(0.729874 0.433503 -3.78001e-19)
(0.645586 0.366703 4.57975e-19)
(0.495732 0.277818 0)
(0.314073 0.171833 -3.20794e-19)
(0.156358 0.0841354 9.44462e-19)
(0.0469499 0.0246847 1.12274e-19)
(-0.00371561 -0.00235076 -1.05318e-18)
(0.42866 0.274832 -1.09703e-19)
(0.988391 0.602758 1.38529e-19)
(1.23421 0.770978 0)
(1.29092 0.808516 3.09273e-20)
(1.26741 0.814638 0)
(1.20992 0.79141 -1.28289e-19)
(1.13644 0.760695 0)
(1.06357 0.726673 0)
(0.98663 0.687684 -1.1118e-19)
(0.907719 0.640872 -6.96282e-19)
(0.837347 0.588723 -8.64832e-19)
(0.787228 0.541275 1.42711e-19)
(0.750925 0.497158 5.16007e-19)
(0.711048 0.451585 4.16893e-19)
(0.623303 0.389785 -1.47046e-18)
(0.478842 0.288595 -5.86601e-19)
(0.305303 0.181729 3.44128e-19)
(0.153984 0.0898679 0)
(0.0480256 0.0275893 9.65716e-19)
(-0.00200428 -0.0014543 -1.13637e-18)
(0.426438 0.290436 1.2876e-19)
(0.979897 0.63706 -1.59199e-19)
(1.2212 0.813218 0)
(1.27596 0.851741 -1.14727e-20)
(1.25169 0.856756 -6.83293e-21)
(1.19402 0.831691 0)
(1.12039 0.799227 5.17904e-20)
(1.04679 0.763065 7.39336e-20)
(0.96847 0.722437 -2.08273e-19)
(0.887838 0.673757 9.19977e-20)
(0.81517 0.618542 0)
(0.764018 0.566894 5.92072e-19)
(0.727542 0.52194 6.41538e-21)
(0.678297 0.471919 2.25118e-19)
(0.59886 0.396098 2.66697e-19)
(0.460733 0.301059 0)
(0.294826 0.188131 -5.59946e-19)
(0.14964 0.094272 1.09857e-18)
(0.0477409 0.0293955 -1.16916e-18)
(-0.00110201 -0.000882293 2.44928e-18)
(0.424431 0.305204 0)
(0.96825 0.665321 0)
(1.20668 0.849135 -7.89714e-20)
(1.26119 0.890623 0)
(1.23663 0.895967 0)
(1.17853 0.869352 -1.01169e-19)
(1.10444 0.835235 5.2961e-20)
(1.03031 0.797629 1.79483e-20)
(0.950773 0.755234 -4.73098e-20)
(0.867784 0.704438 0)
(0.792243 0.647201 -1.32486e-19)
(0.737436 0.593248 -4.83016e-19)
(0.697497 0.540527 -5.82479e-19)
(0.658455 0.484824 -2.34416e-19)
(0.576123 0.414793 2.88895e-19)
(0.443124 0.305384 -6.80235e-19)
(0.285224 0.193311 1.2034e-18)
(0.144937 0.0962564 1.44814e-21)
(0.0466519 0.0311625 -1.1171e-18)
(-0.000358391 0.000242111 -1.65242e-19)
(0.423184 0.3191 0)
(0.960629 0.696269 -1.28051e-19)
(1.19419 0.886402 9.53112e-20)
(1.24655 0.928623 0)
(1.22128 0.933007 0)
(1.16303 0.905015 2.00423e-19)
(1.08887 0.869614 0)
(1.01415 0.830281 0)
(0.933427 0.786733 -4.58455e-19)
(0.848785 0.734817 1.28619e-19)
(0.770638 0.675126 -1.17556e-18)
(0.713612 0.616539 0)
(0.673601 0.563036 -6.35275e-19)
(0.623867 0.501909 9.77319e-21)
(0.550505 0.413327 -9.31439e-19)
(0.4257 0.310522 3.65656e-19)
(0.276615 0.192364 1.18536e-21)
(0.143725 0.0953425 -1.26398e-18)
(0.0469359 0.0289003 5.99716e-19)
(-0.00221033 -0.00263104 1.76754e-19)
(0.421675 0.332783 0)
(0.950403 0.721783 -1.72079e-19)
(1.18064 0.917693 1.00143e-19)
(1.23237 0.962541 1.43153e-19)
(1.20683 0.967333 -4.17582e-21)
(1.14822 0.938141 1.97793e-20)
(1.07376 0.90146 -2.93302e-20)
(0.998704 0.861213 4.31122e-19)
(0.916916 0.816479 4.90416e-19)
(0.829954 0.763174 9.78686e-19)
(0.748551 0.702447 9.76703e-19)
(0.687 0.642468 1.72277e-19)
(0.641153 0.580214 9.13459e-19)
(0.60152 0.509644 5.64819e-19)
(0.525314 0.425927 6.68253e-19)
(0.408325 0.304221 -3.99922e-19)
(0.269234 0.185735 -4.58218e-19)
(0.148113 0.0944665 5.45397e-19)
(0.057056 0.0400872 -3.22446e-19)
(0.0066415 0.00875172 5.73404e-19)
(0.420628 0.345961 2.39429e-19)
(0.943755 0.749927 2.69871e-19)
(1.16905 0.950669 5.70973e-20)
(1.21851 0.995907 1.53489e-20)
(1.1923 0.999777 -2.10338e-20)
(1.13359 0.969533 -5.51037e-20)
(1.05919 0.931981 2.79133e-20)
(0.983732 0.890417 -1.87904e-20)
(0.900941 0.844938 -5.72235e-19)
(0.812339 0.791123 -1.06272e-18)
(0.728075 0.728954 6.78261e-20)
(0.663044 0.664429 0)
(0.616328 0.601463 0)
(0.562754 0.525193 -2.95105e-19)
(0.494615 0.41486 -1.09733e-18)
(0.388932 0.296611 8.61647e-19)
(0.269958 0.168416 5.03269e-19)
(0.162977 0.0714011 0)
(0.0757414 0.00771808 1.03203e-18)
(0.00040756 -0.0196056 -6.10586e-19)
(0.419316 0.358801 -1.27114e-19)
(0.934812 0.772844 1.11878e-19)
(1.15651 0.977937 -1.36014e-19)
(1.20521 1.02543 -1.15808e-19)
(1.17877 1.02973 -2.31777e-20)
(1.11985 0.998552 -1.75614e-20)
(1.04535 0.960025 0)
(0.969726 0.917984 -5.42626e-19)
(0.885967 0.871794 6.88364e-20)
(0.79513 0.81725 0)
(0.707418 0.755102 0)
(0.637242 0.690669 1.10745e-19)
(0.581247 0.618885 1.48796e-19)
(0.535688 0.52955 -3.19531e-19)
(0.462436 0.423536 7.87236e-19)
(0.363244 0.274713 -9.39551e-19)
(0.257156 0.14269 -1.08163e-18)
(0.189283 0.0628445 9.58665e-19)
(0.148444 0.0646543 -3.66734e-19)
(0.108785 0.0734595 2.1334e-19)
(0.418409 0.370796 1.56971e-19)
(0.928971 0.798209 0)
(1.14582 1.00719 0)
(1.19232 1.05472 -3.27013e-20)
(1.16532 1.05807 2.64722e-20)
(1.10639 1.02607 -1.95868e-20)
(1.03209 0.987008 1.29451e-19)
(0.956163 0.944 5.55095e-19)
(0.871523 0.897373 1.03962e-18)
(0.779258 0.842807 -8.06157e-20)
(0.688741 0.780199 1.67271e-19)
(0.613986 0.712208 -9.93499e-19)
(0.556135 0.640747 -9.9333e-19)
(0.490635 0.547605 -1.72098e-19)
(0.416501 0.404876 0)
(0.329784 0.261255 -3.88153e-21)
(0.241941 0.0673614 5.97856e-19)
(0.238936 -0.0427579 -1.00256e-18)
(0.206925 -0.114855 7.61575e-19)
(0.0887057 -0.101167 6.30049e-19)
(0.417052 0.382554 -3.45778e-19)
(0.920837 0.818476 -1.55185e-19)
(1.13412 1.03094 6.87906e-21)
(1.17993 1.08054 6.31491e-20)
(1.15276 1.08443 0)
(1.0937 1.05178 -4.11534e-20)
(1.01936 1.01205 -1.88685e-19)
(0.943317 0.968982 -2.24361e-21)
(0.857785 0.922142 -5.44722e-19)
(0.76336 0.867474 -7.92565e-20)
(0.669228 0.806048 7.3618e-20)
(0.589068 0.740528 8.73077e-19)
(0.517722 0.661396 9.68694e-19)
(0.456639 0.551917 1.68348e-19)
(0.374962 0.420907 8.57226e-19)
(0.26906 0.224274 0)
(0.143319 0.0457171 0)
(-0.0151446 0.168651 6.83421e-19)
(-0.078631 0.629264 -2.65672e-20)
(0.0102103 1.54658 -8.50436e-19)
(0.416208 0.393523 1.90487e-19)
(0.915612 0.841475 4.39171e-19)
(1.1242 1.05733 -6.09431e-19)
(1.16786 1.10684 3.12305e-19)
(1.14014 1.10995 -1.20894e-20)
(1.08103 1.07684 9.30308e-21)
(1.00683 1.03707 0)
(0.930422 0.993586 -4.62214e-19)
(0.84404 0.946916 0)
(0.748304 0.893031 1.11339e-18)
(0.651346 0.832282 -9.05446e-20)
(0.565416 0.764533 1.0153e-19)
(0.492093 0.688829 1.11892e-18)
(0.401305 0.584173 -3.65799e-19)
(0.286126 0.402548 -4.34774e-19)
(0.179721 0.272372 0)
(0.0719909 0.450426 0)
(0.0238956 1.36746 0)
(0.070985 2.47586 -3.87661e-19)
(0.0967238 2.91678 -2.39753e-19)
(0.414595 0.404042 0)
(0.908065 0.859293 0)
(1.11325 1.07812 2.21634e-19)
(1.15631 1.12977 -2.54439e-19)
(1.1284 1.13372 1.20062e-19)
(1.06913 1.10037 3.10868e-22)
(0.994881 1.06034 2.4955e-20)
(0.918382 1.01736 -1.9429e-20)
(0.831257 0.971237 7.76828e-20)
(0.733488 0.9182 -1.2779e-18)
(0.632514 0.859935 1.63848e-19)
(0.541383 0.798143 8.80948e-19)
(0.45005 0.718271 -1.11414e-18)
(0.362335 0.590535 -1.23232e-18)
(0.262222 0.458351 4.13507e-19)
(0.177799 0.609505 0)
(0.11123 1.5952 5.59569e-19)
(0.116798 2.70296 6.01145e-19)
(0.124152 3.09113 -6.71406e-19)
(0.117039 3.22371 7.13388e-19)
(0.413542 0.414291 0)
(0.903394 0.880009 3.82745e-19)
(1.10413 1.10196 -5.55175e-20)
(1.14515 1.15344 3.49959e-19)
(1.11667 1.15674 -1.26026e-19)
(1.05735 1.12322 0)
(0.98323 1.08359 0)
(0.906408 1.04068 0)
(0.818612 0.995318 4.33967e-19)
(0.719817 0.943908 5.86638e-20)
(0.616474 0.887414 0)
(0.519132 0.824296 -8.75359e-19)
(0.430954 0.750474 0)
(0.305284 0.634719 8.81592e-19)
(0.198006 0.682046 -5.98776e-19)
(0.142304 1.46805 -4.78776e-19)
(0.147196 2.68933 -1.09594e-18)
(0.170984 3.12593 -5.75136e-19)
(0.161599 3.26484 -7.70375e-19)
(0.148902 3.30502 5.54785e-19)
(0.411863 0.423513 -1.32971e-19)
(0.896309 0.895383 1.46609e-20)
(1.0939 1.11995 -6.14539e-20)
(1.13452 1.17369 -2.71604e-19)
(1.10584 1.17812 0)
(1.04637 1.1447 0)
(0.972212 1.10511 0)
(0.895409 1.06313 3.28151e-20)
(0.8071 1.01893 -5.48993e-19)
(0.706584 0.969209 0)
(0.599557 0.916307 0)
(0.499546 0.861928 0)
(0.386637 0.782232 0)
(0.308523 0.727587 6.49329e-19)
(0.263606 1.13331 1.58968e-18)
(0.235964 2.40461 4.65147e-19)
(0.253999 3.0811 9.28469e-19)
(0.248554 3.27758 -7.10879e-19)
(0.200577 3.34288 2.59264e-19)
(0.169124 3.3562 0)
(0.410665 0.432608 1.36512e-19)
(0.892025 0.914563 -8.45931e-19)
(1.08538 1.14219 -2.28522e-19)
(1.12403 1.19563 -5.08206e-20)
(1.09478 1.19948 2.92133e-20)
(1.03529 1.16608 -1.19447e-19)
(0.961319 1.12719 -2.15576e-22)
(0.88429 1.08565 -3.57607e-19)
(0.79552 1.04264 0)
(0.694419 0.995252 -7.55683e-20)
(0.586196 0.9452 6.87463e-20)
(0.480252 0.888676 0)
(0.383549 0.823046 0)
(0.320764 0.921669 -8.13804e-19)
(0.264287 1.8515 1.02976e-19)
(0.260927 2.94515 -3.50256e-19)
(0.286459 3.28036 7.32335e-19)
(0.257604 3.37854 5.22419e-19)
(0.193515 3.40321 -7.05149e-19)
(0.169233 3.41355 3.47298e-19)
(0.408541 0.441958 2.67064e-19)
(0.884307 0.929164 8.22204e-19)
(1.07464 1.15939 2.75112e-19)
(1.11319 1.2154 0)
(1.08383 1.22065 0)
(1.0243 1.18749 9.25039e-20)
(0.950416 1.14868 5.03805e-20)
(0.87364 1.10821 3.18267e-19)
(0.784703 1.06665 2.11853e-20)
(0.682462 1.02144 9.61826e-19)
(0.571666 0.97546 -1.15007e-18)
(0.460105 0.924457 0)
(0.380484 0.902427 0)
(0.332501 1.30133 -5.55962e-19)
(0.327 2.49747 -6.66514e-19)
(0.372454 3.19304 0)
(0.397796 3.36034 -7.39929e-19)
(0.326861 3.42339 5.1392e-20)
(0.258914 3.46923 3.38225e-19)
(0.236931 3.49477 -1.09464e-19)
(0.406711 0.451631 -5.07268e-19)
(0.879451 0.950399 -3.94216e-19)
(1.06508 1.18404 0)
(1.10147 1.23915 0)
(1.07163 1.24342 0)
(1.01226 1.21005 0)
(0.938813 1.17191 -6.13316e-20)
(0.862077 1.13183 2.76762e-19)
(0.773073 1.09147 0)
(0.671072 1.04887 -8.75298e-19)
(0.560922 1.00613 2.06499e-18)
(0.45023 0.962376 8.48164e-20)
(0.396076 1.02361 1.14695e-19)
(0.384366 1.73901 9.05844e-19)
(0.394642 2.90136 -4.87109e-19)
(0.435202 3.31176 0)
(0.418142 3.43284 2.08271e-19)
(0.332258 3.5222 9.10248e-20)
(0.258993 3.58672 1.48753e-19)
(0.183459 3.56616 -1.64709e-20)
(0.403688 0.46185 2.40926e-19)
(0.869715 0.965883 -4.00444e-19)
(1.05226 1.20218 0)
(1.08895 1.26028 -7.43626e-20)
(1.05914 1.26619 2.57089e-19)
(0.999925 1.23298 0)
(0.926841 1.19467 0)
(0.850748 1.15551 -4.7975e-19)
(0.762116 1.11656 -5.57053e-20)
(0.6599 1.07621 8.59437e-19)
(0.545898 1.03689 -9.81081e-19)
(0.451963 1.01378 5.78782e-19)
(0.412203 1.21325 0)
(0.419283 2.1854 -4.80587e-19)
(0.461276 3.1413 3.14902e-19)
(0.526777 3.41311 1.9784e-19)
(0.517623 3.50848 0)
(0.455205 3.59129 -3.6777e-20)
(0.386652 3.63063 -4.09039e-19)
(0.306349 3.60299 -9.6561e-20)
(0.400925 0.472262 -4.77979e-19)
(0.863783 0.990117 5.72895e-19)
(1.04111 1.23031 3.98653e-19)
(1.07538 1.28659 -9.93109e-20)
(1.04518 1.29086 -3.91968e-19)
(0.986368 1.25706 0)
(0.914077 1.21926 2.39308e-20)
(0.838396 1.18036 1.72627e-19)
(0.750225 1.14246 2.86914e-20)
(0.649226 1.10457 -7.42451e-19)
(0.536474 1.07009 -5.17482e-20)
(0.455573 1.07361 -6.51567e-19)
(0.448515 1.44888 7.19261e-19)
(0.491881 2.55102 1.58369e-19)
(0.55787 3.30057 -2.78974e-19)
(0.610761 3.46378 1.4723e-19)
(0.569329 3.51476 0)
(0.51234 3.51908 0)
(0.420076 3.48189 -6.79295e-19)
(0.193373 3.27222 1.25408e-18)
(0.396417 0.483033 2.28583e-19)
(0.851392 1.00649 5.62758e-19)
(1.0258 1.24926 -4.06028e-19)
(1.06094 1.30902 3.61638e-19)
(1.03094 1.31517 4.07137e-19)
(0.972594 1.28144 0)
(0.901046 1.2432 -1.68775e-20)
(0.826495 1.20491 1.36481e-19)
(0.739388 1.1682 0)
(0.639275 1.13223 0)
(0.529935 1.10469 0)
(0.464288 1.15396 0)
(0.488227 1.68999 -8.11941e-19)
(0.54988 2.8587 -2.11892e-19)
(0.626661 3.38597 0)
(0.669488 3.476 -2.67465e-20)
(0.667366 3.48149 0)
(0.744319 3.32258 1.39933e-19)
(0.839476 2.95244 -1.76661e-18)
(0.447159 2.56974 1.85347e-18)
(0.392538 0.493261 -4.62334e-19)
(0.843892 1.03394 -3.60472e-19)
(1.01268 1.28139 -2.68326e-19)
(1.04521 1.33823 -3.38188e-19)
(1.01498 1.34189 -1.97889e-19)
(0.95739 1.30704 0)
(0.887105 1.26906 1.12643e-21)
(0.813459 1.23091 -3.92689e-20)
(0.727436 1.195 -2.19121e-19)
(0.629789 1.16119 0)
(0.526542 1.14116 5.15969e-20)
(0.480012 1.2473 -5.86558e-20)
(0.5361 1.94849 0)
(0.625439 3.07859 2.75984e-19)
(0.717493 3.42718 0)
(0.748151 3.46236 -9.85983e-20)
(0.749379 3.37243 2.72523e-19)
(0.743952 2.99049 -1.3802e-19)
(0.497762 1.98028 2.72161e-19)
(-0.340257 0.491789 -6.60723e-19)
(0.385041 0.504156 -1.27804e-20)
(0.827759 1.05093 -1.83338e-19)
(0.994074 1.30103 3.69892e-19)
(1.02822 1.36226 -1.99492e-20)
(0.998396 1.36833 -6.19569e-20)
(0.941629 1.33372 0)
(0.872506 1.29522 7.83998e-20)
(0.800498 1.2575 -6.5525e-20)
(0.716322 1.2227 3.92665e-19)
(0.617792 1.19039 -4.98106e-19)
(0.526926 1.18254 -6.05259e-19)
(0.503542 1.36753 0)
(0.58914 2.25541 4.08297e-19)
(0.688639 3.21078 -5.77504e-20)
(0.763498 3.40693 2.71538e-20)
(0.769034 3.39737 0)
(0.700029 3.166 -1.43633e-19)
(0.529768 2.39162 1.51941e-19)
(0.101045 0.621778 -1.80254e-19)
(-0.247147 -0.391439 -1.66102e-19)
(0.379728 0.514244 4.32671e-19)
(0.817915 1.08162 -1.79169e-19)
(0.978134 1.33793 2.59182e-19)
(1.00953 1.39533 2.00326e-19)
(0.97966 1.39811 1.24009e-19)
(0.924078 1.36195 2.39899e-19)
(0.856766 1.32363 -1.70225e-19)
(0.786244 1.28628 7.6554e-22)
(0.703736 1.25242 -2.83729e-19)
(0.608119 1.22335 3.37374e-20)
(0.530641 1.22911 9.80271e-20)
(0.533013 1.51341 -4.00699e-19)
(0.642075 2.51679 1.09575e-19)
(0.751533 3.28345 -2.17627e-19)
(0.814353 3.38285 3.81118e-20)
(0.79036 3.30138 7.72104e-20)
(0.660761 2.85433 -2.04543e-19)
(0.40454 1.62102 1.33619e-19)
(0.0591543 0.0493315 0)
(-0.0793863 -0.157811 -2.90254e-19)
(0.367737 0.522624 0)
(0.796674 1.09809 -6.77616e-19)
(0.955313 1.35767 2.35818e-20)
(0.989376 1.42083 -3.30846e-19)
(0.960175 1.42685 0)
(0.90595 1.39137 -1.773e-19)
(0.840349 1.35273 1.67303e-19)
(0.772046 1.31562 -7.1615e-22)
(0.692423 1.28284 1.96289e-19)
(0.599631 1.25659 3.55818e-19)
(0.533663 1.28386 4.66196e-19)
(0.565377 1.67316 4.90303e-20)
(0.696929 2.7651 -2.99392e-19)
(0.800855 3.3122 1.33286e-20)
(0.836488 3.33834 8.29929e-21)
(0.757832 3.12205 7.41563e-20)
(0.525503 2.31066 8.73009e-20)
(0.116601 0.440888 -1.03465e-19)
(-0.137644 -0.244202 0)
(-0.114901 -0.206069 0)
(0.359421 0.533709 -4.15164e-19)
(0.782972 1.13151 6.70477e-19)
(0.935726 1.39911 0)
(0.96713 1.45775 0)
(0.938141 1.45955 0)
(0.885759 1.42198 0)
(0.82267 1.38324 -8.65605e-20)
(0.756664 1.34676 -1.63173e-20)
(0.679547 1.31513 -3.61569e-20)
(0.593701 1.29304 3.73209e-20)
(0.5415 1.34657 -3.82922e-19)
(0.602521 1.85437 2.8255e-19)
(0.749824 2.94696 0)
(0.842747 3.31073 3.66509e-20)
(0.860049 3.27826 5.73765e-20)
(0.721665 2.85628 -2.19515e-20)
(0.391437 1.67818 1.03426e-19)
(0.0173979 -0.0393328 5.93916e-20)
(-0.15783 -0.200821 -2.41912e-19)
(-0.0571388 -0.137634 -2.827e-19)
(0.342924 0.535717 2.10309e-19)
(0.75566 1.14348 3.13417e-19)
(0.907995 1.41748 -9.36656e-21)
(0.943177 1.48387 1.73061e-19)
(0.915123 1.48991 0)
(0.864968 1.45372 3.29313e-19)
(0.804228 1.41507 -6.88983e-20)
(0.741017 1.37849 1.99613e-20)
(0.666662 1.34745 -3.59994e-20)
(0.587087 1.32996 2.67228e-20)
(0.550608 1.41857 2.58804e-19)
(0.64258 2.06306 -1.28469e-19)
(0.796627 3.06985 -1.1231e-19)
(0.874087 3.30281 1.77083e-21)
(0.857638 3.17245 -3.01145e-20)
(0.622233 2.50411 1.39426e-19)
(0.190642 0.713116 -7.78249e-20)
(-0.0839465 -0.268312 1.15213e-19)
(-0.128995 -0.221734 -3.5292e-19)
(-0.0607723 -0.123446 2.46727e-19)
(0.327713 0.543983 -1.96722e-19)
(0.734572 1.17606 0)
(0.884116 1.46206 -2.30464e-19)
(0.916529 1.52412 -3.33214e-19)
(0.889045 1.52491 0)
(0.841763 1.48601 -2.5682e-19)
(0.784218 1.44663 0)
(0.724307 1.41083 -1.26691e-19)
(0.651684 1.38127 -1.58595e-20)
(0.583894 1.37037 6.10825e-20)
(0.564936 1.50042 -1.22841e-19)
(0.684498 2.2641 7.12258e-20)
(0.838107 3.13827 1.77953e-19)
(0.905443 3.27279 1.06525e-20)
(0.840107 3.02886 -3.09303e-20)
(0.528276 2.07078 -4.77322e-20)
(0.0750153 0.120992 1.22594e-19)
(-0.182848 -0.250458 -1.36119e-19)
(-0.106388 -0.210904 4.26415e-22)
(-0.0539998 -0.0778447 -2.57936e-20)
(0.304442 0.538645 3.90024e-19)
(0.70084 1.18117 -2.9929e-19)
(0.85092 1.47664 2.44025e-19)
(0.887647 1.54928 1.60288e-19)
(0.861847 1.5557 2.83893e-20)
(0.81806 1.5191 1.59978e-19)
(0.763417 1.48055 0)
(0.706861 1.44416 -3.83273e-20)
(0.637554 1.41519 0)
(0.57809 1.41094 -5.71274e-20)
(0.578061 1.5884 1.22214e-19)
(0.724949 2.44334 -2.74834e-21)
(0.875293 3.1813 -5.96124e-20)
(0.917956 3.23763 3.68905e-20)
(0.802792 2.83365 -1.23525e-20)
(0.374571 1.51138 6.27043e-20)
(-0.0479867 -0.12797 -1.86646e-19)
(-0.226419 -0.251097 -1.05657e-19)
(-0.124655 -0.249482 -3.99171e-20)
(-0.0753634 -0.0905446 1.91218e-19)
(0.282144 0.537752 4.17105e-21)
(0.672546 1.20955 1.5295e-19)
(0.821248 1.52071 0)
(0.855161 1.5912 3.00584e-19)
(0.831242 1.59189 -4.29667e-19)
(0.791414 1.55186 1.61209e-19)
(0.740459 1.51166 -1.08181e-19)
(0.688657 1.47605 1.06189e-19)
(0.622595 1.44972 -9.4858e-20)
(0.574515 1.45448 -1.15474e-21)
(0.595291 1.68048 2.29578e-20)
(0.76587 2.5995 4.76881e-20)
(0.900381 3.19017 3.52262e-20)
(0.930784 3.17845 -5.70002e-20)
(0.739496 2.59059 -5.79938e-20)
(0.28714 1.00777 1.10029e-19)
(-0.0452752 -0.253636 -1.07178e-19)
(-0.1923 -0.288903 7.59989e-20)
(-0.113085 -0.276582 2.06148e-21)
(-0.0823381 -0.110346 -1.61148e-19)
(0.251928 0.51885 7.22872e-19)
(0.630277 1.20235 -1.51861e-19)
(0.780804 1.52698 -4.17188e-19)
(0.820417 1.61209 3.38634e-19)
(0.799972 1.62134 -1.8807e-19)
(0.764361 1.58473 3.10963e-19)
(0.716947 1.54656 1.69326e-19)
(0.669145 1.50989 0)
(0.608276 1.4839 1.09112e-19)
(0.567035 1.49717 -1.58148e-20)
(0.608264 1.76984 -1.07262e-20)
(0.80023 2.71873 -4.28704e-21)
(0.920341 3.19094 1.76112e-20)
(0.924668 3.11814 7.91582e-21)
(0.683347 2.38345 -8.14258e-20)
(0.175928 0.467843 -2.96502e-20)
(-0.037455 -0.270347 1.02233e-19)
(-0.111702 -0.285401 4.61522e-20)
(-0.0862764 -0.244739 1.56042e-20)
(-0.0491438 -0.105616 1.3067e-19)
(0.22132 0.499198 0)
(0.592323 1.21764 1.41284e-19)
(0.743296 1.56596 -1.89504e-19)
(0.781549 1.65214 3.278e-19)
(0.765137 1.65632 -4.08589e-19)
(0.733438 1.61615 1.70171e-19)
(0.690448 1.57523 0)
(0.648713 1.53931 0)
(0.594976 1.51595 0)
(0.560595 1.54094 2.27393e-20)
(0.62265 1.85398 -2.13066e-20)
(0.828922 2.80892 1.71814e-20)
(0.932933 3.18781 4.43928e-20)
(0.919907 3.04016 4.23442e-20)
(0.598969 2.13827 -7.46142e-20)
(0.0614195 0.127917 4.99449e-20)
(-0.122952 -0.280192 5.33323e-21)
(-0.0998355 -0.287481 -1.01249e-19)
(-0.0739788 -0.198835 1.22476e-20)
(-0.0234405 -0.0669059 0)
(0.183406 0.455352 6.60109e-19)
(0.538685 1.18585 -1.32112e-19)
(0.694432 1.5571 4.38033e-21)
(0.741474 1.66487 0)
(0.729614 1.68092 -1.96357e-19)
(0.702734 1.64688 1.84195e-20)
(0.664147 1.6093 0)
(0.626806 1.57219 5.26324e-20)
(0.578978 1.5476 -4.15327e-20)
(0.5511 1.58041 0)
(0.629672 1.92759 0)
(0.846828 2.86933 -3.10447e-20)
(0.939504 3.17984 -5.45243e-20)
(0.893705 2.97193 2.16695e-21)
(0.532238 1.89447 -1.9564e-20)
(-0.00970603 0.00341976 2.59488e-20)
(-0.155439 -0.264804 0)
(-0.130167 -0.305983 -5.77291e-20)
(-0.0799897 -0.189378 -9.20285e-20)
(-0.0175919 -0.0556132 2.18402e-19)
(0.144033 0.40216 5.43844e-19)
(0.489158 1.17379 -1.26116e-19)
(0.647867 1.58222 1.79515e-19)
(0.696471 1.69802 -4.45638e-19)
(0.689217 1.71032 0)
(0.667901 1.67477 0)
(0.63402 1.63306 0)
(0.604029 1.59721 5.55517e-20)
(0.564202 1.57465 -4.38328e-20)
(0.542157 1.6161 0)
(0.635243 1.99106 0)
(0.857309 2.90786 9.27696e-20)
(0.937672 3.17851 -3.13935e-20)
(0.884373 2.90724 3.35342e-20)
(0.491336 1.74078 6.21435e-20)
(-0.0170767 -0.0428284 0)
(-0.182147 -0.308476 -1.60711e-20)
(-0.145296 -0.367056 -1.90444e-20)
(-0.105512 -0.246264 1.81596e-19)
(-0.0205876 -0.0686271 -2.20779e-19)
(0.100506 0.317923 -5.05021e-19)
(0.421175 1.09458 1.31609e-19)
(0.589693 1.54491 3.75579e-19)
(0.65083 1.69635 2.5723e-19)
(0.649502 1.72595 -2.08175e-19)
(0.634113 1.70065 -1.39311e-19)
(0.605089 1.66383 9.61062e-20)
(0.57958 1.62678 0)
(0.546106 1.60108 0)
(0.527955 1.64292 0)
(0.627995 2.02322 -7.94828e-20)
(0.859765 2.92873 -9.14985e-20)
(0.935277 3.18289 2.99745e-20)
(0.860765 2.88712 -2.09311e-20)
(0.504149 1.65446 -3.96226e-21)
(0.0270012 0.016685 0)
(-0.170775 -0.317671 2.61811e-20)
(-0.150589 -0.401861 -1.52263e-19)
(-0.111135 -0.31129 3.52445e-19)
(-0.0286479 -0.11631 -2.01463e-19)
(0.0504269 0.214164 5.3373e-19)
(0.356352 1.03131 -4.38477e-19)
(0.530743 1.53801 0)
(0.598094 1.71262 1.27182e-19)
(0.604429 1.74493 9.25264e-20)
(0.596006 1.72084 1.96403e-19)
(0.572007 1.67992 -8.98349e-20)
(0.554072 1.64486 0)
(0.528629 1.62144 0)
(0.513664 1.66249 -1.61708e-19)
(0.615824 2.03184 -1.53174e-21)
(0.852125 2.93234 7.98533e-20)
(0.925851 3.18576 4.40787e-20)
(0.876681 2.90848 4.81116e-20)
(0.54548 1.78089 -5.43745e-20)
(0.0387037 0.237568 5.71386e-20)
(-0.160586 -0.230734 -4.38081e-20)
(-0.174799 -0.375742 0)
(-0.126355 -0.339898 -5.4496e-21)
(-0.0173379 -0.0585018 1.10075e-19)
(0.0123562 0.126178 5.45068e-19)
(0.262382 0.864787 0)
(0.460818 1.44473 0)
(0.547429 1.68406 0)
(0.562154 1.74667 7.82448e-20)
(0.559844 1.73886 -1.9387e-19)
(0.540688 1.70459 -8.84344e-20)
(0.526432 1.66745 0)
(0.507211 1.63967 0)
(0.495069 1.67498 9.95313e-20)
(0.590524 2.01093 3.26132e-20)
(0.839598 2.90042 -3.7276e-20)
(0.912458 3.18164 4.34594e-22)
(0.826383 2.96303 3.02584e-20)
(0.487744 1.85056 -5.86691e-20)
(-0.0653428 0.421559 1.03749e-19)
(-0.22317 -0.210935 -8.0711e-20)
(-0.288881 -0.586076 0)
(-0.247157 -0.673483 5.01088e-21)
(-0.0859001 -0.309963 1.38285e-19)
(-0.00655785 0.0682179 -5.05764e-19)
(0.178538 0.71327 1.74138e-19)
(0.387271 1.36524 2.7233e-19)
(0.486824 1.66031 -1.321e-20)
(0.514315 1.74717 -1.66508e-19)
(0.518385 1.74365 -1.09844e-19)
(0.507184 1.71363 2.49152e-19)
(0.497933 1.67726 -4.5576e-21)
(0.484777 1.64993 0)
(0.475243 1.67828 2.77649e-20)
(0.558009 1.96457 -1.38728e-20)
(0.803726 2.83778 4.15415e-20)
(0.921365 3.17083 0)
(0.929385 3.06668 -2.87038e-20)
(0.720021 2.28503 0)
(0.228198 0.720561 -3.71558e-20)
(-0.0989768 -0.234396 -2.8168e-20)
(-0.305238 -0.79169 0)
(-0.271009 -1.06142 0)
(-0.16588 -0.844462 3.64082e-19)
(-0.000649245 0.000932495 4.08283e-19)
(0.0727013 0.335606 -1.53114e-19)
(0.321433 1.15321 1.22046e-19)
(0.436512 1.57497 -1.9326e-19)
(0.472796 1.72635 7.614e-20)
(0.479948 1.7488 -2.66621e-20)
(0.472958 1.73123 1.72583e-20)
(0.465046 1.69101 -3.26102e-20)
(0.457721 1.65598 -2.18147e-20)
(0.45121 1.67168 -2.20931e-20)
(0.513732 1.89394 3.06219e-21)
(0.782434 2.70419 0)
(0.9575 3.10919 -4.10786e-21)
(0.992942 3.02942 0)
(0.994423 2.63964 0)
(0.805156 1.79274 0)
(0.410382 0.724916 -1.08462e-19)
(0.150372 -0.179327 3.02129e-19)
(-0.0972903 -1.15891 -1.31097e-20)
(-0.107308 -1.17003 -1.61765e-19)
(0.00869023 -0.0471515 7.31026e-20)
(0.0133299 0.123364 6.85484e-20)
(0.202277 0.871923 -5.58476e-20)
(0.362185 1.44634 -4.28693e-20)
(0.423507 1.68469 3.46501e-20)
(0.439984 1.73788 2.48747e-20)
(0.437958 1.73286 1.78201e-20)
(0.430952 1.69662 0)
(0.424882 1.65615 -9.20368e-21)
(0.4234 1.65844 -5.90558e-21)
(0.452747 1.802 1.65629e-20)
(0.663658 2.48282 0)
(0.895427 2.99076 1.02485e-20)
(0.930037 2.96311 -6.87828e-21)
(0.91534 2.72707 0)
(0.835429 2.19986 0)
(0.566164 1.34084 -3.26857e-21)
(0.336987 0.419308 0)
(0.180096 -0.244267 -4.08262e-21)
(0.0283263 -0.656195 0)
(-0.00148388 -0.0673116 0)
(0.00288186 -0.022534 0)
(0.0729576 0.350899 0)
(0.282485 1.19402 0)
(0.369464 1.59865 -8.69206e-34)
(0.394984 1.72198 6.71288e-34)
(0.395999 1.73148 0)
(0.392192 1.70868 0)
(0.386903 1.65355 0)
(0.38767 1.64112 0)
(0.392751 1.7258 0)
(0.512865 2.2212 0)
(0.744201 2.84917 0)
(0.785997 2.88072 0)
(0.762008 2.75795 0)
(0.7233 2.42961 0)
(0.557137 1.81967 0)
(0.351149 1.03754 0)
(0.169732 0.261972 0)
(0.0458414 -0.171647 0)
(-0.00532965 -0.0640573 0)
(0.011363 -0.0929483 0)
(0.0204998 0.0843063 0)
(0.179665 0.844969 0)
(0.302182 1.44584 0)
(0.350973 1.68378 0)
(0.355986 1.72611 0)
(0.351665 1.71368 0)
(0.343164 1.65679 0)
(0.344226 1.62828 0)
(0.337881 1.67853 0)
(0.390796 2.04516 0)
(0.59971 2.73651 0)
(0.632428 2.84366 0)
(0.60774 2.78548 0)
(0.58475 2.57372 0)
(0.485513 2.1373 0)
(0.322916 1.46287 0)
(0.165165 0.794533 0)
(0.0412436 0.273811 0)
(-0.00464891 -0.0714994 0)
(0.00662801 -0.124374 0)
(5.39631e-05 -0.0259694 0)
(0.0849788 0.511459 0)
(0.238916 1.27393 0)
(0.296526 1.61669 0)
(0.309683 1.71132 0)
(0.309422 1.71105 0)
(0.299725 1.66293 0)
(0.294839 1.62106 0)
(0.28463 1.65233 0)
(0.288008 1.94286 0)
(0.463575 2.63572 0)
(0.487057 2.83875 0)
(0.463584 2.82593 0)
(0.439758 2.7001 0)
(0.375208 2.38495 0)
(0.25235 1.81012 0)
(0.121752 1.18594 0)
(0.0270515 0.607502 0)
(-0.000644862 -0.0663362 0)
(-0.00361429 -0.127959 0)
(0.00232772 -0.077847 0)
(0.0266049 0.232932 0)
(0.18336 1.1048 0)
(0.246271 1.56463 0)
(0.261567 1.70269 0)
(0.260322 1.71095 0)
(0.251573 1.67129 0)
(0.243685 1.62132 0)
(0.236516 1.64387 0)
(0.20714 1.88781 0)
(0.34656 2.56584 0)
(0.368588 2.84762 0)
(0.335479 2.87234 0)
(0.313411 2.80263 0)
(0.268558 2.57142 0)
(0.180272 2.09119 0)
(0.0816588 1.51659 0)
(0.0146749 0.865133 0)
(0.00226118 -0.0631583 0)
(-0.0030177 -0.136875 0)
(0.0162815 -0.119387 0)
(0.0161732 0.0876888 0)
(0.123413 0.888718 0)
(0.197392 1.46471 0)
(0.218143 1.67669 0)
(0.21654 1.71001 0)
(0.205406 1.67984 0)
(0.194074 1.62825 0)
(0.193718 1.6471 0)
(0.145555 1.8607 0)
(0.250392 2.516 0)
(0.271633 2.85934 0)
(0.235593 2.92067 0)
(0.212687 2.88477 0)
(0.179472 2.70807 0)
(0.117743 2.28849 0)
(0.0459093 1.73424 0)
(0.0060036 1.01468 0)
(-0.00116132 -0.0593796 0)
(-0.0066248 -0.148536 0)
(0.0115662 -0.147277 0)
(0.00437132 0.0210803 0)
(0.068852 0.798197 0)
(0.139583 1.4202 0)
(0.166845 1.66515 0)
(0.169396 1.71076 0)
(0.16151 1.68914 0)
(0.147967 1.63875 0)
(0.154904 1.6563 0)
(0.0980207 1.84835 0)
(0.173958 2.4874 0)
(0.191787 2.87313 0)
(0.157285 2.96322 0)
(0.138688 2.94834 0)
(0.113944 2.80873 0)
(0.0713849 2.43753 0)
(0.0227658 1.90598 0)
(-0.00397055 1.10314 0)
(-0.00654744 -0.0347401 0)
(-0.00275641 -0.156861 0)
(0.0142419 -0.158783 0)
(0.0134538 -0.013567 0)
(0.0498632 0.636348 0)
(0.109837 1.34727 0)
(0.122469 1.6452 0)
(0.121356 1.71149 0)
(0.116662 1.696 0)
(0.103906 1.64877 0)
(0.118968 1.66636 0)
(0.0628491 1.84429 0)
(0.115071 2.4683 0)
(0.129044 2.88727 0)
(0.0993318 3.00078 0)
(0.0827476 3.00001 0)
(0.0646009 2.88095 0)
(0.0337487 2.52922 0)
(0.000904389 1.99147 0)
(-0.0079528 1.10161 0)
(-0.000350629 -0.0273876 0)
(0.0287486 -0.218766 0)
(0.0593931 -0.2131 0)
(0.0721396 -0.0377724 0)
(0.0478541 0.541065 0)
(0.0943063 1.29701 0)
(0.088493 1.63036 0)
(0.081286 1.70849 0)
(0.0765471 1.69746 0)
(0.0635669 1.65557 0)
(0.0850883 1.67527 0)
(0.0342333 1.84518 0)
(0.0707387 2.46266 0)
(0.0783284 2.90107 0)
(0.054422 3.03097 0)
(0.0419468 3.03854 0)
(0.0293877 2.93212 0)
(0.010103 2.59588 0)
(-0.00797276 2.05682 0)
(-0.0118547 1.08035 0)
(0.0165088 -0.134429 0)
(0.0619231 -0.372517 0)
(0.0904347 -0.307245 0)
(0.0991776 -0.0124463 0)
(0.0372357 0.566746 0)
(0.0531831 1.29205 0)
(0.0362412 1.62868 0)
(0.0316058 1.70891 0)
(0.0361051 1.69778 0)
(0.0273577 1.65812 0)
(0.0543458 1.68096 0)
(0.0137378 1.84687 0)
(0.0381362 2.4582 0)
(0.0398361 2.91275 0)
(0.0212041 3.05393 0)
(0.011271 3.06928 0)
(0.00151986 2.96575 0)
(-0.01148 2.6278 0)
(-0.0235192 2.0627 0)
(-0.013612 1.02724 0)
(0.0224743 -0.325878 0)
(0.0580307 -0.508531 0)
(0.0782599 -0.357009 0)
(0.0529807 0.0662285 0)
(-0.020003 0.629729 0)
(-0.0242199 1.31408 0)
(-0.0365293 1.6374 0)
(-0.0217854 1.70821 0)
(-0.00506097 1.6921 0)
(-0.00758536 1.65515 0)
(0.0259267 1.68369 0)
(-0.00478743 1.85073 0)
(0.0131446 2.4603 0)
(0.00932098 2.92159 0)
(-0.00455931 3.07124 0)
(-0.0116537 3.08919 0)
(-0.0184512 2.98552 0)
(-0.0252974 2.64472 0)
(-0.0289421 2.0511 0)
(-0.0157514 0.944766 0)
(0.012841 -0.425047 0)
(0.0262731 -0.561302 0)
(-0.00408211 -0.260637 0)
(-0.0484033 0.213647 0)
(-0.123751 0.790058 0)
(-0.136182 1.37178 0)
(-0.126559 1.63519 0)
(-0.0872014 1.69651 0)
(-0.0483278 1.68046 0)
(-0.0375039 1.64458 0)
(0.00142352 1.68077 0)
(-0.0192922 1.85137 0)
(-0.00550255 2.4604 0)
(-0.0134003 2.92823 0)
(-0.0225578 3.08221 0)
(-0.0283792 3.10317 0)
(-0.0331588 2.99505 0)
(-0.0373077 2.64292 0)
(-0.0331564 2.02288 0)
(-0.015188 0.856057 0)
(0.000724847 -0.436392 0)
(-0.0322924 -0.452431 0)
(-0.0876939 -0.129859 0)
(-0.138829 0.351933 0)
(-0.20339 0.911726 0)
(-0.208728 1.37744 0)
(-0.18864 1.59473 0)
(-0.138587 1.66152 0)
(-0.0865655 1.65522 0)
(-0.0657902 1.62764 0)
(-0.0193443 1.67386 0)
(-0.0325242 1.85394 0)
(-0.0205611 2.46311 0)
(-0.0290444 2.93345 0)
(-0.0357984 3.08981 0)
(-0.0397047 3.10984 0)
(-0.0415993 2.99634 0)
(-0.0418662 2.62946 0)
(-0.0340872 1.97076 0)
(-0.0121401 0.767259 0)
(-0.0127105 -0.328916 0)
(-0.0568363 -0.292772 0)
(-0.121059 0.0285919 0)
(-0.178778 0.474343 0)
(-0.232619 0.975689 0)
(-0.232535 1.34297 0)
(-0.21031 1.5287 0)
(-0.1609 1.60312 0)
(-0.10953 1.61336 0)
(-0.0838701 1.60012 0)
(-0.0338003 1.66019 0)
(-0.0429056 1.85208 0)
(-0.0315957 2.46504 0)
(-0.0410021 2.93763 0)
(-0.0441108 3.0932 0)
(-0.0461452 3.11383 0)
(-0.0463498 2.99228 0)
(-0.043366 2.61388 0)
(-0.031966 1.91556 0)
(-0.00830481 0.689019 0)
(-0.0141765 -0.199838 0)
(-0.0587452 -0.108738 0)
(-0.123962 0.193318 0)
(-0.182386 0.591679 0)
(-0.226368 1.01495 0)
(-0.222247 1.30661 0)
(-0.201863 1.46674 0)
(-0.15981 1.54304 0)
(-0.115681 1.566 0)
(-0.0904115 1.56826 0)
(-0.0412294 1.64295 0)
(-0.0497673 1.85004 0)
(-0.0395456 2.47035 0)
(-0.0472426 2.94114 0)
(-0.0490234 3.09547 0)
(-0.049498 3.11318 0)
(-0.0472183 2.98188 0)
(-0.042114 2.58289 0)
(-0.0280845 1.84992 0)
(-0.00485169 0.623034 0)
(-0.011616 -0.0724614 0)
(-0.0503458 0.0646431 0)
(-0.10802 0.339662 0)
(-0.159512 0.689551 0)
(-0.196117 1.04423 0)
(-0.191962 1.28223 0)
(-0.176874 1.42042 0)
(-0.143786 1.49327 0)
(-0.108021 1.5226 0)
(-0.0876147 1.53663 0)
(-0.042111 1.62296 0)
(-0.0518754 1.84622 0)
(-0.0432594 2.47373 0)
(-0.0518119 2.94358 0)
(-0.0508652 3.09433 0)
(-0.0498544 3.11063 0)
(-0.0463744 2.97284 0)
(-0.039543 2.55758 0)
(-0.0236255 1.78977 0)
(-0.00233521 0.572732 0)
(-0.00833457 0.0301136 0)
(-0.0378867 0.211361 0)
(-0.0835044 0.469793 0)
(-0.125365 0.779931 0)
(-0.156264 1.07987 0)
(-0.155083 1.27826 0)
(-0.147231 1.39639 0)
(-0.122905 1.46166 0)
(-0.0943752 1.49092 0)
(-0.079717 1.51055 0)
(-0.0390646 1.60538 0)
(-0.0508657 1.84327 0)
(-0.0440083 2.47972 0)
(-0.051869 2.94467 0)
(-0.050446 3.09195 0)
(-0.0485569 3.10499 0)
(-0.0438928 2.95466 0)
(-0.0361777 2.51924 0)
(-0.0192555 1.72339 0)
(-0.000706983 0.532326 0)
(-0.00478493 0.0998893 0)
(-0.0249337 0.319633 0)
(-0.0587707 0.568739 0)
(-0.0907802 0.849658 0)
(-0.116605 1.11105 0)
(-0.118861 1.28106 0)
(-0.117755 1.38446 0)
(-0.101564 1.44295 0)
(-0.0796578 1.47061 0)
(-0.0704105 1.49177 0)
(-0.0344204 1.59145 0)
(-0.0464608 1.8401 0)
(-0.0425658 2.48305 0)
(-0.0509445 2.94477 0)
(-0.0483026 3.08923 0)
(-0.0460839 3.10017 0)
(-0.0411198 2.94172 0)
(-0.0328293 2.49014 0)
(-0.0153336 1.66789 0)
(0.000221201 0.503839 0)
(-0.00231997 0.143307 0)
(-0.0147594 0.397045 0)
(-0.0387414 0.64626 0)
(-0.0624702 0.908312 0)
(-0.0831668 1.1427 0)
(-0.0873769 1.29124 0)
(-0.0908964 1.38204 0)
(-0.0815671 1.43362 0)
(-0.0660261 1.45886 0)
(-0.0616636 1.48036 0)
(-0.0304403 1.58358 0)
(-0.0429675 1.84223 0)
(-0.0398684 2.4885 0)
(-0.0485214 2.94475 0)
(-0.0446112 3.08421 0)
(-0.0423278 3.09111 0)
(-0.0373419 2.9206 0)
(-0.029006 2.44978 0)
(-0.011843 1.60803 0)
(0.000723341 0.480495 0)
(-0.000858284 0.166555 0)
(-0.00769839 0.445966 0)
(-0.0238072 0.699166 0)
(-0.0411059 0.948751 0)
(-0.057292 1.16555 0)
(-0.0619855 1.29989 0)
(-0.0675728 1.3813 0)
(-0.06328 1.42739 0)
(-0.0528974 1.45082 0)
(-0.0534362 1.47289 0)
(-0.0261847 1.57876 0)
(-0.0393218 1.84371 0)
(-0.0368681 2.49352 0)
(-0.0457106 2.94492 0)
(-0.0412081 3.08081 0)
(-0.0390799 3.08524 0)
(-0.0340858 2.90709 0)
(-0.0257025 2.42269 0)
(-0.00917164 1.56412 0)
(0.000893923 0.46613 0)
(-0.000138411 0.177744 0)
(-0.00332878 0.476823 0)
(-0.013667 0.739036 0)
(-0.0262971 0.983206 0)
(-0.0389705 1.18824 0)
(-0.0435377 1.31241 0)
(-0.0495959 1.38559 0)
(-0.0482369 1.42558 0)
(-0.0414859 1.44566 0)
(-0.0453165 1.46733 0)
(-0.0228425 1.57643 0)
(-0.0360757 1.8492 0)
(-0.0336522 2.49968 0)
(-0.0420025 2.94438 0)
(-0.0375672 3.07536 0)
(-0.0356153 3.07569 0)
(-0.0306241 2.88621 0)
(-0.0226632 2.38468 0)
(-0.00720824 1.51449 0)
(0.000870853 0.452284 0)
(0.00015445 0.181128 0)
(-0.000815417 0.492348 0)
(-0.00685625 0.763035 0)
(-0.015941 1.00451 0)
(-0.0258622 1.20216 0)
(-0.0301754 1.32034 0)
(-0.0362242 1.38842 0)
(-0.0370172 1.42436 0)
(-0.0316155 1.4415 0)
(-0.0382309 1.46257 0)
(-0.0189492 1.5739 0)
(-0.0333194 1.85215 0)
(-0.0312312 2.5042 0)
(-0.0395089 2.94402 0)
(-0.0346599 3.0719 0)
(-0.0329487 3.07002 0)
(-0.0280501 2.87405 0)
(-0.0202762 2.36186 0)
(-0.00574626 1.48256 0)
(0.000713919 0.445139 0)
(0.000226909 0.181156 0)
(0.000326815 0.50075 0)
(-0.0030134 0.781676 0)
(-0.00957878 1.02479 0)
(-0.0172672 1.21767 0)
(-0.0211193 1.33152 0)
(-0.0268057 1.39504 0)
(-0.0289501 1.42685 0)
(-0.0246943 1.441 0)
(-0.0322672 1.46031 0)
(-0.0158766 1.57259 0)
(-0.0305063 1.85694 0)
(-0.0287732 2.50931 0)
(-0.0363007 2.94303 0)
(-0.031847 3.06674 0)
(-0.0301834 3.0608 0)
(-0.0252703 2.85446 0)
(-0.0180492 2.3272 0)
(-0.00483262 1.44173 0)
(0.000566501 0.43528 0)
(0.000243105 0.179603 0)
(0.000948314 0.502888 0)
(-0.000622877 0.790788 0)
(-0.00536065 1.03518 0)
(-0.0114716 1.22543 0)
(-0.0148869 1.33733 0)
(-0.0200957 1.39857 0)
(-0.0236527 1.42818 0)
(-0.0198982 1.44057 0)
(-0.0288592 1.45887 0)
(-0.0137651 1.57164 0)
(-0.0285509 1.85955 0)
(-0.0267764 2.51223 0)
(-0.0342677 2.94232 0)
(-0.0296434 3.06396 0)
(-0.0282833 3.0559 0)
(-0.0235793 2.84413 0)
(-0.0165378 2.30876 0)
(-0.00400765 1.41931 0)
(0.00037829 0.431234 0)
(0.000240019 0.177345 0)
(0.00101694 0.50276 0)
(0.000325477 0.799378 0)
(-0.00329298 1.04813 0)
(-0.00829298 1.23663 0)
(-0.0114066 1.34671 0)
(-0.0158506 1.40534 0)
(-0.0199349 1.43211 0)
(-0.0165909 1.4424 0)
(-0.0255856 1.45936 0)
(-0.0123254 1.57276 0)
(-0.0271286 1.86551 0)
(-0.0252551 2.51723 0)
(-0.0316951 2.94158 0)
(-0.0277486 3.05955 0)
(-0.0264733 3.04751 0)
(-0.0218501 2.82597 0)
(-0.0152186 2.27684 0)
(-0.00382715 1.38443 0)
(0.000233008 0.422983 0)
(0.000261618 0.174847 0)
(0.000993733 0.50135 0)
(0.000881219 0.801992 0)
(-0.00177533 1.05299 0)
(-0.00596179 1.24106 0)
(-0.00893256 1.35064 0)
(-0.0127788 1.40804 0)
(-0.0173605 1.43355 0)
(-0.0141184 1.44278 0)
(-0.0237384 1.45941 0)
(-0.0115539 1.5739 0)
(-0.026332 1.86885 0)
(-0.0242271 2.51974 0)
(-0.0306664 2.94137 0)
(-0.0265301 3.05796 0)
(-0.0255076 3.04381 0)
(-0.0211992 2.81745 0)
(-0.0145246 2.2618 0)
(-0.00338814 1.36874 0)
(8.15625e-05 0.420202 0)
(1.67015e-05 0.173395 0)
(0.000269997 0.500782 0)
(2.04527e-05 0.807738 0)
(-0.0020975 1.06405 0)
(-0.00541468 1.25175 0)
(-0.00840208 1.36024 0)
(-0.0114328 1.41547 0)
(-0.0161739 1.4378 0)
(-0.0129437 1.44547 0)
(-0.0226578 1.46105 0)
(-0.0118324 1.57705 0)
(-0.0259117 1.87746 0)
(-0.0237888 2.52565 0)
(-0.0290471 2.94113 0)
(-0.025446 3.05363 0)
(-0.0243989 3.03429 0)
(-0.0202222 2.79584 0)
(-0.0140926 2.22385 0)
(-0.00434606 1.32879 0)
(-0.000713273 0.40666 0)
(-0.232064 1.55271 1.26768e-22)
(0.391733 3.22553 1.35173e-20)
(0.0892103 3.45885 6.52752e-20)
(0.194877 3.42956 0)
(0.152049 3.38536 0)
(0.145658 3.33964 -3.68511e-19)
(0.147468 3.31284 3.73396e-19)
(0.120575 3.27313 -3.99393e-19)
(0.110594 3.18312 7.40068e-21)
(0.0913087 2.56958 5.50148e-19)
(-0.10506 2.31026 1.13424e-23)
(0.127995 3.2815 1.64484e-19)
(0.00809496 3.43323 0)
(0.0939858 3.38724 0)
(0.0689785 3.34253 1.09197e-20)
(0.0738977 3.30619 7.63857e-19)
(0.0705949 3.27741 -4.25997e-19)
(0.0476565 3.24279 -7.15099e-21)
(0.0489381 3.08623 6.81822e-21)
(0.000634681 2.08877 0)
(-0.0281272 2.06479 1.73219e-19)
(0.0832588 3.13576 -1.84243e-19)
(0.0206505 3.34233 0)
(0.0690095 3.32284 3.5161e-19)
(0.0485604 3.30229 -1.31778e-21)
(0.0494119 3.28148 -3.97284e-19)
(0.0444009 3.26615 -4.94412e-19)
(0.0289855 3.24663 -2.05624e-22)
(0.0401888 3.12047 7.02852e-21)
(-0.0169046 2.2127 0)
(-0.0412619 2.01133 -4.28973e-20)
(0.0264336 3.11409 0)
(-0.0153459 3.30694 -1.86168e-19)
(0.0190844 3.30626 -1.52508e-19)
(0.0145563 3.28262 1.39292e-20)
(0.0204976 3.26119 -2.58031e-19)
(0.0257494 3.24705 2.29271e-19)
(0.0207743 3.23394 -8.26647e-21)
(0.0415005 3.12625 1.08713e-20)
(0.00708164 2.25125 2.84222e-19)
(-0.0532357 2.02235 -1.43618e-19)
(0.0117391 3.08792 0)
(-0.00875337 3.26575 4.02245e-19)
(0.00933998 3.26164 -2.2227e-19)
(0.0130768 3.24803 -6.89209e-22)
(0.0157768 3.23804 -2.49007e-21)
(0.0210904 3.23315 -1.55857e-20)
(0.0214897 3.22472 -2.9397e-19)
(0.0426962 3.12821 8.07025e-21)
(-0.00313577 2.31263 -5.95855e-19)
(-0.0500062 2.08178 0)
(-0.0109715 3.08486 -2.22057e-19)
(-0.0290621 3.24196 1.88703e-20)
(-0.0159927 3.24648 -1.54579e-20)
(-0.00642729 3.232 1.58229e-20)
(0.00286905 3.2195 2.62643e-19)
(0.0150535 3.21181 2.74837e-19)
(0.0207493 3.20551 5.78885e-19)
(0.0426344 3.12417 3.21134e-19)
(0.0105262 2.3545 -1.67452e-20)
(-0.0513779 2.14062 0)
(-0.0203425 3.08139 2.29711e-19)
(-0.0195163 3.21353 -2.41246e-19)
(-0.0120054 3.21264 -1.6713e-20)
(-0.00072021 3.2025 3.45656e-20)
(0.00718976 3.19627 3.61753e-22)
(0.016677 3.19518 -1.85993e-20)
(0.0217162 3.19132 -3.02909e-19)
(0.0422436 3.12187 -3.12098e-19)
(0.00383408 2.41996 -1.73235e-20)
(-0.0476364 2.22726 2.65728e-19)
(-0.0288458 3.08511 -1.23457e-20)
(-0.0323055 3.19369 8.51761e-21)
(-0.0239103 3.19519 0)
(-0.0136571 3.18541 0)
(-0.00137142 3.17757 0)
(0.012875 3.17224 0)
(0.0205946 3.16931 3.38822e-19)
(0.0412155 3.1127 -3.48958e-19)
(0.0152721 2.46399 3.44912e-19)
(-0.0464667 2.30654 2.61861e-20)
(-0.0330704 3.08456 2.83637e-19)
(-0.0212233 3.16951 0)
(-0.0146689 3.16538 -1.91011e-20)
(-0.00403745 3.15772 1.9534e-20)
(0.00515556 3.15355 0)
(0.0151157 3.15383 -1.05986e-20)
(0.0206814 3.15297 -3.2884e-19)
(0.0401203 3.10936 3.50609e-19)
(0.0104179 2.53313 0)
(-0.0436823 2.40309 1.60555e-20)
(-0.0359168 3.0861 -4.35183e-19)
(-0.0300754 3.14968 0)
(-0.0225469 3.14679 0)
(-0.0137311 3.13904 2.09855e-20)
(-0.00205297 3.13331 -1.77221e-19)
(0.0113321 3.12939 -2.2149e-20)
(0.0191419 3.12926 1.88978e-19)
(0.0386089 3.09616 0)
(0.0191758 2.58108 0)
(-0.0400985 2.49077 -4.60396e-19)
(-0.0385686 3.08228 1.56014e-19)
(-0.0206242 3.12431 0)
(-0.0128388 3.1163 0)
(-0.00334096 3.10964 0)
(0.00549651 3.10688 3.6525e-19)
(0.0146113 3.10848 0)
(0.0201327 3.11076 -2.01624e-19)
(0.037847 3.09051 1.24666e-20)
(0.0149547 2.65385 2.11328e-19)
(-0.0376782 2.58935 1.64374e-19)
(-0.0398386 3.07573 -1.59922e-20)
(-0.0296236 3.10129 1.91779e-19)
(-0.0210818 3.09498 1.86449e-19)
(-0.0124854 3.08833 0)
(-0.000734493 3.08391 -1.87804e-19)
(0.0122566 3.08161 0)
(0.0209739 3.08442 0)
(0.0385631 3.07214 0)
(0.0222658 2.70642 -2.12309e-19)
(-0.0351479 2.67855 -1.74415e-19)
(-0.0429727 3.06241 1.80123e-19)
(-0.0235574 3.07218 -1.80786e-19)
(-0.0130599 3.06222 -2.85177e-19)
(-0.00278728 3.05706 0)
(0.00706591 3.05573 2.55209e-20)
(0.0169559 3.05851 -1.30267e-20)
(0.0247651 3.06323 9.72096e-20)
(0.0417246 3.06163 1.20695e-19)
(0.0208647 2.78046 -1.24186e-19)
(-0.0343416 2.77287 1.78956e-19)
(-0.0461137 3.04523 -1.72591e-19)
(-0.0329027 3.04584 1.23107e-20)
(-0.0209274 3.04029 7.26674e-20)
(-0.0112356 3.03616 -1.04423e-19)
(0.000324495 3.03352 0)
(0.0136753 3.03224 1.12232e-19)
(0.0256226 3.03555 4.9498e-21)
(0.0446207 3.03658 -2.33685e-19)
(0.0286834 2.83262 -6.55242e-21)
(-0.0296125 2.85529 -5.12336e-20)
(-0.0442437 3.02155 1.2519e-20)
(-0.0231809 3.01779 -6.49864e-20)
(-0.0111621 3.01445 2.65996e-20)
(-0.00219639 3.01414 1.27235e-19)
(0.0062745 3.01343 -5.41659e-20)
(0.0146283 3.01411 -5.38743e-20)
(0.0233337 3.01713 -5.58965e-20)
(0.0418055 3.02184 1.2008e-19)
(0.0248546 2.90034 5.86582e-20)
(-0.0176173 2.94043 4.11839e-20)
(-0.0260017 3.0008 1.82084e-20)
(-0.0161357 3.00082 3.58086e-20)
(-0.00939972 3.00162 -7.33818e-20)
(-0.00417392 3.00264 2.48017e-20)
(0.000698175 3.00214 5.04193e-20)
(0.00531927 3.00067 -5.26673e-20)
(0.0107505 2.99901 -5.49714e-20)
(0.0217842 2.99713 7.4515e-21)
(0.0165197 2.94913 5.28454e-20)
)
;

boundaryField
{
    wall-4
    {
        type            noSlip;
    }
    pressure-outlet-7
    {
        type            zeroGradient;
    }
    velocity-inlet-6
    {
        type            fixedValue;
        value           uniform (0 3 0);
    }
    velocity-inlet-5
    {
        type            fixedValue;
        value           uniform (1 0 0);
    }
    frontAndBackPlanes
    {
        type            empty;
    }
}


// ************************************************************************* //
