/*--------------------------------*- C++ -*----------------------------------*\
  =========                 |
  \\      /  F ield         | OpenFOAM: The Open Source CFD Toolbox
   \\    /   O peration     | Website:  https://openfoam.org
    \\  /    A nd           | Version:  10
     \\/     M anipulation  |
\*---------------------------------------------------------------------------*/
FoamFile
{
    format      ascii;
    class       volScalarField;
    location    "67";
    object      p;
}
// * * * * * * * * * * * * * * * * * * * * * * * * * * * * * * * * * * * * * //

dimensions      [0 2 -2 0 0 0 0];

internalField   nonuniform List<scalar> 
8800
(
0.817209
0.769423
0.730736
0.701745
0.680887
0.666065
0.655481
0.64802
0.643226
0.641206
0.642514
0.646738
0.653408
0.662741
0.675534
0.693277
0.71806
0.752005
0.794558
0.85326
0.648452
0.656132
0.663611
0.666922
0.665423
0.660352
0.653876
0.647815
0.643115
0.640304
0.640066
0.642611
0.64713
0.653098
0.659883
0.666173
0.669821
0.669088
0.663674
0.654987
0.626848
0.633008
0.637138
0.640087
0.642142
0.642756
0.641663
0.639579
0.637593
0.636726
0.637733
0.640152
0.642979
0.64518
0.645801
0.644612
0.642278
0.638891
0.634334
0.630574
0.621024
0.623676
0.626431
0.628838
0.63048
0.631652
0.632409
0.632549
0.632286
0.632282
0.633083
0.634294
0.635165
0.635252
0.634659
0.63358
0.631773
0.629208
0.626809
0.625305
0.615625
0.617051
0.618833
0.62087
0.622662
0.624015
0.625021
0.625845
0.626497
0.627112
0.627819
0.628361
0.628496
0.628235
0.627557
0.626323
0.624638
0.622797
0.621494
0.620662
0.610525
0.611446
0.612691
0.614264
0.615905
0.617443
0.618748
0.619844
0.620851
0.621803
0.622558
0.62294
0.622939
0.62253
0.621673
0.62049
0.619176
0.617925
0.617107
0.616555
0.605589
0.606259
0.607225
0.608534
0.609953
0.611426
0.612888
0.614244
0.615491
0.616667
0.617564
0.617996
0.61796
0.617489
0.61671
0.615784
0.614788
0.613876
0.613295
0.612889
0.60077
0.601286
0.602074
0.603212
0.6045
0.605891
0.607362
0.608872
0.610356
0.611771
0.612866
0.613413
0.613446
0.613106
0.612537
0.611838
0.611084
0.610414
0.609985
0.609667
0.595994
0.596405
0.597065
0.598079
0.599298
0.600644
0.602118
0.603717
0.605402
0.60709
0.60844
0.609187
0.609421
0.609306
0.608965
0.60848
0.607935
0.607459
0.607141
0.606882
0.591175
0.591509
0.592081
0.593017
0.594189
0.595522
0.597035
0.598737
0.600617
0.602603
0.604283
0.605335
0.605855
0.606
0.605893
0.605638
0.60529
0.604975
0.604743
0.604525
0.586223
0.5865
0.587011
0.587902
0.589057
0.590419
0.592008
0.593856
0.595972
0.598305
0.600399
0.601843
0.602705
0.603148
0.603301
0.603276
0.603126
0.602954
0.60279
0.602601
0.581048
0.581281
0.581752
0.582629
0.583808
0.58524
0.58695
0.588998
0.591417
0.594179
0.59678
0.598695
0.599958
0.600744
0.601187
0.601401
0.601453
0.601413
0.601304
0.601136
0.575557
0.575755
0.576207
0.577098
0.578343
0.579889
0.581775
0.584091
0.586894
0.590194
0.593409
0.595884
0.597618
0.598795
0.599564
0.600036
0.600305
0.600391
0.600329
0.600174
0.569646
0.569815
0.570265
0.5712
0.572551
0.574265
0.576393
0.579056
0.582346
0.58631
0.59027
0.593414
0.595702
0.59733
0.598473
0.599255
0.599741
0.599947
0.599927
0.599779
0.563194
0.563339
0.563802
0.564811
0.566315
0.568254
0.570703
0.573809
0.577711
0.582488
0.587348
0.591292
0.594237
0.596399
0.597968
0.59909
0.599824
0.600156
0.600173
0.600029
0.556063
0.556182
0.556673
0.557786
0.559495
0.56173
0.564588
0.568257
0.572918
0.578688
0.584635
0.589533
0.593256
0.596046
0.598119
0.599631
0.600644
0.601107
0.601157
0.601013
0.548058
0.548162
0.548696
0.549949
0.551921
0.55453
0.55791
0.562285
0.567886
0.57487
0.582124
0.588158
0.592798
0.596327
0.599005
0.600977
0.602298
0.602897
0.602979
0.602831
0.538964
0.539063
0.539653
0.541066
0.543369
0.546467
0.550509
0.555768
0.56253
0.570992
0.579815
0.587196
0.592919
0.597316
0.600709
0.603215
0.604889
0.605633
0.605744
0.605587
0.528455
0.528536
0.529215
0.530854
0.533593
0.537314
0.542189
0.548558
0.556759
0.567021
0.577718
0.586685
0.593679
0.5991
0.603305
0.606453
0.608519
0.609413
0.609547
0.609379
0.516154
0.51622
0.517
0.51895
0.522247
0.526767
0.532709
0.540483
0.550474
0.562925
0.575849
0.586671
0.595138
0.601749
0.606908
0.610783
0.613278
0.614322
0.614473
0.614289
0.501497
0.501552
0.502475
0.504842
0.50888
0.51445
0.521782
0.531354
0.543585
0.558691
0.57424
0.587208
0.597359
0.60533
0.61159
0.616283
0.61923
0.620411
0.620569
0.620366
0.483712
0.483757
0.484892
0.487845
0.492896
0.499889
0.50907
0.520982
0.536024
0.554339
0.572949
0.58836
0.600411
0.609912
0.617381
0.62299
0.626385
0.627678
0.627828
0.627605
0.461627
0.461668
0.463153
0.466991
0.473502
0.482496
0.494213
0.509211
0.527794
0.549955
0.572075
0.590208
0.604348
0.61554
0.624326
0.630883
0.634685
0.636039
0.636161
0.635917
0.433475
0.433538
0.435617
0.440883
0.449668
0.461601
0.476894
0.495991
0.518996
0.545694
0.571759
0.592846
0.60922
0.622198
0.632395
0.639864
0.643967
0.645305
0.645378
0.645116
0.396201
0.396366
0.399665
0.407565
0.420183
0.436615
0.457007
0.481488
0.509901
0.541817
0.572192
0.596381
0.61507
0.629883
0.641492
0.649731
0.653953
0.655173
0.655175
0.654901
0.343932
0.344929
0.351493
0.364812
0.384096
0.407488
0.434914
0.466196
0.500978
0.538682
0.573585
0.600922
0.621914
0.638497
0.651408
0.660157
0.664246
0.665245
0.66517
0.664892
0.26767
0.275041
0.290229
0.313711
0.342922
0.375639
0.41166
0.450773
0.49261
0.536571
0.5763
0.606976
0.630424
0.648905
0.663013
0.672039
0.675837
0.676605
0.676481
0.676238
0.185741
0.203165
0.22777
0.262037
0.301575
0.343746
0.388411
0.435519
0.484774
0.535623
0.581012
0.615742
0.6421
0.66276
0.678166
0.687011
0.690117
0.6906
0.690506
0.690343
0.117437
0.137961
0.170338
0.213773
0.262416
0.313485
0.366533
0.421481
0.478
0.535525
0.58628
0.624773
0.653757
0.676171
0.692085
0.700395
0.703005
0.703428
0.703393
0.703276
0.0614992
0.0836883
0.121614
0.171523
0.227363
0.285927
0.346393
0.408539
0.471894
0.53578
0.591629
0.633634
0.66499
0.688825
0.705274
0.713447
0.715851
0.716237
0.71624
0.716151
0.0149633
0.0383312
0.0800618
0.13511
0.196733
0.261491
0.32833
0.39688
0.466497
0.536347
0.597049
0.642411
0.676053
0.7014
0.718489
0.726648
0.729108
0.729468
0.729495
0.72943
-0.0244456
-0.00042582
0.044187
0.103295
0.169786
0.239816
0.312196
0.386446
0.461789
0.537228
0.602565
0.651188
0.687086
0.713898
0.731768
0.74036
0.742844
0.743207
0.743238
0.743189
-0.0587683
-0.0343329
0.0125451
0.0750103
0.145614
0.220235
0.297537
0.376951
0.457585
0.538284
0.608063
0.659854
0.697982
0.726296
0.745097
0.754094
0.756756
0.757133
0.757166
0.757139
-0.0895161
-0.064722
-0.0160006
0.0493275
0.123487
0.202141
0.283869
0.368002
0.453557
0.539255
0.613324
0.668215
0.708526
0.73833
0.75797
0.767488
0.770377
0.770789
0.770825
0.77081
-0.117674
-0.0925625
-0.0422676
0.0255379
0.102821
0.185056
0.270767
0.359235
0.44942
0.539912
0.618157
0.676072
0.718498
0.749732
0.770242
0.780206
0.783335
0.783843
0.783881
0.783855
-0.144059
-0.118587
-0.0668755
0.00309277
0.0831668
0.1686
0.257923
0.350397
0.444941
0.540048
0.622396
0.683285
0.727766
0.760363
0.781635
0.792027
0.795328
0.795868
0.795865
0.795842
-0.169061
-0.14323
-0.0902195
-0.0183712
0.0642004
0.152509
0.245113
0.341284
0.439935
0.539514
0.625932
0.689793
0.736283
0.770153
0.792049
0.802717
0.80615
0.806709
0.806677
0.806638
-0.193129
-0.166879
-0.112821
-0.0390962
0.0456952
0.136587
0.232174
0.331752
0.434274
0.538196
0.628693
0.695568
0.74405
0.779068
0.801457
0.812307
0.81577
0.816316
0.816251
0.816194
-0.216399
-0.189653
-0.134649
-0.0592681
0.0275051
0.120716
0.219003
0.32172
0.427876
0.536006
0.630618
0.700617
0.751141
0.787246
0.809992
0.820831
0.824256
0.824775
0.82468
0.824605
-0.239023
-0.211849
-0.155806
-0.0789944
0.00955729
0.104839
0.205557
0.311134
0.420681
0.532875
0.631652
0.704957
0.757659
0.794842
0.817777
0.828457
0.831745
0.832204
0.832081
0.831992
-0.261135
-0.233457
-0.176431
-0.0983206
-0.00819097
0.0889374
0.191828
0.299992
0.412668
0.528751
0.63174
0.708589
0.763721
0.802035
0.825014
0.83533
0.838361
0.838723
0.838576
0.838471
-0.282796
-0.254507
-0.196588
-0.117261
-0.0257263
0.0730204
0.177842
0.288317
0.403845
0.523591
0.630812
0.711491
0.769419
0.809045
0.831925
0.841618
0.844204
0.844414
0.844241
0.84413
-0.303853
-0.274988
-0.216211
-0.135804
-0.0430322
0.0571394
0.163643
0.276166
0.394251
0.517401
0.628792
0.713604
0.77479
0.816093
0.838862
0.847581
0.849415
0.849373
0.849182
0.849077
-0.324297
-0.294879
-0.235296
-0.153912
-0.0600634
0.041342
0.149311
0.263602
0.383949
0.510189
0.625617
0.714808
0.779794
0.823362
0.846297
0.853777
0.854326
0.853722
0.853502
0.853461
-0.344196
-0.314153
-0.253832
-0.171564
-0.0767653
0.0257016
0.134921
0.25072
0.373018
0.502006
0.621222
0.71495
0.784279
0.830865
0.854709
0.861153
0.859801
0.85787
0.857422
0.857712
-0.363394
-0.332798
-0.271768
-0.188711
-0.0930864
0.0102944
0.120561
0.23762
0.361563
0.492929
0.615577
0.713835
0.787981
0.838329
0.864243
0.870849
0.867893
0.863584
0.861527
0.861486
-0.381985
-0.350807
-0.289126
-0.205387
-0.109062
-0.00492271
0.106177
0.22425
0.349521
0.48289
0.608549
0.711186
0.790612
0.845306
0.874426
0.883348
0.880994
0.873877
0.866412
0.852851
-0.3999
-0.368167
-0.30602
-0.221791
-0.12497
-0.0202703
0.0913681
0.210147
0.336383
0.471287
0.599534
0.70628
0.791698
0.85123
0.883795
0.896835
0.895592
0.882125
0.86151
0.851048
-0.416973
-0.385033
-0.322267
-0.237732
-0.140457
-0.0354117
0.076352
0.195624
0.322436
0.458351
0.588545
0.69857
0.790294
0.854881
0.888301
0.901338
0.901873
0.876974
0.809732
0.779745
-0.432546
-0.402674
-0.33756
-0.252737
-0.154723
-0.0498469
0.0614469
0.180909
0.307894
0.444194
0.575483
0.68768
0.784818
0.85545
0.882603
0.890581
0.876013
0.819882
0.750577
0.708105
-0.487245
-0.41822
-0.351382
-0.267934
-0.16943
-0.0650651
0.0465797
0.165709
0.292372
0.428331
0.559691
0.672851
0.771185
0.848708
0.84998
0.849164
0.794931
0.721981
0.644412
0.601271
-0.448909
-0.432993
-0.372006
-0.287457
-0.191199
-0.0868729
0.023742
0.142245
0.267971
0.402628
0.532289
0.644192
0.735456
0.818681
0.801139
0.682515
0.574073
0.498683
0.424083
0.453128
-0.479186
-0.450164
-0.388297
-0.304596
-0.208381
-0.104175
0.00671722
0.12459
0.249265
0.382161
0.509103
0.616825
0.6983
0.742409
0.690611
0.53682
0.405901
0.312451
0.21267
0.261324
-0.502492
-0.470551
-0.407558
-0.323733
-0.227401
-0.123307
-0.0125007
0.104536
0.227813
0.358314
0.481528
0.582959
0.655333
0.664476
0.553976
0.377787
0.222528
0.101802
-0.0304136
0.00167717
-0.525247
-0.491821
-0.427702
-0.342977
-0.246578
-0.142648
-0.0323809
0.0836819
0.205353
0.333052
0.451529
0.544905
0.601567
0.578909
0.416526
0.217501
0.0253016
-0.143972
-0.333183
-0.35263
-0.547402
-0.513557
-0.448583
-0.363106
-0.26659
-0.162902
-0.0533055
0.0616495
0.181442
0.305916
0.418895
0.504031
0.540778
0.481049
0.285574
0.0727643
-0.14595
-0.336163
-0.578535
-0.874713
-0.569845
-0.536011
-0.47053
-0.384596
-0.287921
-0.184427
-0.0754373
0.0383653
0.156156
0.277112
0.384225
0.460716
0.475654
0.364347
0.171502
-0.0405196
-0.246269
-0.419551
-0.489846
-0.568368
-0.593521
-0.559642
-0.493887
-0.407759
-0.311062
-0.207861
-0.0995759
0.0128917
0.128348
0.24523
0.346038
0.411189
0.400687
0.255607
0.0699743
-0.122979
-0.287434
-0.381413
-0.405772
-0.421601
-0.618732
-0.584744
-0.518823
-0.432668
-0.336139
-0.23341
-0.126077
-0.0152567
0.097434
0.209571
0.303575
0.354118
0.325709
0.154531
-0.0221085
-0.189906
-0.317907
-0.357553
-0.370417
-0.371726
-0.645677
-0.611488
-0.5454
-0.459316
-0.363103
-0.261079
-0.15496
-0.0461293
0.063348
0.17015
0.256408
0.292366
0.243545
0.0611733
-0.106403
-0.25666
-0.333774
-0.350937
-0.352342
-0.352165
-0.674413
-0.639938
-0.573646
-0.487703
-0.391969
-0.290856
-0.186227
-0.0797394
0.026102
0.127045
0.204644
0.228523
0.14323
-0.0241238
-0.183291
-0.307201
-0.344233
-0.342612
-0.341741
-0.341159
-0.704655
-0.669915
-0.603456
-0.517743
-0.422651
-0.322687
-0.219848
-0.116059
-0.0142626
0.0803725
0.149206
0.155854
0.0520212
-0.103213
-0.244247
-0.321413
-0.331721
-0.334361
-0.335033
-0.334765
-0.735853
-0.700966
-0.634575
-0.549209
-0.454964
-0.356417
-0.255671
-0.154956
-0.0575563
0.0304861
0.0905482
0.0819944
-0.0299076
-0.170164
-0.288636
-0.320883
-0.329327
-0.330753
-0.330519
-0.330228
-0.767544
-0.73255
-0.666546
-0.581708
-0.488564
-0.391725
-0.293417
-0.196139
-0.103493
-0.021914
0.0277613
0.0120136
-0.10527
-0.224765
-0.318504
-0.336188
-0.327918
-0.327195
-0.327245
-0.327033
-0.798826
-0.763947
-0.698515
-0.614639
-0.52291
-0.42814
-0.332639
-0.239133
-0.1516
-0.076162
-0.0363306
-0.0519099
-0.171466
-0.267554
-0.319759
-0.330551
-0.328009
-0.326661
-0.326044
-0.325807
-0.828157
-0.793985
-0.729505
-0.647086
-0.557241
-0.464968
-0.372685
-0.283261
-0.201068
-0.131679
-0.0954271
-0.121963
-0.224788
-0.309958
-0.310877
-0.327099
-0.329451
-0.326933
-0.325906
-0.325384
-0.853923
-0.82082
-0.758388
-0.677876
-0.590524
-0.501278
-0.412695
-0.327676
-0.250786
-0.187609
-0.151351
-0.188455
-0.267944
-0.337352
-0.359366
-0.343568
-0.335209
-0.331754
-0.330373
-0.329583
-0.874002
-0.842624
-0.783067
-0.705596
-0.621475
-0.53594
-0.451588
-0.371356
-0.299649
-0.242613
-0.208426
-0.240769
-0.293915
-0.361685
-0.399662
-0.362923
-0.345588
-0.342186
-0.340448
-0.339381
-0.886165
-0.857487
-0.801708
-0.728346
-0.648603
-0.567632
-0.488176
-0.413098
-0.346614
-0.295165
-0.263103
-0.282086
-0.290478
-0.317258
-0.318155
-0.334611
-0.346134
-0.349754
-0.349436
-0.349644
-0.887785
-0.863149
-0.812317
-0.744335
-0.670209
-0.59493
-0.521117
-0.451647
-0.390557
-0.344131
-0.308681
-0.32075
-0.294472
-0.246345
-0.281416
-0.323294
-0.341441
-0.347999
-0.351157
-0.352399
-0.876644
-0.856818
-0.812719
-0.75196
-0.684816
-0.616347
-0.549049
-0.485678
-0.430287
-0.388418
-0.349433
-0.370418
-0.386426
-0.349479
-0.369394
-0.378449
-0.377628
-0.376712
-0.376411
-0.376482
-0.850797
-0.835913
-0.801113
-0.74996
-0.691404
-0.630854
-0.570743
-0.513746
-0.464177
-0.427458
-0.388801
-0.42396
-0.511061
-0.673612
-0.607838
-0.488319
-0.427036
-0.404266
-0.395834
-0.393311
-0.81278
-0.803189
-0.778303
-0.738475
-0.689924
-0.638144
-0.585436
-0.534648
-0.490105
-0.458497
-0.433231
-0.433595
-0.452399
-0.536478
-0.50771
-0.402685
-0.351308
-0.335161
-0.330093
-0.327397
-0.769271
-0.763822
-0.749106
-0.720291
-0.682301
-0.638961
-0.593261
-0.547644
-0.506437
-0.475197
-0.446692
-0.364733
-0.187677
-0.00489456
-0.00517291
-0.100155
-0.18986
-0.233157
-0.243746
-0.244151
-0.730008
-0.7267
-0.719676
-0.700819
-0.671516
-0.635279
-0.595272
-0.553343
-0.512452
-0.477975
-0.452411
-0.359568
-0.216964
0.0110153
0.0824421
-0.0876377
-0.229724
-0.304697
-0.319122
-0.336703
-0.701669
-0.699581
-0.695968
-0.684489
-0.661513
-0.630299
-0.593725
-0.553258
-0.510333
-0.472127
-0.444837
-0.449903
-0.614699
-1.04193
-1.52997
-1.77777
-1.80096
-1.6599
-1.47308
-1.37742
-0.68034
-0.679561
-0.678377
-0.672648
-0.655151
-0.626772
-0.590914
-0.549107
-0.503073
-0.453162
-0.41805
-0.443216
-0.701165
-1.10032
-1.53925
-1.67685
-1.5488
-1.31749
-1.11743
-1.01792
-0.667962
-0.667715
-0.667187
-0.664569
-0.652002
-0.624949
-0.587647
-0.543261
-0.490759
-0.428326
-0.376038
-0.327009
-0.325915
-0.30189
-0.24056
-0.14395
0.0802388
0.265771
0.379844
0.430033
-0.65916
-0.65905
-0.658619
-0.657655
-0.64969
-0.624637
-0.585937
-0.537231
-0.478047
-0.407826
-0.322775
-0.225243
-0.0600174
0.260991
0.644649
1.04418
1.36194
1.53498
1.60551
1.62571
-0.653211
-0.653041
-0.652487
-0.652001
-0.647108
-0.626454
-0.586605
-0.533053
-0.46826
-0.384246
-0.279582
-0.172641
0.0659367
0.486003
0.95467
1.38987
1.7143
1.88537
1.94927
1.96183
-0.650977
-0.650693
-0.649809
-0.648055
-0.646802
-0.632157
-0.590938
-0.533285
-0.462044
-0.371331
-0.262712
-0.146631
0.0484596
0.448158
0.8604
1.23168
1.50244
1.64165
1.68769
1.69551
-0.652602
-0.653248
-0.654985
-0.657452
-0.65909
-0.644582
-0.599548
-0.539018
-0.463838
-0.370519
-0.263019
-0.152811
-0.00406561
0.314009
0.627649
0.895959
1.08319
1.17288
1.20278
1.2082
-0.654486
-0.655826
-0.658953
-0.665423
-0.669884
-0.65146
-0.608666
-0.55029
-0.47371
-0.379028
-0.278232
-0.178003
-0.0621935
0.162867
0.381333
0.548251
0.656456
0.708382
0.731002
0.738249
-0.675355
-0.675187
-0.665911
-0.639676
-0.614213
-0.615904
-0.613264
-0.56866
-0.489853
-0.393075
-0.299414
-0.215671
-0.128573
0.0377925
0.191147
0.29862
0.367579
0.404298
0.424584
0.432183
-0.726094
-0.722652
-0.705587
-0.665835
-0.631839
-0.638817
-0.652849
-0.599744
-0.509438
-0.408243
-0.322536
-0.252651
-0.186957
-0.0599511
0.0612386
0.151183
0.212521
0.247187
0.264686
0.269894
-0.824698
-0.831159
-0.859775
-0.89651
-0.897833
-0.867568
-0.785754
-0.655499
-0.531333
-0.420704
-0.337112
-0.279867
-0.231277
-0.123707
-0.0212196
0.0578958
0.118342
0.154644
0.170161
0.172747
-0.970619
-0.996092
-1.05013
-1.09635
-1.10122
-1.05148
-0.895973
-0.70454
-0.544335
-0.423207
-0.341107
-0.291275
-0.251011
-0.160665
-0.0733672
-0.00677534
0.044278
0.0739066
0.0852686
0.0866138
-1.00578
-1.02779
-1.06769
-1.10073
-1.10376
-1.04738
-0.883483
-0.687138
-0.526336
-0.406657
-0.328783
-0.282912
-0.242682
-0.175064
-0.107097
-0.0536758
-0.0121719
0.0112352
0.0203433
0.0202681
-0.83977
-0.860728
-0.896872
-0.931911
-0.939
-0.882962
-0.736916
-0.588478
-0.462524
-0.365879
-0.300115
-0.25672
-0.219491
-0.171364
-0.123706
-0.0841702
-0.0549129
-0.037438
-0.0313297
-0.0317694
-0.513205
-0.529691
-0.560669
-0.595806
-0.61509
-0.590115
-0.520217
-0.440528
-0.368973
-0.307927
-0.259584
-0.223066
-0.194754
-0.165421
-0.133969
-0.106338
-0.085414
-0.0737113
-0.070102
-0.0714446
-0.174791
-0.18374
-0.203815
-0.235469
-0.268248
-0.28761
-0.294814
-0.287005
-0.26873
-0.242473
-0.215455
-0.190783
-0.173525
-0.157877
-0.139559
-0.123308
-0.110639
-0.104368
-0.103067
-0.10476
0.0463791
0.0417929
0.0278227
-0.000176299
-0.0431414
-0.0927598
-0.134328
-0.164688
-0.180571
-0.181999
-0.172866
-0.160819
-0.153627
-0.150633
-0.145166
-0.140285
-0.138214
-0.138846
-0.140049
-0.1413
0.136949
0.134208
0.123827
0.0999798
0.0599159
0.00899949
-0.0426994
-0.0864636
-0.117286
-0.133747
-0.136271
-0.132768
-0.133328
-0.139107
-0.146156
-0.154344
-0.161667
-0.169065
-0.17204
-0.172605
0.149533
0.147656
0.140094
0.122032
0.0906694
0.0491257
0.00326233
-0.0400813
-0.0758454
-0.0999589
-0.10906
-0.108086
-0.108627
-0.124133
-0.142511
-0.158556
-0.173005
-0.182162
-0.185091
-0.1853
0.12953
0.128301
0.123116
0.110466
0.0880527
0.0571031
0.0202976
-0.0172229
-0.051646
-0.0791406
-0.0938657
-0.0961486
-0.0973821
-0.117643
-0.139306
-0.156667
-0.169956
-0.177199
-0.179181
-0.179473
0.100908
0.100122
0.0966937
0.08815
0.0726455
0.0503267
0.0221212
-0.00885104
-0.0403633
-0.0698361
-0.0928
-0.106468
-0.114762
-0.130449
-0.144099
-0.154141
-0.161766
-0.165051
-0.165951
-0.166386
0.0732069
0.0727877
0.0705935
0.0649641
0.0544272
0.0385887
0.0174793
-0.00748156
-0.0357044
-0.0672257
-0.101239
-0.136374
-0.156664
-0.157868
-0.154927
-0.154572
-0.154957
-0.155044
-0.155153
-0.15556
0.050194
0.049876
0.0484732
0.044827
0.0377473
0.0266472
0.0110939
-0.00861869
-0.0330329
-0.0646628
-0.106312
-0.15701
-0.186429
-0.172706
-0.158317
-0.151118
-0.148639
-0.147737
-0.147324
-0.147433
0.0320745
0.0319136
0.0310572
0.0288132
0.0242597
0.0167297
0.00571911
-0.00911512
-0.0286092
-0.056374
-0.0961986
-0.145896
-0.167796
-0.15187
-0.13876
-0.134872
-0.134815
-0.135043
-0.134661
-0.134493
0.0184419
0.0183665
0.0179068
0.0166807
0.0140516
0.00941033
0.00226257
-0.0078223
-0.021748
-0.0420297
-0.070361
-0.10117
-0.109201
-0.103709
-0.100603
-0.104088
-0.108262
-0.1102
-0.110072
-0.109672
0.00852118
0.00852394
0.0083713
0.00789327
0.00668471
0.00441257
0.000659606
-0.00481874
-0.0125011
-0.0235711
-0.0371105
-0.0478198
-0.0467745
-0.0479549
-0.0527242
-0.0605518
-0.0667262
-0.0691229
-0.0691163
-0.0685304
0.000946077
0.00100256
0.000991239
0.00116347
0.00146947
0.00149974
0.00112143
0.000288711
-0.000910443
-0.00252723
-0.00396374
-0.00289163
-0.00486924
-0.00542864
-0.00962752
-0.0145528
-0.0152981
-0.0147989
-0.014701
-0.014293
-0.107316
0.0585479
0.251862
0.420519
0.554816
0.660002
0.746658
0.820509
0.854366
0.831142
0.192185
0.311997
0.440775
0.551854
0.645224
0.722273
0.784625
0.828947
0.851136
0.863325
0.408844
0.490924
0.578903
0.656445
0.723041
0.778735
0.823049
0.855467
0.878974
0.897032
0.568214
0.627021
0.687899
0.744497
0.793633
0.835384
0.869712
0.89714
0.919802
0.938147
0.692638
0.735353
0.780962
0.824397
0.862793
0.896348
0.925099
0.94906
0.969365
0.987227
0.796324
0.828968
0.866843
0.902157
0.934596
0.963696
0.989144
1.01056
1.02836
1.04572
0.888478
0.917038
0.950851
0.982851
1.01269
1.03977
1.06344
1.08311
1.09859
1.11567
0.976829
1.00595
1.03986
1.07182
1.10136
1.12789
1.15071
1.16917
1.18252
1.19955
1.072
1.10515
1.14174
1.17527
1.20528
1.23143
1.25335
1.27061
1.28246
1.29986
1.18691
1.22471
1.26332
1.29753
1.32685
1.35158
1.37193
1.38781
1.39926
1.41733
1.3318
1.37032
1.40644
1.43711
1.46277
1.48486
1.5039
1.51942
1.53184
1.54983
1.50684
1.53846
1.56462
1.58706
1.60702
1.62574
1.64345
1.65992
1.67526
1.69333
1.69544
1.71263
1.72766
1.74389
1.75979
1.77431
1.78751
1.80144
1.81898
1.83913
1.87715
1.88668
1.89822
1.90902
1.91831
1.92789
1.93867
1.95003
1.96139
1.97674
2.08437
2.08803
2.07309
2.05828
2.052
2.05767
2.07615
2.10646
2.13863
2.16529
2.39069
2.25583
2.17919
2.1368
2.11937
2.12334
2.15074
2.20715
2.30977
2.53413
0.707806
0.705678
0.701195
0.692574
0.680353
0.668231
0.658011
0.650129
0.64453
0.641302
0.640979
0.643747
0.648874
0.656114
0.665513
0.67706
0.689716
0.700755
0.706868
0.709924
0.632251
0.638098
0.644433
0.648929
0.651403
0.651085
0.648357
0.644561
0.641071
0.638838
0.638725
0.640954
0.644641
0.648947
0.652766
0.654658
0.653727
0.65025
0.64509
0.638469
0.623812
0.626108
0.629514
0.632514
0.634594
0.636097
0.636863
0.636561
0.635558
0.634705
0.634916
0.636377
0.638218
0.639543
0.639736
0.638856
0.637314
0.634983
0.631723
0.628804
0.618281
0.619367
0.621202
0.623584
0.625614
0.62705
0.628082
0.628851
0.629277
0.629533
0.630065
0.63091
0.631536
0.631624
0.631227
0.63039
0.628929
0.626851
0.624769
0.623388
0.613051
0.613714
0.614824
0.616533
0.618322
0.619963
0.621272
0.622307
0.623218
0.624047
0.624823
0.625418
0.625645
0.625503
0.624954
0.623913
0.622496
0.62096
0.619647
0.618869
0.608042
0.608502
0.60929
0.610593
0.612088
0.613615
0.615096
0.616416
0.617584
0.618684
0.619654
0.620272
0.620457
0.620213
0.619537
0.618565
0.617453
0.61633
0.615421
0.614905
0.603171
0.603515
0.604128
0.605202
0.606504
0.60789
0.609347
0.610818
0.612228
0.613559
0.614733
0.615484
0.615709
0.615469
0.614898
0.614142
0.613308
0.612453
0.611788
0.611411
0.598384
0.598651
0.599146
0.600061
0.60124
0.602551
0.603966
0.605483
0.607065
0.608645
0.610067
0.611008
0.611366
0.61129
0.610931
0.610398
0.60977
0.609147
0.608663
0.608376
0.593598
0.59381
0.594222
0.595027
0.596128
0.597392
0.5988
0.600368
0.602088
0.603912
0.605632
0.606845
0.607453
0.607625
0.607502
0.607195
0.606778
0.606349
0.606007
0.605782
0.588724
0.588895
0.589248
0.589981
0.591036
0.592281
0.59372
0.595377
0.59726
0.599348
0.601422
0.603005
0.603946
0.604414
0.604551
0.60448
0.60428
0.604028
0.603803
0.603624
0.583672
0.58381
0.584122
0.58481
0.585851
0.587123
0.588631
0.590419
0.59252
0.594929
0.597438
0.599479
0.60082
0.601633
0.602066
0.602248
0.602263
0.602183
0.602058
0.601914
0.578351
0.578462
0.578746
0.579416
0.580476
0.58182
0.583443
0.585417
0.587803
0.590618
0.593661
0.596254
0.598068
0.599279
0.600048
0.600506
0.600749
0.600842
0.600804
0.600687
0.572664
0.572751
0.573019
0.573695
0.574811
0.576269
0.578062
0.580289
0.58304
0.586368
0.590064
0.59332
0.595695
0.597369
0.598517
0.599299
0.599795
0.600052
0.600093
0.599997
0.566499
0.566565
0.566827
0.567531
0.56874
0.57036
0.572386
0.574947
0.578161
0.582127
0.586621
0.590673
0.593716
0.595934
0.597519
0.598665
0.599442
0.599878
0.599992
0.599913
0.559724
0.559771
0.560034
0.560789
0.562132
0.563969
0.566302
0.569289
0.57309
0.577843
0.583307
0.588316
0.59215
0.595012
0.597113
0.598666
0.599767
0.600398
0.600585
0.60052
0.552186
0.552213
0.55248
0.553308
0.554829
0.556949
0.559674
0.563203
0.567736
0.573457
0.580097
0.586252
0.591025
0.594646
0.597359
0.5994
0.600869
0.601707
0.601967
0.601911
0.543668
0.543681
0.543958
0.544886
0.546643
0.549109
0.55234
0.556552
0.561997
0.568906
0.57697
0.584493
0.590379
0.594891
0.598326
0.600953
0.60284
0.603908
0.604241
0.604192
0.533882
0.533867
0.534197
0.535268
0.537312
0.540236
0.544107
0.549178
0.555759
0.564128
0.57391
0.58306
0.590258
0.595821
0.600101
0.603411
0.605785
0.607103
0.607508
0.607462
0.522518
0.522478
0.522856
0.52412
0.526535
0.530051
0.534735
0.540893
0.548896
0.55906
0.570911
0.581982
0.590714
0.597506
0.602779
0.606872
0.609803
0.611388
0.611862
0.611814
0.509086
0.509019
0.509477
0.510995
0.513897
0.518181
0.523919
0.531472
0.541267
0.553642
0.567972
0.581298
0.5918
0.600005
0.606436
0.611433
0.61498
0.616838
0.617371
0.617315
0.492928
0.492832
0.493416
0.495289
0.498844
0.504157
0.511292
0.520664
0.53274
0.54784
0.565122
0.58106
0.593584
0.603393
0.611131
0.617148
0.621363
0.623486
0.62406
0.623989
0.473092
0.472969
0.473758
0.476149
0.480622
0.487365
0.496408
0.508203
0.523211
0.541667
0.56243
0.581345
0.596132
0.607727
0.61689
0.624051
0.628946
0.631298
0.631884
0.631792
0.448142
0.448004
0.44913
0.452324
0.458191
0.467027
0.478776
0.493869
0.51266
0.535216
0.560021
0.582258
0.599513
0.613044
0.623761
0.632109
0.637644
0.640148
0.640705
0.640583
0.41574
0.415625
0.417369
0.421958
0.430139
0.442242
0.457961
0.477579
0.501213
0.528691
0.558087
0.583933
0.603797
0.619358
0.631689
0.641224
0.64726
0.649792
0.650271
0.650115
0.371692
0.371744
0.374847
0.382343
0.39482
0.412249
0.433853
0.45957
0.489229
0.522442
0.55689
0.586525
0.60906
0.626671
0.640595
0.651193
0.657469
0.659852
0.660206
0.660016
0.308135
0.309363
0.316949
0.330935
0.351274
0.377178
0.407068
0.440555
0.477346
0.516946
0.556718
0.590179
0.615327
0.634898
0.650245
0.66158
0.667786
0.669781
0.669963
0.669754
0.232831
0.234635
0.249158
0.273182
0.304521
0.340434
0.379351
0.421097
0.465497
0.512085
0.557954
0.596049
0.624469
0.646424
0.663359
0.675342
0.681226
0.682892
0.683027
0.682903
0.155183
0.161455
0.182897
0.217239
0.259034
0.304661
0.352563
0.402613
0.454693
0.508361
0.560459
0.603288
0.634975
0.65933
0.67803
0.690101
0.695186
0.696343
0.696419
0.696368
0.0916492
0.100261
0.126289
0.167694
0.217685
0.271588
0.327585
0.385402
0.444806
0.505285
0.563339
0.610597
0.645306
0.67167
0.691286
0.703332
0.70809
0.70916
0.709284
0.709294
0.0399856
0.0491972
0.0787941
0.125463
0.181635
0.242208
0.305053
0.369732
0.435831
0.50269
0.566392
0.617859
0.655378
0.683637
0.704327
0.716594
0.721123
0.722131
0.722312
0.722369
-0.00321143
0.00628049
0.0383344
0.0890155
0.150264
0.216375
0.285032
0.355714
0.427836
0.500591
0.569638
0.625146
0.665405
0.695557
0.717342
0.729883
0.734476
0.735682
0.735891
0.735984
-0.0403144
-0.0307192
0.00317088
0.0570638
0.122516
0.193352
0.267077
0.343085
0.420681
0.49892
0.573034
0.632436
0.675375
0.707378
0.730315
0.74352
0.748394
0.749696
0.749901
0.750001
-0.0730091
-0.0633903
-0.0280968
0.0285049
0.0974797
0.172396
0.250616
0.331432
0.414063
0.497428
0.576375
0.639553
0.685119
0.718996
0.743158
0.757022
0.762293
0.763673
0.763871
0.763946
-0.102594
-0.0929509
-0.0565099
0.00242935
0.0744261
0.152921
0.235145
0.32033
0.407615
0.495832
0.579437
0.646292
0.69442
0.730083
0.755389
0.769986
0.775642
0.777112
0.777288
0.777342
-0.129971
-0.120296
-0.0828664
-0.0218784
0.0527944
0.134461
0.220269
0.309437
0.401064
0.493899
0.582024
0.652481
0.703109
0.740497
0.766902
0.782116
0.788196
0.789738
0.789895
0.789923
-0.15572
-0.145992
-0.107645
-0.0449297
0.0321576
0.116659
0.205704
0.29852
0.39419
0.491425
0.583971
0.658002
0.711085
0.750133
0.777558
0.793268
0.799622
0.801214
0.801351
0.801345
-0.180338
-0.170486
-0.131254
-0.067036
0.0122307
0.0992666
0.19124
0.28739
0.38683
0.48827
0.585169
0.662796
0.718334
0.758962
0.787277
0.803347
0.809844
0.811452
0.81157
0.811534
-0.204109
-0.194051
-0.154105
-0.0883862
-0.00718377
0.0821131
0.17673
0.27593
0.378877
0.484337
0.585535
0.66682
0.724866
0.767037
0.796091
0.812391
0.818896
0.820479
0.820577
0.820512
-0.227147
-0.216899
-0.176254
-0.10913
-0.0262167
0.0651114
0.1621
0.264073
0.370263
0.479535
0.584989
0.670055
0.730733
0.774487
0.804171
0.820526
0.826918
0.828427
0.828484
0.828399
-0.24965
-0.239128
-0.197742
-0.129367
-0.0449277
0.0482091
0.147316
0.251791
0.360958
0.473827
0.58347
0.672471
0.736004
0.781457
0.811683
0.827913
0.834056
0.835428
0.835436
0.835331
-0.271568
-0.260791
-0.218714
-0.149157
-0.0633372
0.0314009
0.132392
0.2391
0.350965
0.467182
0.580919
0.674022
0.74073
0.788105
0.81885
0.834729
0.840437
0.841592
0.841534
0.84141
-0.292978
-0.281918
-0.239108
-0.168495
-0.0814407
0.0147044
0.117353
0.226043
0.340321
0.459606
0.577282
0.674637
0.744915
0.794586
0.825936
0.841227
0.846177
0.846974
0.846839
0.846711
-0.313732
-0.302456
-0.25892
-0.187346
-0.0992037
-0.00182065
0.102255
0.212678
0.329085
0.451139
0.572525
0.67423
0.748501
0.800993
0.833282
0.847835
0.851604
0.85173
0.851455
0.851348
-0.333969
-0.322369
-0.278152
-0.205701
-0.116603
-0.0181436
0.0871804
0.199076
0.317331
0.441846
0.566639
0.672688
0.751353
0.807312
0.841187
0.855219
0.857397
0.856194
0.855497
0.855442
-0.353536
-0.341639
-0.29678
-0.223527
-0.133567
-0.0341863
0.0722022
0.185349
0.305161
0.431782
0.559648
0.669889
0.75327
0.813355
0.849721
0.864136
0.86492
0.861577
0.859387
0.858703
-0.372497
-0.360315
-0.314757
-0.240779
-0.150066
-0.0498844
0.0573997
0.171573
0.29268
0.421073
0.551606
0.665712
0.753996
0.818748
0.858459
0.874814
0.875822
0.870731
0.864453
0.856567
-0.390773
-0.378355
-0.332177
-0.25761
-0.166306
-0.065502
0.0424511
0.157365
0.279464
0.409249
0.542021
0.659649
0.7531
0.823249
0.866896
0.886812
0.890674
0.885158
0.87415
0.86961
-0.408321
-0.395684
-0.349027
-0.273998
-0.182298
-0.0810353
0.0273651
0.142703
0.26546
0.39618
0.530674
0.651284
0.749754
0.826062
0.873114
0.896139
0.90214
0.899387
0.861232
0.809613
-0.424862
-0.411524
-0.365159
-0.289873
-0.198145
-0.0966481
0.0120815
0.127696
0.250713
0.381908
0.517464
0.640317
0.742768
0.8265
0.874781
0.89429
0.899349
0.878015
0.820911
0.759166
-0.440705
-0.426535
-0.38051
-0.30456
-0.213328
-0.111877
-0.00362215
0.112395
0.23537
0.366599
0.502403
0.626456
0.730817
0.824861
0.869264
0.902878
0.86294
0.810692
0.737936
0.670742
-0.426596
-0.408461
-0.357938
-0.277615
-0.179991
-0.0756105
0.0380851
0.157015
0.283406
0.419019
0.550099
0.663323
0.760425
0.858582
0.887862
0.802493
0.746267
0.676422
0.601416
0.55247
-0.45071
-0.434244
-0.398288
-0.327428
-0.236622
-0.13638
-0.0277897
0.0876753
0.210068
0.340362
0.4749
0.598141
0.701584
0.787902
0.861551
0.843405
0.713959
0.624761
0.558058
0.474385
-0.470067
-0.454462
-0.412869
-0.340643
-0.249347
-0.149519
-0.0420189
0.0725473
0.194033
0.323031
0.456121
0.577614
0.678087
0.752942
0.777868
0.691944
0.546093
0.446026
0.368137
0.279585
-0.489929
-0.477469
-0.431364
-0.358081
-0.266705
-0.16641
-0.0589421
0.0553441
0.175971
0.303537
0.433919
0.550943
0.641877
0.702575
0.677058
0.53908
0.382558
0.261854
0.161637
0.0256231
-0.51291
-0.500061
-0.4519
-0.377434
-0.285923
-0.185513
-0.0781877
0.0355354
0.155081
0.280785
0.407776
0.519132
0.600381
0.639589
0.577368
0.390031
0.20589
0.0511618
-0.09045
-0.287095
-0.534881
-0.522389
-0.4731
-0.397364
-0.305457
-0.205118
-0.0982125
0.0146557
0.132842
0.256255
0.379323
0.484156
0.557776
0.560478
0.44845
0.248084
0.0336468
-0.167091
-0.342361
-0.731271
-0.556957
-0.544818
-0.495048
-0.418402
-0.326169
-0.225837
-0.11937
-0.00739411
0.109286
0.230111
0.348794
0.446127
0.507779
0.47765
0.323559
0.121381
-0.0967523
-0.308434
-0.487255
-0.759816
-0.579968
-0.567976
-0.518003
-0.440814
-0.348378
-0.248046
-0.141988
-0.0308973
0.08419
0.202202
0.316136
0.405452
0.451577
0.404211
0.211876
0.0168571
-0.181363
-0.348776
-0.421394
-0.460392
-0.604402
-0.592536
-0.542347
-0.464885
-0.37245
-0.272307
-0.166821
-0.0568626
0.0562822
0.170952
0.279414
0.360234
0.389161
0.306011
0.112386
-0.0704709
-0.235766
-0.342732
-0.380805
-0.38985
-0.630467
-0.618615
-0.56825
-0.490632
-0.398328
-0.298572
-0.193891
-0.085344
0.0254663
0.136259
0.238486
0.310622
0.312288
0.199632
0.0213264
-0.147587
-0.287696
-0.343422
-0.35554
-0.360435
-0.658348
-0.64641
-0.595796
-0.518076
-0.426015
-0.326845
-0.223203
-0.116385
-0.00829387
0.0981544
0.193432
0.255999
0.232808
0.100297
-0.0633571
-0.221959
-0.321638
-0.350394
-0.346635
-0.346721
-0.687758
-0.676012
-0.624954
-0.547182
-0.455478
-0.357083
-0.254746
-0.149971
-0.0449815
0.0566516
0.144555
0.19534
0.162985
0.00915368
-0.139949
-0.279015
-0.320046
-0.33248
-0.337455
-0.337721
-0.71854
-0.706789
-0.65551
-0.577785
-0.486586
-0.389185
-0.288428
-0.186026
-0.0845325
0.0119288
0.0920652
0.131695
0.0928996
-0.0685545
-0.206979
-0.303563
-0.348978
-0.335898
-0.332974
-0.33267
-0.750174
-0.738405
-0.68715
-0.609561
-0.519051
-0.422902
-0.32402
-0.224339
-0.126732
-0.0356553
0.0364245
0.0674444
0.00775679
-0.136213
-0.260057
-0.312335
-0.327683
-0.328857
-0.329091
-0.328886
-0.781919
-0.770205
-0.719017
-0.641961
-0.552414
-0.457818
-0.361164
-0.264552
-0.171199
-0.0857063
-0.02107
-0.00451515
-0.0729721
-0.194521
-0.291991
-0.315279
-0.322582
-0.326509
-0.326635
-0.326614
-0.812543
-0.80127
-0.75029
-0.674213
-0.585982
-0.493324
-0.399291
-0.306114
-0.217295
-0.137708
-0.0786005
-0.0753736
-0.142543
-0.24628
-0.314399
-0.363123
-0.338308
-0.328375
-0.326054
-0.325563
-0.840582
-0.829804
-0.779854
-0.705031
-0.618812
-0.528571
-0.437633
-0.348283
-0.264183
-0.190653
-0.135916
-0.137477
-0.20478
-0.28567
-0.340678
-0.328622
-0.330647
-0.329422
-0.327958
-0.327271
-0.864334
-0.854243
-0.805797
-0.733219
-0.649656
-0.562459
-0.475187
-0.390123
-0.310885
-0.243141
-0.193634
-0.19212
-0.253057
-0.316598
-0.364594
-0.359658
-0.344502
-0.338501
-0.335525
-0.334312
-0.881442
-0.872264
-0.826162
-0.756843
-0.676991
-0.593738
-0.510762
-0.430497
-0.356346
-0.293986
-0.250032
-0.241869
-0.284101
-0.318981
-0.34068
-0.349387
-0.349379
-0.348892
-0.347544
-0.346128
-0.889858
-0.881475
-0.838852
-0.773974
-0.699034
-0.620869
-0.543079
-0.468095
-0.399401
-0.342125
-0.301789
-0.286591
-0.303491
-0.267797
-0.272984
-0.308246
-0.334953
-0.344878
-0.348026
-0.349236
-0.885164
-0.878347
-0.842195
-0.782735
-0.714092
-0.642294
-0.570682
-0.501685
-0.438737
-0.386491
-0.349378
-0.329989
-0.34178
-0.294593
-0.279649
-0.324622
-0.349048
-0.357301
-0.360544
-0.361885
-0.866177
-0.861499
-0.833199
-0.781773
-0.720866
-0.656721
-0.592275
-0.529881
-0.472903
-0.426289
-0.393794
-0.383655
-0.419433
-0.482824
-0.486778
-0.453199
-0.418573
-0.400616
-0.394038
-0.39155
-0.833365
-0.829998
-0.810841
-0.770113
-0.718828
-0.663532
-0.606984
-0.551475
-0.500363
-0.459131
-0.435532
-0.424992
-0.467323
-0.608659
-0.679683
-0.536345
-0.443012
-0.398582
-0.38249
-0.376879
-0.791378
-0.78924
-0.77836
-0.749867
-0.709071
-0.66318
-0.614722
-0.565725
-0.519733
-0.482215
-0.460879
-0.430634
-0.353214
-0.275903
-0.242589
-0.227494
-0.249827
-0.268395
-0.273381
-0.273344
-0.748786
-0.747521
-0.742105
-0.725444
-0.695233
-0.65754
-0.616406
-0.572981
-0.530072
-0.492888
-0.467562
-0.41088
-0.254382
-0.0133773
0.159557
0.114955
-0.0428943
-0.182258
-0.243753
-0.255342
-0.714456
-0.713788
-0.711019
-0.701449
-0.6804
-0.650066
-0.614169
-0.574419
-0.532728
-0.492927
-0.46256
-0.423246
-0.380832
-0.377972
-0.449576
-0.679095
-0.860455
-0.868381
-0.767417
-0.710603
-0.690092
-0.689348
-0.687852
-0.683992
-0.669442
-0.643994
-0.610758
-0.572281
-0.529817
-0.484254
-0.447551
-0.416486
-0.573246
-0.976184
-1.56701
-1.93286
-1.96657
-1.79534
-1.54054
-1.39925
-0.673576
-0.673322
-0.672739
-0.670853
-0.662692
-0.640736
-0.60814
-0.5686
-0.522207
-0.470056
-0.41533
-0.379907
-0.439487
-0.623508
-0.824174
-0.962198
-0.913295
-0.716946
-0.521457
-0.402335
-0.663191
-0.663164
-0.662886
-0.662282
-0.658196
-0.63953
-0.606637
-0.564273
-0.51364
-0.453535
-0.381764
-0.324056
-0.230602
-0.0805207
0.157794
0.410319
0.704539
0.941598
1.06801
1.11845
-0.655751
-0.655778
-0.655522
-0.655026
-0.652987
-0.639421
-0.607079
-0.561764
-0.505782
-0.436007
-0.35002
-0.25099
-0.106019
0.196559
0.639673
1.09435
1.49164
1.7436
1.85666
1.89315
-0.651478
-0.651403
-0.650864
-0.649614
-0.647465
-0.641117
-0.611157
-0.562524
-0.499778
-0.423291
-0.325633
-0.20969
-0.0620973
0.264665
0.718443
1.15455
1.51763
1.74665
1.84703
1.87243
-0.651596
-0.65163
-0.651626
-0.651358
-0.651261
-0.648103
-0.619504
-0.566723
-0.500688
-0.419111
-0.317884
-0.201964
-0.0874599
0.194419
0.573185
0.918418
1.20377
1.37475
1.44414
1.46065
-0.652896
-0.653822
-0.655925
-0.661067
-0.668036
-0.665162
-0.63005
-0.575081
-0.508314
-0.422382
-0.322619
-0.216069
-0.116575
0.092089
0.377092
0.61687
0.79785
0.90087
0.943709
0.95714
-0.660041
-0.661342
-0.662074
-0.658575
-0.652267
-0.646643
-0.626884
-0.587887
-0.522636
-0.434847
-0.338132
-0.240667
-0.15448
-0.00377197
0.190635
0.347459
0.455296
0.515192
0.545043
0.559385
-0.697795
-0.697452
-0.690804
-0.659037
-0.606888
-0.586945
-0.61961
-0.610102
-0.543377
-0.450736
-0.354992
-0.271879
-0.205465
-0.0920908
0.0580547
0.173308
0.251965
0.29877
0.32478
0.336877
-0.767487
-0.763275
-0.762942
-0.758071
-0.754029
-0.738665
-0.735602
-0.672214
-0.573378
-0.466906
-0.370205
-0.296857
-0.244558
-0.155864
-0.0384271
0.0601231
0.132784
0.181356
0.206825
0.216068
-0.904032
-0.905045
-0.940969
-0.997688
-1.03061
-1.0096
-0.93188
-0.766147
-0.60963
-0.478289
-0.377782
-0.313132
-0.271795
-0.196535
-0.0946703
-0.0103056
0.0541277
0.100188
0.122402
0.129593
-1.01063
-1.01987
-1.05936
-1.10597
-1.13056
-1.10727
-1.00757
-0.804288
-0.617495
-0.474353
-0.373294
-0.31197
-0.273423
-0.21206
-0.128698
-0.0613497
-0.00804114
0.0289859
0.0463503
0.050606
-0.94464
-0.955064
-0.986411
-1.02298
-1.04451
-1.02368
-0.913716
-0.730996
-0.568311
-0.440021
-0.349082
-0.291966
-0.255019
-0.205601
-0.143601
-0.0918666
-0.0510293
-0.0228606
-0.00967916
-0.00577316
-0.685546
-0.697117
-0.725568
-0.764713
-0.794093
-0.780963
-0.694156
-0.5749
-0.464568
-0.376015
-0.307417
-0.259527
-0.224751
-0.189244
-0.148623
-0.11208
-0.0828938
-0.0627849
-0.0534572
-0.0520452
-0.331919
-0.339594
-0.358523
-0.388618
-0.420549
-0.434228
-0.418974
-0.383455
-0.340003
-0.296885
-0.255681
-0.221368
-0.194005
-0.174162
-0.1493
-0.125149
-0.105503
-0.092518
-0.0870551
-0.0872396
-0.0442935
-0.048153
-0.0588203
-0.0820688
-0.117832
-0.158583
-0.191818
-0.213745
-0.223214
-0.218034
-0.202953
-0.184308
-0.168599
-0.159605
-0.148551
-0.137017
-0.127616
-0.122124
-0.120737
-0.121734
0.106442
0.104016
0.0971016
0.078561
0.0440209
-0.00539827
-0.0579979
-0.103195
-0.135119
-0.152808
-0.156051
-0.150053
-0.143716
-0.145627
-0.145914
-0.147358
-0.149231
-0.15333
-0.157094
-0.158287
0.15034
0.148965
0.14413
0.12979
0.101233
0.058634
0.00976611
-0.0386237
-0.0786926
-0.106654
-0.119886
-0.120971
-0.118389
-0.124824
-0.138065
-0.150868
-0.16377
-0.174355
-0.180464
-0.181438
0.142003
0.141229
0.137869
0.127601
0.106714
0.0746956
0.0354756
-0.00653515
-0.0449812
-0.0763647
-0.0957516
-0.100768
-0.0981815
-0.108323
-0.13046
-0.149763
-0.165893
-0.1777
-0.183191
-0.183937
0.115562
0.115198
0.112961
0.105997
0.0915463
0.068758
0.0392026
0.00523786
-0.0287484
-0.0598681
-0.0838532
-0.0957429
-0.0983564
-0.110363
-0.131335
-0.148168
-0.161123
-0.169323
-0.172329
-0.172918
0.0865777
0.086494
0.0850661
0.0804883
0.0707245
0.0548182
0.0330975
0.00656579
-0.0225339
-0.0527544
-0.0826946
-0.108792
-0.127994
-0.139469
-0.146701
-0.151822
-0.156298
-0.158807
-0.159623
-0.160094
0.0609839
0.0609355
0.0600674
0.0571044
0.050629
0.0396658
0.0239564
0.00365483
-0.0206674
-0.0494898
-0.0844195
-0.127113
-0.167376
-0.173862
-0.163215
-0.155837
-0.152919
-0.151881
-0.151364
-0.151422
0.0404599
0.0405173
0.0399219
0.0380514
0.033839
0.0264092
0.0152653
8.54316e-05
-0.0194499
-0.0451025
-0.0804372
-0.129287
-0.177932
-0.176551
-0.158496
-0.147466
-0.14362
-0.14279
-0.142281
-0.142002
0.0246718
0.0247478
0.0244175
0.0233433
0.020822
0.0161112
0.00865807
-0.00197595
-0.0164066
-0.0364157
-0.0659283
-0.106274
-0.139926
-0.134628
-0.124517
-0.120935
-0.122361
-0.124177
-0.124478
-0.124045
0.0130318
0.0131143
0.0129672
0.0124564
0.0111766
0.0086163
0.00427642
-0.00222129
-0.0114457
-0.0245823
-0.0430066
-0.0650127
-0.0784567
-0.0739621
-0.0742791
-0.0800972
-0.0869163
-0.0908575
-0.0917327
-0.0912974
0.000995598
0.000986833
0.00104354
0.00133804
0.00153245
0.00137356
0.000751961
-0.000278361
-0.00158548
-0.00334737
-0.00392995
-0.00149081
-0.00294191
-0.00639706
-0.0124839
-0.0154474
-0.015194
-0.0146847
-0.0145375
-0.0427676
-1.13768
-0.463012
-0.0143023
0.243468
0.428281
0.569322
0.678092
0.765667
0.860293
0.951797
-0.0937325
0.0996572
0.276173
0.424731
0.54862
0.649204
0.730832
0.7977
0.839282
0.842949
0.235958
0.350434
0.462581
0.562249
0.647751
0.719696
0.778591
0.823389
0.852262
0.869725
0.444386
0.522245
0.59942
0.669997
0.731424
0.783864
0.827052
0.86098
0.886846
0.905822
0.597406
0.650135
0.708651
0.761185
0.80725
0.847339
0.881409
0.909724
0.932951
0.949876
0.718541
0.759077
0.804416
0.844181
0.8811
0.914078
0.942985
0.967722
0.988438
1.00264
0.820555
0.854775
0.891507
0.925487
0.957477
0.986876
1.01304
1.03551
1.05409
1.06579
0.913265
0.944142
0.977899
1.01032
1.04089
1.06909
1.0941
1.11527
1.13216
1.14167
1.00391
1.03634
1.07152
1.1054
1.13659
1.16477
1.18925
1.2095
1.22491
1.2331
1.10564
1.14307
1.18127
1.21744
1.24941
1.27721
1.3006
1.31955
1.33365
1.34213
1.23242
1.27474
1.31387
1.34968
1.38003
1.40566
1.42717
1.44477
1.45825
1.4684
1.39385
1.43528
1.46895
1.49847
1.52296
1.54445
1.56402
1.58142
1.59614
1.60883
1.58421
1.61499
1.6362
1.65531
1.67335
1.69056
1.70676
1.72256
1.73906
1.75598
1.78202
1.79341
1.80444
1.81852
1.83279
1.84562
1.85698
1.86782
1.88071
1.89759
1.9678
1.9777
1.98634
1.98878
1.98964
1.99389
2.00468
2.02061
2.03823
2.04283
2.26883
2.21342
2.16258
2.12234
2.09994
2.09589
2.10939
2.14318
2.19962
2.27517
0.850022
0.791328
0.74885
0.714993
0.690339
0.672791
0.660288
0.65137
0.645273
0.641812
0.641449
0.644334
0.649793
0.657744
0.668677
0.683737
0.704753
0.733852
0.772618
0.820445
0.651568
0.660327
0.665863
0.666687
0.663207
0.657166
0.65074
0.645279
0.641457
0.639828
0.641027
0.644643
0.649941
0.656429
0.663205
0.668482
0.670112
0.666879
0.659546
0.651878
0.628592
0.630623
0.635229
0.638742
0.641256
0.642687
0.642405
0.640676
0.638499
0.636949
0.63699
0.638841
0.641582
0.644221
0.645715
0.645387
0.643539
0.640746
0.6367
0.632319
0.621666
0.622533
0.625018
0.627734
0.629747
0.631112
0.632103
0.632562
0.632433
0.6322
0.632579
0.633691
0.634808
0.635306
0.635017
0.634182
0.632782
0.630551
0.627918
0.625954
0.615994
0.616456
0.617853
0.619877
0.62182
0.6234
0.62455
0.625457
0.626192
0.626793
0.627456
0.628131
0.628481
0.628408
0.627955
0.627006
0.625511
0.623694
0.622055
0.62104
0.610784
0.611071
0.61199
0.613462
0.615092
0.616701
0.618132
0.619316
0.620357
0.621338
0.622212
0.622797
0.622984
0.622787
0.62215
0.621106
0.619831
0.618527
0.617448
0.616825
0.605783
0.605985
0.606674
0.607851
0.609239
0.610688
0.612169
0.613586
0.61488
0.616093
0.61716
0.617837
0.618033
0.61777
0.617124
0.616256
0.615293
0.61431
0.613534
0.613097
0.60092
0.601072
0.60162
0.602608
0.603842
0.605187
0.606621
0.60812
0.609624
0.611078
0.61237
0.613208
0.613484
0.61331
0.612841
0.612197
0.611467
0.610731
0.610162
0.609835
0.596112
0.596232
0.596681
0.597535
0.59867
0.599958
0.601367
0.602906
0.604556
0.606257
0.607821
0.608886
0.609356
0.609397
0.609156
0.608734
0.608209
0.607683
0.607275
0.607022
0.591268
0.591365
0.591745
0.592509
0.593583
0.594836
0.596258
0.597865
0.59966
0.60161
0.603498
0.604885
0.605649
0.605964
0.60597
0.605777
0.605466
0.605125
0.604844
0.604645
0.586297
0.586376
0.586707
0.587413
0.588457
0.589713
0.591185
0.592901
0.594884
0.597123
0.599402
0.601204
0.602335
0.602969
0.603253
0.603301
0.603208
0.60304
0.602867
0.602707
0.581106
0.581172
0.581468
0.582143
0.583188
0.584495
0.586058
0.587931
0.590164
0.592763
0.595525
0.597829
0.599396
0.6004
0.601001
0.601313
0.601442
0.601442
0.601362
0.601233
0.575601
0.575656
0.57593
0.576598
0.577681
0.579081
0.580786
0.582876
0.585432
0.588489
0.591842
0.594751
0.596832
0.598265
0.599223
0.599831
0.600197
0.600368
0.60037
0.600265
0.569677
0.569723
0.569986
0.57067
0.571827
0.573365
0.575271
0.577654
0.580621
0.58425
0.588325
0.591961
0.594653
0.596586
0.597953
0.598909
0.599535
0.599877
0.599955
0.599868
0.563213
0.563251
0.563512
0.564235
0.565504
0.567232
0.569407
0.572167
0.575657
0.579995
0.58495
0.589459
0.592877
0.595404
0.597247
0.598585
0.599506
0.600037
0.600189
0.600118
0.556066
0.556095
0.556361
0.557145
0.558568
0.560547
0.563071
0.566311
0.570457
0.575668
0.581691
0.587247
0.591528
0.594754
0.597161
0.598941
0.600205
0.600938
0.601164
0.601104
0.548052
0.548074
0.548357
0.549221
0.550845
0.553143
0.556112
0.559961
0.564924
0.571207
0.578524
0.585334
0.590638
0.594685
0.59776
0.600072
0.601727
0.602679
0.602977
0.602926
0.538938
0.538962
0.539273
0.540237
0.542118
0.544816
0.548357
0.552971
0.55895
0.56655
0.575432
0.583735
0.590249
0.595264
0.599123
0.602063
0.604168
0.605363
0.605735
0.605688
0.528412
0.528427
0.528778
0.529889
0.532099
0.535329
0.539589
0.545168
0.552417
0.561635
0.572403
0.582475
0.59041
0.596565
0.601341
0.605003
0.607636
0.60909
0.609535
0.609489
0.51609
0.516099
0.516493
0.517798
0.520442
0.524354
0.529539
0.536345
0.545188
0.556398
0.569433
0.58159
0.591176
0.598649
0.604503
0.608999
0.612221
0.613949
0.614459
0.614409
0.501407
0.501412
0.501868
0.503442
0.506661
0.511476
0.51787
0.526265
0.537127
0.550791
0.566533
0.581121
0.592605
0.601584
0.608682
0.614124
0.617994
0.619996
0.620558
0.620497
0.48359
0.483591
0.484142
0.486098
0.490114
0.496158
0.504175
0.514663
0.528108
0.544797
0.56375
0.581133
0.594763
0.605442
0.613905
0.620424
0.62498
0.627234
0.627825
0.627746
0.461458
0.461455
0.462172
0.464726
0.469913
0.477707
0.487981
0.501288
0.518064
0.538469
0.56118
0.581717
0.59772
0.610266
0.620229
0.627909
0.633136
0.635588
0.636172
0.636067
0.433242
0.433238
0.434246
0.437793
0.444841
0.455267
0.468801
0.485971
0.507037
0.531946
0.558979
0.582993
0.601546
0.616079
0.627633
0.636514
0.642329
0.644878
0.64541
0.645272
0.39586
0.395874
0.397516
0.402991
0.413346
0.427943
0.446319
0.468768
0.495261
0.525507
0.557379
0.585107
0.606312
0.622904
0.636082
0.646089
0.652311
0.654806
0.655234
0.655058
0.343417
0.343664
0.347416
0.357342
0.373849
0.395318
0.420738
0.450135
0.483233
0.519573
0.556661
0.588215
0.612083
0.630696
0.645423
0.656367
0.662708
0.664972
0.665255
0.665046
0.268225
0.270584
0.281579
0.301062
0.32786
0.358911
0.393313
0.43092
0.471466
0.514464
0.557128
0.592742
0.619443
0.640214
0.656537
0.668218
0.674467
0.676421
0.676577
0.676368
0.188223
0.194657
0.214184
0.243898
0.2815
0.322423
0.365854
0.411763
0.460011
0.510152
0.559162
0.599665
0.62977
0.653065
0.671218
0.683427
0.689084
0.690504
0.69057
0.690437
0.119617
0.126428
0.152618
0.191025
0.237814
0.287793
0.339873
0.393897
0.449698
0.506807
0.561914
0.606989
0.640229
0.665704
0.685053
0.697134
0.702161
0.703335
0.703425
0.703341
0.0635496
0.0706206
0.100859
0.145464
0.199101
0.256505
0.316058
0.377412
0.440243
0.503967
0.56488
0.614263
0.650399
0.677761
0.698074
0.710291
0.715092
0.716145
0.716253
0.716204
0.0170057
0.0243859
0.0571237
0.106445
0.165513
0.228959
0.294805
0.362576
0.431758
0.501616
0.568023
0.621528
0.660424
0.689676
0.711075
0.723525
0.728306
0.729388
0.729498
0.729472
-0.0224361
-0.0148942
0.0195842
0.0724481
0.13607
0.204624
0.275881
0.349293
0.424207
0.499747
0.571357
0.628828
0.670436
0.701539
0.724013
0.737045
0.742101
0.743109
0.743237
0.743223
-0.0567994
-0.0491615
-0.0134375
0.0423713
0.109769
0.182709
0.258735
0.337202
0.417361
0.4982
0.574753
0.636055
0.680314
0.713275
0.736956
0.750601
0.755949
0.75703
0.757163
0.757156
-0.0875857
-0.0798558
-0.0431218
0.0151974
0.0857974
0.162553
0.242821
0.325869
0.410867
0.496684
0.577977
0.643005
0.689859
0.724651
0.74947
0.763801
0.769479
0.770677
0.770822
0.770816
-0.115766
-0.107959
-0.0703653
-0.00987668
0.0635078
0.143628
0.227685
0.314901
0.404392
0.494944
0.580822
0.649485
0.698871
0.735412
0.761362
0.776348
0.782329
0.783709
0.783874
0.783862
-0.142121
-0.134215
-0.0957981
-0.0335095
0.0424108
0.12553
0.212989
0.304019
0.397702
0.49276
0.583105
0.655349
0.707205
0.745438
0.772388
0.788
0.794244
0.795737
0.795882
0.795848
-0.167125
-0.159095
-0.119878
-0.0560627
0.0221527
0.107954
0.198494
0.293014
0.390598
0.489957
0.584686
0.660508
0.714818
0.754669
0.78258
0.798582
0.805016
0.806584
0.80671
0.806651
-0.191162
-0.182965
-0.142949
-0.0777746
0.00249665
0.090692
0.184018
0.281726
0.382949
0.486423
0.585477
0.664922
0.721702
0.763106
0.791818
0.808081
0.814615
0.81621
0.816295
0.816216
-0.2144
-0.20602
-0.165472
-0.0988064
-0.0167197
0.0736207
0.16945
0.270071
0.374671
0.482061
0.585393
0.668552
0.727894
0.770848
0.800243
0.816627
0.823128
0.824673
0.82474
0.824637
-0.237011
-0.228458
-0.187224
-0.119292
-0.035588
0.056667
0.154741
0.258
0.365714
0.476809
0.584368
0.67138
0.733453
0.778039
0.808009
0.824342
0.830675
0.83213
0.83216
0.832033
-0.259067
-0.25035
-0.208396
-0.139308
-0.05415
0.0398099
0.139885
0.245511
0.356055
0.470628
0.582336
0.673368
0.738447
0.784826
0.815316
0.831412
0.83739
0.838683
0.838656
0.83852
-0.280595
-0.271698
-0.229062
-0.158879
-0.0724148
0.023054
0.124892
0.232625
0.345728
0.46352
0.579247
0.67446
0.742904
0.791375
0.822403
0.838025
0.843413
0.844423
0.844326
0.844181
-0.301571
-0.292496
-0.249145
-0.177981
-0.0903554
0.0064278
0.109819
0.2194
0.334781
0.455491
0.575053
0.674578
0.746803
0.79781
0.829574
0.844507
0.848934
0.84946
0.849266
0.849126
-0.321948
-0.312687
-0.268651
-0.196591
-0.107941
-0.0100075
0.0947222
0.205907
0.323273
0.4466
0.569727
0.673617
0.750045
0.804184
0.83717
0.851404
0.854421
0.853994
0.853569
0.85348
-0.341734
-0.332275
-0.287575
-0.214687
-0.125135
-0.0261888
0.0796815
0.192233
0.311296
0.436906
0.563287
0.67146
0.752459
0.810401
0.845406
0.859469
0.860864
0.858663
0.857492
0.857547
-0.360867
-0.351213
-0.305879
-0.232235
-0.141878
-0.0420691
0.0647735
0.178461
0.298951
0.426502
0.555754
0.667986
0.753818
0.816176
0.854133
0.869303
0.869914
0.865557
0.862286
0.861233
-0.379376
-0.369533
-0.323554
-0.249242
-0.158199
-0.0576635
0.0499778
0.164565
0.286217
0.415359
0.547062
0.662975
0.753829
0.82116
0.862812
0.880768
0.882939
0.877727
0.869834
0.854853
-0.39729
-0.387239
-0.340701
-0.265886
-0.174339
-0.0732686
0.0349242
0.150098
0.272563
0.40287
0.536578
0.655779
0.751832
0.824938
0.870457
0.89207
0.89749
0.890167
0.881194
0.837089
-0.41487
-0.403946
-0.357228
-0.282043
-0.190213
-0.088795
0.019773
0.135264
0.258195
0.389209
0.524318
0.646155
0.746853
0.826618
0.87473
0.896738
0.901621
0.896162
0.844635
0.785119
-0.433107
-0.418598
-0.372897
-0.297562
-0.206034
-0.104477
0.004257
0.120059
0.24309
0.374349
0.510132
0.633746
0.737509
0.825889
0.872675
0.881323
0.886733
0.851347
0.785142
0.720844
-0.451108
-0.453551
-0.393676
-0.310107
-0.218548
-0.117389
-0.0110007
0.105144
0.227992
0.359071
0.494649
0.618761
0.723319
0.824222
0.834707
0.849215
0.824316
0.758937
0.6832
0.612627
-0.42702
-0.425714
-0.366954
-0.28363
-0.186991
-0.0826483
0.0286273
0.147403
0.273499
0.408692
0.539248
0.652134
0.747264
0.844092
0.850604
0.748067
0.661451
0.59228
0.518311
0.376168
-0.46716
-0.441127
-0.379526
-0.295326
-0.199148
-0.0948551
0.0158534
0.134068
0.259331
0.393207
0.521617
0.63174
0.717724
0.780616
0.747264
0.612917
0.490801
0.407111
0.322326
0.16105
-0.491046
-0.460275
-0.397787
-0.314181
-0.217877
-0.113748
-0.00281773
0.114655
0.238659
0.3704
0.495615
0.600367
0.677437
0.705194
0.623616
0.457931
0.317157
0.212701
0.0970912
-0.135141
-0.51433
-0.481258
-0.417599
-0.333321
-0.236951
-0.132925
-0.0223429
0.0942225
0.216719
0.345864
0.466815
0.564321
0.629705
0.622035
0.484926
0.29655
0.124581
-0.0179401
-0.177879
-0.557714
-0.536654
-0.502752
-0.438066
-0.352887
-0.256436
-0.152617
-0.0426867
0.0728363
0.193603
0.319737
0.435537
0.524743
0.571605
0.534309
0.349865
0.142001
-0.0712274
-0.249674
-0.495842
-1.03812
-0.558782
-0.524831
-0.459464
-0.37369
-0.277085
-0.173504
-0.0642237
0.050149
0.168951
0.291677
0.401739
0.482574
0.509396
0.422165
0.226116
0.0116468
-0.204896
-0.404687
-0.570994
-1.15424
-0.581853
-0.547832
-0.482081
-0.395974
-0.29925
-0.19588
-0.0872266
0.0259506
0.142624
0.261626
0.365616
0.436666
0.438628
0.308634
0.119464
-0.0847846
-0.271713
-0.400023
-0.433437
-0.480186
-0.606289
-0.572205
-0.506229
-0.420017
-0.323362
-0.220376
-0.112532
-0.000845165
0.113274
0.227859
0.325334
0.38325
0.362992
0.204123
0.0229559
-0.15645
-0.301163
-0.362729
-0.385448
-0.391181
-0.632435
-0.598132
-0.532002
-0.445803
-0.349392
-0.246985
-0.140225
-0.0303616
0.0807805
0.190306
0.28055
0.323239
0.287731
0.106764
-0.0651148
-0.222599
-0.332
-0.35864
-0.359805
-0.360192
-0.660385
-0.625759
-0.559445
-0.473321
-0.377307
-0.275712
-0.170306
-0.0626028
0.0451081
0.149035
0.230961
0.261153
0.193816
0.0175519
-0.145621
-0.284479
-0.331163
-0.3455
-0.346779
-0.346375
-0.690032
-0.655024
-0.588524
-0.502562
-0.407096
-0.306531
-0.20276
-0.0975739
0.00628635
0.104122
0.177167
0.193347
0.0956029
-0.0649348
-0.213907
-0.323237
-0.336704
-0.33662
-0.337766
-0.33745
-0.720913
-0.685714
-0.619053
-0.533357
-0.438627
-0.33934
-0.237509
-0.135213
-0.035571
0.0557704
0.120075
0.118583
0.0103035
-0.137758
-0.268203
-0.307171
-0.329091
-0.332431
-0.332781
-0.332546
-0.75268
-0.717169
-0.650681
-0.565407
-0.471642
-0.37391
-0.274341
-0.175302
-0.0802319
0.00453013
0.0593955
0.0463442
-0.0689915
-0.198077
-0.303521
-0.344432
-0.332732
-0.329398
-0.328972
-0.328771
-0.784393
-0.748892
-0.682856
-0.598215
-0.505697
-0.409846
-0.312894
-0.217468
-0.127342
-0.0488627
-0.00493603
-0.0198208
-0.140119
-0.244817
-0.32154
-0.319978
-0.325129
-0.326525
-0.326651
-0.326543
-0.815045
-0.780054
-0.714438
-0.631053
-0.540148
-0.446573
-0.352621
-0.261122
-0.176261
-0.103837
-0.0669426
-0.0862403
-0.199686
-0.288985
-0.308748
-0.331164
-0.32894
-0.326802
-0.325737
-0.325382
-0.843045
-0.809023
-0.744579
-0.662857
-0.574095
-0.483277
-0.392777
-0.305512
-0.226001
-0.159706
-0.123741
-0.156905
-0.247205
-0.322304
-0.330916
-0.330707
-0.330424
-0.328564
-0.327565
-0.326912
-0.866694
-0.834131
-0.771563
-0.692351
-0.606395
-0.518919
-0.432383
-0.349703
-0.275417
-0.215375
-0.180009
-0.216533
-0.283399
-0.349849
-0.386129
-0.358649
-0.341089
-0.336649
-0.334822
-0.33379
-0.883679
-0.853256
-0.793416
-0.71782
-0.635651
-0.552272
-0.470275
-0.392585
-0.323459
-0.26931
-0.237117
-0.262469
-0.295082
-0.350036
-0.360919
-0.349282
-0.349431
-0.348315
-0.346646
-0.34592
-0.891651
-0.863906
-0.808238
-0.737382
-0.660221
-0.581966
-0.505236
-0.432898
-0.369077
-0.320184
-0.287507
-0.301242
-0.283602
-0.270137
-0.288231
-0.323367
-0.341516
-0.346841
-0.348743
-0.34968
-0.887672
-0.86419
-0.814186
-0.749244
-0.678483
-0.606491
-0.535845
-0.469387
-0.411095
-0.366957
-0.329489
-0.344332
-0.323694
-0.263998
-0.29983
-0.339534
-0.354245
-0.359203
-0.361407
-0.362138
-0.868338
-0.85086
-0.809418
-0.752094
-0.689134
-0.624544
-0.560802
-0.500602
-0.448154
-0.408746
-0.377879
-0.399977
-0.454555
-0.468085
-0.472385
-0.434108
-0.407257
-0.396586
-0.392425
-0.391217
-0.835238
-0.823174
-0.792498
-0.745324
-0.691513
-0.635422
-0.57906
-0.525225
-0.478243
-0.44435
-0.419072
-0.440146
-0.520367
-0.678706
-0.618298
-0.481805
-0.415006
-0.388426
-0.378853
-0.375814
-0.792991
-0.785494
-0.766295
-0.730435
-0.686536
-0.639269
-0.590229
-0.54223
-0.499562
-0.469014
-0.443939
-0.40543
-0.301805
-0.263867
-0.229161
-0.23679
-0.261082
-0.272095
-0.273746
-0.272378
-0.750002
-0.745765
-0.735452
-0.711686
-0.677069
-0.637513
-0.594919
-0.55131
-0.510629
-0.478042
-0.449659
-0.348414
-0.144202
0.101217
0.161845
0.036849
-0.123397
-0.220897
-0.251108
-0.25583
-0.715171
-0.712932
-0.707486
-0.692304
-0.666237
-0.632471
-0.594751
-0.553816
-0.512054
-0.476487
-0.453117
-0.398037
-0.377058
-0.392003
-0.550087
-0.784684
-0.890441
-0.816676
-0.731804
-0.714639
-0.68978
-0.688705
-0.686648
-0.678227
-0.657855
-0.628189
-0.592354
-0.551319
-0.507269
-0.463777
-0.433634
-0.466014
-0.738348
-1.25916
-1.80678
-1.98079
-1.90417
-1.66866
-1.44765
-1.37916
-0.673504
-0.673047
-0.672306
-0.668189
-0.653303
-0.625537
-0.58905
-0.546282
-0.497548
-0.440667
-0.397546
-0.386257
-0.527424
-0.718916
-0.914661
-0.967903
-0.82255
-0.613319
-0.449937
-0.372971
-0.663199
-0.663055
-0.662582
-0.661152
-0.650939
-0.62445
-0.586427
-0.540398
-0.484156
-0.418053
-0.350609
-0.270583
-0.1686
0.0304631
0.282451
0.555292
0.836247
1.01777
1.10145
1.12792
-0.655797
-0.655688
-0.655245
-0.654746
-0.648365
-0.625238
-0.585994
-0.534979
-0.472905
-0.395872
-0.298052
-0.196682
0.0193083
0.414041
0.86579
1.30589
1.63938
1.81296
1.88212
1.89879
-0.651486
-0.6512
-0.65035
-0.649068
-0.646646
-0.628985
-0.588679
-0.532798
-0.464324
-0.375666
-0.268306
-0.1548
0.0692883
0.487655
0.940937
1.34949
1.65129
1.81017
1.86567
1.87582
-0.651623
-0.651622
-0.651552
-0.650753
-0.650521
-0.637813
-0.595023
-0.535502
-0.461827
-0.369997
-0.260857
-0.146523
0.0238626
0.386739
0.748943
1.07299
1.30449
1.41936
1.45637
1.4624
-0.65335
-0.654605
-0.658066
-0.664591
-0.669833
-0.651529
-0.603954
-0.543629
-0.467758
-0.373487
-0.269435
-0.164035
-0.0339188
0.237696
0.503408
0.716121
0.859594
0.927658
0.952806
0.958854
-0.660779
-0.661863
-0.660972
-0.655208
-0.649787
-0.638762
-0.610143
-0.558555
-0.481316
-0.385892
-0.288064
-0.195128
-0.0931395
0.0960267
0.275155
0.407099
0.490829
0.532572
0.55395
0.5623
-0.69793
-0.696035
-0.678936
-0.633399
-0.590901
-0.603567
-0.622685
-0.581857
-0.499197
-0.4006
-0.311666
-0.235835
-0.160885
-0.0146663
0.121196
0.216196
0.278898
0.313654
0.332531
0.338877
-0.765245
-0.762629
-0.76221
-0.755878
-0.745965
-0.736765
-0.712741
-0.624526
-0.52041
-0.415298
-0.331063
-0.267431
-0.210726
-0.0959584
0.0140856
0.0991165
0.160529
0.196596
0.213091
0.217106
-0.900605
-0.919455
-0.968425
-1.01923
-1.02555
-0.982028
-0.851952
-0.685353
-0.540344
-0.423582
-0.34067
-0.287717
-0.245111
-0.145202
-0.0494805
0.0236255
0.080388
0.113814
0.127392
0.129394
-1.01066
-1.03639
-1.08399
-1.12218
-1.12587
-1.07134
-0.909563
-0.706454
-0.540585
-0.417899
-0.337127
-0.289405
-0.249713
-0.170574
-0.0928171
-0.0330896
0.0132607
0.0397858
0.0496506
0.0502948
-0.946867
-0.969078
-1.00506
-1.03704
-1.04091
-0.984387
-0.822221
-0.646582
-0.499841
-0.388966
-0.316129
-0.271366
-0.232266
-0.17425
-0.116677
-0.0699248
-0.034837
-0.0147953
-0.00669588
-0.0066925
-0.68962
-0.70925
-0.744698
-0.782098
-0.794916
-0.747277
-0.634563
-0.517981
-0.417834
-0.338484
-0.28095
-0.240179
-0.206508
-0.168423
-0.129691
-0.0964945
-0.0714997
-0.0566857
-0.0522122
-0.053124
-0.334962
-0.34742
-0.37262
-0.405454
-0.430389
-0.429797
-0.403304
-0.361824
-0.31846
-0.275243
-0.237448
-0.206513
-0.183559
-0.161823
-0.13669
-0.114674
-0.0979235
-0.0889757
-0.0865977
-0.0881993
-0.0461333
-0.0521845
-0.0688519
-0.0985376
-0.138358
-0.176393
-0.204022
-0.220196
-0.222114
-0.211109
-0.193721
-0.175863
-0.164034
-0.154374
-0.142728
-0.131956
-0.12417
-0.12105
-0.120955
-0.122544
0.10516
0.101612
0.0895906
0.0633683
0.0208021
-0.0320652
-0.0818388
-0.120822
-0.145662
-0.156119
-0.153541
-0.14668
-0.143818
-0.145811
-0.146328
-0.148127
-0.151132
-0.155598
-0.157906
-0.158762
0.149637
0.147366
0.138445
0.117434
0.0813599
0.0346292
-0.0149789
-0.0598397
-0.0942739
-0.115215
-0.1215
-0.119783
-0.120494
-0.130945
-0.144595
-0.157666
-0.169264
-0.17822
-0.181334
-0.181658
0.141662
0.140132
0.133829
0.118612
0.0919298
0.0558214
0.014378
-0.0262694
-0.0617527
-0.0878495
-0.0999612
-0.099577
-0.100311
-0.119445
-0.140628
-0.15817
-0.172567
-0.18127
-0.183836
-0.184071
0.115446
0.114474
0.110239
0.099814
0.08113
0.0547914
0.0224517
-0.0117588
-0.0448154
-0.0732763
-0.0914704
-0.09765
-0.101933
-0.12109
-0.140318
-0.155151
-0.16602
-0.171332
-0.172724
-0.173096
0.0865912
0.0860443
0.0832933
0.0763419
0.0635341
0.0447
0.0202376
-0.00764081
-0.0375331
-0.0681328
-0.0962995
-0.119826
-0.134233
-0.143743
-0.149409
-0.153978
-0.157846
-0.159334
-0.159849
-0.160334
0.0610561
0.060659
0.058928
0.0543824
0.04573
0.0324413
0.014289
-0.00794638
-0.0343285
-0.0664029
-0.105143
-0.14986
-0.175977
-0.168571
-0.158593
-0.154362
-0.152329
-0.151558
-0.151324
-0.151588
0.0405454
0.0403136
0.0392101
0.0363047
0.0305605
0.0213434
0.0081659
-0.00907928
-0.0312839
-0.0614901
-0.103394
-0.157145
-0.183632
-0.167068
-0.15178
-0.144674
-0.143087
-0.142525
-0.142085
-0.142048
0.024752
0.0246433
0.0240128
0.0223006
0.0187896
0.0127685
0.00375611
-0.00868197
-0.0254934
-0.0499161
-0.0850641
-0.127014
-0.141345
-0.129573
-0.121452
-0.121377
-0.123417
-0.124501
-0.124267
-0.123974
0.0131037
0.0130681
0.0127793
0.0119406
0.0100785
0.00670703
0.00132236
-0.00647746
-0.0173705
-0.033168
-0.0542512
-0.0740502
-0.0786596
-0.074175
-0.0765528
-0.0836438
-0.0893937
-0.0916045
-0.0915585
-0.0911382
0.004614
0.0046939
0.00463758
0.00447918
0.00419173
0.00335109
0.00168964
-0.000957638
-0.0047594
-0.0100638
-0.016998
-0.0229118
-0.0208367
-0.0195085
-0.0272139
-0.0342007
-0.04004
-0.0429287
-0.0430874
-0.042593
-0.755223
-0.192884
0.12648
0.340124
0.502795
0.626236
0.724521
0.808762
0.916807
0.915455
0.048084
0.194384
0.353676
0.489922
0.601712
0.691981
0.766217
0.822949
0.846215
0.850536
0.309366
0.407889
0.514309
0.606742
0.685373
0.750779
0.802933
0.839668
0.862669
0.879865
0.49467
0.562515
0.635954
0.701838
0.758784
0.806627
0.845148
0.874738
0.898117
0.916883
0.633767
0.684457
0.73575
0.785
0.828044
0.865114
0.896266
0.921873
0.943405
0.961795
0.746497
0.783463
0.824529
0.86312
0.898094
0.929037
0.955895
0.978499
0.997524
1.01533
0.843474
0.873526
0.90875
0.941764
0.972547
1.00039
1.02478
1.04524
1.06187
1.07924
0.93264
0.961019
0.994336
1.02586
1.05534
1.08203
1.10521
1.12425
1.13864
1.15577
1.02283
1.05375
1.08878
1.12133
1.1511
1.17751
1.19994
1.21783
1.23037
1.24762
1.1263
1.16199
1.19986
1.23394
1.26385
1.28947
1.31064
1.3272
1.33875
1.35658
1.25534
1.29435
1.33247
1.36549
1.39339
1.41691
1.43648
1.45194
1.46374
1.48199
1.4164
1.4524
1.48445
1.5112
1.53399
1.55446
1.57305
1.58906
1.60275
1.62062
1.60105
1.62609
1.64594
1.66443
1.68207
1.6988
1.71466
1.73064
1.74775
1.76689
1.78771
1.79855
1.81126
1.8258
1.83941
1.85147
1.86237
1.87371
1.88911
1.90854
1.96959
1.98302
1.98808
1.98909
1.99106
1.99842
2.01211
2.0297
2.04344
2.05478
2.23845
2.18786
2.1404
2.10881
2.09576
2.1003
2.12355
2.1686
2.23529
2.32941
0.706646
0.703638
0.697581
0.686657
0.67417
0.662865
0.653814
0.64707
0.642622
0.640751
0.642009
0.64602
0.652202
0.660501
0.671011
0.683336
0.695694
0.704409
0.708923
0.71109
0.634942
0.64159
0.64684
0.65046
0.651577
0.649948
0.646503
0.642724
0.63976
0.638475
0.639587
0.642653
0.646764
0.651005
0.654046
0.654585
0.652273
0.647899
0.641607
0.635783
0.624818
0.627781
0.631146
0.633639
0.635405
0.636595
0.636832
0.6361
0.635059
0.634637
0.635534
0.637304
0.638999
0.639806
0.639406
0.638166
0.636275
0.633412
0.630081
0.627793
0.618748
0.620173
0.622389
0.624666
0.626394
0.627597
0.6285
0.629103
0.629399
0.629746
0.630482
0.63128
0.631656
0.631479
0.630877
0.629753
0.627956
0.625742
0.623997
0.622913
0.613356
0.614175
0.615643
0.617423
0.619171
0.620657
0.62181
0.622772
0.623638
0.624448
0.625163
0.625581
0.625621
0.62529
0.624499
0.623241
0.621739
0.620232
0.61922
0.618553
0.608264
0.608819
0.609906
0.611326
0.612848
0.614365
0.615776
0.61701
0.618138
0.619205
0.620023
0.620418
0.620394
0.619928
0.61908
0.618023
0.616881
0.615821
0.615138
0.614669
0.603341
0.603757
0.604626
0.605844
0.607185
0.608609
0.610082
0.61153
0.612899
0.61419
0.61518
0.615661
0.615644
0.615217
0.614538
0.61373
0.612866
0.612081
0.611582
0.611225
0.598517
0.598843
0.599562
0.600632
0.601881
0.603242
0.60471
0.606267
0.607856
0.609405
0.61062
0.611254
0.611375
0.61114
0.610684
0.61009
0.609447
0.608879
0.608509
0.608224
0.593703
0.593968
0.59458
0.595551
0.596742
0.598074
0.599562
0.601208
0.602989
0.604823
0.606327
0.607215
0.607585
0.607595
0.607368
0.606996
0.606557
0.606163
0.60589
0.605654
0.588807
0.589028
0.589567
0.590478
0.591635
0.592973
0.594518
0.596288
0.598279
0.600431
0.602307
0.603545
0.604231
0.604517
0.604536
0.604398
0.604152
0.603911
0.603714
0.603512
0.583738
0.583926
0.584415
0.585297
0.586457
0.587843
0.589486
0.591427
0.593686
0.596222
0.598557
0.600227
0.601284
0.601889
0.602183
0.602277
0.602229
0.602126
0.601991
0.601813
0.578402
0.578566
0.579026
0.579908
0.581113
0.582591
0.58438
0.586553
0.589154
0.592171
0.595065
0.597247
0.598739
0.59971
0.600311
0.600646
0.600813
0.600839
0.600755
0.600594
0.572701
0.572847
0.573297
0.574209
0.575499
0.577116
0.579113
0.581593
0.584626
0.588241
0.591811
0.594606
0.596609
0.597997
0.598946
0.599577
0.599953
0.600099
0.600058
0.599907
0.566523
0.566655
0.567112
0.568084
0.569503
0.571313
0.57359
0.576463
0.580043
0.584393
0.588782
0.592308
0.594916
0.596793
0.598137
0.599092
0.599704
0.599972
0.59997
0.599825
0.559736
0.559859
0.560336
0.561398
0.562995
0.565062
0.567702
0.571075
0.575338
0.580588
0.585966
0.590365
0.593689
0.596144
0.597945
0.59927
0.600145
0.600541
0.600574
0.60043
0.552186
0.552298
0.552806
0.553994
0.555823
0.558222
0.561323
0.565328
0.570435
0.576784
0.583355
0.588795
0.592963
0.596099
0.598449
0.600206
0.601372
0.6019
0.601965
0.601819
0.543651
0.543768
0.54432
0.545675
0.547791
0.550614
0.554305
0.559101
0.565252
0.57294
0.580944
0.587622
0.592787
0.596722
0.599733
0.60199
0.603483
0.604151
0.604246
0.604094
0.533847
0.533972
0.534615
0.536173
0.538666
0.542038
0.546471
0.552256
0.559701
0.56902
0.578739
0.586879
0.59322
0.598095
0.601876
0.604718
0.606583
0.607398
0.607519
0.607356
0.522464
0.522591
0.523353
0.525184
0.528158
0.532228
0.537603
0.544636
0.553685
0.56499
0.576753
0.586608
0.594323
0.600302
0.604966
0.608494
0.61077
0.611734
0.611875
0.6117
0.50901
0.509154
0.510077
0.512271
0.515868
0.520847
0.527438
0.536058
0.547108
0.560824
0.575009
0.586863
0.596152
0.603404
0.609105
0.613407
0.616122
0.61723
0.617383
0.617191
0.492823
0.493006
0.494162
0.49685
0.501282
0.507471
0.515662
0.52633
0.539888
0.556525
0.573549
0.587698
0.59878
0.607474
0.61434
0.619512
0.62268
0.623913
0.624067
0.623854
0.472952
0.473214
0.474721
0.478113
0.483712
0.49157
0.501921
0.515272
0.531987
0.552143
0.572452
0.589186
0.602267
0.612568
0.620706
0.626823
0.630423
0.631744
0.631879
0.631646
0.447958
0.448367
0.450433
0.454903
0.462241
0.472507
0.485865
0.502773
0.523451
0.547794
0.571836
0.591416
0.606665
0.618715
0.62822
0.635278
0.63924
0.640586
0.640683
0.640431
0.415504
0.416217
0.419262
0.425579
0.435716
0.449619
0.467251
0.488871
0.514457
0.543686
0.571868
0.594488
0.612018
0.625877
0.63682
0.64473
0.648906
0.650189
0.650225
0.649959
0.371413
0.372852
0.377994
0.387953
0.402972
0.42251
0.446173
0.473885
0.505375
0.54013
0.572754
0.598515
0.618363
0.634035
0.646359
0.654913
0.659059
0.660172
0.660134
0.659864
0.307875
0.312403
0.32315
0.340313
0.363643
0.391616
0.423327
0.458504
0.496767
0.537507
0.574701
0.603582
0.625672
0.643041
0.65649
0.66535
0.669175
0.669986
0.669871
0.669615
0.232353
0.240544
0.260153
0.288003
0.322013
0.359464
0.399796
0.4429
0.488457
0.535888
0.578485
0.611219
0.63611
0.65545
0.670107
0.679008
0.682421
0.683039
0.682971
0.682836
0.1566
0.170157
0.198974
0.237316
0.281441
0.328253
0.377218
0.428313
0.481248
0.535475
0.583588
0.620231
0.6479
0.669376
0.685037
0.693397
0.696041
0.696427
0.696392
0.69634
0.0936696
0.111098
0.145624
0.191841
0.244211
0.299243
0.356151
0.414804
0.474816
0.535575
0.588913
0.629188
0.659356
0.682335
0.698376
0.706457
0.708867
0.70926
0.709288
0.709277
0.0420654
0.061563
0.10057
0.152624
0.21144
0.273261
0.337043
0.402496
0.469062
0.535986
0.594293
0.63799
0.670475
0.694947
0.711636
0.719629
0.721823
0.722264
0.722344
0.722367
-0.00115828
0.0195934
0.0619457
0.118638
0.182784
0.250291
0.319998
0.391482
0.464026
0.536719
0.599767
0.646773
0.681539
0.707532
0.72488
0.732905
0.73532
0.735827
0.735941
0.735999
-0.0383033
-0.0167617
0.0282538
0.0887089
0.157338
0.229754
0.30467
0.381567
0.45961
0.537721
0.605303
0.65552
0.692527
0.72002
0.738214
0.746763
0.749313
0.749839
0.749952
0.750026
-0.0710468
-0.0489598
-0.00178853
0.0618302
0.134278
0.210991
0.29057
0.3724
0.455541
0.538769
0.610711
0.664062
0.703291
0.732333
0.751392
0.760452
0.763258
0.76382
0.763908
0.763982
-0.100629
-0.0781534
-0.0291557
0.0371804
0.112954
0.193462
0.277235
0.363585
0.451492
0.539613
0.615783
0.672195
0.713567
0.744074
0.764026
0.773673
0.776658
0.777258
0.7773
0.77738
-0.128049
-0.105166
-0.0545957
0.0141298
0.0928487
0.176734
0.264298
0.354813
0.447213
0.540036
0.620341
0.679746
0.723205
0.755113
0.775896
0.78607
0.789286
0.789873
0.7899
0.789957
-0.153837
-0.13054
-0.078554
-0.0077837
0.0735789
0.160494
0.251499
0.345863
0.442494
0.539853
0.624239
0.686611
0.732101
0.765339
0.786881
0.797363
0.800757
0.801346
0.801339
0.801371
-0.178449
-0.154685
-0.101547
-0.0288429
0.0548701
0.14451
0.238647
0.336557
0.437173
0.538944
0.627397
0.692755
0.74024
0.774688
0.796809
0.807534
0.810986
0.811583
0.811543
0.811546
-0.202178
-0.177937
-0.123784
-0.0492674
0.0365413
0.12863
0.225602
0.326786
0.431155
0.537202
0.62975
0.698168
0.747658
0.783216
0.805784
0.816591
0.820047
0.820592
0.820535
0.820512
-0.225213
-0.200472
-0.145282
-0.0692022
0.018482
0.112761
0.212298
0.316484
0.42437
0.53455
0.631237
0.702862
0.754449
0.791087
0.813935
0.824668
0.828023
0.828524
0.828432
0.828388
-0.247653
-0.222414
-0.166176
-0.0887189
0.000639191
0.0968753
0.198713
0.305621
0.416767
0.530927
0.631807
0.706847
0.760726
0.798455
0.821425
0.831933
0.835077
0.835491
0.835372
0.835309
-0.269501
-0.243803
-0.186576
-0.10785
-0.017001
0.0809644
0.184851
0.294209
0.408343
0.526291
0.631393
0.710119
0.766598
0.805531
0.828468
0.8385
0.841323
0.84161
0.841459
0.841381
-0.290808
-0.264626
-0.206471
-0.12659
-0.0344243
0.0650574
0.170752
0.282286
0.399132
0.520619
0.629933
0.712639
0.772133
0.812533
0.835343
0.844583
0.846832
0.846933
0.846761
0.846678
-0.311519
-0.284855
-0.225822
-0.144921
-0.0515999
0.0492138
0.15648
0.269918
0.389179
0.513911
0.627346
0.714316
0.777332
0.819676
0.842465
0.850573
0.851838
0.851575
0.851381
0.851321
-0.33165
-0.304459
-0.244638
-0.1628
-0.0684702
0.033489
0.142111
0.257193
0.378547
0.506207
0.623567
0.715012
0.782102
0.827077
0.85034
0.857215
0.856866
0.855718
0.855426
0.855507
-0.351117
-0.323447
-0.262877
-0.180198
-0.0849897
0.0179557
0.127715
0.244181
0.367338
0.49757
0.61855
0.714549
0.786236
0.834615
0.859338
0.865625
0.863294
0.860244
0.858892
0.858911
-0.369993
-0.341795
-0.280499
-0.197071
-0.10109
0.00269328
0.113409
0.231012
0.355668
0.488078
0.612281
0.712727
0.789417
0.841852
0.869242
0.876676
0.873636
0.867662
0.861149
0.844898
-0.388215
-0.359496
-0.297641
-0.21362
-0.117059
-0.0126156
0.0987916
0.217249
0.343053
0.477247
0.604271
0.709027
0.791382
0.848471
0.879439
0.890255
0.888848
0.881167
0.867004
0.882288
-0.405905
-0.376534
-0.314243
-0.229819
-0.13282
-0.0279157
0.0838642
0.202913
0.329478
0.46496
0.59428
0.702788
0.791337
0.853364
0.886894
0.900788
0.901869
0.891084
0.830233
0.815102
-0.423648
-0.393529
-0.330063
-0.245349
-0.147792
-0.0427613
0.0688401
0.188261
0.31522
0.451404
0.582269
0.693513
0.788167
0.855591
0.886797
0.900115
0.891704
0.853867
0.786517
0.746216
-0.442105
-0.411446
-0.344694
-0.259944
-0.161605
-0.0570151
0.0541079
0.173462
0.300353
0.436569
0.568044
0.680902
0.779329
0.853556
0.90141
0.873239
0.841064
0.774046
0.701465
0.657736
-0.0173839
0.0986032
0.221312
0.352142
0.487121
0.610583
0.714241
0.538861
-0.46203
-0.443219
-0.405132
-0.333759
-0.242779
-0.14295
-0.0350249
0.0798714
0.201803
0.33147
0.465458
0.588261
0.691018
0.772224
0.824221
0.77362
0.625992
0.534308
0.463024
-0.478881
-0.465952
-0.421636
-0.348869
-0.257483
-0.157405
-0.0499828
0.0644263
0.185499
0.313816
0.445665
0.565154
0.661752
0.730085
0.72543
0.614951
0.465836
0.356526
0.265342
-0.501296
-0.488717
-0.441459
-0.367674
-0.276278
-0.175892
-0.0684408
0.0456265
0.16575
0.292447
0.4212
0.535509
0.621056
0.672141
0.630759
0.464321
0.295318
0.159516
0.0398465
-0.523861
-0.511147
-0.462356
-0.387283
-0.295591
-0.195219
-0.0880851
0.025235
0.144119
0.268725
0.39383
0.502019
0.580166
0.602764
0.513633
0.317812
0.118012
-0.0620855
-0.229738
-0.545634
-0.533425
-0.483881
-0.407697
-0.315639
-0.215305
-0.108635
0.00377881
0.121224
0.243363
0.364272
0.465515
0.53397
0.517225
0.384487
0.181637
-0.0381903
-0.245828
-0.433361
-0.568005
-0.556076
-0.506261
-0.429375
-0.337035
-0.236679
-0.130409
-0.0188552
0.0970718
0.216561
0.332973
0.426402
0.480472
0.441722
0.266374
0.0673466
-0.144437
-0.342587
-0.465179
-0.505035
-0.591688
-0.579902
-0.529861
-0.45261
-0.360183
-0.259917
-0.154122
-0.0435602
0.0706005
0.187013
0.298318
0.383509
0.421374
0.358423
0.160732
-0.0295312
-0.210273
-0.346333
-0.392822
-0.416523
-0.616817
-0.605159
-0.554948
-0.477511
-0.385155
-0.285192
-0.180066
-0.0707777
0.041247
0.154046
0.259499
0.336198
0.35274
0.251867
0.0662244
-0.10954
-0.262437
-0.346091
-0.366466
-0.371833
-0.643709
-0.632046
-0.581642
-0.504094
-0.411936
-0.312457
-0.208258
-0.100542
0.008961
0.117648
0.216485
0.284346
0.271351
0.149359
-0.0217823
-0.186913
-0.307159
-0.351662
-0.351403
-0.352533
-0.672268
-0.660699
-0.609979
-0.532363
-0.440522
-0.341713
-0.238695
-0.132853
-0.0262636
0.0778392
0.169485
0.22673
0.196462
0.0530387
-0.102996
-0.256434
-0.322813
-0.340673
-0.341824
-0.341554
-0.702341
-0.690783
-0.639856
-0.562234
-0.470825
-0.372906
-0.27132
-0.167685
-0.0644002
0.0346861
0.118779
0.163837
0.129818
-0.0305716
-0.176544
-0.292217
-0.342116
-0.335168
-0.334943
-0.334964
-0.73344
-0.721809
-0.671004
-0.593452
-0.502655
-0.405856
-0.305993
-0.204904
-0.105301
-0.0115152
0.0646472
0.100296
0.0513304
-0.103664
-0.236357
-0.316188
-0.332346
-0.330713
-0.330652
-0.330388
-0.765044
-0.753348
-0.702825
-0.625604
-0.535637
-0.440231
-0.342416
-0.244224
-0.148695
-0.0603798
0.00788195
0.0326295
-0.0340754
-0.166431
-0.2821
-0.301899
-0.319866
-0.32649
-0.327292
-0.327164
-0.796173
-0.784501
-0.734481
-0.658024
-0.569203
-0.475531
-0.380131
-0.285192
-0.194068
-0.111489
-0.0497792
-0.0406751
-0.108319
-0.222474
-0.300677
-0.349283
-0.33311
-0.327995
-0.32628
-0.325911
-0.825011
-0.814165
-0.765025
-0.689683
-0.602533
-0.511027
-0.418472
-0.327159
-0.240674
-0.164119
-0.107073
-0.10772
-0.174386
-0.268825
-0.333031
-0.338635
-0.332315
-0.327984
-0.326266
-0.325673
-0.850768
-0.840225
-0.793056
-0.719349
-0.634531
-0.545741
-0.456553
-0.369291
-0.287594
-0.217007
-0.164601
-0.165389
-0.231151
-0.303961
-0.35187
-0.341696
-0.336648
-0.333201
-0.330887
-0.33
-0.870785
-0.86091
-0.816226
-0.745575
-0.663825
-0.578501
-0.493266
-0.410543
-0.333808
-0.268808
-0.222059
-0.217563
-0.270289
-0.326022
-0.371873
-0.365485
-0.350207
-0.343514
-0.341197
-0.339855
-0.88307
-0.874256
-0.832849
-0.766229
-0.688746
-0.607894
-0.527384
-0.449683
-0.378208
-0.318441
-0.276418
-0.264666
-0.295082
-0.298543
-0.301742
-0.326731
-0.34149
-0.348651
-0.349533
-0.34944
-0.884984
-0.877819
-0.840846
-0.779519
-0.70751
-0.632362
-0.557508
-0.485426
-0.419573
-0.364791
-0.325656
-0.307719
-0.318385
-0.262648
-0.263552
-0.307532
-0.335362
-0.345316
-0.349907
-0.351914
-0.874715
-0.868969
-0.837844
-0.783559
-0.718628
-0.650415
-0.582245
-0.516472
-0.456517
-0.406973
-0.371721
-0.352486
-0.379843
-0.377857
-0.366482
-0.375462
-0.3787
-0.377066
-0.376506
-0.376396
-0.849001
-0.844953
-0.821279
-0.776916
-0.721057
-0.661061
-0.600468
-0.541468
-0.487512
-0.443782
-0.412874
-0.398847
-0.451995
-0.607027
-0.669495
-0.540781
-0.451535
-0.412727
-0.399046
-0.39414
-0.811144
-0.808641
-0.793201
-0.759804
-0.714874
-0.664179
-0.611649
-0.559445
-0.511054
-0.472037
-0.449783
-0.432035
-0.430529
-0.49544
-0.538122
-0.45036
-0.37109
-0.340881
-0.332027
-0.328729
-0.767834
-0.766232
-0.758572
-0.736071
-0.702285
-0.660914
-0.616186
-0.570119
-0.526049
-0.489103
-0.465585
-0.415284
-0.287458
-0.0770777
0.0159086
-0.0515841
-0.14715
-0.217593
-0.240964
-0.244543
-0.729002
-0.727962
-0.724401
-0.711957
-0.687216
-0.653906
-0.615595
-0.574318
-0.532297
-0.49425
-0.466128
-0.414104
-0.290144
-0.110375
0.0870778
0.00573554
-0.167308
-0.277961
-0.314173
-0.325007
-0.701044
-0.700465
-0.698065
-0.691851
-0.674248
-0.646756
-0.61255
-0.57375
-0.53204
-0.489482
-0.456985
-0.429674
-0.503274
-0.805718
-1.31442
-1.68283
-1.81638
-1.73677
-1.57023
-1.40121
-0.680491
-0.680037
-0.679115
-0.676702
-0.665579
-0.642062
-0.609503
-0.570751
-0.526508
-0.47762
-0.433268
-0.395937
-0.548311
-0.888089
-1.33461
-1.64745
-1.63622
-1.43485
-1.21127
-1.04526
-0.667989
-0.667876
-0.667509
-0.666075
-0.660384
-0.639965
-0.607364
-0.566356
-0.51761
-0.461978
-0.397899
-0.356984
-0.32058
-0.322728
-0.269081
-0.211815
-0.0348526
0.183271
0.330486
0.412289
-0.659123
-0.659138
-0.658913
-0.658628
-0.655696
-0.639259
-0.606839
-0.562379
-0.509496
-0.444586
-0.365693
-0.28539
-0.164185
0.0853309
0.448443
0.850308
1.21829
1.46628
1.57864
1.61885
-0.653174
-0.65317
-0.65282
-0.652063
-0.649891
-0.639795
-0.608533
-0.561254
-0.502188
-0.42873
-0.335853
-0.225162
-0.0692749
0.25658
0.724183
1.18075
1.57092
1.8166
1.927
1.9577
-0.650992
-0.650893
-0.650355
-0.64902
-0.647541
-0.643065
-0.61422
-0.563682
-0.499257
-0.420184
-0.320259
-0.202808
-0.0728502
0.237002
0.658655
1.05524
1.38379
1.58664
1.67248
1.69303
-0.652408
-0.652843
-0.653921
-0.656207
-0.658946
-0.656374
-0.624785
-0.570575
-0.503838
-0.41968
-0.318241
-0.206659
-0.101802
0.144601
0.476958
0.768954
1.00195
1.13812
1.19263
1.20676
-0.653844
-0.655044
-0.65703
-0.66193
-0.669123
-0.664437
-0.632157
-0.581442
-0.514593
-0.427704
-0.33001
-0.227654
-0.132679
0.0424253
0.278046
0.471663
0.610267
0.687447
0.722074
0.736051
-0.67482
-0.675528
-0.672716
-0.654335
-0.624517
-0.608682
-0.619071
-0.59672
-0.532054
-0.442643
-0.346365
-0.25604
-0.181048
-0.0496843
0.119613
0.250366
0.338224
0.388644
0.416078
0.429691
-0.726752
-0.725208
-0.71677
-0.688431
-0.644845
-0.628381
-0.652357
-0.634228
-0.556921
-0.45899
-0.363271
-0.285416
-0.225713
-0.126992
0.00407439
0.110165
0.185701
0.232399
0.25773
0.268352
-0.827841
-0.824359
-0.843738
-0.880091
-0.902779
-0.885988
-0.839118
-0.720093
-0.592393
-0.473742
-0.375097
-0.306487
-0.260962
-0.1794
-0.0699414
0.0213881
0.0903768
0.139564
0.164431
0.172597
-0.973269
-0.978781
-1.02009
-1.07733
-1.10603
-1.08332
-0.991882
-0.797239
-0.619461
-0.479143
-0.377538
-0.315017
-0.275331
-0.207189
-0.114169
-0.0379603
0.0208866
0.061858
0.0811802
0.0870098
-1.00342
-1.01363
-1.04776
-1.08649
-1.1081
-1.08574
-0.981243
-0.781492
-0.600929
-0.461632
-0.363851
-0.303737
-0.266156
-0.21101
-0.13834
-0.0789612
-0.03134
0.00176533
0.0174834
0.0207175
-0.83744
-0.847531
-0.877854
-0.916077
-0.941325
-0.922149
-0.815
-0.660109
-0.521332
-0.41079
-0.330134
-0.277094
-0.240574
-0.197193
-0.146464
-0.102717
-0.0683198
-0.0446059
-0.0333233
-0.0307702
-0.509512
-0.519443
-0.543662
-0.578997
-0.609171
-0.610534
-0.557765
-0.480277
-0.402852
-0.337447
-0.282227
-0.240626
-0.208967
-0.181954
-0.149608
-0.119334
-0.0949247
-0.078414
-0.0710619
-0.0703994
-0.172385
-0.177979
-0.192381
-0.218485
-0.253197
-0.279255
-0.293518
-0.292394
-0.279222
-0.256431
-0.228941
-0.202585
-0.180683
-0.166414
-0.148806
-0.130987
-0.116309
-0.106797
-0.103177
-0.103853
0.0478093
0.0448892
0.0363857
0.0157681
-0.0199561
-0.0685215
-0.114963
-0.151269
-0.17465
-0.183118
-0.178356
-0.16652
-0.155992
-0.153583
-0.147532
-0.142772
-0.13896
-0.138248
-0.139498
-0.140653
0.137851
0.136128
0.130401
0.113937
0.0818779
0.0349864
-0.0173224
-0.0662226
-0.103685
-0.127461
-0.136474
-0.134562
-0.131292
-0.135911
-0.142739
-0.150048
-0.15786
-0.165676
-0.171108
-0.172265
0.15004
0.148988
0.14493
0.132679
0.108001
0.0706503
0.0263909
-0.0192566
-0.0592845
-0.0896296
-0.106338
-0.109152
-0.106685
-0.115077
-0.13363
-0.150599
-0.166332
-0.178288
-0.184341
-0.185154
0.12974
0.129195
0.126446
0.117954
0.100506
0.0734042
0.0391983
0.00120049
-0.0351442
-0.0666484
-0.0881683
-0.095998
-0.0947955
-0.105987
-0.128989
-0.148529
-0.163875
-0.174342
-0.178673
-0.179329
0.10091
0.100703
0.0989039
0.0932277
0.0813187
0.0622403
0.0368437
0.00672847
-0.0248103
-0.0555314
-0.082309
-0.100958
-0.110066
-0.122097
-0.137647
-0.149558
-0.158369
-0.163864
-0.165653
-0.166173
0.0731841
0.0731219
0.0720048
0.0683291
0.060369
0.0471497
0.0286536
0.00539434
-0.0212822
-0.0509413
-0.0837581
-0.11877
-0.149101
-0.158085
-0.156329
-0.154333
-0.154777
-0.155056
-0.15505
-0.155342
0.0501081
0.0501373
0.0493785
0.0470217
0.0417683
0.0327167
0.0194316
0.00176016
-0.0201985
-0.0476893
-0.0837006
-0.130608
-0.180217
-0.181244
-0.164554
-0.154152
-0.149404
-0.148119
-0.147454
-0.147328
0.0319924
0.0320599
0.0316018
0.0301661
0.0268879
0.0208914
0.0116782
-0.00117158
-0.0181835
-0.0408628
-0.0745067
-0.120586
-0.16365
-0.160483
-0.144412
-0.136064
-0.134704
-0.135025
-0.134876
-0.134508
0.0183681
0.0184425
0.0182057
0.0174295
0.0155841
0.0120076
0.00616838
-0.00235719
-0.0141949
-0.0310126
-0.0551479
-0.0861431
-0.109765
-0.104939
-0.101214
-0.102054
-0.1063
-0.109561
-0.110284
-0.109798
0.00845752
0.00854029
0.00847737
0.00820104
0.00739034
0.00571211
0.0027251
-0.00181241
-0.00832782
-0.0176214
-0.0300715
-0.0435396
-0.0471411
-0.0461101
-0.0494474
-0.0564467
-0.0641613
-0.0683024
-0.0692628
-0.0688619
0.00468032
0.00467264
0.00458012
0.00436027
0.00386445
0.00264343
0.000488959
-0.00272187
-0.0071038
-0.013425
-0.0203514
-0.02357
-0.0154699
-0.0231056
-0.0310722
-0.0373927
-0.0421263
-0.043098
-0.0429647
-0.0143826
-0.403747
-0.0638442
0.152519
0.33991
0.490821
0.610336
0.705081
0.785524
0.844411
0.839758
0.0889668
0.239098
0.37858
0.498555
0.600737
0.685611
0.755307
0.809543
0.842533
0.854633
0.348169
0.443347
0.535878
0.619072
0.691105
0.752251
0.802374
0.840691
0.867918
0.886657
0.525559
0.589037
0.65587
0.717236
0.769982
0.815432
0.853464
0.884208
0.908952
0.926778
0.660816
0.706592
0.757989
0.803306
0.84421
0.880168
0.911319
0.937658
0.959633
0.975041
0.771062
0.808171
0.848309
0.884817
0.918772
0.949581
0.976902
1.00036
1.01994
1.03272
0.867657
0.899721
0.934149
0.967104
0.99807
1.02661
1.05207
1.0738
1.0915
1.1019
0.958048
0.989113
1.02308
1.05614
1.08693
1.11504
1.1398
1.16052
1.17666
1.18521
1.05241
1.08707
1.1237
1.15896
1.19073
1.21886
1.24293
1.26261
1.27735
1.28528
1.16498
1.20523
1.24437
1.28108
1.31278
1.33977
1.36228
1.38047
1.39411
1.40316
1.30866
1.3513
1.38889
1.42251
1.45046
1.4742
1.49477
1.51214
1.52597
1.53708
1.48642
1.52398
1.55196
1.57626
1.59725
1.61651
1.63473
1.65186
1.66774
1.68224
1.68405
1.70506
1.71994
1.73571
1.75197
1.76725
1.78096
1.79421
1.80969
1.82805
1.87462
1.88179
1.89232
1.90386
1.91377
1.92295
1.93319
1.94428
1.95589
1.96474
2.08763
2.0894
2.08147
2.06496
2.0538
2.05323
2.06538
2.08997
2.12409
2.14862
2.50728
2.31339
2.21234
2.15445
2.12531
2.11868
2.13387
2.17469
2.25054
2.39349
-0.426365
-0.430864
-0.391261
-0.318674
-0.226923
-0.126171
0.809547
0.874271
0.860116
0.773629
0.695972
0.620395
0.39284
0.172625
-0.0955967
-0.450059
-0.7966
)
;

boundaryField
{
    wall-4
    {
        type            zeroGradient;
    }
    pressure-outlet-7
    {
        type            fixedValue;
        value           uniform 0;
    }
    velocity-inlet-6
    {
        type            zeroGradient;
    }
    velocity-inlet-5
    {
        type            zeroGradient;
    }
    frontAndBackPlanes
    {
        type            empty;
    }
}


// ************************************************************************* //
