/*--------------------------------*- C++ -*----------------------------------*\
  =========                 |
  \\      /  F ield         | OpenFOAM: The Open Source CFD Toolbox
   \\    /   O peration     | Website:  https://openfoam.org
    \\  /    A nd           | Version:  10
     \\/     M anipulation  |
\*---------------------------------------------------------------------------*/
FoamFile
{
    format      ascii;
    class       volScalarField;
    location    "46";
    object      p;
}
// * * * * * * * * * * * * * * * * * * * * * * * * * * * * * * * * * * * * * //

dimensions      [0 2 -2 0 0 0 0];

internalField   nonuniform List<scalar> 
8800
(
0.828941
0.781153
0.742461
0.713462
0.692594
0.677755
0.667148
0.659655
0.654819
0.652739
0.65398
0.658149
0.664777
0.67408
0.68685
0.704577
0.729349
0.763287
0.805833
0.864535
0.660197
0.667875
0.675344
0.67865
0.677143
0.672059
0.665565
0.659476
0.654737
0.651872
0.651567
0.654047
0.658514
0.664443
0.6712
0.677471
0.681106
0.680366
0.674941
0.666247
0.638611
0.644769
0.648894
0.651833
0.653875
0.654471
0.653353
0.651233
0.649197
0.648263
0.649197
0.651552
0.65433
0.656495
0.65709
0.655881
0.653532
0.650133
0.645573
0.641811
0.632822
0.635471
0.638219
0.640615
0.642242
0.643393
0.644121
0.644221
0.643903
0.643824
0.644543
0.645683
0.646498
0.646542
0.645917
0.644814
0.642989
0.640411
0.638003
0.636499
0.62747
0.628894
0.630668
0.632692
0.634467
0.635796
0.636768
0.637544
0.638131
0.63866
0.639273
0.639733
0.639802
0.639489
0.638772
0.637508
0.635799
0.633941
0.632629
0.631797
0.622432
0.623351
0.624587
0.626144
0.627765
0.629275
0.630541
0.631582
0.632513
0.633366
0.634007
0.63429
0.63421
0.633738
0.632832
0.631611
0.630266
0.628993
0.628165
0.627614
0.617573
0.618242
0.619198
0.62049
0.621885
0.623326
0.624742
0.626034
0.627194
0.628249
0.629012
0.629323
0.62919
0.628639
0.627799
0.626824
0.625788
0.624848
0.624256
0.623851
0.612849
0.613365
0.614142
0.61526
0.616522
0.617875
0.619293
0.62073
0.62211
0.623384
0.624317
0.624716
0.624627
0.624187
0.623538
0.622776
0.62197
0.621266
0.620825
0.62051
0.608191
0.608601
0.60925
0.610243
0.611431
0.612733
0.614146
0.615659
0.617223
0.618744
0.619897
0.620462
0.620543
0.620302
0.61986
0.619295
0.618685
0.618166
0.617834
0.617578
0.603517
0.603851
0.604411
0.605323
0.60646
0.607743
0.609185
0.610785
0.61252
0.614306
0.615747
0.616576
0.616908
0.616896
0.616663
0.616305
0.615874
0.615506
0.615258
0.615045
0.598742
0.599019
0.599517
0.600382
0.601497
0.602801
0.604307
0.606032
0.607975
0.610066
0.611873
0.613048
0.613679
0.613928
0.61392
0.613764
0.613509
0.613273
0.613091
0.612908
0.593783
0.594015
0.594473
0.595322
0.596457
0.597822
0.599435
0.60134
0.603554
0.606025
0.608281
0.60987
0.61085
0.611393
0.611634
0.611682
0.6116
0.611481
0.611353
0.611193
0.588555
0.588752
0.58919
0.590052
0.591248
0.59272
0.594495
0.596646
0.599212
0.602168
0.60497
0.607045
0.60843
0.609304
0.609821
0.610079
0.610176
0.610168
0.610086
0.609941
0.582967
0.583134
0.58357
0.584474
0.585772
0.587401
0.589404
0.59188
0.594894
0.598455
0.60192
0.604579
0.606437
0.60769
0.608514
0.609027
0.609299
0.609391
0.609348
0.609215
0.576911
0.577054
0.577501
0.578476
0.579921
0.581766
0.584069
0.586958
0.590537
0.594842
0.599116
0.602479
0.604902
0.606602
0.607777
0.608562
0.609031
0.609231
0.609225
0.609098
0.570261
0.570377
0.57085
0.571927
0.573569
0.575698
0.578389
0.581804
0.586085
0.5913
0.596561
0.600775
0.603875
0.606106
0.607687
0.608778
0.60947
0.60978
0.609809
0.609686
0.56285
0.562942
0.563456
0.56467
0.566567
0.569058
0.57225
0.576338
0.581509
0.587857
0.594311
0.599531
0.603422
0.606267
0.608338
0.60979
0.610727
0.611155
0.611218
0.611095
0.554467
0.55456
0.555124
0.55649
0.558715
0.561675
0.5655
0.570434
0.576706
0.584442
0.592341
0.598776
0.603611
0.607191
0.609845
0.611721
0.612936
0.61349
0.613587
0.613461
0.544822
0.544895
0.545546
0.547128
0.549771
0.553331
0.55796
0.563958
0.571607
0.58105
0.590694
0.598571
0.604529
0.608981
0.612319
0.614694
0.616231
0.616926
0.617056
0.616925
0.533546
0.5336
0.534344
0.536235
0.539419
0.543751
0.54941
0.556762
0.56613
0.577657
0.58941
0.599005
0.606282
0.611763
0.615896
0.618869
0.620772
0.621618
0.621781
0.621639
0.520115
0.520154
0.521043
0.523337
0.527236
0.532588
0.539601
0.548711
0.560265
0.574371
0.588614
0.600197
0.609003
0.615676
0.62074
0.6244
0.626712
0.627716
0.627907
0.627751
0.503775
0.503803
0.504903
0.507765
0.512641
0.519367
0.528176
0.539557
0.553838
0.571056
0.588268
0.602188
0.612765
0.620822
0.626969
0.63142
0.634184
0.635349
0.63556
0.635386
0.48342
0.483446
0.484876
0.488583
0.494865
0.503533
0.514824
0.52924
0.547016
0.56802
0.588648
0.605169
0.617718
0.627328
0.634678
0.640037
0.643281
0.644597
0.644813
0.644616
0.457259
0.457304
0.459313
0.464412
0.472892
0.484437
0.499231
0.517671
0.539796
0.565273
0.589804
0.609232
0.623954
0.635269
0.643948
0.650277
0.653996
0.655426
0.655624
0.655397
0.422268
0.422417
0.425625
0.433301
0.445518
0.461462
0.481258
0.505
0.532475
0.563143
0.591974
0.614505
0.631513
0.644624
0.654744
0.662048
0.666169
0.667641
0.667788
0.667528
0.37269
0.373657
0.380078
0.393078
0.411815
0.434584
0.461293
0.491748
0.525544
0.561996
0.595397
0.621122
0.640448
0.655382
0.666934
0.675104
0.679474
0.680884
0.680952
0.680661
0.299579
0.306798
0.321731
0.344722
0.373188
0.405103
0.440274
0.478481
0.519322
0.562107
0.600491
0.629727
0.651642
0.668637
0.681774
0.690804
0.695412
0.696795
0.69683
0.696574
0.220715
0.237814
0.262058
0.295674
0.334304
0.375542
0.419297
0.465511
0.513872
0.56378
0.608189
0.641932
0.667248
0.686882
0.702062
0.712102
0.716816
0.718064
0.71813
0.718001
0.155091
0.175257
0.207249
0.249806
0.2974
0.347427
0.399498
0.453553
0.509281
0.566109
0.616282
0.654254
0.68271
0.704733
0.721506
0.73212
0.73677
0.738153
0.738313
0.738264
0.101351
0.123193
0.16068
0.209637
0.26428
0.321694
0.381121
0.442373
0.505022
0.568426
0.624046
0.665958
0.697284
0.721389
0.739564
0.751049
0.756457
0.757755
0.757911
0.757906
0.0565147
0.0795442
0.120809
0.17485
0.235174
0.298679
0.364405
0.432041
0.501004
0.570518
0.631224
0.67679
0.710725
0.736794
0.756384
0.768905
0.77476
0.776158
0.77639
0.776422
0.018296
0.0420147
0.0861264
0.144201
0.209299
0.277981
0.349175
0.422474
0.49717
0.572327
0.637767
0.686694
0.723024
0.750854
0.771682
0.784968
0.791263
0.792923
0.793239
0.793292
-0.0153017
0.00888759
0.0552738
0.116653
0.185782
0.258958
0.334997
0.413395
0.493339
0.573736
0.643581
0.695609
0.734091
0.763423
0.785243
0.799123
0.805765
0.807773
0.808157
0.808209
-0.0457317
-0.0211269
0.027125
0.0913358
0.163937
0.241043
0.321413
0.404451
0.489246
0.57455
0.648545
0.70346
0.743887
0.774528
0.797042
0.811302
0.818279
0.82051
0.820931
0.820968
-0.0739092
-0.0489167
0.000951291
0.0675678
0.143232
0.223816
0.308073
0.395351
0.484664
0.574615
0.652588
0.710274
0.752505
0.784215
0.807133
0.821726
0.828878
0.831279
0.831737
0.831756
-0.100598
-0.0751738
-0.0238044
0.0448976
0.123271
0.206956
0.294722
0.38589
0.479425
0.573818
0.655691
0.716132
0.760115
0.792767
0.816112
0.830766
0.838084
0.840594
0.841034
0.841018
-0.126121
-0.100258
-0.0477523
0.0230125
0.103784
0.190248
0.281188
0.375932
0.473422
0.572102
0.657872
0.721119
0.766856
0.800403
0.824106
0.838913
0.846272
0.848788
0.849242
0.849198
-0.15088
-0.124444
-0.0708821
0.00168325
0.0845886
0.173548
0.267369
0.365395
0.466591
0.569428
0.65914
0.725303
0.772861
0.807329
0.83139
0.846304
0.853663
0.856133
0.856554
0.856492
-0.174992
-0.148107
-0.0933681
-0.0192231
0.0655907
0.156786
0.25321
0.354243
0.458905
0.565772
0.659494
0.728734
0.778246
0.813725
0.838192
0.853189
0.860495
0.862887
0.863223
0.863111
-0.198564
-0.171131
-0.115359
-0.0397781
0.0467544
0.139945
0.238707
0.342471
0.450356
0.561112
0.658899
0.731421
0.783101
0.819742
0.844663
0.859693
0.866822
0.869048
0.869286
0.869126
-0.221708
-0.193676
-0.136908
-0.0600041
0.0280638
0.123038
0.223889
0.330117
0.440968
0.555431
0.657301
0.733334
0.787485
0.825507
0.850915
0.86586
0.872689
0.874656
0.874791
0.874599
-0.244424
-0.215715
-0.158003
-0.0798827
0.00956096
0.106104
0.208811
0.317234
0.430777
0.548713
0.654634
0.734403
0.791404
0.831146
0.857126
0.871805
0.878113
0.879733
0.87976
0.87955
-0.266547
-0.237203
-0.178586
-0.0993771
-0.00871027
0.0892173
0.193541
0.303902
0.41985
0.540986
0.650831
0.734525
0.794803
0.836766
0.86356
0.877777
0.883207
0.884302
0.884207
0.883996
-0.28805
-0.258107
-0.198639
-0.118435
-0.0266885
0.072442
0.178173
0.290205
0.408268
0.532277
0.645842
0.733566
0.797555
0.842387
0.87055
0.884278
0.888287
0.888432
0.888138
0.887981
-0.308995
-0.278382
-0.218125
-0.137017
-0.0443088
0.0558619
0.162796
0.276248
0.396124
0.52265
0.639621
0.731381
0.799446
0.847849
0.878341
0.892146
0.89432
0.892573
0.891653
0.891756
-0.329206
-0.298
-0.236984
-0.155057
-0.0615092
0.0395606
0.147506
0.262142
0.383535
0.512203
0.632164
0.727813
0.800185
0.852734
0.886751
0.902266
0.903434
0.898969
0.895855
0.895231
-0.348771
-0.316953
-0.255232
-0.172584
-0.0783229
0.0234921
0.132245
0.247826
0.370427
0.500855
0.623333
0.722586
0.79944
0.856428
0.894935
0.914646
0.917818
0.912315
0.903271
0.888321
-0.367615
-0.335227
-0.272989
-0.189793
-0.0950409
0.00731974
0.116594
0.232813
0.356258
0.487961
0.612469
0.714888
0.796575
0.858027
0.900815
0.926365
0.932544
0.921012
0.901681
0.888463
-0.385562
-0.352964
-0.290059
-0.206457
-0.111336
-0.00860855
0.10078
0.21743
0.341337
0.473789
0.599671
0.704306
0.79089
0.856394
0.89978
0.92495
0.934619
0.91288
0.844466
0.813377
-0.401949
-0.3714
-0.30611
-0.222002
-0.126465
-0.0237885
0.0851099
0.201904
0.32588
0.458465
0.584892
0.690586
0.781131
0.850974
0.887217
0.905695
0.899743
0.847476
0.778194
0.735413
-0.458225
-0.387626
-0.320769
-0.237497
-0.141996
-0.0396626
0.0695201
0.185957
0.309527
0.441548
0.567559
0.673194
0.763652
0.84028
0.846373
0.853453
0.809341
0.741544
0.66556
0.623152
-0.419556
-0.403357
-0.342523
-0.258974
-0.164657
-0.0624808
0.0456984
0.161468
0.283997
0.414423
0.538103
0.641564
0.723633
0.803293
0.793987
0.685427
0.582567
0.510972
0.43836
0.470382
-0.450943
-0.421368
-0.359521
-0.276727
-0.182353
-0.0804205
0.0280179
0.143139
0.264592
0.393163
0.513881
0.61303
0.686633
0.728462
0.681837
0.536969
0.411466
0.321493
0.223294
0.274769
-0.475163
-0.442646
-0.379532
-0.296483
-0.202014
-0.100173
0.00819094
0.122485
0.242547
0.368688
0.485606
0.578734
0.643336
0.651881
0.547766
0.376981
0.225839
0.108201
-0.0224553
0.0111965
-0.498873
-0.464807
-0.400501
-0.316547
-0.221893
-0.120163
-0.012297
0.101051
0.219533
0.342888
0.45515
0.541346
0.590501
0.56808
0.412049
0.217237
0.0277747
-0.139691
-0.328428
-0.345553
-0.521936
-0.487448
-0.422245
-0.337511
-0.242627
-0.141073
-0.0338274
0.0784611
0.195119
0.315333
0.422311
0.501162
0.531815
0.473853
0.28301
0.0736702
-0.143173
-0.332465
-0.575076
-0.876611
-0.545282
-0.510802
-0.445054
-0.3598
-0.264673
-0.163245
-0.056543
0.0546617
0.169402
0.286251
0.387727
0.458148
0.469372
0.360651
0.170931
-0.0379409
-0.241822
-0.414043
-0.482515
-0.563287
-0.569831
-0.535323
-0.469276
-0.38376
-0.288533
-0.187317
-0.0812469
0.0287083
0.141223
0.25421
0.349818
0.409631
0.396482
0.254138
0.071593
-0.118324
-0.280421
-0.372838
-0.396805
-0.412873
-0.595902
-0.561314
-0.495077
-0.409472
-0.314329
-0.213493
-0.10829
0.00011721
0.109995
0.218494
0.307725
0.354082
0.323442
0.155351
-0.0183575
-0.183123
-0.309001
-0.347889
-0.361012
-0.362284
-0.623689
-0.588932
-0.522509
-0.436914
-0.341999
-0.241766
-0.137683
-0.0311558
0.0756505
0.179093
0.261085
0.293336
0.244555
0.0639207
-0.100803
-0.248225
-0.32425
-0.341309
-0.342744
-0.342557
-0.653234
-0.618195
-0.551578
-0.466065
-0.37154
-0.272113
-0.169418
-0.0651192
0.0381955
0.136066
0.209971
0.231363
0.146705
-0.0198149
-0.176654
-0.298082
-0.334255
-0.333012
-0.332191
-0.331632
-0.684235
-0.648978
-0.582161
-0.496822
-0.402849
-0.304461
-0.203447
-0.101738
-0.00234301
0.0894917
0.155063
0.159974
0.0568209
-0.098124
-0.236832
-0.312518
-0.322706
-0.325083
-0.325703
-0.325345
-0.716104
-0.680719
-0.61399
-0.528941
-0.435716
-0.338628
-0.239599
-0.140867
-0.0457977
0.0397054
0.096796
0.0870885
-0.0238552
-0.164814
-0.281253
-0.312295
-0.321046
-0.322635
-0.322281
-0.321803
-0.748377
-0.712882
-0.646564
-0.562
-0.469765
-0.374265
-0.277566
-0.182204
-0.0918971
-0.0127094
0.0340155
0.0172408
-0.0974878
-0.219498
-0.313036
-0.329319
-0.321558
-0.320565
-0.320503
-0.320157
-0.780157
-0.744804
-0.679008
-0.595335
-0.504417
-0.410856
-0.316856
-0.225247
-0.14015
-0.0672856
-0.0302329
-0.0488915
-0.161308
-0.260772
-0.321098
-0.328689
-0.323915
-0.31997
-0.318716
-0.31841
-0.809821
-0.775235
-0.710339
-0.628002
-0.538855
-0.447641
-0.356748
-0.26926
-0.189723
-0.123617
-0.089808
-0.126363
-0.214048
-0.289269
-0.31566
-0.329834
-0.32683
-0.320757
-0.318992
-0.318277
-0.835813
-0.802241
-0.739403
-0.658816
-0.571985
-0.483593
-0.396285
-0.31327
-0.239466
-0.18082
-0.147986
-0.20862
-0.272596
-0.267158
-0.314494
-0.325715
-0.340836
-0.348409
-0.349861
-0.349057
-0.856009
-0.82416
-0.763989
-0.686312
-0.602421
-0.517478
-0.434225
-0.356044
-0.288116
-0.237529
-0.209471
-0.295682
-0.360134
-0.288299
-0.274214
-0.370528
-0.425214
-0.448658
-0.449008
-0.445866
-0.868148
-0.838954
-0.782395
-0.708479
-0.628577
-0.547799
-0.469113
-0.396068
-0.334141
-0.291759
-0.271392
-0.393943
-0.570036
-0.64039
-0.595608
-0.580686
-0.583607
-0.57857
-0.56696
-0.563834
-0.869583
-0.844375
-0.792536
-0.72352
-0.648631
-0.572904
-0.49929
-0.431496
-0.375521
-0.340836
-0.327524
-0.488173
-0.788459
-1.16787
-1.08532
-0.809241
-0.652106
-0.593459
-0.576601
-0.572493
-0.858495
-0.838002
-0.792308
-0.729791
-0.661016
-0.591135
-0.522976
-0.460292
-0.40955
-0.379752
-0.36849
-0.488419
-0.702197
-1.10038
-1.08611
-0.713122
-0.512343
-0.452738
-0.440179
-0.43497
-0.832517
-0.816771
-0.779922
-0.726003
-0.664627
-0.601293
-0.538658
-0.480508
-0.432495
-0.403936
-0.387197
-0.303131
-0.105896
-0.0174086
-0.133501
-0.181777
-0.230753
-0.242823
-0.245176
-0.244429
-0.793758
-0.783366
-0.755866
-0.712293
-0.659429
-0.603033
-0.545671
-0.490587
-0.443169
-0.411611
-0.380154
-0.156335
0.276674
0.954865
0.885783
0.398008
0.0293494
-0.101121
-0.145011
-0.145495
-0.748321
-0.742354
-0.724752
-0.691308
-0.647357
-0.597341
-0.544398
-0.490963
-0.441739
-0.403966
-0.375856
-0.302899
-0.289093
-0.426858
-0.850567
-1.20907
-1.16829
-0.884906
-0.672011
-0.647815
-0.7054
-0.701853
-0.692625
-0.66845
-0.63163
-0.586645
-0.536607
-0.482994
-0.428846
-0.384488
-0.360267
-0.531413
-1.17463
-2.17541
-2.87973
-3.1177
-2.93531
-2.55621
-2.21927
-1.9926
-0.672445
-0.67019
-0.665427
-0.648858
-0.617243
-0.57471
-0.524739
-0.468147
-0.406629
-0.340557
-0.296854
-0.37993
-0.752711
-1.06864
-1.10352
-0.895105
-0.555405
-0.259732
-0.0525098
0.0459425
-0.646233
-0.645316
-0.643805
-0.634587
-0.607592
-0.565454
-0.51265
-0.450186
-0.377445
-0.290089
-0.193086
-0.0804792
0.0487877
0.320332
0.674449
1.09394
1.46941
1.72268
1.85
1.89039
-0.630272
-0.629711
-0.62913
-0.624865
-0.602982
-0.559897
-0.502277
-0.432378
-0.348997
-0.245115
-0.114836
0.030531
0.286041
0.729928
1.30347
1.82901
2.22344
2.45117
2.55052
2.5763
-0.620625
-0.620233
-0.619599
-0.618294
-0.601737
-0.558471
-0.495655
-0.418796
-0.325061
-0.213664
-0.0853574
0.0468966
0.265305
0.735466
1.27613
1.76724
2.1106
2.29765
2.37523
2.39386
-0.615775
-0.614782
-0.6127
-0.612131
-0.603141
-0.562714
-0.494909
-0.410727
-0.312561
-0.200675
-0.0822825
0.0403745
0.192479
0.578489
1.01221
1.3796
1.64245
1.78558
1.84434
1.85864
-0.624854
-0.621931
-0.617146
-0.616975
-0.615056
-0.575713
-0.498966
-0.405963
-0.305169
-0.195541
-0.0900195
0.0148833
0.122673
0.391607
0.708942
0.966692
1.15127
1.25122
1.29281
1.30282
-0.658839
-0.657051
-0.659133
-0.663802
-0.659147
-0.599591
-0.503098
-0.398682
-0.295775
-0.191714
-0.101514
-0.0202941
0.0597343
0.247379
0.46065
0.631917
0.754402
0.820906
0.848955
0.855055
-0.699224
-0.706988
-0.722914
-0.729193
-0.703189
-0.611667
-0.493773
-0.381571
-0.281117
-0.187975
-0.115123
-0.0576887
-0.00754281
0.12513
0.273911
0.389209
0.468129
0.509615
0.526584
0.530288
-0.662054
-0.673133
-0.691501
-0.695062
-0.659247
-0.562649
-0.449386
-0.346116
-0.25752
-0.180075
-0.123577
-0.0871406
-0.0570922
0.0386024
0.140311
0.217796
0.270932
0.298889
0.310374
0.312057
-0.490285
-0.500501
-0.513904
-0.516976
-0.490627
-0.428671
-0.357192
-0.286193
-0.220858
-0.161801
-0.119837
-0.098466
-0.0802507
-0.0057512
0.0672735
0.117898
0.148546
0.164026
0.169916
0.170493
-0.261541
-0.266466
-0.274941
-0.283246
-0.281457
-0.266933
-0.242342
-0.210265
-0.173804
-0.13513
-0.10599
-0.0904724
-0.0747517
-0.0249061
0.022643
0.0561311
0.0756402
0.0860314
0.0902395
0.0903711
-0.0784606
-0.0809859
-0.0882282
-0.101935
-0.120312
-0.1355
-0.14221
-0.138947
-0.126028
-0.104918
-0.0829677
-0.066478
-0.050482
-0.0163704
0.013312
0.0327736
0.0441577
0.049973
0.052182
0.0519518
0.0241928
0.0226518
0.0161381
0.000463443
-0.0242139
-0.0504902
-0.0714469
-0.083406
-0.0844734
-0.074336
-0.0562445
-0.0355156
-0.0144558
0.00977965
0.0235293
0.0322039
0.0379015
0.0411084
0.042546
0.0418842
0.0639126
0.0627423
0.0573584
0.0437094
0.0213333
-0.00436608
-0.0277968
-0.0449581
-0.052955
-0.0492857
-0.0333613
-0.00907395
0.0159276
0.0287662
0.032105
0.0350055
0.038987
0.0426571
0.0436628
0.0424993
0.0693823
0.0685268
0.0645765
0.0543876
0.0372238
0.0163634
-0.00440011
-0.0216026
-0.0320845
-0.0323162
-0.0190871
0.00438408
0.0282756
0.0326919
0.0312618
0.0339206
0.0378914
0.0408899
0.0412753
0.0397909
0.0600515
0.0594815
0.0567901
0.0497199
0.0374631
0.0217864
0.00505768
-0.0099858
-0.0206961
-0.0237912
-0.0151579
0.00262048
0.019358
0.0177241
0.0144416
0.0176812
0.0235273
0.0276656
0.0283363
0.0267212
0.0456799
0.0453226
0.0435614
0.0388292
0.0303574
0.0190048
0.00609375
-0.00661964
-0.0172334
-0.0232645
-0.0211939
-0.0129617
-0.00645615
-0.0114673
-0.0130505
-0.00817169
-0.00224645
0.00127264
0.00156407
0.00012913
0.0306234
0.0303921
0.0292547
0.0261511
0.0203982
0.0122702
0.00241493
-0.00826232
-0.018872
-0.0282648
-0.0343418
-0.0381727
-0.0435734
-0.0516899
-0.05075
-0.0435813
-0.0375281
-0.0353293
-0.0352354
-0.0362512
0.016949
0.0167572
0.0160066
0.0140245
0.0101923
0.00441627
-0.00318459
-0.012364
-0.0230861
-0.0357902
-0.0500906
-0.0660811
-0.0837408
-0.0924673
-0.0867479
-0.0784432
-0.0733084
-0.0720916
-0.0722469
-0.0728035
0.00575082
0.00558031
0.00504577
0.00378688
0.00126648
-0.00284598
-0.00876956
-0.0167609
-0.0275329
-0.0428046
-0.0640013
-0.091162
-0.114623
-0.120066
-0.111893
-0.103791
-0.100388
-0.0999339
-0.100119
-0.100417
-0.00241902
-0.00258632
-0.00299692
-0.00381133
-0.00546095
-0.00838441
-0.0130223
-0.0199275
-0.0303455
-0.0466556
-0.071548
-0.103472
-0.131173
-0.131742
-0.121967
-0.115224
-0.113537
-0.114149
-0.114296
-0.114418
-0.00737972
-0.00755656
-0.00788794
-0.00843763
-0.00954425
-0.0116518
-0.0152966
-0.0211964
-0.0305003
-0.045977
-0.0705217
-0.101861
-0.124739
-0.121386
-0.113729
-0.110589
-0.111365
-0.112714
-0.11286
-0.112905
-0.00946027
-0.00961443
-0.00987999
-0.0102893
-0.0110451
-0.0125652
-0.0153635
-0.0200629
-0.0277454
-0.0406253
-0.0604037
-0.0847887
-0.0992299
-0.0950888
-0.0907756
-0.0923549
-0.0950732
-0.0967827
-0.0970316
-0.0971314
-0.00915235
-0.00927782
-0.00949905
-0.00980896
-0.0103379
-0.0114245
-0.0134584
-0.016909
-0.0225277
-0.0315762
-0.0441164
-0.0577614
-0.0633847
-0.0602285
-0.0617421
-0.0663839
-0.0699043
-0.0713893
-0.0717469
-0.0719904
-0.00716982
-0.00727279
-0.00744138
-0.0076688
-0.00803369
-0.00877177
-0.0100862
-0.0123082
-0.0157781
-0.0208124
-0.0257652
-0.0281203
-0.0271433
-0.0256954
-0.0315534
-0.0382626
-0.0417316
-0.0427247
-0.0432398
-0.0436187
-0.00417453
-0.00424442
-0.00434838
-0.00448253
-0.00469944
-0.00508814
-0.00579321
-0.00691493
-0.00856557
-0.010413
-0.0100575
-0.00337497
0.00636942
0.00262707
-0.00679517
-0.0142346
-0.0166857
-0.0166348
-0.0172625
-0.0179049
-0.000598035
-0.000623781
-0.000629834
-0.000698769
-0.000846108
-0.000865629
-0.000851057
-0.00100522
-0.00112621
-0.00129156
-0.00104061
0.00249266
0.00947352
0.00877057
0.00201492
-0.00170854
-0.00267819
-0.00331752
-0.00420346
-0.00411153
-0.096842
0.0715325
0.268438
0.440178
0.577827
0.686753
0.777088
0.853808
0.88851
0.865203
0.20967
0.331515
0.462648
0.576162
0.672037
0.751538
0.815904
0.861539
0.88439
0.89641
0.430983
0.514619
0.604244
0.68355
0.751813
0.808941
0.854352
0.887505
0.911425
0.929364
0.593319
0.653034
0.715527
0.773138
0.823307
0.865904
0.900872
0.928745
0.951656
0.969931
0.719832
0.763364
0.809703
0.853869
0.892888
0.926954
0.956097
0.980336
1.0008
1.01862
0.824803
0.857927
0.896288
0.932067
0.964896
0.99431
1.02
1.04159
1.05949
1.07683
0.917759
0.946594
0.980732
1.01301
1.04309
1.07036
1.09419
1.11398
1.12952
1.14659
1.00659
1.03589
1.07
1.10213
1.13181
1.15846
1.18138
1.19991
1.21331
1.23034
1.10206
1.13532
1.17203
1.20566
1.23576
1.26198
1.28397
1.30127
1.31316
1.33056
1.21714
1.25501
1.29369
1.32797
1.35734
1.38212
1.40251
1.41842
1.4299
1.44797
1.36214
1.40071
1.43687
1.46758
1.49327
1.51539
1.53445
1.54999
1.56243
1.58043
1.53726
1.56889
1.59508
1.61754
1.63753
1.65626
1.67398
1.69047
1.70582
1.72389
1.72589
1.7431
1.75814
1.77438
1.79029
1.80483
1.81804
1.83197
1.84952
1.86967
1.90761
1.91716
1.92871
1.93952
1.94881
1.95839
1.96918
1.98055
1.99191
2.00727
2.11487
2.11853
2.10359
2.08878
2.0825
2.08818
2.10666
2.13697
2.16915
2.19581
2.42118
2.28632
2.20969
2.16731
2.14989
2.15385
2.18125
2.23767
2.34029
2.56465
0.71954
0.71741
0.712926
0.704298
0.692069
0.679933
0.669695
0.661785
0.656148
0.652867
0.652479
0.655184
0.660261
0.667463
0.676835
0.688364
0.701008
0.712037
0.718146
0.721198
0.644002
0.649848
0.65618
0.660668
0.663132
0.6628
0.660053
0.656228
0.652697
0.650408
0.650226
0.652388
0.656021
0.660287
0.664077
0.665948
0.665002
0.661514
0.656347
0.649725
0.635592
0.637888
0.641289
0.64428
0.646348
0.647835
0.648577
0.648243
0.647195
0.646281
0.646417
0.647803
0.649585
0.650865
0.651025
0.650119
0.648558
0.646214
0.642944
0.640021
0.630102
0.631188
0.633018
0.63539
0.637405
0.638822
0.639827
0.640559
0.640934
0.641121
0.641566
0.642327
0.642885
0.64292
0.642482
0.641614
0.64013
0.638034
0.63594
0.634555
0.624927
0.625589
0.626694
0.628392
0.630163
0.631781
0.633059
0.634051
0.634902
0.63565
0.636326
0.636822
0.636967
0.636762
0.636164
0.635084
0.633637
0.632079
0.630751
0.629968
0.619985
0.620446
0.621229
0.622519
0.623994
0.625495
0.62694
0.62821
0.629309
0.630314
0.631164
0.631663
0.63175
0.631427
0.63069
0.629668
0.628517
0.627365
0.626438
0.625918
0.615201
0.615546
0.616153
0.617212
0.618493
0.619849
0.621264
0.622677
0.624006
0.625226
0.626257
0.626864
0.626966
0.626628
0.625978
0.62516
0.624275
0.623385
0.622698
0.622317
0.61052
0.610788
0.611278
0.612177
0.613331
0.614607
0.615973
0.617424
0.618912
0.62036
0.621612
0.622376
0.622583
0.622382
0.621925
0.621311
0.62062
0.619948
0.619439
0.619149
0.605865
0.606078
0.606484
0.607273
0.608345
0.609569
0.610922
0.612411
0.61402
0.615688
0.617203
0.618201
0.618622
0.61864
0.618393
0.617983
0.617483
0.616994
0.616621
0.616393
0.60115
0.601322
0.60167
0.602384
0.603409
0.604608
0.605981
0.607545
0.609295
0.611196
0.613024
0.614346
0.615059
0.615337
0.615318
0.615116
0.614811
0.614483
0.614222
0.614041
0.596293
0.596432
0.596738
0.597407
0.598414
0.599634
0.601067
0.602746
0.604687
0.606873
0.609084
0.610811
0.611875
0.612453
0.61269
0.612706
0.612588
0.612413
0.612245
0.612099
0.591212
0.591324
0.591602
0.592251
0.593273
0.594559
0.596097
0.597943
0.600144
0.602693
0.605379
0.607593
0.60907
0.609989
0.610512
0.610761
0.610833
0.610807
0.61072
0.610602
0.585817
0.585905
0.586167
0.58682
0.587895
0.589287
0.590984
0.593067
0.595608
0.598627
0.601903
0.604697
0.606655
0.607966
0.608807
0.609323
0.6096
0.609713
0.609697
0.609601
0.580008
0.580075
0.580328
0.581009
0.582175
0.583723
0.585639
0.588035
0.591003
0.594607
0.598604
0.602105
0.604641
0.606416
0.607622
0.608431
0.608934
0.609193
0.609244
0.609167
0.57367
0.573716
0.57397
0.574701
0.575997
0.577753
0.579962
0.582758
0.58627
0.5906
0.595479
0.599834
0.603064
0.605389
0.607018
0.608157
0.608918
0.609335
0.609451
0.60939
0.566662
0.566691
0.566948
0.56775
0.569218
0.571245
0.573828
0.577136
0.581337
0.586565
0.592523
0.597914
0.60197
0.604941
0.607075
0.608596
0.609653
0.610239
0.610423
0.610375
0.558799
0.558813
0.559071
0.55997
0.561667
0.564033
0.567102
0.571067
0.576139
0.58249
0.589768
0.596395
0.601428
0.60516
0.607882
0.609874
0.611261
0.612033
0.612285
0.61225
0.5498
0.549783
0.5501
0.551131
0.553105
0.555912
0.559598
0.564384
0.570539
0.578276
0.587164
0.59528
0.601485
0.606125
0.609555
0.612099
0.613873
0.614855
0.615179
0.615154
0.53938
0.539337
0.539697
0.540916
0.543248
0.546624
0.551096
0.556931
0.564449
0.573894
0.584736
0.594644
0.602236
0.60795
0.612214
0.6154
0.61763
0.618848
0.619251
0.619233
0.527076
0.527005
0.527441
0.5289
0.531704
0.535826
0.541319
0.548507
0.557768
0.569356
0.58257
0.594589
0.60379
0.610756
0.61601
0.619946
0.622695
0.624173
0.624654
0.62464
0.512256
0.512155
0.51271
0.514513
0.517951
0.523072
0.529922
0.538882
0.550363
0.564597
0.580659
0.595164
0.606255
0.614665
0.621066
0.625874
0.629214
0.630973
0.631529
0.631513
0.494012
0.493883
0.49463
0.496928
0.501249
0.507749
0.51645
0.527772
0.542118
0.559632
0.579093
0.596474
0.609714
0.61978
0.627488
0.633298
0.637307
0.639361
0.639982
0.639957
0.470923
0.470776
0.471852
0.474926
0.480588
0.489125
0.500475
0.515038
0.533115
0.554678
0.578112
0.598726
0.614334
0.626239
0.635383
0.642316
0.647035
0.649375
0.650038
0.649991
0.440654
0.440529
0.44221
0.446641
0.454563
0.466281
0.481515
0.500515
0.52335
0.549771
0.577763
0.601979
0.620169
0.634042
0.644762
0.652913
0.658334
0.66091
0.661574
0.661492
0.39908
0.399118
0.402148
0.409437
0.421547
0.438483
0.459488
0.484493
0.513294
0.545421
0.578464
0.606484
0.62735
0.643254
0.655592
0.664979
0.670986
0.67367
0.674278
0.674152
0.338489
0.339674
0.34713
0.360783
0.380587
0.405828
0.434961
0.467611
0.503463
0.541956
0.580372
0.612308
0.635864
0.653768
0.66769
0.678144
0.684579
0.687162
0.687603
0.687435
0.266193
0.267954
0.282258
0.305824
0.336444
0.371514
0.409555
0.450415
0.4939
0.5395
0.584249
0.621136
0.648323
0.668977
0.684921
0.696705
0.703598
0.706194
0.706666
0.70661
0.191458
0.197623
0.21877
0.252486
0.293415
0.338054
0.384987
0.434117
0.485329
0.538172
0.589473
0.631533
0.662474
0.686079
0.704349
0.717469
0.724606
0.726901
0.72719
0.727214
0.130403
0.138841
0.164606
0.205327
0.254246
0.307024
0.361967
0.41883
0.477414
0.53723
0.594796
0.641728
0.676154
0.702353
0.722475
0.736682
0.743934
0.74632
0.746976
0.747081
0.080704
0.0897338
0.119045
0.164985
0.219992
0.279326
0.341028
0.404712
0.470015
0.536332
0.599793
0.651277
0.688914
0.717476
0.739345
0.754669
0.762678
0.765648
0.766439
0.766569
0.0389642
0.0482805
0.0800489
0.129979
0.189967
0.254741
0.322162
0.391796
0.463123
0.535402
0.604343
0.660056
0.700634
0.731353
0.754883
0.771305
0.78018
0.783559
0.78448
0.784601
0.00282547
0.0122675
0.0458944
0.0990229
0.16312
0.232526
0.304931
0.379829
0.456594
0.534351
0.608389
0.668017
0.71129
0.743943
0.76886
0.7862
0.795722
0.799467
0.80051
0.800645
-0.0293475
-0.0198509
0.0152078
0.0710474
0.138593
0.21198
0.288788
0.368413
0.450147
0.532979
0.61178
0.675059
0.720791
0.755154
0.781176
0.79922
0.809293
0.813364
0.814428
0.814559
-0.0587857
-0.0492302
-0.0130026
0.0451735
0.115698
0.192569
0.273278
0.35718
0.443485
0.531066
0.614379
0.681123
0.729146
0.765006
0.791888
0.810362
0.820778
0.825084
0.826223
0.826345
-0.0863097
-0.0766954
-0.0394056
0.0207506
0.0939274
0.173879
0.258074
0.345858
0.436388
0.528446
0.616093
0.686214
0.736462
0.773689
0.801251
0.819984
0.830563
0.835046
0.836258
0.836369
-0.112464
-0.102756
-0.064481
-0.00263958
0.0729216
0.155608
0.242939
0.334259
0.428703
0.524999
0.616877
0.690383
0.742863
0.781394
0.809549
0.82854
0.839217
0.843769
0.844967
0.84505
-0.137705
-0.127804
-0.088686
-0.0252273
0.0524275
0.137557
0.22772
0.322262
0.420337
0.520661
0.616714
0.693682
0.748453
0.788294
0.81703
0.836243
0.847013
0.851545
0.852705
0.852732
-0.162253
-0.152115
-0.112221
-0.0472018
0.0322958
0.119609
0.212322
0.309804
0.411235
0.515397
0.615592
0.696134
0.753327
0.79455
0.823912
0.843342
0.854146
0.858623
0.859721
0.859742
-0.186198
-0.175834
-0.13509
-0.0687157
0.0124444
0.101717
0.196715
0.296858
0.401383
0.509178
0.613483
0.69775
0.757547
0.800301
0.83038
0.850041
0.860822
0.865161
0.866151
0.866126
-0.209668
-0.198984
-0.157486
-0.0898248
-0.00715835
0.0838625
0.180902
0.283442
0.390795
0.502009
0.610351
0.698489
0.761146
0.805662
0.83657
0.85642
0.867062
0.871179
0.872008
0.871926
-0.232628
-0.221649
-0.179388
-0.11054
-0.0265074
0.0660692
0.164928
0.269603
0.379512
0.493897
0.606156
0.698283
0.764111
0.810719
0.842625
0.862597
0.872908
0.876656
0.877299
0.877172
-0.255113
-0.243814
-0.200744
-0.130826
-0.0455662
0.0483827
0.148846
0.255411
0.367598
0.484874
0.600864
0.69705
0.766373
0.815516
0.84873
0.86878
0.878487
0.881648
0.882057
0.88189
-0.276937
-0.265392
-0.221542
-0.150638
-0.0642791
0.0308838
0.132728
0.240944
0.355133
0.475003
0.594455
0.694694
0.767815
0.820032
0.855085
0.875338
0.884078
0.886245
0.886289
0.886092
-0.298235
-0.286336
-0.241755
-0.169949
-0.0826101
0.0136155
0.116671
0.226289
0.34221
0.464366
0.586939
0.691112
0.768272
0.824121
0.861792
0.882805
0.890351
0.890814
0.890055
0.8898
-0.318836
-0.306616
-0.261344
-0.188703
-0.100475
-0.00333476
0.100759
0.211567
0.32894
0.453029
0.578359
0.68621
0.767538
0.827494
0.868683
0.891684
0.898639
0.896725
0.893939
0.892799
-0.338795
-0.326271
-0.280254
-0.206843
-0.117832
-0.0198956
0.085076
0.196861
0.315436
0.441132
0.568791
0.679905
0.765396
0.829728
0.875128
0.901793
0.910384
0.907355
0.90056
0.891592
-0.358027
-0.345256
-0.298579
-0.224527
-0.134892
-0.0363497
0.0692814
0.181762
0.301237
0.428154
0.557683
0.671601
0.761287
0.830319
0.880212
0.912028
0.925593
0.923986
0.913857
0.907257
-0.376477
-0.363487
-0.316312
-0.241713
-0.15165
-0.0526985
0.0533932
0.166251
0.286301
0.413984
0.54485
0.660941
0.754486
0.828479
0.881746
0.917417
0.933627
0.936915
0.899426
0.846986
-0.393863
-0.380172
-0.333332
-0.258324
-0.168209
-0.0690891
0.0373635
0.150447
0.270689
0.398682
0.53023
0.647732
0.743962
0.823708
0.877562
0.907837
0.924443
0.909179
0.852691
0.789796
-0.410503
-0.395922
-0.349524
-0.273653
-0.18418
-0.0850454
0.020963
0.134407
0.254545
0.382418
0.513842
0.631773
0.728577
0.816884
0.865335
0.913638
0.877302
0.832078
0.761981
0.694855
-0.396575
-0.378182
-0.328026
-0.247631
-0.152857
-0.0504502
0.0607219
0.176946
0.30021
0.431787
0.557306
0.662655
0.751473
0.845407
0.886966
0.806328
0.757492
0.692755
0.619921
0.572046
-0.421044
-0.404597
-0.368319
-0.297994
-0.208898
-0.110433
-0.00418256
0.108712
0.228192
0.354961
0.484655
0.600928
0.695197
0.776
0.849162
0.844018
0.721087
0.636632
0.573307
0.490922
-0.441346
-0.42554
-0.383528
-0.311802
-0.222302
-0.124206
-0.0191047
0.0928884
0.211435
0.336838
0.464843
0.578909
0.670012
0.73926
0.765107
0.689519
0.550639
0.455077
0.379881
0.292335
-0.462062
-0.449392
-0.402855
-0.329785
-0.240164
-0.141784
-0.0366958
0.0750082
0.19269
0.316616
0.441782
0.551248
0.633776
0.688693
0.665423
0.535391
0.384652
0.267966
0.170389
0.0345531
-0.485992
-0.472864
-0.424227
-0.349959
-0.260022
-0.161563
-0.056561
0.0545934
0.17121
0.293273
0.415016
0.519065
0.593317
0.626942
0.568525
0.387106
0.207079
0.0553055
-0.0844023
-0.280266
-0.508907
-0.49614
-0.446277
-0.370775
-0.280295
-0.181853
-0.077211
0.0331271
0.148424
0.268239
0.386129
0.484091
0.55025
0.550833
0.442827
0.246606
0.0351112
-0.163885
-0.338081
-0.73068
-0.531883
-0.519477
-0.469101
-0.392674
-0.301752
-0.203262
-0.0989933
0.0105089
0.124363
0.241677
0.355355
0.446429
0.501192
0.469822
0.320287
0.121658
-0.0941594
-0.304536
-0.482787
-0.759431
-0.555784
-0.543523
-0.49294
-0.415927
-0.324696
-0.226153
-0.122218
-0.0135306
0.0988145
0.21344
0.322636
0.406423
0.446998
0.39883
0.210686
0.0192246
-0.176694
-0.342226
-0.413331
-0.451568
-0.581101
-0.568971
-0.518173
-0.440844
-0.349514
-0.251092
-0.147646
-0.0400061
0.0704989
0.181942
0.285994
0.3618
0.386815
0.304785
0.113245
-0.0660715
-0.228736
-0.333889
-0.371367
-0.38067
-0.608003
-0.595917
-0.544956
-0.467435
-0.376142
-0.278022
-0.175289
-0.0689642
0.0393228
0.147071
0.245265
0.312943
0.312245
0.200722
0.0243828
-0.141317
-0.278867
-0.333766
-0.345934
-0.350904
-0.636694
-0.624597
-0.573356
-0.4957
-0.40456
-0.306935
-0.205143
-0.100441
0.0052501
0.108848
0.200503
0.259301
0.234179
0.1034
-0.0585426
-0.214381
-0.311926
-0.340834
-0.337044
-0.337173
-0.666905
-0.654994
-0.603328
-0.525587
-0.434718
-0.337773
-0.23718
-0.134411
-0.0317046
0.0672744
0.151953
0.199641
0.165699
0.0135536
-0.134167
-0.270786
-0.310674
-0.323121
-0.328053
-0.328222
-0.698419
-0.686456
-0.634636
-0.556912
-0.466467
-0.37041
-0.271289
-0.170784
-0.0714788
0.0224907
0.0997595
0.136812
0.0975157
-0.0635255
-0.200647
-0.29526
-0.340707
-0.327522
-0.323964
-0.323628
-0.730697
-0.718729
-0.667032
-0.58934
-0.49949
-0.404572
-0.307213
-0.209331
-0.113849
-0.0252156
0.0443207
0.0727508
0.0139849
-0.130238
-0.254226
-0.303916
-0.319106
-0.32132
-0.321809
-0.321413
-0.762956
-0.751107
-0.699363
-0.622305
-0.533287
-0.439808
-0.344557
-0.249667
-0.158419
-0.0755111
-0.0130864
-0.000153465
-0.0660914
-0.186537
-0.288056
-0.312683
-0.317983
-0.320702
-0.320057
-0.319803
-0.794013
-0.782589
-0.731093
-0.654871
-0.567129
-0.475458
-0.382697
-0.291184
-0.204536
-0.127869
-0.0709272
-0.0733454
-0.138296
-0.231844
-0.312544
-0.365259
-0.337767
-0.322898
-0.318258
-0.317661
-0.822339
-0.8114
-0.760936
-0.685896
-0.600015
-0.510604
-0.420786
-0.333051
-0.251321
-0.181211
-0.129533
-0.140275
-0.214367
-0.256619
-0.311588
-0.317927
-0.326945
-0.329251
-0.328623
-0.328027
-0.846244
-0.836001
-0.786995
-0.714063
-0.630669
-0.544046
-0.457706
-0.374182
-0.297634
-0.234166
-0.189785
-0.206744
-0.295659
-0.293717
-0.206064
-0.29383
-0.353186
-0.380487
-0.388759
-0.388309
-0.863403
-0.854064
-0.807315
-0.737439
-0.657436
-0.574428
-0.492073
-0.413216
-0.342073
-0.285356
-0.250351
-0.276075
-0.406511
-0.430791
-0.359833
-0.419937
-0.483436
-0.519268
-0.522208
-0.514976
-0.871709
-0.863217
-0.819803
-0.754028
-0.678479
-0.600043
-0.522394
-0.448513
-0.382926
-0.332879
-0.308206
-0.34753
-0.561633
-0.834973
-0.919199
-0.764181
-0.668839
-0.617348
-0.593144
-0.583802
-0.86722
-0.860097
-0.822712
-0.761947
-0.692038
-0.619209
-0.546928
-0.478286
-0.418081
-0.373986
-0.360273
-0.400362
-0.63142
-1.05168
-1.34793
-1.00292
-0.705359
-0.56622
-0.535377
-0.526048
-0.848132
-0.843286
-0.813426
-0.759862
-0.69672
-0.630491
-0.564105
-0.500697
-0.444823
-0.404946
-0.396506
-0.39933
-0.412929
-0.506661
-0.683163
-0.561469
-0.422841
-0.361036
-0.346137
-0.341268
-0.814922
-0.811368
-0.790449
-0.746705
-0.692044
-0.63317
-0.572972
-0.514123
-0.461459
-0.422385
-0.403143
-0.322542
-0.0341371
0.412798
0.637553
0.345583
0.0222666
-0.126985
-0.162841
-0.17152
-0.771724
-0.769448
-0.756897
-0.72447
-0.679011
-0.627828
-0.573508
-0.518449
-0.466572
-0.42414
-0.396693
-0.31463
-0.0343633
0.349387
0.571683
0.183194
-0.0797363
-0.200779
-0.216461
-0.226901
-0.726234
-0.724913
-0.718249
-0.697492
-0.661273
-0.616364
-0.567145
-0.514545
-0.46166
-0.414262
-0.380794
-0.388373
-0.580722
-1.15783
-1.72589
-2.26453
-2.35582
-2.0687
-1.76809
-1.53719
-0.687515
-0.68678
-0.683538
-0.670434
-0.642465
-0.603087
-0.556461
-0.50408
-0.447584
-0.389767
-0.350994
-0.351306
-0.833409
-1.64053
-2.45284
-2.69659
-2.50241
-2.09092
-1.72092
-1.46084
-0.658518
-0.657629
-0.655894
-0.649964
-0.628376
-0.592036
-0.545078
-0.489739
-0.42659
-0.356072
-0.275978
-0.204251
-0.247563
-0.249033
-0.0892653
0.15334
0.519526
0.845387
1.05235
1.15145
-0.637349
-0.63692
-0.636095
-0.633896
-0.619736
-0.585215
-0.535823
-0.475448
-0.403752
-0.31841
-0.210761
-0.0859994
0.0932217
0.385867
0.833542
1.35302
1.80401
2.12185
2.29361
2.35866
-0.624987
-0.624717
-0.624163
-0.62317
-0.615135
-0.582786
-0.530208
-0.463554
-0.382204
-0.284662
-0.164166
-0.0269888
0.144513
0.503569
1.0579
1.61803
2.07591
2.36407
2.50533
2.55205
-0.617458
-0.617275
-0.616494
-0.615815
-0.611901
-0.584525
-0.529551
-0.455986
-0.367865
-0.263664
-0.146463
-0.0153622
0.111969
0.42598
0.91808
1.38491
1.76095
1.99103
2.10258
2.1389
-0.617673
-0.616833
-0.613654
-0.610717
-0.611387
-0.592885
-0.535051
-0.453657
-0.359758
-0.254103
-0.143086
-0.0275398
0.0799201
0.294455
0.677104
1.02124
1.29112
1.45998
1.5407
1.56793
-0.639782
-0.637684
-0.63388
-0.6335
-0.636862
-0.617036
-0.546571
-0.452992
-0.352038
-0.24808
-0.143581
-0.047785
0.0410648
0.185012
0.449247
0.68869
0.871946
0.987558
1.04285
1.06182
-0.68339
-0.681951
-0.687682
-0.697315
-0.697454
-0.655891
-0.556721
-0.445898
-0.339585
-0.239203
-0.146703
-0.0719544
-0.00717464
0.0937623
0.277747
0.436093
0.554229
0.62846
0.663708
0.675912
-0.696358
-0.701096
-0.717318
-0.731248
-0.72186
-0.655466
-0.536894
-0.419951
-0.317166
-0.226527
-0.149749
-0.0963986
-0.0546875
0.0101229
0.138549
0.251891
0.33229
0.381306
0.403796
0.411574
-0.588739
-0.594012
-0.610943
-0.622811
-0.610428
-0.549513
-0.455655
-0.362659
-0.278401
-0.205398
-0.145392
-0.108168
-0.0832323
-0.0331067
0.0587885
0.131451
0.18142
0.212371
0.226535
0.231104
-0.373495
-0.378516
-0.388315
-0.397364
-0.394252
-0.367581
-0.324309
-0.274446
-0.223368
-0.173048
-0.129847
-0.103952
-0.0926635
-0.0548517
0.0141212
0.0663127
0.0986119
0.115989
0.123744
0.125961
-0.159065
-0.161779
-0.167237
-0.177103
-0.1888
-0.195104
-0.19348
-0.18195
-0.162187
-0.135351
-0.107212
-0.0870577
-0.0755914
-0.0482557
-0.0041756
0.0270299
0.0473919
0.0590081
0.0643847
0.0658047
-0.0164043
-0.0180768
-0.0218922
-0.0327183
-0.0523156
-0.0766009
-0.0963968
-0.107483
-0.108017
-0.0980599
-0.0796662
-0.0601245
-0.0431366
-0.021264
0.00798969
0.0265717
0.0367834
0.0425528
0.0453655
0.0459287
0.0506185
0.0495762
0.0465685
0.0364567
0.0163595
-0.0103145
-0.0358943
-0.0556128
-0.0661602
-0.0657335
-0.0536014
-0.0325405
-0.00826804
0.0141602
0.0247141
0.0304647
0.0349967
0.0391208
0.0415741
0.0417893
0.0698245
0.0691304
0.06682
0.058877
0.0426748
0.0203263
-0.0031501
-0.0236839
-0.037695
-0.0422523
-0.0338216
-0.0134443
0.0134567
0.0334652
0.0342644
0.0353751
0.0389453
0.0420776
0.0441373
0.0435271
0.0659848
0.065578
0.0639527
0.0583305
0.0466089
0.0297975
0.0108902
-0.00699671
-0.0208386
-0.0276112
-0.0229402
-0.00566085
0.0170365
0.0302675
0.0254897
0.0253525
0.0289614
0.0339939
0.0361197
0.0352862
0.0532257
0.053021
0.0519436
0.0481706
0.0401053
0.0280901
0.0137561
-0.000850948
-0.0134324
-0.0215507
-0.0211271
-0.0108197
0.00322155
0.00870821
0.00187362
0.00357355
0.00923563
0.0146962
0.0169767
0.0161091
0.038096
0.0380059
0.0373046
0.0348373
0.0294204
0.021006
0.0104027
-0.00124847
-0.0125145
-0.0219794
-0.0267585
-0.0260436
-0.0234155
-0.0256261
-0.0324337
-0.0283388
-0.0218795
-0.0173594
-0.0162378
-0.0169221
0.0234994
0.0234632
0.0230076
0.0214254
0.0178587
0.0120486
0.0042374
-0.00510953
-0.0154113
-0.0263833
-0.0368636
-0.0471867
-0.0587164
-0.0710476
-0.0734695
-0.0660701
-0.058496
-0.054789
-0.0540696
-0.0545712
0.0109886
0.0109557
0.0105902
0.00959053
0.00727303
0.00328679
-0.00250185
-0.0101228
-0.0197397
-0.0319567
-0.0476795
-0.0681941
-0.0903875
-0.106595
-0.105082
-0.0964311
-0.0897282
-0.0874829
-0.0875652
-0.0877349
0.0012641
0.00121592
0.000919978
0.000228941
-0.00123937
-0.00393886
-0.00824498
-0.0145255
-0.0234154
-0.036316
-0.0556112
-0.083486
-0.115106
-0.129944
-0.124179
-0.114757
-0.109559
-0.108599
-0.10911
-0.109057
-0.0052909
-0.00536481
-0.00562486
-0.00611509
-0.00705336
-0.00889285
-0.0121369
-0.0172993
-0.0252628
-0.0377879
-0.0581319
-0.0880289
-0.12105
-0.132638
-0.124542
-0.11639
-0.114237
-0.11498
-0.115683
-0.115517
-0.00874048
-0.00882087
-0.00904174
-0.00941982
-0.0100554
-0.0113501
-0.0137885
-0.0179385
-0.0246954
-0.0356506
-0.0539064
-0.0804988
-0.106982
-0.113255
-0.106493
-0.102268
-0.10372
-0.105705
-0.106501
-0.106427
-0.0095375
-0.00962187
-0.00982295
-0.0101115
-0.0105664
-0.0114723
-0.0132582
-0.0163962
-0.0216453
-0.0301656
-0.0438385
-0.0622804
-0.0790339
-0.0801583
-0.0775146
-0.0782824
-0.0816925
-0.0842288
-0.0850146
-0.0851506
-0.00829655
-0.00837879
-0.00853466
-0.00876645
-0.00910347
-0.00972527
-0.0109465
-0.01315
-0.0167627
-0.0224102
-0.0304189
-0.0388114
-0.0449561
-0.0435814
-0.044308
-0.0493181
-0.0543498
-0.0567531
-0.0574569
-0.0577992
-0.00572729
-0.0057968
-0.00590518
-0.00606285
-0.00628612
-0.00667328
-0.00744891
-0.00873346
-0.0107727
-0.0137024
-0.0167812
-0.0165298
-0.0116428
-0.00800983
-0.0148183
-0.0224422
-0.0272543
-0.0286179
-0.0291123
-0.0298049
-0.000617135
-0.000624862
-0.000648234
-0.000779149
-0.000868784
-0.000861503
-0.000931452
-0.00106719
-0.00119489
-0.00131626
-0.00012828
0.00620343
0.00968362
0.00453266
-0.000410019
-0.00220513
-0.00288983
-0.00393203
-0.0040947
-0.00814074
-1.13959
-0.454596
-0.00286819
0.258196
0.446687
0.591658
0.704794
0.79716
0.895208
0.986833
-0.0822201
0.114688
0.294234
0.445561
0.572297
0.675936
0.760562
0.829813
0.872734
0.876825
0.25462
0.371236
0.485384
0.587086
0.674697
0.748649
0.809242
0.855262
0.884885
0.902649
0.467408
0.546681
0.62529
0.697264
0.760095
0.813753
0.857906
0.892533
0.918857
0.938015
0.623086
0.676965
0.736249
0.789873
0.836784
0.877609
0.912255
0.940995
0.964498
0.981551
0.746148
0.787161
0.833219
0.87362
0.911082
0.944505
0.973764
0.99877
1.01966
1.03395
0.849247
0.883803
0.921008
0.955363
0.987688
1.01737
1.04375
1.06639
1.08508
1.09684
0.942687
0.973771
1.0078
1.04045
1.07123
1.0996
1.12475
1.14603
1.16299
1.17254
1.03378
1.06633
1.10166
1.13568
1.167
1.19529
1.21986
1.24017
1.25564
1.26386
1.13576
1.17327
1.21156
1.24782
1.27986
1.30773
1.33117
1.35016
1.3643
1.3728
1.2627
1.30506
1.34425
1.38011
1.41051
1.43618
1.45772
1.47534
1.48885
1.49902
1.42423
1.46567
1.49937
1.52892
1.55345
1.57497
1.59455
1.61197
1.62671
1.63941
1.61464
1.64543
1.66666
1.68579
1.70385
1.72107
1.73728
1.7531
1.76961
1.78654
1.81248
1.82388
1.83492
1.84901
1.86329
1.87613
1.88749
1.89834
1.91124
1.92812
1.99829
2.00819
2.01683
2.01927
2.02014
2.02439
2.03519
2.05113
2.06875
2.07335
2.29933
2.24392
2.19309
2.15284
2.13045
2.1264
2.1399
2.1737
2.23013
2.30569
0.861754
0.80306
0.760577
0.726714
0.702052
0.68449
0.671967
0.663022
0.656889
0.653377
0.652949
0.655771
0.661181
0.669097
0.680003
0.695045
0.716047
0.745137
0.783896
0.83172
0.663311
0.672066
0.677593
0.678412
0.674921
0.668865
0.662416
0.656922
0.653054
0.651363
0.652494
0.656052
0.661304
0.667759
0.674512
0.679773
0.681392
0.678153
0.670806
0.663137
0.640355
0.642385
0.646988
0.650493
0.652996
0.654412
0.654108
0.652349
0.65013
0.648521
0.648491
0.650271
0.652956
0.655554
0.657016
0.656665
0.6548
0.651993
0.64794
0.643556
0.633465
0.634331
0.63681
0.639517
0.641518
0.642865
0.643831
0.644256
0.644079
0.643782
0.64408
0.645113
0.646167
0.646616
0.64629
0.645427
0.644006
0.64176
0.639116
0.637147
0.62784
0.628301
0.629693
0.631706
0.633634
0.635194
0.636316
0.637182
0.637862
0.638388
0.638958
0.639542
0.639818
0.639687
0.639188
0.638205
0.636683
0.634846
0.633193
0.632174
0.622691
0.622978
0.623891
0.625351
0.626963
0.628548
0.629946
0.631084
0.632059
0.632953
0.633719
0.634194
0.634293
0.634025
0.633332
0.632245
0.630936
0.629605
0.62851
0.627883
0.617768
0.617969
0.618653
0.619815
0.621183
0.622605
0.624047
0.625411
0.62663
0.62774
0.628676
0.629223
0.629309
0.628958
0.628241
0.627319
0.626312
0.625295
0.624499
0.624058
0.613
0.613152
0.613695
0.614667
0.615878
0.617191
0.618581
0.620017
0.621434
0.622767
0.623903
0.624581
0.624722
0.624438
0.62388
0.623165
0.622378
0.621597
0.621006
0.620675
0.60831
0.60843
0.608874
0.609711
0.61082
0.612071
0.613428
0.614895
0.616443
0.618001
0.619379
0.620248
0.62055
0.620453
0.620099
0.619587
0.61899
0.618408
0.617972
0.617715
0.603612
0.603708
0.604082
0.604829
0.605874
0.607084
0.608446
0.609968
0.611641
0.613421
0.615085
0.616234
0.616792
0.616935
0.616799
0.616493
0.616089
0.615678
0.615364
0.615161
0.598817
0.598897
0.599221
0.599908
0.600919
0.602127
0.603529
0.605144
0.606981
0.609014
0.611024
0.612538
0.613419
0.613841
0.613948
0.613852
0.613641
0.613385
0.613172
0.61301
0.593842
0.593908
0.594197
0.594851
0.595861
0.597113
0.598597
0.600351
0.602412
0.604767
0.607203
0.609162
0.610424
0.611166
0.611544
0.611672
0.611652
0.611542
0.611415
0.611284
0.5886
0.588655
0.588922
0.589569
0.590613
0.591953
0.593567
0.595522
0.59788
0.60065
0.603615
0.606106
0.607812
0.60892
0.6096
0.609976
0.610144
0.610182
0.610131
0.610026
0.582999
0.583044
0.5833
0.583962
0.585078
0.586548
0.588351
0.59058
0.59332
0.596615
0.600232
0.603362
0.605595
0.607127
0.608147
0.608808
0.609189
0.609363
0.60938
0.609295
0.576931
0.576968
0.57722
0.577919
0.579143
0.580795
0.582854
0.585436
0.588659
0.592607
0.597023
0.600929
0.603794
0.605829
0.607245
0.608219
0.608832
0.60916
0.609244
0.609176
0.570266
0.570294
0.570549
0.571307
0.572681
0.574574
0.576965
0.579999
0.583833
0.588582
0.593972
0.598824
0.60245
0.605084
0.606966
0.60829
0.609173
0.609667
0.609817
0.609764
0.562847
0.562862
0.563128
0.563966
0.565536
0.567738
0.570556
0.574172
0.578783
0.584543
0.591129
0.597106
0.601627
0.604957
0.607388
0.609134
0.610324
0.610996
0.611215
0.611175
0.554441
0.554465
0.55476
0.555688
0.557508
0.560102
0.563468
0.567816
0.573395
0.580399
0.588441
0.595781
0.601374
0.605537
0.608618
0.610869
0.612414
0.613284
0.613575
0.613545
0.544779
0.544792
0.545126
0.546196
0.548333
0.551435
0.555496
0.560773
0.567568
0.576114
0.585932
0.5949
0.601768
0.606918
0.610771
0.613613
0.615573
0.616668
0.617035
0.617015
0.533483
0.53349
0.533855
0.535118
0.53768
0.541442
0.546395
0.552856
0.561186
0.571637
0.583608
0.594536
0.602903
0.609217
0.613984
0.617513
0.61996
0.621305
0.621751
0.621737
0.520026
0.520026
0.520457
0.52198
0.525099
0.529733
0.535863
0.543874
0.554177
0.567023
0.581595
0.5948
0.60491
0.612571
0.6184
0.62273
0.625731
0.627347
0.627872
0.627859
0.503652
0.503647
0.504175
0.506073
0.50996
0.515779
0.523484
0.533527
0.546337
0.562114
0.579803
0.595707
0.607845
0.617064
0.624138
0.629388
0.63302
0.634926
0.635523
0.635506
0.483252
0.483243
0.483929
0.486395
0.491406
0.498915
0.508821
0.52163
0.537724
0.557167
0.57854
0.597485
0.611878
0.622836
0.631286
0.6376
0.641928
0.644127
0.644781
0.644749
0.457026
0.457018
0.457987
0.461421
0.468233
0.478308
0.491403
0.508002
0.52831
0.552189
0.57783
0.600212
0.617098
0.629975
0.639926
0.647416
0.652462
0.654928
0.655605
0.655544
0.42193
0.421939
0.423535
0.428861
0.438897
0.453045
0.470883
0.492669
0.518333
0.547507
0.577969
0.604066
0.623592
0.638487
0.650041
0.658771
0.664495
0.667147
0.667794
0.667689
0.372178
0.372418
0.376091
0.385799
0.401856
0.422736
0.447487
0.476115
0.508316
0.543556
0.579257
0.609228
0.63145
0.648384
0.661575
0.671474
0.677738
0.680437
0.680991
0.680834
0.300108
0.302417
0.313226
0.332357
0.358509
0.38878
0.422355
0.459087
0.498689
0.540618
0.582016
0.616222
0.641435
0.660656
0.675689
0.686835
0.693612
0.696371
0.696881
0.696722
0.223099
0.229432
0.24867
0.277919
0.314689
0.354681
0.397191
0.442198
0.489556
0.538789
0.586839
0.626348
0.65545
0.677668
0.695053
0.707766
0.715028
0.717702
0.718152
0.718078
0.157203
0.163869
0.189736
0.22756
0.27333
0.322246
0.373315
0.426402
0.481359
0.537729
0.592197
0.636728
0.669449
0.694415
0.71381
0.72762
0.735045
0.737706
0.73831
0.738306
0.103344
0.110293
0.140152
0.184132
0.23662
0.292831
0.351287
0.411669
0.473696
0.536822
0.597384
0.646629
0.682695
0.710123
0.731214
0.746189
0.754393
0.757426
0.757884
0.757915
0.0585024
0.0657717
0.0981174
0.146763
0.204606
0.266756
0.331412
0.398162
0.466552
0.535911
0.602158
0.655795
0.694934
0.72461
0.747393
0.763544
0.772563
0.775776
0.776327
0.776405
0.0202576
0.0277062
0.0618172
0.113996
0.176281
0.243445
0.313424
0.385759
0.459865
0.534935
0.606466
0.664172
0.706129
0.737852
0.762175
0.779275
0.788847
0.792441
0.793154
0.793267
-0.013374
-0.00580767
0.0295924
0.084696
0.150679
0.222133
0.296796
0.374114
0.453411
0.533749
0.610201
0.671683
0.716211
0.749748
0.775323
0.793168
0.80318
0.807129
0.808065
0.808185
-0.0438343
-0.0361519
0.000296825
0.0579129
0.127034
0.202207
0.281012
0.362824
0.446887
0.532127
0.613208
0.678236
0.725128
0.760265
0.786773
0.805162
0.815554
0.819778
0.820826
0.820953
-0.0720239
-0.0642395
-0.0268344
0.0328329
0.104746
0.183193
0.265685
0.351571
0.440026
0.529875
0.61537
0.683807
0.732944
0.769501
0.796752
0.81551
0.826065
0.830478
0.83162
0.831756
-0.0986661
-0.0907455
-0.0524612
0.00896237
0.0833882
0.164739
0.250535
0.340125
0.432648
0.52685
0.616622
0.688429
0.739788
0.777672
0.805548
0.824449
0.835228
0.839746
0.840938
0.841037
-0.124181
-0.116089
-0.0769115
-0.0140026
0.0626574
0.146593
0.23537
0.328338
0.424628
0.522961
0.616931
0.692154
0.745768
0.784952
0.813405
0.832542
0.843365
0.847938
0.849135
0.849238
-0.148908
-0.140611
-0.10077
-0.03626
0.0423507
0.128598
0.220067
0.316112
0.415896
0.518162
0.616289
0.695028
0.75099
0.79151
0.820556
0.839899
0.850762
0.855307
0.856455
0.856555
-0.172984
-0.164464
-0.123925
-0.0579929
0.0223613
0.11068
0.204562
0.303408
0.406418
0.51242
0.614675
0.697063
0.75553
0.797496
0.827209
0.84677
0.857626
0.862096
0.863172
0.863189
-0.196504
-0.187842
-0.146492
-0.0793047
0.00263483
0.0928019
0.188845
0.290221
0.396195
0.505723
0.61206
0.698244
0.759436
0.80304
0.83352
0.853295
0.864048
0.868335
0.869272
0.869224
-0.219541
-0.210691
-0.168601
-0.100223
-0.0168473
0.0749724
0.172946
0.276587
0.385246
0.498075
0.608398
0.698518
0.762723
0.808238
0.839619
0.859549
0.870074
0.874052
0.874811
0.87471
-0.242121
-0.233073
-0.19021
-0.120732
-0.0360631
0.0572257
0.156904
0.262557
0.373635
0.489507
0.603657
0.697809
0.765346
0.813163
0.845674
0.865693
0.875758
0.879266
0.879815
0.879666
-0.264163
-0.254911
-0.211271
-0.14079
-0.0549582
0.0396158
0.140797
0.248211
0.361437
0.48005
0.597807
0.696029
0.767217
0.817827
0.85188
0.872004
0.881286
0.884032
0.884293
0.884107
-0.285598
-0.276139
-0.231766
-0.160361
-0.0734856
0.0222198
0.124698
0.23364
0.348729
0.469784
0.590838
0.69307
0.768191
0.822156
0.85841
0.87894
0.887094
0.888526
0.888267
0.888053
-0.306425
-0.29675
-0.251662
-0.179401
-0.0915965
0.00511082
0.108699
0.21894
0.335615
0.45878
0.582787
0.688838
0.768079
0.825934
0.865255
0.887071
0.894169
0.893486
0.891934
0.89163
-0.326568
-0.316683
-0.270915
-0.19786
-0.109219
-0.0116551
0.0928832
0.204205
0.322208
0.447144
0.573694
0.683243
0.766668
0.828796
0.872034
0.896658
0.904072
0.901244
0.897075
0.895235
-0.346048
-0.335967
-0.289509
-0.215738
-0.126378
-0.0280955
0.0772273
0.189403
0.308476
0.434838
0.563488
0.676065
0.76366
0.830296
0.877962
0.907059
0.917773
0.915603
0.907743
0.891347
-0.364895
-0.354597
-0.30755
-0.233209
-0.143313
-0.044527
0.061347
0.174063
0.293862
0.421216
0.55149
0.666584
0.758294
0.829769
0.881593
0.915616
0.931516
0.928589
0.920823
0.875871
-0.383377
-0.372179
-0.32496
-0.250133
-0.15992
-0.0608545
0.0454211
0.158406
0.278594
0.406489
0.53778
0.65468
0.749791
0.826489
0.880534
0.914523
0.931
0.931472
0.880078
0.819282
-0.402522
-0.387633
-0.341531
-0.266358
-0.17646
-0.0772846
0.0291874
0.142433
0.262658
0.390637
0.522228
0.640093
0.73692
0.820452
0.872312
0.891841
0.906328
0.877611
0.812915
0.748119
-0.421445
-0.42319
-0.362694
-0.279359
-0.189916
-0.0909397
0.0132389
0.126802
0.246782
0.374433
0.505449
0.623095
0.719457
0.813633
0.832452
0.84173
0.834672
0.776514
0.703925
0.633893
-0.397038
-0.395758
-0.337119
-0.254559
-0.160166
-0.0578433
0.0509842
0.167044
0.289978
0.421036
0.545828
0.650573
0.736702
0.828597
0.84687
0.751954
0.67096
0.606136
0.534394
0.391806
-0.438447
-0.411892
-0.350396
-0.267193
-0.172847
-0.0707974
0.0374671
0.152936
0.274984
0.404572
0.526856
0.628408
0.705763
0.7662
0.738361
0.614354
0.497852
0.417751
0.334693
0.172714
-0.463253
-0.431927
-0.369375
-0.286587
-0.192158
-0.0902989
0.0181776
0.1329
0.253683
0.381077
0.500012
0.596252
0.66582
0.691614
0.616509
0.457329
0.321422
0.220337
0.106331
-0.126925
-0.487482
-0.453796
-0.389976
-0.306467
-0.21191
-0.110113
-0.00195497
0.111879
0.231171
0.355958
0.470638
0.560338
0.617828
0.610343
0.479493
0.295915
0.127315
-0.0126815
-0.171393
-0.553231
-0.510742
-0.476191
-0.411294
-0.326879
-0.232111
-0.13046
-0.0229066
0.0899231
0.207523
0.329348
0.439027
0.521571
0.561591
0.524764
0.346347
0.142261
-0.0687483
-0.245935
-0.492025
-1.04497
-0.533778
-0.499176
-0.433557
-0.348498
-0.253481
-0.152001
-0.0450412
0.0666972
0.182402
0.300939
0.40516
0.479882
0.501627
0.417181
0.224526
0.0133285
-0.20143
-0.400544
-0.566594
-1.16704
-0.557737
-0.523071
-0.457036
-0.371574
-0.276361
-0.175019
-0.0686174
0.042003
0.155676
0.27067
0.36925
0.434545
0.433398
0.305995
0.119976
-0.0812016
-0.266011
-0.392709
-0.424653
-0.471903
-0.583037
-0.548335
-0.48205
-0.396419
-0.301194
-0.200148
-0.0944772
0.0147452
0.125985
0.236797
0.329272
0.382468
0.3597
0.20384
0.0256689
-0.150687
-0.293059
-0.353427
-0.376264
-0.382005
-0.610045
-0.575147
-0.508683
-0.423006
-0.327938
-0.227374
-0.122698
-0.0151929
0.0932072
0.199229
0.284948
0.323869
0.286949
0.108553
-0.0603519
-0.214929
-0.322516
-0.349293
-0.350303
-0.350636
-0.638819
-0.603622
-0.536968
-0.451305
-0.356546
-0.25669
-0.153269
-0.0478119
0.0573037
0.158011
0.235968
0.262913
0.196222
0.0211445
-0.139348
-0.27559
-0.321347
-0.335819
-0.337201
-0.336826
-0.669254
-0.633674
-0.566847
-0.481288
-0.386988
-0.288055
-0.186164
-0.0831106
0.0182943
0.113198
0.182768
0.196798
0.0997169
-0.0602055
-0.206862
-0.314153
-0.327364
-0.327332
-0.328288
-0.32795
-0.70085
-0.665195
-0.598123
-0.51277
-0.419113
-0.321344
-0.221286
-0.121018
-0.0237316
0.0649617
0.126149
0.123289
0.0156369
-0.132537
-0.260767
-0.298518
-0.320281
-0.323651
-0.323802
-0.323429
-0.733247
-0.697209
-0.630395
-0.545431
-0.452633
-0.356303
-0.258399
-0.161301
-0.0685611
0.0137667
0.0656614
0.0517948
-0.0622406
-0.192623
-0.296817
-0.33604
-0.324905
-0.322043
-0.3216
-0.321207
-0.76549
-0.729512
-0.663119
-0.578727
-0.48707
-0.392497
-0.297106
-0.203571
-0.115827
-0.0397937
0.0012798
-0.0152324
-0.131376
-0.238892
-0.318448
-0.316111
-0.319782
-0.320265
-0.319901
-0.319712
-0.796549
-0.761126
-0.695116
-0.611884
-0.521734
-0.429299
-0.336803
-0.247205
-0.164858
-0.0953233
-0.0609373
-0.0861946
-0.188505
-0.277873
-0.315018
-0.333736
-0.32628
-0.319726
-0.317809
-0.317386
-0.824841
-0.790364
-0.725526
-0.643812
-0.555665
-0.465816
-0.37666
-0.291364
-0.214661
-0.1522
-0.118811
-0.167645
-0.24125
-0.282377
-0.316156
-0.324082
-0.328672
-0.329051
-0.328309
-0.327287
-0.848637
-0.815623
-0.752546
-0.673215
-0.58765
-0.500895
-0.415572
-0.334936
-0.264038
-0.209342
-0.178496
-0.250792
-0.308092
-0.262711
-0.295674
-0.333069
-0.368841
-0.386691
-0.388931
-0.387153
-0.865654
-0.834768
-0.774244
-0.698288
-0.616174
-0.533208
-0.452177
-0.376545
-0.311629
-0.265241
-0.24137
-0.343364
-0.431904
-0.398374
-0.377955
-0.455234
-0.505597
-0.523952
-0.517498
-0.514212
-0.873552
-0.845336
-0.788722
-0.717084
-0.639488
-0.561143
-0.484935
-0.414508
-0.355614
-0.317384
-0.30143
-0.443825
-0.695767
-0.916579
-0.833299
-0.70884
-0.638639
-0.603135
-0.586858
-0.583489
-0.869716
-0.845378
-0.794049
-0.727801
-0.655879
-0.583004
-0.512094
-0.446891
-0.393663
-0.362091
-0.349955
-0.513616
-0.805466
-1.27187
-1.21163
-0.833574
-0.610334
-0.545876
-0.529099
-0.524382
-0.850314
-0.832016
-0.788598
-0.729072
-0.663936
-0.59731
-0.531931
-0.471631
-0.422607
-0.393842
-0.391797
-0.413163
-0.432145
-0.613979
-0.650226
-0.480489
-0.38321
-0.351069
-0.343208
-0.339661
-0.816779
-0.803952
-0.770649
-0.720285
-0.662988
-0.603233
-0.543283
-0.48689
-0.439472
-0.410351
-0.38436
-0.20067
0.162915
0.616055
0.497466
0.173001
-0.0770801
-0.151181
-0.168945
-0.17163
-0.773317
-0.765123
-0.743029
-0.70279
-0.6539
-0.601036
-0.546041
-0.491846
-0.443947
-0.409349
-0.374083
-0.200161
0.153579
0.621843
0.396707
0.0322777
-0.160864
-0.214089
-0.213232
-0.235037
-0.727468
-0.722837
-0.709929
-0.680857
-0.639634
-0.592457
-0.541156
-0.488114
-0.436474
-0.396901
-0.376313
-0.4344
-0.815889
-1.47139
-2.03614
-2.38222
-2.22794
-1.91565
-1.63649
-1.51125
-0.68828
-0.685848
-0.678693
-0.658144
-0.624005
-0.580513
-0.531008
-0.476129
-0.419186
-0.36549
-0.341601
-0.525238
-1.19604
-2.11871
-2.63833
-2.64993
-2.30137
-1.89796
-1.55091
-1.45074
-0.658114
-0.656937
-0.654215
-0.641257
-0.611758
-0.56966
-0.518523
-0.459469
-0.392209
-0.313515
-0.23986
-0.216858
-0.27338
-0.181842
0.0102354
0.330073
0.694634
0.963855
1.11433
1.1713
-0.637213
-0.636498
-0.635588
-0.62911
-0.604714
-0.562105
-0.507157
-0.440905
-0.36299
-0.26765
-0.149268
0.00650215
0.221249
0.588323
1.09456
1.59195
1.98242
2.22439
2.33693
2.36869
-0.624896
-0.624451
-0.623892
-0.621447
-0.601975
-0.558602
-0.498358
-0.424972
-0.335843
-0.226284
-0.09448
0.0387144
0.289679
0.766806
1.34398
1.86613
2.24193
2.45015
2.5375
2.55876
-0.61743
-0.616941
-0.616026
-0.61519
-0.601959
-0.559815
-0.494634
-0.414075
-0.317567
-0.205844
-0.0818241
0.0478487
0.231213
0.668237
1.15706
1.58977
1.89375
2.05936
2.12752
2.1439
-0.61749
-0.615538
-0.611689
-0.610975
-0.60659
-0.56793
-0.496453
-0.408236
-0.308762
-0.197533
-0.0856809
0.0288709
0.155524
0.481921
0.857627
1.16663
1.38917
1.50936
1.55916
1.57145
-0.63891
-0.635894
-0.633091
-0.635232
-0.632862
-0.586331
-0.501511
-0.403093
-0.301017
-0.193643
-0.0952037
-0.00215689
0.0915396
0.313786
0.575353
0.78738
0.93903
1.0213
1.05572
1.06374
-0.681879
-0.683671
-0.693358
-0.69921
-0.685105
-0.610002
-0.501577
-0.391876
-0.289214
-0.189926
-0.10835
-0.0386972
0.0260486
0.185555
0.361734
0.499947
0.597438
0.650038
0.671747
0.677109
-0.696488
-0.708241
-0.725883
-0.730952
-0.697661
-0.598374
-0.477188
-0.366722
-0.270788
-0.185019
-0.120696
-0.0748177
-0.0358796
0.073844
0.198811
0.295913
0.361181
0.394982
0.40915
0.411617
-0.589831
-0.602272
-0.618518
-0.620923
-0.587128
-0.503538
-0.408695
-0.319201
-0.240779
-0.172407
-0.123113
-0.0948346
-0.0721089
0.0140744
0.0981614
0.15869
0.199569
0.221132
0.229671
0.230989
-0.375521
-0.382952
-0.393323
-0.398213
-0.383937
-0.347065
-0.299934
-0.248942
-0.198097
-0.149134
-0.114105
-0.0965352
-0.0806572
-0.0192721
0.0424165
0.0847233
0.108941
0.12073
0.125397
0.125576
-0.16045
-0.163964
-0.171689
-0.183043
-0.192865
-0.195504
-0.188875
-0.172945
-0.149453
-0.120323
-0.0955117
-0.0800457
-0.0645568
-0.0238679
0.0126649
0.0383935
0.0542902
0.0623488
0.0654665
0.0655177
-0.0173566
-0.0193596
-0.0262502
-0.0415168
-0.0644581
-0.0872892
-0.103116
-0.109038
-0.104174
-0.0893151
-0.0695135
-0.0511352
-0.0330396
-0.00387177
0.0186107
0.0323538
0.0400444
0.0442738
0.0459068
0.0453598
0.0499816
0.0486516
0.0426333
0.0276249
0.00338038
-0.0235184
-0.046637
-0.0620712
-0.0673214
-0.0608188
-0.0438651
-0.0210772
0.0026807
0.0210162
0.0280258
0.0327862
0.0373481
0.040632
0.0419613
0.041154
0.0694335
0.0684207
0.0637547
0.05181
0.0319654
0.008503
-0.0139566
-0.0316092
-0.0412821
-0.0397813
-0.0250804
-0.000589818
0.0247358
0.0329709
0.0334946
0.0371511
0.0403703
0.0434744
0.0440572
0.0426334
0.0657814
0.0650765
0.061795
0.0532558
0.038663
0.0204473
0.00167501
-0.014539
-0.0252704
-0.0269405
-0.0157053
0.00536686
0.0263206
0.0274757
0.0244921
0.0267336
0.0317949
0.0354765
0.0359727
0.0344689
0.0531417
0.052689
0.0505056
0.0447084
0.0344919
0.0211189
0.00636847
-0.00750329
-0.018174
-0.022671
-0.0170999
-0.00386437
0.00814781
0.00377386
0.00181394
0.00611934
0.0122839
0.0163292
0.0168926
0.0153027
0.0380785
0.037789
0.036371
0.0325337
0.0255399
0.0159237
0.00464341
-0.00697759
-0.0175528
-0.0252401
-0.0271549
-0.0245997
-0.0232877
-0.0291897
-0.030901
-0.0250996
-0.0191758
-0.0165836
-0.0163553
-0.017548
0.0235021
0.0233175
0.0224121
0.0199253
0.0152181
0.00836671
-0.000269421
-0.0101494
-0.0208159
-0.0319086
-0.042165
-0.0523793
-0.0643261
-0.0741944
-0.0700745
-0.0619018
-0.0560689
-0.0541837
-0.054266
-0.0550615
0.0110045
0.0108259
0.0101817
0.00862304
0.00549436
0.000620746
-0.006081
-0.0146433
-0.0254248
-0.0395538
-0.0575986
-0.0794484
-0.100435
-0.107653
-0.100757
-0.09246
-0.0882328
-0.0874029
-0.0876472
-0.0880734
0.00126777
0.00110293
0.00064111
-0.000374873
-0.00241497
-0.00586997
-0.0111157
-0.0185833
-0.0292284
-0.0452246
-0.0688347
-0.0995034
-0.125507
-0.128544
-0.119322
-0.111465
-0.108645
-0.108925
-0.109082
-0.109281
-0.00530266
-0.00547613
-0.00582887
-0.00649999
-0.00783435
-0.0103139
-0.0144396
-0.0208739
-0.030739
-0.0469488
-0.0722302
-0.105063
-0.130606
-0.129222
-0.119874
-0.114679
-0.114414
-0.115493
-0.115592
-0.115647
-0.00876417
-0.00891094
-0.00921179
-0.00968542
-0.0105907
-0.0123966
-0.0156077
-0.0209331
-0.0295035
-0.0438492
-0.0664835
-0.0948014
-0.113747
-0.109524
-0.103838
-0.102761
-0.104772
-0.106299
-0.106458
-0.106525
-0.00956394
-0.0097097
-0.009955
-0.0103069
-0.0109377
-0.012229
-0.0146262
-0.0187122
-0.0253932
-0.0364638
-0.0527909
-0.0716399
-0.0819238
-0.0780069
-0.0770691
-0.0800385
-0.0831507
-0.0848121
-0.0850747
-0.0852579
-0.00832991
-0.00844696
-0.00864165
-0.00891649
-0.00936336
-0.0102359
-0.0119106
-0.0147585
-0.0192754
-0.0262867
-0.0348376
-0.0425215
-0.0451078
-0.0423149
-0.0465294
-0.0522113
-0.0557972
-0.057247
-0.0576217
-0.0579118
-0.00575918
-0.00584494
-0.00597638
-0.00616267
-0.00644977
-0.0070003
-0.00802331
-0.00964013
-0.0121183
-0.0154427
-0.0172816
-0.0147755
-0.00832368
-0.0100557
-0.0184042
-0.025566
-0.0282745
-0.0288268
-0.0294711
-0.0299782
-0.00246708
-0.00251754
-0.00255567
-0.00262612
-0.00273697
-0.00290664
-0.0032446
-0.00370733
-0.00443526
-0.00533474
-0.00561093
-0.00219306
0.00869398
0.0159008
0.00374987
-0.00486293
-0.00770837
-0.00761875
-0.00756897
-0.00835445
-0.750189
-0.182576
0.139482
0.356709
0.523019
0.650689
0.753594
0.842287
0.951891
0.949352
0.062218
0.210972
0.373134
0.512154
0.626894
0.720255
0.797244
0.855884
0.879927
0.884094
0.32946
0.429706
0.5381
0.632641
0.713347
0.780631
0.83426
0.871964
0.895498
0.912548
0.518445
0.587536
0.662519
0.729825
0.788092
0.837032
0.876382
0.90655
0.930245
0.948919
0.660005
0.711652
0.764033
0.814116
0.857965
0.895691
0.927341
0.953306
0.975028
0.993366
0.774446
0.812016
0.853646
0.892845
0.92831
0.959649
0.986818
1.00965
1.02879
1.04658
0.872412
0.902813
0.938442
0.971815
1.0029
1.031
1.05558
1.07619
1.09289
1.11026
0.962199
0.990787
1.02436
1.0561
1.08577
1.11262
1.13591
1.15505
1.1695
1.18663
1.05277
1.08382
1.11899
1.15168
1.18157
1.20807
1.23058
1.24854
1.26111
1.27837
1.15646
1.19224
1.23019
1.26435
1.29434
1.32001
1.34124
1.35784
1.36941
1.38725
1.28564
1.3247
1.36287
1.39594
1.42389
1.44744
1.46704
1.48253
1.49435
1.5126
1.44678
1.48281
1.5149
1.54167
1.56449
1.58499
1.60359
1.61962
1.63332
1.65119
1.63149
1.65654
1.67641
1.69492
1.71258
1.72932
1.74519
1.76118
1.7783
1.79744
1.81817
1.82902
1.84174
1.8563
1.86991
1.88198
1.89289
1.90424
1.91964
1.93907
2.00008
2.01351
2.01857
2.01959
2.02156
2.02892
2.04263
2.06022
2.07397
2.08531
2.26895
2.21837
2.1709
2.13931
2.12626
2.13082
2.15406
2.19911
2.26581
2.35993
0.71838
0.71537
0.709308
0.698377
0.685879
0.674559
0.665485
0.658708
0.654215
0.652283
0.653476
0.65743
0.663568
0.671835
0.682323
0.694633
0.706981
0.715688
0.7202
0.722363
0.646693
0.653339
0.658583
0.662194
0.6633
0.661654
0.658185
0.654372
0.651359
0.650011
0.651053
0.654058
0.658122
0.662328
0.665345
0.665867
0.663541
0.659158
0.652865
0.647039
0.636598
0.639558
0.642917
0.6454
0.647151
0.648322
0.648531
0.647761
0.646668
0.646176
0.646995
0.648699
0.650342
0.65111
0.650681
0.649419
0.647512
0.644638
0.641299
0.639011
0.63057
0.631992
0.634199
0.636464
0.638176
0.639357
0.640228
0.640788
0.641024
0.641291
0.641939
0.642661
0.642976
0.642753
0.642116
0.640965
0.639147
0.636918
0.635165
0.63408
0.625232
0.626049
0.627508
0.629273
0.631002
0.632461
0.633577
0.634488
0.635284
0.636002
0.636615
0.636942
0.63691
0.636523
0.635688
0.634396
0.632868
0.631342
0.63032
0.629654
0.620209
0.620762
0.621839
0.623243
0.624742
0.626229
0.627597
0.628772
0.629819
0.630776
0.631471
0.631758
0.631645
0.631109
0.630206
0.629105
0.62793
0.626845
0.626151
0.625684
0.615372
0.615786
0.616645
0.617845
0.619159
0.620549
0.621973
0.623352
0.624626
0.625786
0.626629
0.626977
0.626849
0.626335
0.625585
0.624721
0.623814
0.622999
0.622488
0.622133
0.610654
0.610979
0.611687
0.612736
0.613955
0.615276
0.616687
0.618165
0.619643
0.621038
0.622073
0.622543
0.622526
0.62218
0.621635
0.620969
0.62027
0.619664
0.619282
0.618999
0.605971
0.606234
0.606835
0.607784
0.608941
0.610226
0.611647
0.6132
0.614849
0.6165
0.617788
0.618474
0.618673
0.618544
0.618205
0.61774
0.617229
0.616788
0.6165
0.616267
0.601235
0.601454
0.601981
0.602868
0.603986
0.60527
0.606737
0.608395
0.610228
0.61216
0.613774
0.614768
0.615244
0.615358
0.615235
0.614977
0.614641
0.614343
0.614129
0.613932
0.59636
0.596546
0.597023
0.597879
0.598996
0.60032
0.601872
0.603681
0.605751
0.608022
0.610042
0.611415
0.612216
0.612607
0.612721
0.612662
0.612501
0.612328
0.612174
0.612004
0.591264
0.591425
0.591873
0.592727
0.593884
0.595291
0.596976
0.598995
0.601374
0.604074
0.60659
0.608413
0.609589
0.610292
0.610666
0.610811
0.610829
0.610771
0.610667
0.610515
0.585855
0.585999
0.586435
0.587317
0.588554
0.590091
0.59197
0.594276
0.597055
0.600298
0.603415
0.605769
0.60738
0.608436
0.609099
0.609483
0.609675
0.60972
0.609658
0.609519
0.580034
0.580163
0.580604
0.581543
0.582905
0.584626
0.586768
0.589439
0.592721
0.596635
0.600486
0.603481
0.605611
0.607079
0.608066
0.608711
0.609093
0.609243
0.609218
0.609088
0.573683
0.573801
0.574262
0.57529
0.576823
0.578791
0.581276
0.584414
0.588326
0.593064
0.597808
0.601576
0.604326
0.606277
0.607636
0.608579
0.60917
0.609426
0.609436
0.609312
0.566662
0.566772
0.567264
0.568413
0.570169
0.572455
0.575378
0.579111
0.583813
0.589565
0.595395
0.600093
0.603574
0.606098
0.607898
0.60918
0.610006
0.610374
0.610419
0.610297
0.558783
0.558891
0.559418
0.560731
0.562772
0.565467
0.568957
0.573448
0.579142
0.58615
0.593292
0.599091
0.603436
0.606628
0.608958
0.61064
0.611725
0.612214
0.612292
0.612169
0.549766
0.549884
0.550502
0.552007
0.554408
0.557631
0.561834
0.56727
0.574195
0.582744
0.591475
0.5986
0.603974
0.60797
0.610927
0.613081
0.614464
0.615084
0.615195
0.615068
0.539327
0.539442
0.540175
0.541944
0.544809
0.548706
0.55382
0.560456
0.568914
0.579345
0.589996
0.5987
0.605296
0.610237
0.61393
0.616639
0.618365
0.619131
0.619275
0.61914
0.527
0.527133
0.528015
0.530132
0.533603
0.538381
0.544673
0.552851
0.563254
0.57601
0.588955
0.599503
0.607512
0.613566
0.618125
0.621478
0.623591
0.624511
0.624685
0.624538
0.512151
0.512321
0.513426
0.516022
0.520303
0.526257
0.534105
0.544278
0.557119
0.572705
0.588373
0.601087
0.610744
0.618076
0.623651
0.627742
0.630286
0.631366
0.631564
0.631401
0.493871
0.494112
0.495553
0.498825
0.504228
0.511797
0.521747
0.534538
0.550465
0.569491
0.588355
0.603542
0.615083
0.62388
0.630607
0.635552
0.638567
0.639805
0.640016
0.639832
0.470738
0.471121
0.473105
0.477415
0.484499
0.49442
0.507318
0.523612
0.543452
0.566605
0.589125
0.60706
0.620672
0.631116
0.639091
0.644986
0.648484
0.649858
0.650063
0.649854
0.440417
0.441098
0.444037
0.450145
0.45996
0.473431
0.490515
0.511434
0.536106
0.564094
0.590738
0.611702
0.627548
0.639754
0.649131
0.656004
0.659947
0.661408
0.661579
0.661341
0.398799
0.400199
0.405215
0.414877
0.429467
0.448458
0.471468
0.498402
0.528933
0.562435
0.593528
0.617646
0.635803
0.649809
0.660651
0.668445
0.672693
0.674147
0.674256
0.673993
0.338223
0.342661
0.353198
0.369906
0.392642
0.419898
0.450813
0.485107
0.52236
0.561858
0.5976
0.624927
0.645379
0.661176
0.673349
0.681911
0.686282
0.68754
0.687548
0.687281
0.265726
0.273764
0.293069
0.320307
0.353525
0.390109
0.429561
0.471768
0.516381
0.562752
0.604175
0.635699
0.659316
0.677466
0.69136
0.700809
0.705325
0.706574
0.706658
0.706544
0.192842
0.206203
0.234568
0.272171
0.315335
0.361157
0.409177
0.459379
0.51147
0.564879
0.612211
0.648104
0.675015
0.69582
0.711606
0.721804
0.726228
0.727124
0.727213
0.727208
0.132365
0.149566
0.183641
0.228975
0.280208
0.334144
0.390045
0.447807
0.507074
0.567249
0.620193
0.660174
0.690089
0.713111
0.730385
0.741184
0.745455
0.746801
0.747052
0.747116
0.082726
0.101969
0.140497
0.191616
0.249175
0.309795
0.372502
0.437053
0.502942
0.569468
0.627679
0.671458
0.704115
0.729182
0.747938
0.759564
0.764555
0.766225
0.766526
0.766625
0.0409625
0.0614576
0.103318
0.15903
0.221817
0.288024
0.356581
0.427134
0.499035
0.571429
0.634549
0.681832
0.71699
0.743945
0.764039
0.776756
0.782311
0.784229
0.784557
0.784652
0.00478686
0.0260996
0.0706268
0.130046
0.197228
0.268249
0.341943
0.417859
0.495238
0.573066
0.640747
0.691258
0.728692
0.75729
0.778532
0.791938
0.798087
0.800231
0.800602
0.800697
-0.0274269
-0.00552555
0.0411724
0.103716
0.174631
0.249849
0.328119
0.408894
0.491314
0.574203
0.646151
0.699645
0.739123
0.769132
0.791282
0.805208
0.811879
0.814145
0.814528
0.814598
-0.0568544
-0.0345151
0.0140144
0.0792498
0.153421
0.23233
0.314698
0.399907
0.487003
0.574662
0.650663
0.706973
0.748311
0.779502
0.802201
0.816488
0.823515
0.825908
0.826325
0.826363
-0.0844191
-0.0616115
-0.0114235
0.0560802
0.133137
0.215324
0.301382
0.390651
0.482112
0.57431
0.654238
0.713298
0.756408
0.788594
0.81172
0.826201
0.833422
0.835903
0.836365
0.836368
-0.11061
-0.0872863
-0.0357941
0.0338421
0.113448
0.198566
0.28796
0.380957
0.476506
0.573059
0.656879
0.718713
0.763568
0.796663
0.820173
0.834838
0.842103
0.844629
0.845057
0.845021
-0.135821
-0.111953
-0.0593483
0.0122627
0.0941271
0.181877
0.274299
0.370721
0.470095
0.570872
0.658603
0.723291
0.769927
0.803924
0.827789
0.842603
0.849899
0.852388
0.852767
0.852678
-0.160313
-0.135953
-0.0821592
-0.00883928
0.0750436
0.165158
0.260315
0.359881
0.46284
0.567711
0.659419
0.727099
0.775609
0.810565
0.834812
0.849735
0.857011
0.85943
0.859785
0.859666
-0.184236
-0.159323
-0.104406
-0.0295599
0.0561323
0.148357
0.245983
0.34842
0.454727
0.563556
0.659306
0.73016
0.780721
0.816757
0.84144
0.856445
0.863619
0.865908
0.866183
0.866033
-0.207639
-0.182158
-0.126187
-0.0499459
0.0373707
0.131482
0.231321
0.336354
0.445756
0.558387
0.658219
0.732464
0.785336
0.822632
0.847787
0.862778
0.869753
0.871831
0.872001
0.871821
-0.230499
-0.204516
-0.147517
-0.0700013
0.0187716
0.114557
0.216366
0.323729
0.435957
0.552191
0.656092
0.733966
0.789492
0.82832
0.853993
0.868817
0.8754
0.877188
0.877261
0.877059
-0.25287
-0.226338
-0.168361
-0.0896884
0.000379158
0.0976359
0.201183
0.310609
0.425392
0.544969
0.652869
0.734579
0.793162
0.833941
0.86028
0.874736
0.880647
0.882022
0.881988
0.881776
-0.274641
-0.247579
-0.18868
-0.108971
-0.0177541
0.080799
0.185854
0.297081
0.41413
0.536742
0.648481
0.734179
0.79626
0.839568
0.86695
0.88089
0.885674
0.886363
0.886188
0.88599
-0.295821
-0.268191
-0.208457
-0.127793
-0.0355589
0.0641143
0.170473
0.283251
0.402251
0.527565
0.642879
0.732628
0.798613
0.845145
0.874329
0.887949
0.891045
0.89039
0.889869
0.889751
-0.316315
-0.288166
-0.227634
-0.146105
-0.0529785
0.0476632
0.155118
0.269197
0.389867
0.517519
0.636038
0.72977
0.799967
0.850389
0.882497
0.896859
0.898277
0.895129
0.893171
0.892823
-0.336181
-0.307473
-0.246163
-0.163849
-0.0699357
0.0315313
0.139913
0.255057
0.377104
0.506697
0.627975
0.725451
0.800012
0.854743
0.890907
0.908129
0.909782
0.904243
0.896685
0.879569
-0.355356
-0.326103
-0.264182
-0.181229
-0.0867294
0.0153827
0.124433
0.240363
0.363437
0.49456
0.618126
0.719049
0.798293
0.857559
0.898431
0.920933
0.926256
0.920593
0.905358
0.919152
-0.373962
-0.344036
-0.281629
-0.1982
-0.103291
-0.000723563
0.108686
0.225142
0.348859
0.481008
0.6063
0.709966
0.794107
0.857638
0.901446
0.927769
0.937523
0.929265
0.868092
0.851504
-0.3926
-0.361869
-0.298244
-0.214378
-0.119097
-0.0163359
0.0928821
0.209655
0.333656
0.466246
0.592518
0.697819
0.786618
0.854163
0.894791
0.919921
0.920956
0.885818
0.817771
0.776723
-0.41198
-0.380538
-0.313614
-0.229383
-0.13378
-0.0313021
0.0774021
0.194074
0.31791
0.450292
0.576649
0.682465
0.773742
0.84638
0.897433
0.883485
0.859328
0.797328
0.725743
0.682226
0.00647556
0.119886
0.239699
0.367031
0.497265
0.61394
0.708799
0.557063
-0.432847
-0.413922
-0.375429
-0.304717
-0.215434
-0.117299
-0.0117536
0.100573
0.219577
0.345683
0.474697
0.590284
0.683682
0.759278
0.81134
0.772624
0.632021
0.544842
0.476505
-0.450584
-0.43744
-0.392708
-0.320258
-0.230682
-0.132438
-0.0274131
0.0844173
0.202545
0.327239
0.453922
0.565882
0.653117
0.71613
0.713564
0.611446
0.468992
0.364036
0.275409
-0.473892
-0.461074
-0.413369
-0.33977
-0.250038
-0.151603
-0.0465054
0.0649826
0.182167
0.305217
0.428726
0.535567
0.613802
0.658754
0.619898
0.460922
0.29677
0.164502
0.0472965
-0.497405
-0.484426
-0.435106
-0.360254
-0.270054
-0.17161
-0.0667696
0.0439983
0.159971
0.280951
0.40083
0.501944
0.572711
0.591376
0.506822
0.315539
0.119219
-0.0585176
-0.225025
-0.520117
-0.507635
-0.457495
-0.381544
-0.290852
-0.192386
-0.0879479
0.0219617
0.136547
0.255125
0.370931
0.465517
0.5266
0.508756
0.379992
0.181021
-0.036279
-0.242541
-0.429206
-0.543373
-0.531177
-0.480756
-0.404068
-0.312985
-0.214445
-0.110336
-0.00122287
0.111918
0.227954
0.339482
0.427047
0.474827
0.434548
0.26417
0.0686246
-0.14087
-0.337591
-0.458827
-0.497291
-0.567945
-0.555896
-0.505243
-0.428147
-0.336873
-0.238364
-0.134651
-0.0264524
0.0850149
0.198119
0.304846
0.384777
0.417848
0.355312
0.160552
-0.0260991
-0.204394
-0.338455
-0.383814
-0.407725
-0.593926
-0.582029
-0.531215
-0.453896
-0.362595
-0.264311
-0.16118
-0.0541642
0.0552766
0.164941
0.266168
0.338125
0.351735
0.251905
0.0681834
-0.104154
-0.254364
-0.33696
-0.356937
-0.362417
-0.621646
-0.609789
-0.558781
-0.481314
-0.390118
-0.292231
-0.189931
-0.0843859
0.0226535
0.128393
0.223399
0.287058
0.272148
0.15154
-0.0177413
-0.179831
-0.297849
-0.341687
-0.341757
-0.342947
-0.65102
-0.63927
-0.587954
-0.510387
-0.41942
-0.322109
-0.220888
-0.117107
-0.0128604
0.0884877
0.176721
0.230602
0.198555
0.0570079
-0.0976216
-0.24843
-0.313294
-0.331362
-0.33227
-0.332018
-0.681857
-0.670088
-0.618622
-0.541012
-0.450394
-0.353873
-0.253977
-0.152292
-0.0512411
0.0452706
0.126307
0.168558
0.133439
-0.0260392
-0.17023
-0.283976
-0.332984
-0.326026
-0.325605
-0.325588
-0.713649
-0.701789
-0.650528
-0.572918
-0.482828
-0.387318
-0.289032
-0.189789
-0.0923376
-0.00100489
0.0724551
0.105571
0.0569159
-0.0982475
-0.229941
-0.308091
-0.32386
-0.322379
-0.322518
-0.322058
-0.745833
-0.733944
-0.682943
-0.605689
-0.516312
-0.42208
-0.325727
-0.229291
-0.13587
-0.0500339
0.0158667
0.0375395
-0.0272475
-0.159768
-0.277357
-0.295266
-0.312891
-0.319701
-0.320615
-0.320336
-0.777397
-0.76563
-0.715071
-0.638544
-0.550239
-0.45762
-0.363556
-0.270305
-0.181311
-0.101449
-0.0418457
-0.0372355
-0.101983
-0.212073
-0.299355
-0.348189
-0.329635
-0.322248
-0.319157
-0.318541
-0.806627
-0.795607
-0.745991
-0.670467
-0.583738
-0.493148
-0.401789
-0.312111
-0.227889
-0.154488
-0.0998837
-0.107497
-0.175112
-0.247747
-0.326996
-0.343539
-0.331692
-0.323194
-0.319433
-0.318819
-0.83262
-0.821918
-0.774208
-0.700241
-0.615679
-0.527601
-0.439445
-0.353758
-0.274586
-0.207818
-0.159353
-0.173075
-0.254382
-0.270923
-0.270167
-0.303696
-0.333306
-0.345874
-0.349486
-0.34975
-0.852766
-0.842733
-0.797418
-0.72634
-0.644613
-0.559708
-0.475269
-0.394026
-0.320148
-0.260051
-0.21995
-0.241128
-0.344658
-0.339775
-0.20168
-0.321877
-0.401744
-0.441174
-0.45049
-0.446792
-0.865022
-0.856019
-0.81393
-0.746597
-0.668749
-0.587918
-0.507806
-0.431417
-0.363042
-0.309619
-0.279349
-0.311047
-0.486832
-0.626336
-0.633712
-0.584962
-0.581464
-0.583016
-0.572237
-0.564088
-0.866762
-0.859396
-0.821607
-0.759191
-0.686278
-0.61051
-0.535456
-0.464161
-0.401381
-0.354369
-0.33499
-0.379264
-0.613623
-1.00992
-1.20056
-0.931208
-0.71749
-0.614403
-0.582509
-0.573566
-0.856578
-0.850612
-0.818286
-0.762264
-0.695608
-0.625878
-0.556471
-0.490476
-0.432623
-0.391005
-0.379703
-0.408142
-0.572191
-0.902165
-1.17409
-0.879269
-0.59248
-0.47144
-0.444453
-0.437603
-0.830732
-0.826436
-0.801268
-0.75437
-0.695664
-0.632879
-0.569571
-0.508536
-0.454393
-0.415665
-0.399039
-0.361083
-0.212535
-0.0189671
-0.0822847
-0.156129
-0.211301
-0.24047
-0.244354
-0.24509
-0.792165
-0.789503
-0.772208
-0.735604
-0.686544
-0.6314
-0.57419
-0.517367
-0.465458
-0.424747
-0.400676
-0.308331
0.0441908
0.595053
1.11442
0.64413
0.181717
-0.0529165
-0.127584
-0.14908
-0.74689
-0.745226
-0.736003
-0.709584
-0.670438
-0.622722
-0.570975
-0.517456
-0.465152
-0.420886
-0.390338
-0.345375
-0.284061
-0.364775
-0.621691
-1.06612
-1.24124
-1.03271
-0.757386
-0.635288
-0.704355
-0.703269
-0.698888
-0.682545
-0.65137
-0.609661
-0.56214
-0.509927
-0.455905
-0.403553
-0.369463
-0.392099
-0.79424
-1.67496
-2.57148
-3.0599
-3.08618
-2.75038
-2.36479
-2.08942
-0.671739
-0.671093
-0.668441
-0.659333
-0.634643
-0.597061
-0.550623
-0.497158
-0.437335
-0.373597
-0.316638
-0.274892
-0.562297
-0.920353
-1.133
-1.0238
-0.724746
-0.400628
-0.140559
0.00721857
-0.646463
-0.64586
-0.644737
-0.641209
-0.623405
-0.5881
-0.540081
-0.482393
-0.415425
-0.337382
-0.241697
-0.144019
-0.0269623
0.165213
0.494352
0.881199
1.29457
1.61246
1.79981
1.8772
-0.630382
-0.63004
-0.629391
-0.627913
-0.617129
-0.583586
-0.532518
-0.469085
-0.392377
-0.300513
-0.183896
-0.0468561
0.137535
0.482271
1.0153
1.57879
2.04654
2.35625
2.51326
2.56803
-0.62068
-0.620484
-0.619925
-0.61934
-0.613453
-0.583106
-0.529071
-0.459052
-0.373944
-0.272277
-0.15268
-0.0177888
0.131043
0.479022
1.00839
1.53604
1.96025
2.22044
2.34682
2.38807
-0.615826
-0.61546
-0.613807
-0.612285
-0.610765
-0.587398
-0.531449
-0.454295
-0.363428
-0.257884
-0.14363
-0.0194411
0.0952156
0.360152
0.803205
1.20576
1.52688
1.72676
1.82274
1.85439
-0.625327
-0.623803
-0.61936
-0.616173
-0.618175
-0.602003
-0.540329
-0.453541
-0.356169
-0.251253
-0.143183
-0.0370062
0.0624331
0.235756
0.556232
0.846189
1.06988
1.21013
1.27732
1.30027
-0.660153
-0.657851
-0.656856
-0.661535
-0.665708
-0.63756
-0.553169
-0.450905
-0.34671
-0.244032
-0.144803
-0.0595792
0.0176033
0.139322
0.358167
0.552419
0.700096
0.793568
0.838477
0.853876
-0.700281
-0.701307
-0.715482
-0.728338
-0.722854
-0.665166
-0.552432
-0.436139
-0.33005
-0.233545
-0.148656
-0.0847841
-0.0323443
0.0481135
0.20285
0.336462
0.433224
0.492794
0.520175
0.529666
-0.660504
-0.666013
-0.683062
-0.696509
-0.684391
-0.617223
-0.505078
-0.39585
-0.29999
-0.217377
-0.148931
-0.104544
-0.0715595
-0.015299
0.0914717
0.18272
0.247062
0.287502
0.306206
0.312135
-0.488231
-0.494359
-0.507614
-0.517998
-0.508891
-0.462183
-0.393089
-0.321077
-0.252591
-0.190391
-0.138892
-0.107638
-0.0906012
-0.0471892
0.0337493
0.0960098
0.135262
0.15777
0.16783
0.170724
-0.259886
-0.263516
-0.270284
-0.279637
-0.284459
-0.27543
-0.255893
-0.226911
-0.192572
-0.154391
-0.119253
-0.097153
-0.0869671
-0.0540997
0.000590274
0.0415692
0.0672351
0.0818418
0.0886893
0.0907503
-0.0773059
-0.0793179
-0.0838308
-0.0942814
-0.11083
-0.128895
-0.140105
-0.141868
-0.133746
-0.116428
-0.0937697
-0.0743501
-0.0604894
-0.0374543
-0.000399732
0.0243225
0.0393477
0.0474692
0.0514671
0.0523398
0.0250526
0.0237097
0.020355
0.00963116
-0.0110748
-0.0378138
-0.0619929
-0.0788087
-0.0854296
-0.0809319
-0.0659822
-0.0458066
-0.0250438
-0.00279007
0.0168716
0.0284058
0.0352451
0.0398098
0.0420752
0.0424897
0.064423
0.0635591
0.0608916
0.0517655
0.033361
0.00843624
-0.0166942
-0.0374643
-0.0503274
-0.0528562
-0.0427495
-0.0216603
0.00477996
0.0266217
0.0309424
0.0332905
0.0370039
0.0410477
0.0434921
0.0432824
0.0696704
0.0691299
0.0671725
0.0604286
0.0465276
0.0269775
0.00569895
-0.0137307
-0.0279369
-0.0338433
-0.0273053
-0.00789858
0.0176421
0.0345282
0.0321553
0.032595
0.0357269
0.039578
0.0414779
0.040655
0.0601873
0.0598924
0.0585609
0.0539319
0.0441641
0.0299003
0.0133557
-0.00288537
-0.0160989
-0.0235748
-0.0209162
-0.00670902
0.0121863
0.0213104
0.0149789
0.0156413
0.0205441
0.0259884
0.0284484
0.0275494
0.0457256
0.0455904
0.0447221
0.0416632
0.0350336
0.024961
0.012622
-0.000433857
-0.0123474
-0.0211434
-0.0231996
-0.0173508
-0.00866737
-0.0064891
-0.0134139
-0.0109589
-0.00510359
-0.000143413
0.00167487
0.00085234
0.030618
0.0305757
0.0300025
0.0280182
0.0236071
0.0166007
0.00750049
-0.00291635
-0.0136413
-0.0238403
-0.0314645
-0.036307
-0.0407112
-0.0492749
-0.0530672
-0.0473826
-0.0401549
-0.0358038
-0.0350304
-0.0356855
0.016933
0.0168947
0.0164865
0.0152215
0.0123572
0.00754842
0.000826607
-0.00759753
-0.0175362
-0.0291953
-0.0424305
-0.05799
-0.0752444
-0.0900349
-0.0906623
-0.0825901
-0.0753609
-0.0725593
-0.0721293
-0.0724067
0.00574032
0.00570331
0.00537655
0.00454116
0.00271205
-0.000570465
-0.00556599
-0.0124835
-0.0217587
-0.0343934
-0.0522307
-0.0770339
-0.10445
-0.120195
-0.116519
-0.107459
-0.101532
-0.0997771
-0.100103
-0.100139
-0.00241568
-0.00247523
-0.00275542
-0.00333154
-0.00450235
-0.00673377
-0.0104603
-0.0161397
-0.0245069
-0.0375405
-0.0576699
-0.0865991
-0.121214
-0.134319
-0.126779
-0.117909
-0.113943
-0.113748
-0.114354
-0.114242
-0.00736546
-0.00744288
-0.00770671
-0.00811766
-0.00889257
-0.0104362
-0.0132435
-0.0178885
-0.0253549
-0.0371445
-0.0568384
-0.0857939
-0.116416
-0.125413
-0.117383
-0.111272
-0.110722
-0.112152
-0.112925
-0.1128
-0.00943401
-0.00952276
-0.00973354
-0.0100609
-0.0105996
-0.0116799
-0.0137686
-0.0174075
-0.0234285
-0.03328
-0.0494537
-0.0725236
-0.094519
-0.0977667
-0.0927424
-0.0909654
-0.0937576
-0.0961499
-0.0970202
-0.0970405
-0.00911982
-0.00920283
-0.00937786
-0.00963961
-0.0100274
-0.010785
-0.0122958
-0.0149529
-0.0193814
-0.0264881
-0.0373539
-0.0511132
-0.0623154
-0.0618611
-0.0606291
-0.0639514
-0.0683654
-0.0709161
-0.0716174
-0.071878
-0.00713776
-0.00721324
-0.00734906
-0.00754684
-0.00782224
-0.0083423
-0.00934334
-0.0110497
-0.013877
-0.0180862
-0.0233892
-0.0273599
-0.028219
-0.0261025
-0.0283935
-0.0351181
-0.0403066
-0.0424872
-0.0429499
-0.0434852
-0.00414531
-0.00420643
-0.00429251
-0.00441281
-0.00456606
-0.00486969
-0.00539949
-0.00629223
-0.00768106
-0.00950537
-0.0107987
-0.00756886
0.00162638
0.00599474
-0.00228608
-0.0110719
-0.0158962
-0.0167582
-0.0167717
-0.0176931
-0.00249602
-0.00253598
-0.00258476
-0.00268087
-0.00278765
-0.00308731
-0.00343657
-0.00404236
-0.00487954
-0.00570251
-0.00458989
0.00209423
0.0152354
0.00952042
-0.00131003
-0.00685948
-0.00787699
-0.00740206
-0.00786817
-0.00402257
-0.397337
-0.05301
0.167422
0.357998
0.512107
0.635164
0.733713
0.817567
0.878382
0.874045
0.104338
0.257384
0.39928
0.521639
0.626289
0.713676
0.785656
0.841567
0.875535
0.888011
0.369191
0.466129
0.560417
0.645292
0.719066
0.781775
0.833175
0.872403
0.90021
0.919183
0.550036
0.614926
0.682754
0.7453
0.79916
0.845554
0.884329
0.915613
0.940708
0.958689
0.687562
0.73408
0.786272
0.832431
0.874007
0.910534
0.942135
0.968808
0.991005
1.00652
0.799279
0.836771
0.877514
0.914502
0.948888
0.980047
1.00765
1.03131
1.05104
1.06388
0.896761
0.929088
0.963874
0.997129
1.02835
1.05711
1.08275
1.10461
1.1224
1.13286
0.987718
1.01894
1.05311
1.08636
1.11731
1.14556
1.17043
1.19123
1.20743
1.21602
1.08242
1.11718
1.15392
1.1893
1.22116
1.24938
1.27352
1.29325
1.30803
1.31599
1.19519
1.2355
1.27471
1.31148
1.34324
1.37029
1.39284
1.41106
1.42473
1.43381
1.33899
1.38165
1.41929
1.45296
1.48095
1.50471
1.52531
1.54271
1.55655
1.56768
1.51683
1.5544
1.5824
1.60673
1.62774
1.64702
1.66526
1.6824
1.69829
1.71281
1.7145
1.73552
1.75041
1.7662
1.78247
1.79777
1.81148
1.82473
1.84023
1.85859
1.90509
1.91226
1.92281
1.93435
1.94426
1.95346
1.9637
1.9748
1.98641
1.99527
2.11813
2.1199
2.11197
2.09545
2.0843
2.08373
2.09589
2.12049
2.15461
2.17914
2.53777
2.34388
2.24283
2.18496
2.15582
2.14919
2.16439
2.20521
2.28106
2.42401
-0.396412
-0.400838
-0.361101
-0.288188
-0.198839
-0.100018
0.797298
0.865164
0.861976
0.781557
0.709893
0.637625
0.407676
0.183553
-0.0876292
-0.445514
-0.797159
)
;

boundaryField
{
    wall-4
    {
        type            zeroGradient;
    }
    pressure-outlet-7
    {
        type            fixedValue;
        value           uniform 0;
    }
    velocity-inlet-6
    {
        type            zeroGradient;
    }
    velocity-inlet-5
    {
        type            zeroGradient;
    }
    frontAndBackPlanes
    {
        type            empty;
    }
}


// ************************************************************************* //
