/*--------------------------------*- C++ -*----------------------------------*\
  =========                 |
  \\      /  F ield         | OpenFOAM: The Open Source CFD Toolbox
   \\    /   O peration     | Website:  https://openfoam.org
    \\  /    A nd           | Version:  10
     \\/     M anipulation  |
\*---------------------------------------------------------------------------*/
FoamFile
{
    format      ascii;
    class       volScalarField;
    location    "13";
    object      p;
}
// * * * * * * * * * * * * * * * * * * * * * * * * * * * * * * * * * * * * * //

dimensions      [0 2 -2 0 0 0 0];

internalField   nonuniform List<scalar> 
8800
(
0.422878
0.375124
0.336507
0.30758
0.286794
0.272062
0.261579
0.254195
0.249418
0.247282
0.248327
0.252205
0.258534
0.267559
0.280103
0.297662
0.322308
0.356147
0.398587
0.457286
0.254032
0.26172
0.269297
0.272671
0.27125
0.2663
0.259956
0.253997
0.249345
0.246481
0.246049
0.248258
0.25242
0.258051
0.264533
0.270561
0.274018
0.273179
0.26761
0.258836
0.23227
0.238484
0.242731
0.245839
0.248045
0.248792
0.24783
0.245867
0.243915
0.242907
0.243624
0.245651
0.248065
0.249893
0.250207
0.248748
0.246159
0.242565
0.237884
0.234102
0.22623
0.228949
0.231941
0.234618
0.236507
0.237885
0.238802
0.239037
0.238763
0.238603
0.239075
0.23988
0.240336
0.240008
0.23902
0.237561
0.235375
0.232457
0.229835
0.228329
0.220742
0.222208
0.224311
0.226731
0.228874
0.230508
0.2317
0.232624
0.23331
0.233795
0.234097
0.234114
0.233745
0.233017
0.231853
0.230113
0.227901
0.225578
0.224004
0.223208
0.215742
0.216667
0.218445
0.220678
0.222932
0.225039
0.226758
0.227993
0.228863
0.229487
0.229859
0.229832
0.229321
0.228228
0.226544
0.224525
0.222394
0.220358
0.219166
0.218708
0.211947
0.21246
0.213924
0.21586
0.217713
0.219404
0.221027
0.222553
0.223821
0.224745
0.225119
0.22489
0.224135
0.223022
0.22171
0.220164
0.218368
0.21665
0.215766
0.215568
0.210047
0.210326
0.211265
0.212625
0.214068
0.215561
0.217025
0.218378
0.219612
0.22062
0.221145
0.221084
0.220587
0.21974
0.218654
0.217474
0.216244
0.215153
0.21463
0.214536
0.208436
0.208595
0.209079
0.209814
0.210817
0.211988
0.213205
0.214552
0.215875
0.217034
0.217719
0.217819
0.217488
0.216947
0.216169
0.215405
0.214838
0.214343
0.214092
0.214033
0.206035
0.206136
0.206448
0.206971
0.207546
0.208351
0.209404
0.210597
0.211887
0.213156
0.21407
0.214465
0.214479
0.214265
0.214023
0.213776
0.213475
0.213222
0.213089
0.213046
0.202906
0.202967
0.203226
0.203712
0.204337
0.204994
0.206032
0.207249
0.208631
0.210093
0.211289
0.211981
0.212267
0.212297
0.212302
0.212157
0.211961
0.211786
0.211717
0.211695
0.199415
0.199441
0.199651
0.200083
0.20062
0.201502
0.202409
0.203616
0.205108
0.206817
0.208371
0.20944
0.210092
0.210465
0.210534
0.210616
0.210547
0.210466
0.21045
0.21044
0.195663
0.195686
0.195867
0.196271
0.196856
0.197639
0.198672
0.200025
0.201738
0.203799
0.205792
0.207277
0.20827
0.208901
0.209255
0.209426
0.20947
0.209482
0.209501
0.209491
0.19151
0.191541
0.191708
0.192089
0.192676
0.19351
0.194667
0.19623
0.198271
0.200806
0.203346
0.205311
0.206681
0.207604
0.208187
0.208535
0.208726
0.208831
0.208879
0.208868
0.186809
0.186834
0.187031
0.187423
0.188063
0.189009
0.19036
0.192229
0.194718
0.197866
0.201077
0.203619
0.205433
0.206685
0.207514
0.208042
0.208364
0.208548
0.208621
0.208608
0.181434
0.181464
0.181694
0.182155
0.182893
0.184019
0.185651
0.187939
0.191019
0.194952
0.199004
0.202243
0.204597
0.20622
0.207315
0.20803
0.20848
0.208737
0.208834
0.208819
0.175214
0.175248
0.175526
0.176092
0.177014
0.1784
0.180421
0.183267
0.187118
0.192054
0.197158
0.201257
0.204223
0.206296
0.207699
0.208623
0.209207
0.20954
0.209665
0.209647
0.167944
0.167986
0.168337
0.169056
0.170225
0.171974
0.174514
0.178103
0.182954
0.18916
0.195569
0.200707
0.204432
0.207038
0.208807
0.209973
0.210711
0.211129
0.211287
0.211265
0.15934
0.159395
0.159853
0.160777
0.162278
0.164509
0.167757
0.172323
0.178458
0.186269
0.194295
0.200708
0.205352
0.208602
0.210811
0.212268
0.213189
0.21371
0.213903
0.213874
0.149012
0.149087
0.149683
0.150885
0.152832
0.155738
0.159929
0.165762
0.173554
0.18339
0.193413
0.201381
0.207138
0.211167
0.213911
0.215724
0.216871
0.217519
0.217757
0.217717
0.13642
0.136527
0.137314
0.138911
0.141483
0.145284
0.150724
0.158249
0.168185
0.180558
0.193025
0.202873
0.209975
0.214946
0.218339
0.220589
0.222009
0.222803
0.223098
0.223047
0.120779
0.12093
0.121993
0.124165
0.127627
0.132687
0.139868
0.149654
0.162335
0.177851
0.193269
0.205362
0.214071
0.220179
0.224365
0.22716
0.228937
0.22992
0.230278
0.230211
0.100898
0.10111
0.102616
0.105684
0.110486
0.117404
0.127031
0.139832
0.156024
0.175389
0.194308
0.209033
0.219642
0.227118
0.232277
0.23575
0.237981
0.23922
0.239654
0.239569
0.0749335
0.0752663
0.0775325
0.0820867
0.0890123
0.0987331
0.111842
0.128701
0.149341
0.173329
0.196306
0.214052
0.226867
0.23598
0.242349
0.246699
0.249535
0.251126
0.25168
0.251564
0.0397668
0.040382
0.0441781
0.0515063
0.0620228
0.0761106
0.0942063
0.116422
0.14253
0.171899
0.199433
0.220538
0.235848
0.246889
0.254768
0.260292
0.263987
0.26608
0.266791
0.266632
-0.0108294
-0.00895881
-0.00117706
0.0118859
0.0287158
0.049557
0.0745332
0.103498
0.136036
0.171405
0.203844
0.228534
0.246557
0.259783
0.269495
0.276575
0.281538
0.284517
0.285538
0.285316
-0.0868852
-0.0769064
-0.0590855
-0.0357696
-0.00941564
0.0204001
0.0537681
0.0905056
0.130191
0.172123
0.209935
0.238655
0.25987
0.275821
0.287995
0.29742
0.304603
0.309374
0.311312
0.311456
-0.167894
-0.145749
-0.117344
-0.0837459
-0.0477125
-0.00884608
0.0329591
0.0776214
0.124832
0.17404
0.218242
0.252058
0.277459
0.297049
0.312533
0.325022
0.335068
0.343436
0.347334
0.347637
-0.231005
-0.206589
-0.169909
-0.128139
-0.0836198
-0.0364366
0.0133378
0.06557
0.119965
0.176007
0.226001
0.264194
0.292965
0.31528
0.333005
0.347336
0.358859
0.368052
0.371606
0.372179
-0.281963
-0.255429
-0.214147
-0.166516
-0.115528
-0.0615948
-0.00495169
0.05407
0.115018
0.177278
0.232372
0.274112
0.305274
0.329176
0.347913
0.362884
0.374847
0.383894
0.387781
0.388347
-0.323168
-0.296014
-0.251323
-0.199332
-0.143354
-0.0839973
-0.0216451
0.0432066
0.10995
0.177749
0.237236
0.281839
0.314742
0.339665
0.358954
0.374152
0.386136
0.395002
0.399134
0.399706
-0.358101
-0.330615
-0.28355
-0.228087
-0.168073
-0.104221
-0.0370053
0.0329484
0.104848
0.177667
0.241197
0.288364
0.322737
0.348425
0.368016
0.383219
0.395077
0.403721
0.407911
0.408484
-0.388695
-0.36113
-0.31226
-0.253954
-0.190534
-0.122812
-0.0513661
0.0231184
0.0997334
0.177227
0.244499
0.29401
0.329704
0.356053
0.375908
0.391141
0.402915
0.411368
0.415559
0.416142
-0.416381
-0.388748
-0.338418
-0.277761
-0.211476
-0.140423
-0.0652182
0.0133658
0.0942979
0.176151
0.247065
0.298965
0.336047
0.363138
0.383328
0.39865
0.410372
0.41869
0.422812
0.423419
-0.442049
-0.414323
-0.362762
-0.300108
-0.231349
-0.15739
-0.0788767
0.00337981
0.0883343
0.174453
0.249072
0.303489
0.342095
0.370045
0.390664
0.406153
0.417879
0.426095
0.4301
0.430779
-0.466393
-0.438474
-0.385836
-0.321415
-0.2505
-0.173996
-0.0925364
-0.00690194
0.0818417
0.172108
0.250493
0.307623
0.347973
0.376964
0.398151
0.4139
0.425693
0.433841
0.437716
0.438408
-0.489597
-0.461453
-0.407862
-0.342003
-0.269169
-0.190401
-0.10629
-0.0175905
0.0746762
0.168966
0.25125
0.311352
0.353737
0.384008
0.405939
0.422071
0.434005
0.442121
0.44585
0.446507
-0.512046
-0.483572
-0.429177
-0.36201
-0.287482
-0.206729
-0.12027
-0.0288046
0.0667428
0.164943
0.251232
0.314599
0.359357
0.39121
0.414102
0.430763
0.44293
0.451068
0.454641
0.455205
-0.533777
-0.504996
-0.449968
-0.38153
-0.305539
-0.223057
-0.134521
-0.0405546
0.0580189
0.159968
0.250311
0.31723
0.364722
0.398505
0.422636
0.440019
0.452536
0.46074
0.464196
0.464595
-0.554858
-0.525726
-0.470143
-0.400605
-0.32335
-0.239355
-0.149006
-0.0528381
0.0484773
0.153955
0.248349
0.319056
0.369645
0.405755
0.431466
0.449819
0.46284
0.471165
0.474519
0.47472
-0.575349
-0.545912
-0.489707
-0.419238
-0.340902
-0.255599
-0.163693
-0.0656128
0.0381369
0.146869
0.245208
0.319857
0.373928
0.412824
0.44052
0.460112
0.473791
0.482263
0.485502
0.485511
-0.595304
-0.565479
-0.508695
-0.437418
-0.358149
-0.271751
-0.178522
-0.0788125
0.0270497
0.138698
0.240776
0.319408
0.377304
0.419496
0.449674
0.470846
0.485321
0.493938
0.496941
0.496786
-0.614553
-0.584364
-0.52706
-0.455103
-0.375044
-0.287725
-0.193413
-0.0923461
0.0152951
0.129477
0.234973
0.317489
0.37938
0.425372
0.458693
0.481972
0.497394
0.506037
0.508701
0.508353
-0.633089
-0.602569
-0.544786
-0.472235
-0.39152
-0.30346
-0.20827
-0.106122
0.00297188
0.119272
0.227757
0.313922
0.379792
0.429969
0.46725
0.493512
0.510202
0.518464
0.520402
0.519848
-0.650947
-0.620026
-0.561847
-0.488784
-0.407522
-0.318875
-0.223004
-0.120025
-0.00980572
0.108183
0.219148
0.308571
0.378209
0.432668
0.474731
0.505385
0.524402
0.531725
0.531678
0.530811
-0.668004
-0.636761
-0.578199
-0.504691
-0.422997
-0.333895
-0.237523
-0.133943
-0.0229008
0.0963457
0.209228
0.301365
0.374363
0.432758
0.480021
0.516876
0.540919
0.548433
0.543827
0.541244
-0.684348
-0.652762
-0.593863
-0.519982
-0.43798
-0.348567
-0.251882
-0.147932
-0.0363789
0.0837006
0.197893
0.292097
0.36794
0.429431
0.481381
0.525825
0.558915
0.573867
0.567286
0.544358
-0.699933
-0.668043
-0.608956
-0.534825
-0.452736
-0.363192
-0.266464
-0.16245
-0.0507645
0.0695975
0.184442
0.279873
0.358052
0.421481
0.475544
0.526365
0.567281
0.583734
0.569946
0.54258
-0.714635
-0.682797
-0.623317
-0.548968
-0.466996
-0.377448
-0.281052
-0.177172
-0.065728
0.0543764
0.169115
0.264644
0.344339
0.408696
0.458621
0.508213
0.543262
0.547672
0.480216
0.43549
-0.727871
-0.697786
-0.636548
-0.561861
-0.48012
-0.390905
-0.295374
-0.191889
-0.0810495
0.0382218
0.151992
0.246423
0.326221
0.391951
0.43238
0.460421
0.480669
0.440205
0.363545
0.312917
-0.78003
-0.70977
-0.648458
-0.575018
-0.49346
-0.404861
-0.309507
-0.206839
-0.0970201
0.0208136
0.132688
0.224969
0.301836
0.372252
0.38578
0.389329
0.361579
0.294751
0.206705
0.157715
-0.737455
-0.723567
-0.66508
-0.593672
-0.51241
-0.42456
-0.33062
-0.229314
-0.121418
-0.0064421
0.10106
0.188156
0.256744
0.314099
0.319401
0.195721
0.0765332
-0.00510857
-0.0911621
-0.0440635
-0.764416
-0.737417
-0.67958
-0.607818
-0.527287
-0.440025
-0.346283
-0.246073
-0.13978
-0.0273462
0.0762228
0.157824
0.218806
0.247487
0.19043
0.0176781
-0.14118
-0.251897
-0.373058
-0.298598
-0.784409
-0.753858
-0.695934
-0.623766
-0.543574
-0.456745
-0.363547
-0.264617
-0.160232
-0.0508661
0.0480809
0.123033
0.173362
0.174301
0.048729
-0.182223
-0.381548
-0.53315
-0.707502
-0.640401
-0.803173
-0.771302
-0.712522
-0.639819
-0.55975
-0.473357
-0.381062
-0.283521
-0.18122
-0.0752121
0.0185176
0.0862313
0.122383
0.0836635
-0.117346
-0.387514
-0.646472
-0.877237
-1.13509
-1.11314
-0.820516
-0.788654
-0.729445
-0.656313
-0.576374
-0.490487
-0.39919
-0.303144
-0.203104
-0.100685
-0.0125578
0.0476584
0.0672756
-0.0185574
-0.278755
-0.579144
-0.892371
-1.17708
-1.52105
-1.89541
-0.837535
-0.806078
-0.746755
-0.673555
-0.593754
-0.508366
-0.418022
-0.323487
-0.225725
-0.12699
-0.0445583
0.00771866
0.00959163
-0.127066
-0.424016
-0.731134
-1.05067
-1.32355
-1.44188
-1.627
-0.854829
-0.823818
-0.76474
-0.691701
-0.612171
-0.527396
-0.438125
-0.345257
-0.250055
-0.155403
-0.0791336
-0.035491
-0.0535885
-0.255088
-0.554569
-0.84384
-1.10808
-1.2832
-1.31851
-1.35011
-0.872673
-0.842097
-0.783415
-0.71068
-0.6316
-0.547604
-0.459634
-0.368725
-0.276479
-0.186443
-0.116749
-0.0823015
-0.130337
-0.377152
-0.675653
-0.938183
-1.14512
-1.24461
-1.27143
-1.27279
-0.891194
-0.860973
-0.802594
-0.730361
-0.651839
-0.568834
-0.482398
-0.393772
-0.304799
-0.219815
-0.156941
-0.13286
-0.212172
-0.48989
-0.793942
-1.04483
-1.18616
-1.23137
-1.23829
-1.24069
-0.91017
-0.8803
-0.822251
-0.75053
-0.672719
-0.590876
-0.506226
-0.420168
-0.334804
-0.255355
-0.199579
-0.187574
-0.298892
-0.596753
-0.904439
-1.17683
-1.21701
-1.2318
-1.24697
-1.24959
-0.929307
-0.899795
-0.842164
-0.770925
-0.693919
-0.613443
-0.530808
-0.447594
-0.366249
-0.292595
-0.244805
-0.243432
-0.390813
-0.693848
-0.995843
-1.34949
-1.41408
-1.32067
-1.28117
-1.27045
-0.947924
-0.918721
-0.861907
-0.791112
-0.715058
-0.63607
-0.555735
-0.475713
-0.39876
-0.330998
-0.291757
-0.296758
-0.4873
-0.778127
-1.00658
-1.33637
-1.44244
-1.29421
-1.24701
-1.23243
-0.965438
-0.936777
-0.880542
-0.810489
-0.735483
-0.658221
-0.580411
-0.50393
-0.431655
-0.369682
-0.339315
-0.349888
-0.590663
-0.847276
-0.849212
-0.82628
-1.02212
-1.157
-1.21305
-1.2154
-0.981171
-0.953113
-0.897562
-0.828175
-0.754311
-0.67897
-0.603995
-0.531489
-0.463999
-0.408122
-0.385715
-0.403885
-0.720946
-1.0119
-0.936888
-0.62903
-0.889002
-1.24953
-1.43927
-1.46493
-0.993847
-0.966623
-0.91185
-0.843073
-0.770475
-0.697281
-0.625519
-0.557308
-0.49476
-0.444848
-0.428512
-0.463469
-0.899807
-1.50237
-2.03712
-2.14097
-2.20912
-2.1107
-2.05447
-2.04742
-1.00219
-0.975997
-0.92201
-0.853938
-0.782723
-0.71192
-0.64385
-0.580319
-0.52275
-0.477422
-0.465199
-0.526877
-1.1083
-2.08248
-3.51164
-4.28242
-4.37355
-3.95291
-3.37476
-3.11738
-1.00453
-0.979538
-0.926557
-0.859191
-0.789549
-0.721512
-0.6576
-0.599837
-0.548742
-0.505501
-0.492048
-0.562405
-1.08282
-2.12115
-3.52877
-4.48491
-4.46778
-4.05576
-3.56582
-3.30027
-0.998891
-0.975238
-0.92342
-0.857031
-0.789318
-0.724451
-0.665489
-0.614825
-0.572645
-0.530994
-0.500894
-0.534501
-0.758412
-1.17322
-1.47494
-1.65978
-1.53067
-1.30844
-1.10977
-0.97586
-0.983246
-0.960912
-0.910562
-0.845793
-0.780454
-0.719375
-0.666802
-0.627062
-0.600273
-0.56757
-0.512896
-0.459431
-0.379331
-0.137527
0.21537
0.678458
1.07632
1.31352
1.41743
1.45411
-0.955637
-0.934781
-0.886423
-0.824053
-0.761781
-0.705375
-0.660783
-0.635936
-0.639209
-0.649783
-0.588886
-0.393945
-0.131985
0.351712
1.00573
1.58933
2.04081
2.30509
2.4051
2.43232
-0.914873
-0.895575
-0.849867
-0.791007
-0.732706
-0.681772
-0.647091
-0.644794
-0.704026
-0.85521
-0.918375
-0.587397
-0.143788
0.430427
1.09925
1.65632
2.06274
2.29793
2.39236
2.41875
-0.859625
-0.841663
-0.800328
-0.746343
-0.692944
-0.64789
-0.623894
-0.650417
-0.806252
-1.25883
-1.60278
-1.09303
-0.370479
0.258312
0.899088
1.39751
1.74063
1.92419
1.99972
2.02051
-0.790152
-0.774299
-0.737963
-0.689754
-0.64176
-0.60175
-0.58504
-0.632906
-0.876073
-1.60855
-2.35424
-1.64252
-0.744001
0.0210347
0.626536
1.05211
1.31422
1.44495
1.50647
1.51209
-0.706486
-0.692346
-0.661881
-0.620601
-0.577761
-0.540604
-0.522822
-0.562413
-0.773435
-1.37578
-1.89355
-1.34383
-0.635825
0.0126563
0.474954
0.761426
0.925646
1.01564
1.0599
1.06685
-0.611966
-0.601986
-0.57496
-0.539163
-0.500556
-0.463695
-0.43741
-0.443307
-0.535193
-0.779806
-0.888516
-0.556693
-0.125829
0.225316
0.446534
0.582123
0.667896
0.72202
0.750812
0.758499
-0.496829
-0.491414
-0.472447
-0.44437
-0.411894
-0.377515
-0.345173
-0.32401
-0.331827
-0.374159
-0.342129
-0.104046
0.119517
0.295507
0.410204
0.482352
0.529986
0.56231
0.580317
0.583817
-0.385485
-0.382649
-0.369149
-0.348084
-0.322381
-0.292652
-0.26
-0.226913
-0.196398
-0.1605
-0.077429
0.0798078
0.204472
0.295181
0.358332
0.399065
0.425677
0.44195
0.44942
0.450758
-0.284937
-0.283343
-0.274571
-0.259093
-0.239362
-0.215176
-0.18589
-0.151022
-0.108597
-0.0503889
0.034377
0.140098
0.219108
0.272422
0.30897
0.332195
0.346241
0.354001
0.357197
0.357115
-0.194598
-0.194138
-0.188982
-0.179019
-0.165375
-0.147251
-0.123423
-0.0922547
-0.0508648
0.00658188
0.0789759
0.151939
0.206048
0.241931
0.265193
0.279056
0.286465
0.289777
0.290689
0.290202
-0.116135
-0.11646
-0.11483
-0.110276
-0.102386
-0.0902413
-0.0725016
-0.0473084
-0.0120273
0.0370137
0.0948204
0.147202
0.185573
0.21078
0.226348
0.234927
0.238854
0.240146
0.240237
0.239705
-0.0543738
-0.0550905
-0.0559373
-0.0555092
-0.0523783
-0.0452855
-0.0329651
-0.0138058
0.0142548
0.0534638
0.0980385
0.136225
0.163828
0.181753
0.192369
0.197888
0.200071
0.200437
0.200226
0.199761
-0.0108616
-0.011661
-0.0135332
-0.0151351
-0.0148273
-0.0114386
-0.00357863
0.010214
0.0314846
0.0616254
0.0953882
0.12349
0.143459
0.15626
0.163704
0.167331
0.16848
0.168408
0.168094
0.167707
0.0171983
0.0165116
0.0145692
0.0124446
0.0116267
0.0130578
0.0178466
0.0273656
0.0429678
0.0655891
0.090802
0.111428
0.125947
0.135098
0.140143
0.142384
0.142874
0.14252
0.142147
0.141834
0.0340551
0.0335444
0.0319581
0.0300033
0.0288751
0.0294188
0.032505
0.0390922
0.0502885
0.0669071
0.0855595
0.10068
0.111045
0.11738
0.120774
0.122127
0.122179
0.121664
0.121276
0.12103
0.0435429
0.0431878
0.0420424
0.0405311
0.0394969
0.0395544
0.0414698
0.0460891
0.0541957
0.0663051
0.07985
0.0907282
0.0981384
0.102631
0.1049
0.10564
0.105451
0.104894
0.104534
0.104345
0.0485149
0.0482695
0.0474826
0.0463934
0.0455983
0.045535
0.0467202
0.0498062
0.0555084
0.0642613
0.0741302
0.082048
0.0873318
0.0903942
0.0918385
0.0921993
0.0918981
0.091369
0.0910584
0.0909147
0.0507093
0.0505316
0.0499682
0.0491637
0.048541
0.048427
0.0492207
0.0513858
0.0554132
0.061653
0.0687141
0.0743138
0.0779891
0.0800763
0.0809943
0.0811251
0.0807904
0.0803257
0.0800697
0.079959
0.0510073
0.0508735
0.0504393
0.0498041
0.0492842
0.0491105
0.0495672
0.0510152
0.0538366
0.0582656
0.0632875
0.0672642
0.0698414
0.0712491
0.0718081
0.071811
0.0714934
0.0711065
0.070901
0.0708151
0.0498841
0.049783
0.0494429
0.0489324
0.0484965
0.0483059
0.0485638
0.0495214
0.051458
0.0545645
0.0581092
0.0608887
0.0626491
0.0635709
0.0638912
0.0638205
0.0635308
0.0632098
0.0630443
0.0629775
0.0476881
0.0476114
0.0473449
0.046932
0.0465623
0.0463619
0.0464786
0.0470968
0.048417
0.0505682
0.0530309
0.0549503
0.0561425
0.0567356
0.0569013
0.0567935
0.0565372
0.0562731
0.0561407
0.0560889
0.0447035
0.0446447
0.0444396
0.0441129
0.0438081
0.0436175
0.0436463
0.0440263
0.0449048
0.0463774
0.0480741
0.0493826
0.0501719
0.0505366
0.0506018
0.0504778
0.050255
0.0500389
0.0499333
0.049893
0.041166
0.0411203
0.0409639
0.0407101
0.0404647
0.0402942
0.0402732
0.0404971
0.0410699
0.0420599
0.0432071
0.0440818
0.044591
0.0448023
0.0448056
0.0446799
0.0444905
0.0443157
0.0442318
0.0442004
0.0372532
0.0372172
0.0370978
0.0369024
0.036707
0.036559
0.0365113
0.0366307
0.0369928
0.0376454
0.0384089
0.0389811
0.039298
0.0394087
0.0393766
0.0392582
0.0390998
0.0389593
0.0388925
0.038868
0.0330882
0.0330598
0.0329681
0.0328174
0.0326626
0.0325371
0.0324771
0.0325305
0.0327499
0.033169
0.033664
0.0340275
0.0342158
0.0342618
0.0342115
0.0341045
0.0339739
0.0338616
0.0338085
0.0337893
0.0287524
0.0287299
0.028659
0.0285426
0.0284198
0.0283143
0.0282512
0.0282635
0.0283882
0.0286487
0.0289608
0.0291833
0.0292859
0.0292924
0.0292345
0.0291405
0.0290334
0.0289436
0.0289014
0.0288865
0.0243004
0.0242827
0.0242277
0.0241373
0.0240399
0.0239522
0.0238913
0.0238801
0.023944
0.0240987
0.024288
0.0244167
0.0244647
0.0244483
0.0243902
0.0243097
0.0242227
0.0241515
0.0241182
0.0241067
0.0197689
0.0197553
0.0197127
0.0196423
0.0195651
0.0194932
0.0194382
0.0194155
0.0194422
0.0195281
0.0196367
0.0197054
0.0197209
0.0196944
0.0196409
0.0195734
0.0195034
0.0194472
0.0194213
0.0194126
0.0151804
0.0151702
0.0151374
0.0150831
0.0150233
0.0149666
0.0149202
0.0148942
0.0149001
0.0149443
0.0150029
0.015036
0.0150345
0.0150056
0.0149594
0.0149046
0.0148489
0.0148048
0.014785
0.0147786
0.0105497
0.0105423
0.0105179
0.0104779
0.0104342
0.0103926
0.0103575
0.010335
0.0103317
0.0103514
0.0103798
0.0103926
0.0103844
0.0103595
0.010324
0.0102831
0.0102416
0.0102086
0.0101938
0.0101893
0.00588604
0.00588128
0.00586571
0.00584054
0.00581357
0.00578816
0.00576669
0.00575207
0.00574735
0.00575396
0.00576472
0.00576726
0.005759
0.00574239
0.00572027
0.0056949
0.00566887
0.00564785
0.00563836
0.00563531
0.00119559
0.00119566
0.00119638
0.00119063
0.00118209
0.00117433
0.00116746
0.00116146
0.00115655
0.00115285
0.00115033
0.00114791
0.00114437
0.0011395
0.00113348
0.00112647
0.00111851
0.00111082
0.00110826
0.00110913
-0.816429
-0.57156
-0.297694
-0.0754949
0.105332
0.251583
0.375833
0.480983
0.530193
0.507659
-0.378107
-0.2128
-0.0412221
0.106265
0.231608
0.337015
0.423179
0.485122
0.517565
0.528499
-0.0818893
0.0269994
0.141186
0.24278
0.330523
0.404274
0.462993
0.505905
0.535737
0.552557
0.123089
0.197531
0.277434
0.349441
0.412137
0.465206
0.508451
0.542349
0.56879
0.586351
0.276649
0.330202
0.386615
0.439979
0.486972
0.527656
0.562008
0.590051
0.612676
0.630073
0.39864
0.437792
0.482015
0.523842
0.561738
0.595315
0.624294
0.648268
0.667582
0.684722
0.501559
0.533845
0.572174
0.608073
0.641334
0.671245
0.697161
0.718461
0.734952
0.751969
0.596619
0.628049
0.66476
0.699158
0.730803
0.759107
0.783349
0.802847
0.816905
0.833966
0.695922
0.730501
0.768779
0.803797
0.835101
0.862365
0.885198
0.903138
0.915503
0.932963
0.813336
0.852012
0.891612
0.926739
0.956878
0.982309
1.00324
1.01957
1.03137
1.04951
0.959764
0.9988
1.03553
1.06675
1.09291
1.11543
1.13484
1.15064
1.1633
1.18136
1.13571
1.16766
1.19418
1.21697
1.23724
1.25621
1.27414
1.29079
1.30627
1.32439
1.32487
1.34224
1.3575
1.37395
1.39003
1.4047
1.41801
1.43204
1.44968
1.46987
1.50692
1.51654
1.52819
1.53906
1.54839
1.5581
1.56904
1.58049
1.5919
1.60728
1.71441
1.7181
1.70315
1.68835
1.68221
1.68797
1.70647
1.73684
1.76906
1.79573
2.02069
1.88583
1.80933
1.76713
1.74969
1.75367
1.78112
1.83752
1.94015
2.16453
0.313472
0.311385
0.306907
0.298333
0.286194
0.274167
0.26405
0.256266
0.250727
0.247464
0.246953
0.24938
0.254146
0.26105
0.270168
0.281492
0.29397
0.304875
0.310948
0.313936
0.237721
0.243586
0.250008
0.254634
0.257238
0.257061
0.254487
0.250821
0.247387
0.245089
0.244755
0.246662
0.249983
0.253923
0.257403
0.259009
0.257845
0.254167
0.24883
0.242146
0.229167
0.231477
0.234995
0.238166
0.240429
0.242105
0.243028
0.242853
0.241914
0.241001
0.240978
0.242072
0.243504
0.244428
0.244255
0.243045
0.241202
0.238595
0.235134
0.232118
0.22338
0.224444
0.226488
0.229209
0.231562
0.233264
0.234486
0.235387
0.235888
0.236118
0.236401
0.236784
0.236926
0.236559
0.235739
0.234473
0.232569
0.230041
0.22758
0.226089
0.218205
0.21882
0.220185
0.222379
0.224672
0.226783
0.228457
0.229665
0.230577
0.23125
0.231707
0.231875
0.231638
0.230999
0.229861
0.228152
0.226052
0.223864
0.222051
0.221164
0.213575
0.213884
0.214982
0.217005
0.219152
0.221192
0.223116
0.224781
0.226058
0.226982
0.227566
0.227687
0.227278
0.226298
0.224834
0.223091
0.221162
0.219135
0.217534
0.216975
0.210845
0.210973
0.211712
0.213232
0.214922
0.216514
0.217993
0.219414
0.220755
0.221898
0.222632
0.222756
0.222348
0.221578
0.220573
0.219335
0.217891
0.216368
0.215237
0.214926
0.209306
0.209375
0.209798
0.210706
0.211857
0.213128
0.214568
0.216005
0.217352
0.218547
0.21942
0.219731
0.219499
0.218855
0.217926
0.216916
0.215987
0.215112
0.214509
0.214338
0.207349
0.207394
0.207625
0.208105
0.208731
0.209602
0.210572
0.211748
0.213044
0.214326
0.215365
0.215868
0.215877
0.215588
0.215215
0.214806
0.214394
0.214003
0.213733
0.213639
0.204535
0.204559
0.204725
0.20512
0.205688
0.206335
0.207244
0.208365
0.209635
0.210993
0.212238
0.21304
0.213366
0.213379
0.213227
0.213053
0.212836
0.212602
0.212444
0.212397
0.201191
0.201194
0.201317
0.20167
0.202197
0.20286
0.2037
0.204788
0.206112
0.207634
0.209152
0.210288
0.210932
0.211218
0.211358
0.211417
0.211312
0.21115
0.211063
0.211048
0.197576
0.197574
0.197671
0.197985
0.198497
0.199175
0.200047
0.201166
0.202595
0.204334
0.206211
0.207759
0.20879
0.209444
0.209798
0.209947
0.209983
0.209943
0.209929
0.209933
0.193643
0.193637
0.193728
0.194026
0.194504
0.195186
0.196122
0.197383
0.199034
0.201114
0.203455
0.20548
0.206913
0.207867
0.208474
0.208827
0.209006
0.209088
0.209137
0.20915
0.189236
0.189226
0.18933
0.189611
0.190104
0.190839
0.191889
0.193349
0.195317
0.197856
0.200786
0.203409
0.205291
0.206612
0.207485
0.208044
0.208382
0.208578
0.20868
0.208701
0.184217
0.184205
0.184318
0.184636
0.185184
0.186027
0.187262
0.189017
0.19142
0.194564
0.198242
0.201568
0.204007
0.205744
0.206921
0.207695
0.208188
0.208487
0.208637
0.208666
0.178443
0.178427
0.178569
0.178952
0.179612
0.180616
0.182117
0.184277
0.187259
0.191187
0.195809
0.200015
0.203146
0.20535
0.206867
0.20788
0.208538
0.208941
0.209138
0.209177
0.171729
0.17171
0.171891
0.172368
0.173181
0.174434
0.176308
0.179015
0.182756
0.18769
0.193501
0.198794
0.202725
0.205516
0.207439
0.208731
0.209575
0.210095
0.210348
0.210395
0.163837
0.163812
0.164046
0.164649
0.16568
0.167279
0.169669
0.173093
0.177819
0.184039
0.191339
0.197971
0.202885
0.206378
0.208786
0.210407
0.211473
0.212133
0.212452
0.21251
0.154438
0.154407
0.154717
0.155505
0.156837
0.158901
0.161963
0.166336
0.172351
0.18021
0.189368
0.197641
0.203753
0.208094
0.211087
0.213103
0.214432
0.215259
0.215654
0.215729
0.143047
0.143007
0.143427
0.144477
0.146228
0.148918
0.152899
0.158561
0.166253
0.17619
0.18765
0.197924
0.205486
0.210853
0.214553
0.217045
0.21869
0.219714
0.220204
0.220298
0.128999
0.12895
0.129538
0.130964
0.133314
0.136896
0.142156
0.149524
0.159396
0.171972
0.186267
0.198957
0.208261
0.214864
0.219425
0.222502
0.224536
0.225815
0.226434
0.226545
0.111339
0.111289
0.112143
0.11412
0.117339
0.122204
0.129238
0.13893
0.151683
0.167588
0.185329
0.200895
0.212266
0.22035
0.225961
0.229767
0.232292
0.233881
0.23466
0.234798
0.0886149
0.0885881
0.0898832
0.0927214
0.0972809
0.104073
0.113688
0.12661
0.143124
0.163153
0.184995
0.20391
0.217689
0.227529
0.234419
0.239143
0.242307
0.244311
0.245292
0.245466
0.0583664
0.0584162
0.0605251
0.0649144
0.0717579
0.0816619
0.0951424
0.112517
0.133863
0.158889
0.185478
0.208182
0.224694
0.236575
0.245013
0.250902
0.254919
0.257501
0.258761
0.258981
0.0162264
0.0165495
0.0205176
0.0281015
0.0391724
0.0542291
0.0734405
0.0968278
0.124214
0.155099
0.186993
0.213833
0.233342
0.247535
0.257824
0.265205
0.270398
0.273848
0.275535
0.275804
-0.0458922
-0.0440006
-0.0346647
-0.0202647
-0.0013239
0.02193
0.049157
0.080199
0.114724
0.15214
0.189698
0.22086
0.243518
0.260209
0.272603
0.281834
0.288626
0.293314
0.295764
0.296086
-0.120099
-0.117
-0.0997522
-0.0742348
-0.0447097
-0.011962
0.0240185
0.0632091
0.105375
0.150028
0.194233
0.230882
0.257875
0.278243
0.293895
0.306087
0.315701
0.322492
0.325093
0.326196
-0.196368
-0.186961
-0.161361
-0.1258
-0.0867393
-0.0448517
-0.000268831
0.0469863
0.0967504
0.148624
0.199509
0.241638
0.272858
0.296731
0.315459
0.330423
0.34245
0.351409
0.356148
0.35802
-0.254173
-0.243549
-0.212959
-0.17086
-0.124471
-0.075055
-0.0229584
0.0316473
0.0884774
0.147073
0.204032
0.250902
0.285497
0.311853
0.332415
0.348707
0.36168
0.371535
0.377201
0.379239
-0.300692
-0.289604
-0.255649
-0.208915
-0.157116
-0.101842
-0.0435621
0.0173511
0.0804278
0.145067
0.207424
0.258243
0.295344
0.323264
0.344773
0.361633
0.374923
0.38496
0.390696
0.392801
-0.338928
-0.327863
-0.2919
-0.241556
-0.185519
-0.125563
-0.062201
0.00407726
0.0726354
0.142654
0.209806
0.264079
0.303269
0.332396
0.354543
0.371661
0.384977
0.394973
0.400726
0.402759
-0.371954
-0.360995
-0.323535
-0.270423
-0.210916
-0.14701
-0.0792843
-0.00833888
0.0650901
0.140032
0.211668
0.269117
0.310144
0.340254
0.362843
0.380088
0.393356
0.40328
0.409059
0.410971
-0.401276
-0.390438
-0.351935
-0.296558
-0.234147
-0.166882
-0.0953644
-0.0202597
0.0576062
0.137092
0.212894
0.273353
0.316167
0.347257
0.370321
0.387743
0.401032
0.410888
0.416686
0.418479
-0.428098
-0.41733
-0.377988
-0.320721
-0.25589
-0.185738
-0.110893
-0.032071
0.0498126
0.13354
0.213445
0.277002
0.321716
0.353891
0.377516
0.395178
0.408539
0.418373
0.424182
0.425864
-0.453243
-0.442509
-0.402433
-0.34349
-0.276556
-0.203887
-0.126133
-0.0440022
0.0416031
0.129407
0.213394
0.28017
0.326956
0.360383
0.384702
0.402705
0.416193
0.426016
0.431844
0.433413
-0.477105
-0.466374
-0.425624
-0.365273
-0.296504
-0.22162
-0.141273
-0.056123
0.0329216
0.124596
0.212634
0.282823
0.331938
0.366856
0.392056
0.410529
0.42423
0.434108
0.439901
0.441405
-0.500022
-0.489241
-0.447857
-0.386321
-0.315919
-0.23907
-0.156416
-0.0685727
0.023619
0.118973
0.211079
0.284896
0.336646
0.373338
0.399651
0.418761
0.432782
0.442761
0.448499
0.449985
-0.522226
-0.511302
-0.469286
-0.406778
-0.334902
-0.256362
-0.17168
-0.0814282
0.0136443
0.11248
0.208623
0.286258
0.340988
0.379799
0.407505
0.427461
0.441948
0.452114
0.457791
0.459258
-0.543729
-0.53265
-0.490128
-0.426702
-0.353536
-0.273521
-0.187065
-0.0946748
0.00299262
0.105057
0.205135
0.286759
0.344812
0.386154
0.415596
0.436642
0.451753
0.462197
0.467841
0.469245
-0.564655
-0.553362
-0.510417
-0.446072
-0.371828
-0.290528
-0.202533
-0.108289
-0.00832072
0.0966928
0.200533
0.286227
0.347905
0.392224
0.423808
0.446244
0.462163
0.47298
0.478613
0.479893
-0.584931
-0.573455
-0.530074
-0.464931
-0.389755
-0.307354
-0.218049
-0.122218
-0.0202537
0.0873917
0.194743
0.284479
0.349997
0.397693
0.431922
0.456155
0.473126
0.484395
0.490028
0.491116
-0.604607
-0.592908
-0.549074
-0.483258
-0.407279
-0.323951
-0.233547
-0.136382
-0.0327291
0.0771946
0.187721
0.281343
0.350816
0.402255
0.439727
0.466287
0.484592
0.496326
0.501837
0.502701
-0.623513
-0.611677
-0.567396
-0.501
-0.424338
-0.340233
-0.248947
-0.150691
-0.0456513
0.0661879
0.179483
0.276691
0.350099
0.405585
0.446901
0.476542
0.496628
0.508769
0.513875
0.514392
-0.641775
-0.629734
-0.585028
-0.518131
-0.440897
-0.356159
-0.264156
-0.165057
-0.0589138
0.0544783
0.170065
0.270456
0.347573
0.407179
0.452887
0.486648
0.509492
0.522008
0.525919
0.525737
-0.659262
-0.647005
-0.601951
-0.534608
-0.456881
-0.371652
-0.279095
-0.179355
-0.0723944
0.0421652
0.15957
0.262605
0.343042
0.406495
0.456835
0.495928
0.523447
0.537395
0.538681
0.536185
-0.676028
-0.663594
-0.618128
-0.550385
-0.47226
-0.386649
-0.293686
-0.193504
-0.0859711
0.0294127
0.148137
0.25316
0.336409
0.403126
0.457653
0.502861
0.537732
0.557135
0.557215
0.545779
-0.692007
-0.679429
-0.633659
-0.565594
-0.487218
-0.401414
-0.308244
-0.207894
-0.100097
0.0156964
0.13517
0.241465
0.326946
0.39633
0.453672
0.504562
0.548651
0.577951
0.581807
0.573765
-0.707184
-0.694379
-0.648559
-0.580204
-0.501754
-0.415952
-0.322749
-0.222527
-0.114786
0.000956264
0.120564
0.227322
0.314098
0.385529
0.442897
0.495081
0.54209
0.573844
0.560996
0.494545
-0.721384
-0.707849
-0.662756
-0.594236
-0.516016
-0.430392
-0.33724
-0.237283
-0.129954
-0.0146961
0.104357
0.210722
0.297389
0.37055
0.425463
0.466746
0.507372
0.516573
0.466258
0.393495
-0.734673
-0.721505
-0.676077
-0.607259
-0.529695
-0.444264
-0.351892
-0.252092
-0.145434
-0.0310593
0.0866749
0.191609
0.276332
0.351933
0.403876
0.447332
0.432508
0.403854
0.330773
0.251655
-0.717513
-0.700533
-0.654881
-0.5842
-0.502677
-0.414206
-0.317354
-0.215125
-0.105911
0.0110546
0.121754
0.212801
0.28742
0.36202
0.433194
0.344486
0.294486
0.228627
0.144658
0.0882812
-0.740613
-0.722468
-0.690387
-0.627592
-0.550735
-0.466115
-0.374092
-0.27545
-0.170246
-0.0580295
0.0564051
0.157042
0.236289
0.304457
0.366664
0.366364
0.245689
0.150216
0.0796101
-0.0200405
-0.757
-0.741336
-0.702282
-0.638496
-0.561618
-0.477814
-0.387177
-0.289766
-0.18599
-0.0757951
0.0359753
0.132912
0.207816
0.263325
0.281287
0.204542
0.0328632
-0.0817475
-0.170797
-0.278235
-0.773741
-0.761784
-0.717742
-0.65299
-0.57615
-0.492534
-0.402315
-0.30566
-0.203235
-0.095085
0.0131125
0.104418
0.171341
0.21264
0.180546
0.0220152
-0.175931
-0.32522
-0.4482
-0.614863
-0.792953
-0.780443
-0.734838
-0.669128
-0.592305
-0.508916
-0.419177
-0.323528
-0.22264
-0.116876
-0.012737
0.0724449
0.130325
0.152928
0.0713818
-0.161131
-0.40531
-0.607424
-0.79429
-1.04278
-0.810686
-0.798541
-0.752239
-0.685482
-0.608555
-0.52547
-0.436447
-0.342029
-0.242897
-0.139867
-0.0401229
0.0386409
0.0873113
0.0848801
-0.0603262
-0.341231
-0.634845
-0.921466
-1.16357
-1.69137
-0.827633
-0.816148
-0.769794
-0.702396
-0.625467
-0.54267
-0.454398
-0.361217
-0.263943
-0.163823
-0.0686646
0.00331308
0.0421982
-0.000480903
-0.207381
-0.50389
-0.822987
-1.13968
-1.41796
-1.91667
-0.844688
-0.833647
-0.787615
-0.720018
-0.643205
-0.56073
-0.473209
-0.381266
-0.285911
-0.188776
-0.0983466
-0.0334744
-0.00575928
-0.0883342
-0.344024
-0.639139
-0.942574
-1.21776
-1.34635
-1.3867
-0.862298
-0.851628
-0.805932
-0.738482
-0.66195
-0.579973
-0.493367
-0.402909
-0.309776
-0.216058
-0.130942
-0.0736674
-0.0587784
-0.173996
-0.472801
-0.757294
-1.01148
-1.21104
-1.27988
-1.29689
-0.880493
-0.870202
-0.824797
-0.757625
-0.681527
-0.600218
-0.514736
-0.426019
-0.335438
-0.24564
-0.166298
-0.117055
-0.115905
-0.272411
-0.590153
-0.872115
-1.08763
-1.21585
-1.24645
-1.25214
-0.899317
-0.889251
-0.84417
-0.777386
-0.701751
-0.621294
-0.537142
-0.450439
-0.362789
-0.27722
-0.204102
-0.163013
-0.180359
-0.384972
-0.698188
-0.993204
-1.17004
-1.19449
-1.22469
-1.23754
-0.918399
-0.908635
-0.863869
-0.797435
-0.722403
-0.642936
-0.560336
-0.475939
-0.391559
-0.310505
-0.244276
-0.210892
-0.257262
-0.495389
-0.79279
-1.12226
-1.31989
-1.28814
-1.27134
-1.26462
-0.937339
-0.927866
-0.883565
-0.817489
-0.743156
-0.664794
-0.583973
-0.50219
-0.421402
-0.345194
-0.286145
-0.260136
-0.334048
-0.597347
-0.865263
-1.20408
-1.51184
-1.38027
-1.30104
-1.26716
-0.955677
-0.946451
-0.90259
-0.837058
-0.763455
-0.686417
-0.60751
-0.528631
-0.451729
-0.380655
-0.328586
-0.310781
-0.409466
-0.694084
-0.882789
-1.0198
-1.17754
-1.21903
-1.21894
-1.20961
-0.972557
-0.963661
-0.920301
-0.855328
-0.782595
-0.706956
-0.630359
-0.554562
-0.481757
-0.416106
-0.370526
-0.363263
-0.488712
-0.805899
-0.910108
-0.684219
-0.755979
-1.02423
-1.23385
-1.29445
-0.987125
-0.978617
-0.93586
-0.871373
-0.799548
-0.725511
-0.65143
-0.579202
-0.510824
-0.450593
-0.410956
-0.418847
-0.570792
-1.02659
-1.32729
-1.19789
-1.22146
-1.42664
-1.63304
-1.71166
-0.998044
-0.989976
-0.948022
-0.883996
-0.813149
-0.740906
-0.669644
-0.601318
-0.538083
-0.483
-0.448889
-0.473756
-0.666303
-1.40736
-2.32421
-3.08818
-3.3433
-3.22305
-2.81314
-2.52609
-1.00394
-0.996378
-0.955322
-0.891863
-0.822037
-0.751778
-0.683637
-0.619923
-0.56305
-0.51268
-0.481085
-0.516003
-0.743641
-1.62893
-3.00398
-4.54362
-4.85129
-4.62712
-4.09401
-3.63515
-1.0027
-0.995691
-0.955808
-0.893157
-0.824552
-0.756552
-0.692146
-0.634276
-0.5839
-0.539895
-0.505885
-0.524155
-0.691957
-1.31858
-2.16326
-2.98357
-3.26317
-3.07267
-2.72763
-2.40022
-0.992456
-0.986065
-0.947563
-0.886032
-0.81896
-0.753684
-0.693756
-0.642493
-0.601758
-0.566754
-0.526939
-0.488608
-0.47095
-0.603772
-0.572269
-0.420201
-0.164296
0.104494
0.264046
0.363624
-0.97127
-0.965371
-0.928463
-0.86869
-0.803835
-0.741893
-0.687366
-0.645432
-0.620781
-0.606741
-0.5778
-0.478571
-0.355821
-0.0532422
0.451957
1.01913
1.5439
1.90185
2.06614
2.11579
-0.937425
-0.931908
-0.896951
-0.839915
-0.778167
-0.720314
-0.672407
-0.643457
-0.647192
-0.689557
-0.746137
-0.61819
-0.271705
0.123921
0.777086
1.41564
1.92643
2.27663
2.43988
2.48941
-0.889658
-0.885193
-0.852395
-0.799029
-0.741505
-0.688531
-0.648113
-0.635395
-0.684644
-0.865938
-1.16472
-1.06606
-0.496124
0.044634
0.709308
1.30498
1.75877
2.05632
2.19454
2.24068
-0.828298
-0.824199
-0.794292
-0.745706
-0.693639
-0.645865
-0.612262
-0.614945
-0.716928
-1.10927
-1.89967
-1.86038
-0.925277
-0.231994
0.464616
1.01479
1.39874
1.62898
1.73366
1.77615
-0.752717
-0.749146
-0.723125
-0.679839
-0.633733
-0.590662
-0.560494
-0.567642
-0.686008
-1.14122
-2.0814
-2.06545
-1.16012
-0.390785
0.269407
0.730523
1.01774
1.17654
1.2577
1.29962
-0.66238
-0.658884
-0.636249
-0.600966
-0.560882
-0.521239
-0.489977
-0.485263
-0.558607
-0.83678
-1.32552
-1.21517
-0.671952
-0.112437
0.307057
0.57072
0.729188
0.826528
0.890577
0.92886
-0.557243
-0.554278
-0.539186
-0.510363
-0.475646
-0.439045
-0.40469
-0.381842
-0.392286
-0.476162
-0.596044
-0.424603
-0.116602
0.166112
0.362752
0.483924
0.560732
0.611174
0.643626
0.660395
-0.439807
-0.438758
-0.429492
-0.408422
-0.381464
-0.350737
-0.317598
-0.28577
-0.262428
-0.255097
-0.224994
-0.0972345
0.0950503
0.241396
0.347022
0.414585
0.458797
0.488358
0.505578
0.511441
-0.333781
-0.333641
-0.327747
-0.312377
-0.291731
-0.266865
-0.237637
-0.204388
-0.16779
-0.125063
-0.0585896
0.0545362
0.173697
0.254205
0.311976
0.34997
0.374392
0.389413
0.397431
0.400072
-0.238083
-0.238481
-0.234937
-0.224746
-0.20994
-0.191134
-0.16729
-0.137424
-0.0997409
-0.0499513
0.0197505
0.106804
0.185309
0.237926
0.27366
0.296469
0.310094
0.317518
0.320818
0.321434
-0.153091
-0.15384
-0.152459
-0.147091
-0.138125
-0.125427
-0.107702
-0.0834314
-0.0503714
-0.00499269
0.0555925
0.121456
0.175769
0.212823
0.236903
0.251458
0.259281
0.262775
0.263872
0.263778
-0.0824622
-0.0832424
-0.0835556
-0.0825334
-0.0788656
-0.0716358
-0.0596034
-0.0413524
-0.0147994
0.0227235
0.0717076
0.121249
0.16001
0.186488
0.203202
0.212732
0.217365
0.219002
0.219205
0.218919
-0.0300868
-0.0307693
-0.0319474
-0.0334066
-0.033217
-0.0301336
-0.0228212
-0.00985382
0.0103783
0.0396977
0.0776044
0.114622
0.142772
0.161825
0.173556
0.18004
0.18292
0.18362
0.183448
0.183132
0.00511174
0.00458856
0.00323605
0.000957467
-0.000367677
0.000363658
0.0043536
0.0129837
0.0277195
0.0498901
0.0786436
0.106191
0.126663
0.14041
0.148751
0.153105
0.154788
0.154944
0.154578
0.154274
0.0269496
0.0265783
0.0254232
0.0232499
0.0215643
0.0213971
0.023637
0.0293209
0.0397241
0.0559996
0.077369
0.097757
0.112727
0.122559
0.128267
0.131082
0.131985
0.131783
0.131298
0.131017
0.0396426
0.0393868
0.0385323
0.0368226
0.0352892
0.034756
0.0360064
0.0399029
0.0473369
0.0591708
0.0748486
0.0897313
0.100438
0.10735
0.111312
0.11313
0.113511
0.11311
0.112591
0.112346
0.0465515
0.0463681
0.0457806
0.0445607
0.0433847
0.0428424
0.043476
0.0459968
0.0512163
0.0597737
0.071156
0.0819544
0.0897098
0.0946495
0.0973369
0.0984369
0.0985169
0.0980517
0.0975647
0.0973638
0.0499593
0.0498221
0.0494161
0.0485578
0.0476906
0.0472499
0.04764
0.0493453
0.052949
0.0590238
0.0672572
0.0750675
0.0805719
0.083966
0.0857408
0.0863828
0.0862907
0.0858259
0.0854009
0.0852392
0.0511145
0.0510112
0.0507097
0.0500617
0.0493818
0.0489847
0.049166
0.0503091
0.0528486
0.057161
0.0630079
0.0685426
0.07242
0.0747801
0.075957
0.0763093
0.0761422
0.0757267
0.0753765
0.0752478
0.05064
0.050563
0.0503308
0.049819
0.0492667
0.0489106
0.0489574
0.0496744
0.0513919
0.0544132
0.0585685
0.0625024
0.0652199
0.0668223
0.0675716
0.067738
0.0675428
0.0671851
0.0669004
0.0667981
0.0489314
0.0488741
0.0486949
0.048287
0.0478328
0.047514
0.047482
0.0479314
0.0490947
0.0511837
0.0540845
0.0568253
0.0586938
0.0597651
0.0602289
0.0602802
0.0600803
0.0597757
0.0595445
0.0594632
0.0463006
0.0462572
0.0461197
0.0457974
0.0454272
0.0451462
0.045063
0.0453176
0.0460809
0.0475089
0.0495167
0.0514117
0.0526845
0.053387
0.0536579
0.0536392
0.053448
0.0531917
0.0530053
0.052941
0.0430083
0.0429747
0.04287
0.0426209
0.0423269
0.0420895
0.0419867
0.0421187
0.0426073
0.0435647
0.0449339
0.0462234
0.0470714
0.0475166
0.047659
0.0476007
0.0474255
0.047212
0.0470623
0.0470114
0.039261
0.0392347
0.0391545
0.0389637
0.0387333
0.038537
0.03843
0.0384832
0.0387849
0.0394141
0.0403323
0.0411935
0.0417461
0.0420166
0.0420768
0.0419996
0.0418451
0.0416704
0.0415511
0.0415106
0.0352067
0.035186
0.035124
0.034978
0.0347986
0.0346385
0.0345362
0.0345422
0.0347184
0.0351211
0.0357236
0.0362869
0.0366359
0.0367897
0.036799
0.0367158
0.0365825
0.0364404
0.0363453
0.0363131
0.0309457
0.0309295
0.0308812
0.0307689
0.0306289
0.0304992
0.0304061
0.0303847
0.0304781
0.0307262
0.0311113
0.0314696
0.0316814
0.0317587
0.0317381
0.0316564
0.0315434
0.0314286
0.031353
0.0313274
0.0265451
0.0265325
0.0264947
0.0264075
0.0262976
0.0261924
0.0261098
0.0260741
0.0261155
0.0262614
0.0264993
0.0267185
0.0268387
0.0268683
0.0268325
0.0267571
0.0266626
0.0265699
0.0265098
0.0264896
0.0220482
0.0220384
0.0220088
0.021941
0.0218549
0.0217701
0.021699
0.0216582
0.0216681
0.0217474
0.0218878
0.0220158
0.0220775
0.0220787
0.0220371
0.0219704
0.0218925
0.0218182
0.0217706
0.0217548
0.017484
0.0174765
0.0174536
0.0174013
0.0173346
0.0172675
0.0172086
0.0171689
0.0171623
0.0172004
0.0172783
0.0173481
0.0173747
0.0173616
0.0173206
0.0172636
0.0172006
0.0171422
0.017105
0.0170927
0.0128719
0.0128663
0.0128492
0.0128101
0.0127598
0.0127085
0.0126622
0.012628
0.0126145
0.0126296
0.0126695
0.0127042
0.0127118
0.0126941
0.0126585
0.012613
0.012564
0.0125193
0.0124912
0.012482
0.00822293
0.00821894
0.00820728
0.00817988
0.00814484
0.0081098
0.00807808
0.00805353
0.008041
0.00804455
0.00806237
0.00807689
0.00807562
0.00805979
0.00803385
0.0080021
0.007968
0.00793652
0.00791707
0.00791085
0.00119503
0.00119661
0.00119431
0.00118638
0.00117809
0.00117079
0.0011643
0.00115874
0.00115463
0.00115198
0.00114958
0.00114627
0.00114203
0.00113661
0.00113011
0.00112262
0.00111435
0.00110867
0.0011091
0.00337274
-2.13896
-1.18781
-0.646543
-0.317385
-0.0711295
0.120357
0.273966
0.404891
0.534953
0.636068
-0.783206
-0.505778
-0.263291
-0.0648397
0.100234
0.237434
0.351652
0.445782
0.506092
0.517289
-0.31421
-0.158516
-0.0112661
0.120199
0.233572
0.33004
0.409662
0.470556
0.510461
0.532724
-0.033127
0.0679712
0.166575
0.257475
0.337117
0.405251
0.461237
0.504938
0.53761
0.559434
0.160641
0.230404
0.300814
0.36609
0.423845
0.473861
0.515928
0.550358
0.57778
0.596572
0.307989
0.355892
0.410771
0.459348
0.503718
0.542939
0.576885
0.60548
0.628814
0.64431
0.425881
0.464274
0.507583
0.546687
0.583411
0.616759
0.646091
0.671006
0.691271
0.703881
0.528178
0.561974
0.599545
0.635242
0.668691
0.699367
0.726381
0.749119
0.767101
0.777258
0.62499
0.659195
0.696594
0.732483
0.765453
0.795165
0.820904
0.842158
0.858305
0.866971
0.730418
0.768905
0.808413
0.845782
0.878838
0.907601
0.931784
0.951396
0.965998
0.974802
0.859395
0.902346
0.942248
0.978782
1.0098
1.03603
1.05803
1.07606
1.08988
1.10026
1.02212
1.06397
1.09811
1.12804
1.15294
1.17479
1.19466
1.21233
1.22728
1.24011
1.2133
1.24431
1.2658
1.28518
1.30347
1.32089
1.33727
1.35322
1.36985
1.38686
1.4116
1.4231
1.43429
1.44853
1.46292
1.47584
1.48731
1.49829
1.51128
1.52821
1.59772
1.60767
1.61636
1.6188
1.61962
1.62399
1.63494
1.65099
1.66867
1.67331
1.89891
1.84355
1.79272
1.75245
1.73018
1.72623
1.7397
1.77353
1.83001
1.90559
0.45569
0.396995
0.35459
0.320793
0.296208
0.278741
0.266336
0.257513
0.251469
0.247974
0.247412
0.249976
0.255086
0.26271
0.273361
0.288207
0.309067
0.338045
0.376699
0.424473
0.257152
0.265962
0.271586
0.272468
0.269091
0.263182
0.256875
0.251494
0.247677
0.245936
0.246847
0.250112
0.255058
0.261227
0.267717
0.272764
0.274248
0.270909
0.263401
0.255718
0.234009
0.236058
0.24076
0.244412
0.247086
0.248658
0.248505
0.24691
0.244822
0.243229
0.243044
0.244542
0.246872
0.249112
0.250267
0.249655
0.247546
0.24451
0.240302
0.235842
0.226853
0.227739
0.230397
0.23338
0.235656
0.237247
0.238423
0.239016
0.238929
0.238623
0.238755
0.239481
0.240188
0.240266
0.239572
0.238353
0.236572
0.233972
0.231031
0.228954
0.221071
0.221539
0.22315
0.225546
0.227865
0.229764
0.231151
0.232193
0.233001
0.233573
0.23397
0.234148
0.233974
0.233424
0.232495
0.23105
0.229036
0.226706
0.224659
0.22354
0.215932
0.216198
0.217431
0.219554
0.221818
0.224023
0.225967
0.227436
0.228468
0.229203
0.229708
0.2299
0.229638
0.228848
0.227443
0.225552
0.223459
0.221334
0.219621
0.218903
0.212024
0.212143
0.213067
0.214878
0.216817
0.218579
0.220224
0.221818
0.22323
0.224336
0.225007
0.22507
0.224568
0.223605
0.222385
0.220966
0.219285
0.217467
0.216069
0.21565
0.210077
0.210137
0.210707
0.211916
0.213344
0.214807
0.21631
0.21772
0.219016
0.220157
0.220953
0.221177
0.220879
0.220198
0.219209
0.218073
0.216864
0.215659
0.214804
0.214571
0.208453
0.208491
0.208794
0.209428
0.210256
0.211421
0.212564
0.213876
0.21523
0.21649
0.217446
0.217831
0.21769
0.217232
0.2166
0.215738
0.215123
0.21457
0.214179
0.214056
0.206046
0.20607
0.206263
0.206684
0.207263
0.207888
0.208862
0.209985
0.211238
0.212537
0.21367
0.214325
0.214508
0.214389
0.214122
0.213924
0.213623
0.213338
0.213136
0.213066
0.202908
0.202921
0.203065
0.203447
0.204014
0.204653
0.205488
0.206618
0.207924
0.209365
0.210738
0.211695
0.212164
0.212308
0.212303
0.212229
0.212067
0.211862
0.211738
0.211708
0.199412
0.199411
0.199516
0.199844
0.200348
0.201007
0.201929
0.202977
0.20433
0.205946
0.207631
0.208967
0.209808
0.210315
0.210522
0.210581
0.210592
0.210499
0.210452
0.210449
0.195654
0.195665
0.195746
0.196045
0.196543
0.19722
0.198118
0.199305
0.200838
0.202731
0.204828
0.206604
0.207827
0.20862
0.209111
0.20936
0.209456
0.209474
0.209493
0.209501
0.191497
0.191502
0.191602
0.191875
0.192355
0.193057
0.194043
0.195393
0.197189
0.199483
0.2021
0.204407
0.206068
0.207194
0.20793
0.208385
0.208644
0.208785
0.208862
0.20888
0.186794
0.186799
0.18691
0.187196
0.18771
0.188492
0.189627
0.191223
0.193393
0.196215
0.199498
0.202457
0.204587
0.206122
0.207145
0.207808
0.208223
0.208471
0.208597
0.208623
0.181414
0.181421
0.18155
0.181896
0.182482
0.183401
0.184763
0.186704
0.189375
0.192885
0.197007
0.200743
0.203537
0.205484
0.206823
0.207712
0.208282
0.208629
0.208802
0.208837
0.175188
0.175195
0.175353
0.17577
0.176502
0.177639
0.17932
0.181729
0.18506
0.189457
0.194639
0.19936
0.202868
0.205356
0.207068
0.208211
0.20895
0.209401
0.209624
0.20967
0.167911
0.16792
0.168119
0.168646
0.169577
0.171015
0.173128
0.176163
0.180363
0.185896
0.192406
0.198332
0.202729
0.205856
0.208011
0.209453
0.210386
0.210955
0.211235
0.211293
0.159297
0.159309
0.159569
0.160253
0.161446
0.163287
0.165986
0.16986
0.175184
0.182167
0.190339
0.197746
0.203229
0.207128
0.209816
0.211617
0.212784
0.213493
0.21384
0.213909
0.148957
0.148974
0.149314
0.150202
0.151754
0.154145
0.157652
0.162619
0.169403
0.178235
0.188481
0.197704
0.204507
0.209339
0.212675
0.214914
0.216367
0.217249
0.217681
0.217762
0.13635
0.136375
0.136827
0.138001
0.140062
0.143207
0.147771
0.154203
0.162911
0.174095
0.186905
0.198333
0.20673
0.21269
0.21681
0.219584
0.221387
0.222473
0.223002
0.223105
0.120687
0.120724
0.121334
0.122926
0.125724
0.129926
0.13598
0.144416
0.155635
0.169781
0.185721
0.199793
0.21009
0.217405
0.222475
0.225909
0.228157
0.229516
0.230162
0.230284
0.10077
0.100822
0.101681
0.103938
0.107858
0.113642
0.121848
0.133021
0.147519
0.165371
0.185075
0.202256
0.214788
0.223716
0.229943
0.234191
0.236999
0.238713
0.239515
0.23966
0.0747515
0.074833
0.0761265
0.0795119
0.0852461
0.0934837
0.104841
0.119805
0.138585
0.160999
0.185132
0.205888
0.220994
0.231822
0.239458
0.244739
0.248284
0.250472
0.251506
0.251682
0.0394877
0.0396407
0.0418388
0.0474229
0.0563649
0.0685916
0.084657
0.104828
0.129052
0.156911
0.186093
0.21083
0.228814
0.241827
0.251169
0.257785
0.262347
0.265221
0.266572
0.266788
-0.0112776
-0.010748
-0.00578893
0.00483035
0.0198353
0.0386413
0.0615597
0.0885746
0.119407
0.153489
0.188187
0.217177
0.238251
0.253683
0.265018
0.273325
0.279305
0.283281
0.285225
0.285535
-0.0860007
-0.0827822
-0.0689214
-0.0477936
-0.0229647
0.00508993
0.036702
0.0718016
0.110092
0.151021
0.191726
0.225418
0.250044
0.268403
0.282313
0.293009
0.301295
0.307319
0.310656
0.311536
-0.165207
-0.157166
-0.132504
-0.100811
-0.0660038
-0.0285735
0.0117649
0.0550313
0.101032
0.149336
0.196944
0.236422
0.265631
0.287869
0.305235
0.319113
0.330342
0.339482
0.346162
0.347538
-0.228787
-0.220917
-0.189299
-0.149302
-0.106142
-0.0602662
-0.0117699
0.0392645
0.0926381
0.147942
0.201939
0.24653
0.279551
0.304807
0.324642
0.340556
0.35344
0.363759
0.370551
0.372036
-0.279662
-0.271177
-0.235917
-0.190688
-0.141318
-0.0888136
-0.0334811
0.024408
0.0844683
0.146167
0.205911
0.254848
0.290781
0.317994
0.339102
0.355817
0.369252
0.379749
0.386534
0.388229
-0.320967
-0.312331
-0.275043
-0.22579
-0.171687
-0.113965
-0.0530419
0.0106375
0.0765324
0.143936
0.208737
0.261313
0.299488
0.328042
0.349914
0.367002
0.380541
0.390975
0.397751
0.399606
-0.355943
-0.347249
-0.308664
-0.256377
-0.198472
-0.136482
-0.0708646
-0.00217983
0.0688678
0.141389
0.210824
0.266722
0.306854
0.336488
0.358869
0.376093
0.389545
0.399827
0.40647
0.408403
-0.38661
-0.377925
-0.338452
-0.283772
-0.222696
-0.157052
-0.0873753
-0.0142985
0.0613921
0.138649
0.212398
0.271351
0.31326
0.343847
0.366666
0.384022
0.397419
0.407576
0.414086
0.416081
-0.414346
-0.405655
-0.365524
-0.308827
-0.245129
-0.176378
-0.103148
-0.0261311
0.0537928
0.13541
0.213257
0.27526
0.319007
0.350623
0.373957
0.391507
0.404919
0.414976
0.421338
0.423372
-0.440035
-0.431332
-0.390635
-0.332227
-0.266291
-0.194848
-0.118505
-0.0379907
0.0457829
0.131571
0.213512
0.27867
0.324394
0.357166
0.38112
0.398951
0.412438
0.422462
0.428641
0.4307
-0.464354
-0.455599
-0.414376
-0.354451
-0.28657
-0.212766
-0.133688
-0.0500096
0.0373529
0.127122
0.213132
0.281586
0.329502
0.363636
0.388368
0.406599
0.420238
0.430262
0.436293
0.438344
-0.487557
-0.478736
-0.437027
-0.375855
-0.306241
-0.230348
-0.148813
-0.0622787
0.0283719
0.121906
0.21199
0.283956
0.334353
0.370119
0.395838
0.414613
0.428504
0.438578
0.444489
0.446464
-0.509964
-0.50103
-0.45882
-0.396598
-0.325433
-0.24771
-0.164012
-0.0749313
0.0187306
0.115853
0.209988
0.285688
0.338894
0.376619
0.403584
0.423084
0.437344
0.447533
0.453368
0.45519
-0.531645
-0.522614
-0.479876
-0.416782
-0.344239
-0.26494
-0.179345
-0.087988
0.00842044
0.108903
0.207025
0.286643
0.342997
0.383043
0.411573
0.432031
0.446814
0.457197
0.463008
0.464639
-0.552712
-0.543523
-0.500471
-0.436427
-0.362706
-0.28203
-0.194777
-0.101424
-0.0025672
0.101006
0.202993
0.286651
0.346469
0.389228
0.4197
0.44141
0.456917
0.467602
0.473399
0.47484
-0.573197
-0.563826
-0.520409
-0.455548
-0.380822
-0.298952
-0.210276
-0.115205
-0.0142075
0.0921626
0.197797
0.285524
0.349089
0.394999
0.427865
0.451165
0.467605
0.478683
0.484447
0.485731
-0.593043
-0.58358
-0.539722
-0.474152
-0.398559
-0.315672
-0.225798
-0.129266
-0.0264244
0.0824094
0.191396
0.283094
0.350595
0.400113
0.435887
0.461217
0.47882
0.490356
0.496015
0.49707
-0.612238
-0.602622
-0.558369
-0.492195
-0.415859
-0.332128
-0.241255
-0.14352
-0.0391338
0.0717955
0.183763
0.279221
0.350684
0.404154
0.443444
0.471435
0.490553
0.502528
0.507947
0.508709
-0.630707
-0.621006
-0.576332
-0.50964
-0.432673
-0.348243
-0.256571
-0.157869
-0.052242
0.0604213
0.174917
0.273785
0.349083
0.406655
0.450095
0.481656
0.502958
0.515281
0.519976
0.52025
-0.648508
-0.638671
-0.593606
-0.526451
-0.448955
-0.363952
-0.271659
-0.172212
-0.0656319
0.0483897
0.164952
0.266734
0.345571
0.407148
0.455173
0.491476
0.516364
0.529339
0.53213
0.531183
-0.665535
-0.65555
-0.610159
-0.542586
-0.464645
-0.379206
-0.28644
-0.186456
-0.0791801
0.0358356
0.153963
0.258081
0.340003
0.405166
0.457703
0.499846
0.530731
0.546743
0.546836
0.541995
-0.68182
-0.671738
-0.625992
-0.558048
-0.479769
-0.394028
-0.300939
-0.200632
-0.0929171
0.0227318
0.141904
0.247659
0.332116
0.400244
0.456402
0.504688
0.544288
0.568916
0.572673
0.556293
-0.697426
-0.68715
-0.641221
-0.572984
-0.494535
-0.408706
-0.315507
-0.215178
-0.107372
0.00844973
0.128074
0.234709
0.32098
0.391468
0.449174
0.501552
0.549271
0.577734
0.586365
0.536364
-0.712611
-0.701416
-0.655795
-0.587301
-0.508876
-0.423162
-0.329977
-0.229875
-0.122299
-0.00674425
0.112672
0.219341
0.306279
0.378591
0.43491
0.483443
0.528391
0.555558
0.518882
0.447259
-0.728192
-0.714021
-0.6696
-0.601037
-0.523088
-0.437553
-0.344572
-0.244707
-0.137682
-0.0228204
0.0956705
0.201471
0.287413
0.361578
0.415179
0.442593
0.475773
0.467353
0.403115
0.327373
-0.743008
-0.747553
-0.684417
-0.611864
-0.534563
-0.449339
-0.358732
-0.259064
-0.152824
-0.0390333
0.0777403
0.181473
0.26461
0.342526
0.382243
0.35562
0.381577
0.330857
0.252059
0.168592
-0.71686
-0.71691
-0.661082
-0.590168
-0.508744
-0.42057
-0.325905
-0.2241
-0.11553
0.000473907
0.109731
0.199068
0.270668
0.340537
0.381975
0.275051
0.187185
0.117033
0.0331606
-0.146457
-0.753978
-0.730354
-0.671806
-0.600174
-0.519295
-0.431749
-0.337935
-0.237153
-0.130005
-0.0162223
0.0893763
0.173844
0.238901
0.281674
0.253518
0.110666
-0.0305596
-0.125957
-0.22611
-0.432358
-0.774667
-0.745498
-0.687742
-0.615774
-0.535453
-0.448434
-0.354896
-0.255312
-0.149946
-0.0390113
0.0623462
0.140737
0.196482
0.212237
0.125411
-0.0813447
-0.257487
-0.384975
-0.527063
-0.823264
-0.794311
-0.762724
-0.704237
-0.631784
-0.551658
-0.465038
-0.372257
-0.27401
-0.170649
-0.0629378
0.0334588
0.104824
0.148435
0.131454
-0.0340169
-0.285169
-0.512713
-0.696734
-0.913449
-1.39405
-0.812254
-0.78015
-0.720962
-0.647978
-0.567976
-0.481823
-0.390029
-0.293225
-0.192034
-0.0877999
0.00316655
0.0671577
0.0955676
0.0329747
-0.199024
-0.486361
-0.779561
-1.04328
-1.35837
-2.28591
-0.829317
-0.797516
-0.738086
-0.664847
-0.584973
-0.499339
-0.408526
-0.313244
-0.214342
-0.113773
-0.0285001
0.0277745
0.0383462
-0.0707838
-0.354131
-0.660437
-0.983819
-1.28342
-1.56382
-2.68881
-0.846469
-0.815077
-0.755685
-0.68252
-0.60283
-0.517727
-0.427901
-0.334164
-0.237631
-0.140877
-0.0614651
-0.0135653
-0.0208652
-0.190177
-0.490987
-0.791232
-1.08843
-1.30788
-1.3566
-1.42625
-0.864071
-0.833069
-0.774048
-0.701103
-0.621773
-0.537367
-0.448716
-0.356789
-0.263024
-0.170619
-0.0976168
-0.0586516
-0.0908388
-0.317509
-0.615919
-0.890487
-1.12285
-1.2652
-1.29461
-1.30077
-0.88233
-0.851674
-0.793019
-0.720454
-0.641636
-0.55811
-0.470873
-0.381075
-0.290421
-0.202873
-0.136548
-0.107422
-0.170226
-0.434314
-0.735132
-0.987765
-1.1683
-1.23052
-1.2507
-1.25212
-0.90117
-0.870825
-0.812453
-0.740399
-0.662222
-0.579778
-0.494203
-0.406833
-0.31961
-0.237352
-0.177983
-0.160231
-0.25467
-0.544535
-0.851212
-1.10303
-1.19716
-1.21115
-1.23329
-1.2384
-0.920345
-0.890337
-0.832299
-0.760731
-0.683313
-0.602123
-0.518456
-0.433781
-0.350381
-0.273822
-0.221942
-0.216105
-0.343821
-0.647262
-0.954853
-1.26035
-1.2962
-1.27511
-1.26651
-1.26353
-0.939289
-0.909696
-0.85221
-0.781094
-0.70453
-0.624792
-0.54327
-0.461609
-0.382407
-0.31173
-0.268136
-0.270822
-0.438327
-0.736543
-1.01524
-1.39949
-1.48047
-1.34311
-1.27815
-1.26206
-0.957573
-0.928401
-0.871469
-0.800981
-0.725422
-0.647267
-0.568184
-0.489879
-0.415231
-0.350358
-0.315461
-0.323964
-0.536713
-0.812394
-0.935128
-1.14362
-1.227
-1.22015
-1.21452
-1.2054
-0.97441
-0.945891
-0.889404
-0.819633
-0.745172
-0.668842
-0.592422
-0.517852
-0.447976
-0.389036
-0.362834
-0.377114
-0.64999
-0.905477
-0.819895
-0.537632
-0.850053
-1.14644
-1.28058
-1.29336
-0.988916
-0.961207
-0.905167
-0.836061
-0.762819
-0.68853
-0.615093
-0.544696
-0.479675
-0.426861
-0.4079
-0.433109
-0.801915
-1.20682
-1.31808
-1.17407
-1.30372
-1.54739
-1.68639
-1.71596
-0.999783
-0.973072
-0.917528
-0.849102
-0.777199
-0.705162
-0.635183
-0.569225
-0.509194
-0.461742
-0.447178
-0.494785
-1.01962
-1.82218
-2.8077
-3.25418
-3.34301
-3.01598
-2.65313
-2.53043
-1.00561
-0.980064
-0.925053
-0.857367
-0.786946
-0.717468
-0.651421
-0.590659
-0.536098
-0.492015
-0.48126
-0.551004
-1.12494
-2.23459
-3.85845
-4.85618
-4.80272
-4.37698
-3.82361
-3.536
-1.00437
-0.980047
-0.92603
-0.85914
-0.790457
-0.723938
-0.662355
-0.607873
-0.560499
-0.518037
-0.497492
-0.556082
-0.957322
-1.73146
-2.59974
-3.20965
-3.20205
-2.90475
-2.5565
-2.32817
-0.994098
-0.971175
-0.918333
-0.852714
-0.786079
-0.723002
-0.667015
-0.621438
-0.585703
-0.546507
-0.506483
-0.499015
-0.553514
-0.603853
-0.506183
-0.3084
-0.0196974
0.196519
0.318477
0.397362
-0.972654
-0.951237
-0.90007
-0.836386
-0.77242
-0.713571
-0.664777
-0.631517
-0.617549
-0.598756
-0.53179
-0.408863
-0.232747
0.179304
0.72694
1.29684
1.74866
2.00642
2.09836
2.12551
-0.938563
-0.918596
-0.869867
-0.809078
-0.748595
-0.694826
-0.654945
-0.640408
-0.667257
-0.73102
-0.712716
-0.456444
-0.107531
0.429758
1.1102
1.6876
2.12611
2.37936
2.47377
2.4967
-0.89061
-0.872758
-0.827053
-0.77025
-0.714205
-0.666218
-0.636952
-0.648657
-0.751108
-1.03036
-1.20794
-0.799335
-0.227544
0.36228
1.02279
1.55195
1.92928
2.14263
2.2252
2.24718
-0.829163
-0.812772
-0.771217
-0.719578
-0.668881
-0.626545
-0.607011
-0.646705
-0.856927
-1.47694
-2.08778
-1.40627
-0.564307
0.129492
0.757541
1.22646
1.53378
1.69296
1.76064
1.77906
-0.753594
-0.739689
-0.70224
-0.656842
-0.611488
-0.573192
-0.557038
-0.60504
-0.844785
-1.56759
-2.28296
-1.60938
-0.776066
-0.0344311
0.524823
0.892198
1.11032
1.22431
1.28117
1.30738
-0.663508
-0.650108
-0.619605
-0.58125
-0.540727
-0.503946
-0.482504
-0.507072
-0.662223
-1.08568
-1.3806
-0.956256
-0.383806
0.120285
0.456274
0.660185
0.783036
0.861994
0.913646
0.933908
-0.556362
-0.548822
-0.525823
-0.493513
-0.457466
-0.421301
-0.391037
-0.381026
-0.423097
-0.543855
-0.558742
-0.27846
0.031968
0.276759
0.430945
0.526596
0.588315
0.629195
0.65421
0.662454
-0.43966
-0.43575
-0.419868
-0.395443
-0.36657
-0.334363
-0.301267
-0.272571
-0.256897
-0.24966
-0.183463
0.00937663
0.173841
0.299353
0.384582
0.438967
0.475084
0.498617
0.509704
0.511736
-0.333856
-0.331938
-0.320868
-0.302603
-0.279876
-0.252832
-0.221512
-0.186568
-0.147741
-0.0963042
-0.00933909
0.119637
0.217535
0.285566
0.332978
0.363577
0.382914
0.394204
0.399343
0.399834
-0.23851
-0.237468
-0.230533
-0.217821
-0.201119
-0.17992
-0.153207
-0.119753
-0.0768578
-0.0173948
0.0619543
0.149284
0.214237
0.257514
0.28641
0.304236
0.314444
0.319597
0.321388
0.32103
-0.153596
-0.153581
-0.150247
-0.14301
-0.132327
-0.117283
-0.0965068
-0.0681904
-0.029535
0.0241111
0.0891292
0.150734
0.196206
0.226223
0.245185
0.25607
0.261445
0.263536
0.263933
0.263397
-0.0829203
-0.0834834
-0.0832833
-0.0810737
-0.0757717
-0.0662815
-0.0513684
-0.0292699
0.00241265
0.0465608
0.0975158
0.142181
0.174655
0.195901
0.208723
0.215547
0.218462
0.219205
0.219105
0.218604
-0.0304569
-0.0312493
-0.0327628
-0.0335862
-0.0321106
-0.027076
-0.0171251
-0.000752619
0.023793
0.0582669
0.0971012
0.12986
0.153357
0.168479
0.177351
0.181852
0.183463
0.183576
0.183304
0.182878
0.00484395
0.00408586
0.00209458
0.000102809
-0.000315231
0.00188686
0.00801136
0.0195112
0.0378062
0.0640145
0.0932504
0.117308
0.134311
0.145174
0.151351
0.154213
0.154997
0.15477
0.154421
0.154072
0.0267656
0.0261657
0.0243745
0.0222783
0.0212455
0.0221694
0.0259859
0.0338629
0.047077
0.0664902
0.088205
0.105915
0.118241
0.125858
0.129974
0.131728
0.131976
0.131525
0.13114
0.130861
0.0395164
0.0390886
0.0377257
0.0359813
0.0348621
0.0351125
0.0375795
0.0431292
0.0526628
0.0668637
0.0827862
0.0955998
0.104324
0.109652
0.11245
0.113464
0.113372
0.112823
0.112444
0.112228
0.0464593
0.0461649
0.0452145
0.0439272
0.0430127
0.0429785
0.0444571
0.0482294
0.0550541
0.0653621
0.0769156
0.0862104
0.0925051
0.0962378
0.098051
0.0985792
0.098324
0.0977758
0.0974392
0.0972747
0.0498888
0.0496815
0.0490227
0.0480956
0.0474
0.0473185
0.0482994
0.0508756
0.0556538
0.063056
0.0714345
0.0781086
0.0825078
0.085027
0.0861804
0.0864099
0.0860821
0.0855811
0.0852976
0.0851717
0.051061
0.0509071
0.0504152
0.0497038
0.0491359
0.0489853
0.0495948
0.0513817
0.0547676
0.0600256
0.0659723
0.0706885
0.0737729
0.0754967
0.0762185
0.0762767
0.075948
0.0755231
0.0752936
0.0751961
0.0505999
0.0504837
0.0500998
0.0495312
0.0490557
0.0488716
0.0492162
0.0503901
0.052728
0.0564462
0.0606791
0.0640136
0.0661477
0.0672883
0.0677149
0.0676755
0.0673711
0.0670186
0.0668342
0.0667583
0.0489016
0.0488137
0.0485123
0.0480526
0.0476505
0.0474533
0.0476354
0.0484117
0.0500148
0.0526021
0.0555578
0.057869
0.0593199
0.060062
0.0602968
0.0602043
0.0599312
0.0596397
0.0594915
0.0594326
0.0462782
0.0462111
0.0459767
0.0456083
0.0452712
0.0450736
0.0451402
0.0456263
0.0467059
0.0484897
0.0505379
0.0521269
0.0531004
0.0535684
0.053678
0.0535599
0.0533204
0.0530815
0.0529633
0.0529176
0.0429912
0.0429394
0.0427603
0.0424719
0.042198
0.042017
0.0420175
0.0423117
0.0430231
0.0442326
0.045631
0.0467035
0.0473397
0.0476199
0.0476502
0.047524
0.0473178
0.0471231
0.0470289
0.0469934
0.0392479
0.0392074
0.0390709
0.0388479
0.0386287
0.0384692
0.0384323
0.038598
0.0390555
0.039862
0.0407999
0.0415093
0.0419133
0.042069
0.042052
0.0419293
0.041756
0.0415993
0.0415245
0.0414968
0.0351966
0.0351646
0.0350601
0.0348885
0.0347145
0.0345779
0.0345226
0.0346054
0.0348893
0.0354143
0.0360311
0.036489
0.0367349
0.0368096
0.0367666
0.0366536
0.0365094
0.0363837
0.0363241
0.0363025
0.0309379
0.0309126
0.030832
0.0306996
0.0305617
0.0304465
0.0303843
0.0304146
0.0305814
0.0309131
0.0313082
0.0315946
0.0317353
0.0317587
0.0317033
0.0316025
0.0314839
0.0313834
0.0313361
0.0313193
0.0265391
0.0265192
0.0264565
0.0263534
0.0262437
0.0261472
0.0260847
0.0260834
0.0261744
0.0263767
0.0266209
0.0267915
0.0268637
0.0268572
0.0267987
0.0267113
0.0266143
0.026534
0.0264964
0.0264834
0.0220436
0.022028
0.0219791
0.0218988
0.0218118
0.0217322
0.0216738
0.0216556
0.0216985
0.0218152
0.0219599
0.0220553
0.0220849
0.0220624
0.0220062
0.0219322
0.0218536
0.0217897
0.0217601
0.0217501
0.0174805
0.0174684
0.0174306
0.0173687
0.0173008
0.0172366
0.0171856
0.0171607
0.0171754
0.0172378
0.0173185
0.0173671
0.0173726
0.017344
0.0172936
0.0172324
0.0171699
0.0171199
0.0170967
0.0170891
0.0128693
0.0128603
0.0128321
0.0127856
0.0127341
0.0126845
0.0126432
0.0126182
0.0126183
0.0126486
0.0126902
0.0127116
0.0127058
0.0126781
0.0126367
0.0125887
0.0125405
0.0125024
0.012485
0.0124793
0.00822099
0.00821487
0.00819532
0.00816273
0.00812718
0.00809338
0.00806469
0.00804551
0.00804065
0.00805296
0.00807163
0.0080784
0.00806934
0.00804787
0.00801855
0.00798521
0.0079514
0.00792475
0.00791293
0.00790889
0.00354222
0.00354025
0.00353554
0.00352133
0.0035036
0.00348679
0.00347172
0.00345966
0.00345244
0.00345137
0.0034555
0.00345842
0.00345501
0.00344612
0.00343344
0.0034181
0.00340095
0.00338437
0.00337481
0.00337139
-1.5482
-0.864339
-0.469754
-0.18861
0.0290524
0.199855
0.342349
0.467076
0.601852
0.588653
-0.586568
-0.376116
-0.159113
0.0216466
0.172161
0.297032
0.401504
0.481775
0.517774
0.52149
-0.215517
-0.0831331
0.056875
0.179073
0.283885
0.372006
0.442678
0.492956
0.524101
0.539949
0.0296133
0.118221
0.213455
0.298731
0.372667
0.43479
0.484588
0.522478
0.550737
0.568497
0.205258
0.267567
0.334367
0.395939
0.449843
0.495875
0.534066
0.564878
0.58932
0.607115
0.340948
0.386814
0.435332
0.482192
0.523984
0.56057
0.591863
0.617748
0.638624
0.6561
0.451794
0.486817
0.527395
0.565426
0.600559
0.631951
0.659136
0.681689
0.699537
0.716779
0.549466
0.580843
0.617673
0.652264
0.684436
0.71337
0.738325
0.758705
0.77393
0.791046
0.64492
0.677734
0.714886
0.749336
0.780763
0.808564
0.832125
0.850894
0.864025
0.881325
0.751606
0.78848
0.827617
0.862832
0.893777
0.920278
0.942178
0.959318
0.971284
0.989184
0.88259
0.922339
0.961209
0.994934
1.02347
1.04754
1.06756
1.08342
1.09549
1.11381
1.04483
1.08136
1.11382
1.14098
1.16415
1.18496
1.20383
1.22009
1.23396
1.25189
1.23024
1.25555
1.27567
1.29443
1.3123
1.32922
1.34524
1.36136
1.37859
1.39777
1.41733
1.42832
1.44118
1.45587
1.46958
1.48174
1.49277
1.50423
1.5197
1.53917
1.59954
1.61302
1.61811
1.61908
1.62108
1.62859
1.64244
1.66012
1.6739
1.68527
1.86855
1.81801
1.77051
1.73897
1.72606
1.73064
1.75386
1.79898
1.8657
1.95983
0.312318
0.309352
0.303305
0.292455
0.280057
0.268852
0.259904
0.253244
0.248815
0.246842
0.247816
0.251473
0.2573
0.265289
0.275548
0.287674
0.299878
0.308495
0.312987
0.315092
0.240412
0.247107
0.252483
0.256228
0.257479
0.256
0.252703
0.249023
0.246061
0.244628
0.245469
0.248181
0.251922
0.255807
0.258532
0.258815
0.256287
0.251718
0.245312
0.239457
0.230165
0.2332
0.236706
0.239384
0.241328
0.242684
0.243065
0.242435
0.241404
0.240835
0.241423
0.242797
0.244082
0.244504
0.243757
0.242202
0.240023
0.23691
0.233424
0.231118
0.223815
0.225323
0.227842
0.230457
0.232483
0.233914
0.234976
0.235685
0.236014
0.23624
0.236599
0.236911
0.236814
0.236201
0.235179
0.233618
0.231368
0.22872
0.226714
0.225652
0.218462
0.219366
0.221236
0.223522
0.225763
0.227678
0.229105
0.230148
0.230939
0.231508
0.231841
0.23181
0.231373
0.230509
0.229076
0.227138
0.224964
0.222847
0.221518
0.220903
0.213702
0.214279
0.215946
0.218083
0.220178
0.22217
0.223986
0.225465
0.226554
0.227326
0.227695
0.227557
0.226863
0.225618
0.223992
0.222159
0.220145
0.218211
0.217154
0.216844
0.210892
0.211219
0.212423
0.214084
0.21573
0.217259
0.218706
0.220097
0.221357
0.222337
0.222776
0.22261
0.222001
0.221108
0.219989
0.218634
0.217117
0.215701
0.215005
0.214874
0.209327
0.209517
0.21021
0.211261
0.212463
0.213844
0.215287
0.216688
0.21797
0.219049
0.219655
0.219677
0.219227
0.218417
0.217416
0.21645
0.215532
0.214756
0.214384
0.214311
0.207363
0.207474
0.207838
0.208413
0.209152
0.210052
0.211144
0.212386
0.213693
0.214905
0.215695
0.215924
0.215762
0.215396
0.215014
0.214599
0.214186
0.213848
0.213669
0.213617
0.204543
0.204615
0.204896
0.205387
0.206004
0.206743
0.207781
0.208982
0.210307
0.211663
0.21271
0.213253
0.213404
0.213313
0.213152
0.212947
0.212717
0.212509
0.212411
0.21238
0.201189
0.201232
0.201464
0.201922
0.202516
0.203241
0.204214
0.20542
0.20685
0.208429
0.209793
0.210663
0.211115
0.21128
0.211413
0.211379
0.211226
0.211094
0.211052
0.211037
0.197569
0.197602
0.197797
0.198219
0.198802
0.199594
0.20057
0.201839
0.203427
0.205295
0.207058
0.208331
0.209156
0.209673
0.209877
0.209986
0.209966
0.20993
0.209933
0.209924
0.193631
0.193667
0.193838
0.194239
0.194817
0.195619
0.196707
0.198156
0.200018
0.202301
0.204552
0.206263
0.207438
0.208209
0.208675
0.208935
0.209055
0.209115
0.209149
0.209139
0.189222
0.189259
0.189444
0.189831
0.190437
0.191319
0.192561
0.194263
0.196512
0.199334
0.202192
0.204436
0.206013
0.207094
0.207798
0.208236
0.208494
0.20864
0.2087
0.208688
0.184199
0.184242
0.184451
0.184878
0.185564
0.186588
0.188066
0.19013
0.192895
0.196411
0.200016
0.20288
0.204964
0.206392
0.20735
0.207971
0.208359
0.20858
0.208664
0.20865
0.17842
0.178475
0.178727
0.179246
0.180063
0.181295
0.183104
0.185655
0.189098
0.193504
0.198055
0.20171
0.204344
0.206183
0.207427
0.208247
0.208767
0.209064
0.209174
0.209156
0.171701
0.17177
0.17209
0.172729
0.173742
0.17528
0.177544
0.180743
0.185065
0.190602
0.196326
0.200918
0.204245
0.206571
0.208151
0.2092
0.209871
0.210253
0.210392
0.210369
0.1638
0.16389
0.164299
0.165106
0.166396
0.16836
0.171235
0.175276
0.180733
0.187701
0.194879
0.200626
0.204788
0.207698
0.20968
0.210999
0.211849
0.212333
0.212507
0.212477
0.15439
0.154511
0.155048
0.156097
0.157762
0.16029
0.163963
0.169119
0.176041
0.184812
0.193789
0.200944
0.206118
0.209735
0.212197
0.213839
0.214902
0.215507
0.215724
0.215688
0.142984
0.143148
0.143871
0.145256
0.147438
0.150721
0.155496
0.162132
0.17093
0.181963
0.193148
0.202012
0.208409
0.212881
0.215925
0.217956
0.219273
0.220022
0.22029
0.220248
0.128915
0.129149
0.130146
0.132012
0.134924
0.139289
0.145547
0.154121
0.165338
0.179196
0.193069
0.203989
0.211856
0.217362
0.221119
0.223628
0.22526
0.226205
0.226538
0.226482
0.111227
0.111583
0.112993
0.115557
0.119533
0.125419
0.133718
0.144901
0.159238
0.176588
0.193686
0.207045
0.216664
0.22342
0.228054
0.231164
0.233192
0.234371
0.23479
0.23472
0.0884712
0.0890473
0.0911145
0.0947601
0.100358
0.108493
0.119704
0.134399
0.152699
0.174284
0.195168
0.21136
0.223033
0.231289
0.23701
0.24089
0.243441
0.244927
0.245458
0.245368
0.0581813
0.0591852
0.0624476
0.0679956
0.0762863
0.0879244
0.103317
0.122679
0.145919
0.172509
0.197711
0.217101
0.231129
0.241163
0.24823
0.253111
0.256378
0.258295
0.25897
0.258858
0.0160164
0.0180328
0.0239166
0.0331565
0.0461743
0.0632959
0.0845908
0.110009
0.139219
0.171523
0.201479
0.224356
0.241
0.253095
0.261827
0.268039
0.272338
0.274917
0.275802
0.275646
-0.0460192
-0.0401349
-0.0279919
-0.0113738
0.00976907
0.0350198
0.0641724
0.0970032
0.133056
0.171584
0.206541
0.233061
0.252483
0.266858
0.277556
0.285503
0.291229
0.294838
0.296155
0.29584
-0.119952
-0.10996
-0.0876251
-0.0599363
-0.0287906
0.00556051
0.0431506
0.0838633
0.12734
0.172954
0.214017
0.245356
0.26874
0.286561
0.300355
0.31117
0.319639
0.324226
0.325757
0.326206
-0.194134
-0.176059
-0.144192
-0.1067
-0.0662129
-0.022982
0.022939
0.0714739
0.122348
0.175048
0.222236
0.258338
0.28554
0.306624
0.32334
0.33676
0.347469
0.354116
0.357622
0.358159
-0.251728
-0.230311
-0.192689
-0.148174
-0.100199
-0.0494355
0.00393554
0.0596903
0.117464
0.176705
0.229345
0.269424
0.299512
0.322735
0.341012
0.355561
0.367104
0.374837
0.378746
0.379336
-0.298264
-0.274913
-0.233201
-0.183604
-0.129975
-0.0731724
-0.0135318
0.0485186
0.112455
0.177573
0.234939
0.278163
0.310238
0.33468
0.353692
0.368673
0.380404
0.388381
0.392173
0.392861
-0.336579
-0.312493
-0.26774
-0.214193
-0.156101
-0.0944036
-0.0295258
0.0379713
0.107367
0.177717
0.23926
0.285182
0.318855
0.344189
0.363631
0.378735
0.390417
0.398439
0.402142
0.402812
-0.369715
-0.345149
-0.298086
-0.241391
-0.179591
-0.11372
-0.0443176
0.0279635
0.102279
0.177485
0.24292
0.291272
0.326308
0.352322
0.372023
0.387153
0.398741
0.406779
0.410406
0.411018
-0.399121
-0.374227
-0.325493
-0.266128
-0.201205
-0.131753
-0.058366
0.0182249
0.0970568
0.17676
0.245838
0.296528
0.332903
0.359611
0.379618
0.394834
0.406389
0.414388
0.417984
0.418501
-0.425947
-0.400862
-0.350708
-0.289142
-0.221564
-0.149003
-0.0720868
0.00838339
0.0913521
0.175361
0.248119
0.301253
0.339077
0.366579
0.386963
0.402319
0.4139
0.421864
0.425448
0.425811
-0.451153
-0.425817
-0.374403
-0.31091
-0.241029
-0.165751
-0.0857271
-0.00174443
0.0851358
0.173349
0.249845
0.30558
0.345028
0.373476
0.394354
0.409929
0.421564
0.429511
0.433073
0.433321
-0.475059
-0.449445
-0.396943
-0.331826
-0.259914
-0.182243
-0.0994156
-0.0122038
0.0783345
0.170613
0.250939
0.30952
0.350847
0.380452
0.401984
0.417885
0.429645
0.437583
0.441112
0.441276
-0.497975
-0.472083
-0.418599
-0.352105
-0.278388
-0.19859
-0.113265
-0.0231447
0.0707908
0.167055
0.251323
0.313028
0.356539
0.387563
0.409949
0.42631
0.43827
0.446206
0.449709
0.44983
-0.520133
-0.493926
-0.439646
-0.371852
-0.296561
-0.214911
-0.127382
-0.0346301
0.0624675
0.16257
0.25088
0.315991
0.362042
0.3948
0.418283
0.435282
0.447561
0.455564
0.458963
0.459082
-0.541635
-0.515058
-0.460146
-0.391139
-0.314494
-0.231229
-0.141752
-0.046646
0.0533365
0.157079
0.249456
0.318243
0.367237
0.402116
0.42699
0.444824
0.457546
0.465668
0.468961
0.469054
-0.562524
-0.535605
-0.480009
-0.40999
-0.332176
-0.247499
-0.156338
-0.0591765
0.0433938
0.150536
0.246922
0.319582
0.371915
0.409362
0.435982
0.454893
0.468194
0.476489
0.479656
0.479675
-0.582752
-0.555546
-0.499283
-0.428402
-0.349578
-0.263703
-0.171106
-0.0721707
0.0326732
0.142907
0.24315
0.319789
0.375764
0.416256
0.445097
0.465415
0.479452
0.487948
0.490974
0.490833
-0.602363
-0.574814
-0.517963
-0.446338
-0.366655
-0.279777
-0.185976
-0.0855527
0.0212435
0.134208
0.238039
0.318637
0.378489
0.42253
0.454199
0.476335
0.491249
0.499863
0.502659
0.502361
-0.62121
-0.593407
-0.536008
-0.463753
-0.383349
-0.295637
-0.200859
-0.0992206
0.00919276
0.124487
0.231531
0.315916
0.379791
0.427829
0.463048
0.487664
0.503652
0.512143
0.514476
0.514001
-0.639419
-0.611259
-0.553405
-0.480597
-0.399593
-0.311218
-0.215663
-0.113065
-0.00337529
0.113824
0.223622
0.311466
0.379268
0.431593
0.47118
0.499406
0.517034
0.524844
0.526019
0.525336
-0.656817
-0.628383
-0.570113
-0.496827
-0.415339
-0.326445
-0.230309
-0.126997
-0.0163304
0.102345
0.21434
0.305197
0.376576
0.4331
0.477743
0.511238
0.53232
0.539268
0.537243
0.535687
-0.673541
-0.644773
-0.586096
-0.512394
-0.430523
-0.341241
-0.244681
-0.14088
-0.029532
0.0901866
0.203802
0.297059
0.371517
0.431596
0.481356
0.521798
0.549878
0.559544
0.55221
0.53261
-0.689491
-0.660422
-0.601484
-0.527478
-0.445414
-0.355916
-0.259175
-0.155165
-0.0434976
0.0767841
0.191388
0.28633
0.363423
0.426064
0.479703
0.527652
0.566571
0.583773
0.57091
0.58546
-0.704836
-0.675379
-0.616236
-0.542018
-0.459967
-0.370406
-0.273773
-0.169807
-0.0582054
0.0620983
0.176994
0.272623
0.351679
0.41563
0.468775
0.520251
0.559091
0.581007
0.52505
0.491498
-0.720097
-0.69012
-0.630102
-0.555598
-0.473741
-0.384305
-0.288279
-0.184555
-0.0733638
0.0463869
0.160754
0.255878
0.33585
0.400695
0.446083
0.489551
0.518441
0.499042
0.42808
0.377438
-0.735777
-0.704803
-0.642559
-0.568039
-0.48642
-0.397525
-0.302371
-0.199251
-0.0888711
0.0297499
0.142696
0.236197
0.315066
0.382599
0.423386
0.43336
0.425755
0.37009
0.288598
0.238191
-0.36471
-0.265387
-0.159574
-0.0464473
0.0690377
0.170887
0.251526
0.0660586
-0.750555
-0.730554
-0.69593
-0.632915
-0.556079
-0.471982
-0.380763
-0.282833
-0.178355
-0.0671423
0.0460904
0.145213
0.222912
0.285131
0.326027
0.291924
0.134488
0.0335333
-0.0455297
-0.764378
-0.751766
-0.709612
-0.645295
-0.568415
-0.484719
-0.394352
-0.297329
-0.194216
-0.0850243
0.0250398
0.119302
0.190534
0.239546
0.233335
0.112886
-0.0686034
-0.20021
-0.308234
-0.783358
-0.771054
-0.726193
-0.66102
-0.584204
-0.500696
-0.410672
-0.314468
-0.212781
-0.105771
0.000441753
0.0887075
0.151238
0.183824
0.126488
-0.0693126
-0.288088
-0.460995
-0.613996
-0.801843
-0.78941
-0.7435
-0.677256
-0.600381
-0.517143
-0.427745
-0.332695
-0.232672
-0.12824
-0.0262508
0.0557752
0.109095
0.120047
0.00992737
-0.252739
-0.521736
-0.763395
-0.997958
-0.819061
-0.807231
-0.760941
-0.693844
-0.616912
-0.533966
-0.445329
-0.351539
-0.253329
-0.151754
-0.0543034
0.0210966
0.0651444
0.0445449
-0.134967
-0.426204
-0.737465
-1.04076
-1.31763
-0.835846
-0.824658
-0.77857
-0.711085
-0.634199
-0.551537
-0.46363
-0.371046
-0.274693
-0.176014
-0.0831317
-0.0146086
0.0191064
-0.0444679
-0.27594
-0.574208
-0.890786
-1.20059
-1.40125
-1.47898
-0.853165
-0.842341
-0.796597
-0.729144
-0.652461
-0.570207
-0.483124
-0.391887
-0.297606
-0.202113
-0.114257
-0.0531284
-0.0312847
-0.13146
-0.409773
-0.700116
-0.980455
-1.2147
-1.30879
-1.3381
-0.870945
-0.860561
-0.815165
-0.747967
-0.67164
-0.58998
-0.503899
-0.414282
-0.322383
-0.230566
-0.14828
-0.0949742
-0.0864887
-0.220594
-0.532622
-0.814695
-1.04842
-1.2125
-1.27118
-1.27253
-0.889439
-0.879273
-0.834287
-0.767433
-0.691564
-0.610662
-0.525814
-0.438073
-0.348906
-0.261185
-0.184877
-0.139645
-0.146581
-0.328338
-0.645165
-0.931679
-1.13078
-1.201
-1.22964
-1.24029
-0.908382
-0.898396
-0.853852
-0.787353
-0.712039
-0.632052
-0.548656
-0.463062
-0.37701
-0.293651
-0.223884
-0.186554
-0.217696
-0.44073
-0.746994
-1.05757
-1.2235
-1.23249
-1.2441
-1.24936
-0.927316
-0.91764
-0.873555
-0.807466
-0.732785
-0.653854
-0.572119
-0.488979
-0.406358
-0.327696
-0.265036
-0.235264
-0.29633
-0.547388
-0.834231
-1.18274
-1.4291
-1.35434
-1.29668
-1.27376
-0.945778
-0.936405
-0.893054
-0.827292
-0.753399
-0.67567
-0.595775
-0.515422
-0.436546
-0.362862
-0.307381
-0.285133
-0.371223
-0.646604
-0.88584
-1.17085
-1.43502
-1.33007
-1.26529
-1.23772
-0.963203
-0.954174
-0.91145
-0.846384
-0.773206
-0.696862
-0.619093
-0.541682
-0.466775
-0.398406
-0.349575
-0.336632
-0.448641
-0.744215
-0.872448
-0.806829
-0.96154
-1.09997
-1.19463
-1.21785
-0.978902
-0.970166
-0.928192
-0.863662
-0.791406
-0.716534
-0.641151
-0.567085
-0.49644
-0.433532
-0.391003
-0.389879
-0.529531
-0.8976
-1.04293
-0.736812
-0.742567
-1.07943
-1.37235
-1.46191
-0.991645
-0.983244
-0.942136
-0.878209
-0.806833
-0.733658
-0.66096
-0.590618
-0.524756
-0.467108
-0.430418
-0.446816
-0.61729
-1.19637
-1.8123
-2.08439
-2.20068
-2.14683
-2.0856
-2.03647
-1.00016
-0.992136
-0.951984
-0.888679
-0.818269
-0.746981
-0.677221
-0.611103
-0.550705
-0.49818
-0.466088
-0.498176
-0.703163
-1.58076
-2.77034
-4.02547
-4.38343
-4.21214
-3.63455
-3.18649
-1.00274
-0.995141
-0.956124
-0.893524
-0.824188
-0.755001
-0.688632
-0.627642
-0.573849
-0.52659
-0.494521
-0.524563
-0.743948
-1.55224
-2.79831
-4.16839
-4.54478
-4.28563
-3.81508
-3.39376
-0.997456
-0.990291
-0.952459
-0.890771
-0.822883
-0.756131
-0.693878
-0.639178
-0.593268
-0.552871
-0.515967
-0.512628
-0.587471
-0.971948
-1.34071
-1.59031
-1.62529
-1.41488
-1.20684
-1.03511
-0.982139
-0.975399
-0.938923
-0.878618
-0.81268
-0.748942
-0.691576
-0.644595
-0.610675
-0.58393
-0.544684
-0.475072
-0.39485
-0.28469
0.0279126
0.443291
0.893025
1.21584
1.37707
1.43907
-0.954668
-0.948474
-0.913698
-0.855636
-0.792355
-0.73233
-0.680959
-0.645039
-0.632617
-0.63968
-0.638987
-0.514573
-0.306734
0.0768595
0.6845
1.31232
1.83476
2.19734
2.36865
2.42331
-0.914077
-0.908495
-0.875569
-0.820808
-0.76122
-0.705693
-0.661499
-0.640382
-0.664776
-0.763586
-0.915852
-0.798642
-0.344184
0.119651
0.773871
1.39575
1.87883
2.20162
2.35698
2.41083
-0.858633
-0.853213
-0.823682
-0.773669
-0.719011
-0.668625
-0.631854
-0.627474
-0.704043
-0.992132
-1.50172
-1.43378
-0.698998
-0.0786251
0.598958
1.16752
1.58731
1.85071
1.97032
2.01585
-0.78917
-0.784396
-0.758638
-0.71423
-0.665231
-0.619938
-0.58865
-0.595664
-0.713716
-1.16955
-2.13387
-2.13167
-1.12737
-0.357057
0.34369
0.863206
1.20194
1.39161
1.48369
1.5124
-0.705472
-0.701412
-0.679218
-0.641884
-0.598877
-0.55774
-0.527656
-0.53059
-0.632661
-1.01812
-1.76173
-1.69525
-0.983156
-0.289906
0.267712
0.636453
0.856036
0.97699
1.04315
1.06669
-0.610884
-0.60859
-0.590328
-0.557634
-0.519848
-0.481403
-0.448198
-0.433754
-0.47264
-0.639025
-0.898434
-0.745268
-0.337669
0.0661842
0.348478
0.521971
0.629736
0.698429
0.73909
0.757012
-0.497219
-0.495472
-0.483722
-0.459154
-0.428452
-0.394705
-0.360576
-0.33216
-0.322626
-0.351993
-0.379615
-0.231786
0.0118477
0.215227
0.359656
0.450027
0.508494
0.547809
0.573304
0.583466
-0.38549
-0.384975
-0.377472
-0.35929
-0.335725
-0.307939
-0.27652
-0.243207
-0.211207
-0.181161
-0.126853
-0.00223474
0.147015
0.253121
0.330423
0.380851
0.413792
0.434999
0.446601
0.450668
-0.28464
-0.284695
-0.28011
-0.267453
-0.249708
-0.227848
-0.20116
-0.169179
-0.131006
-0.082506
-0.0118326
0.0877859
0.184013
0.248079
0.292786
0.321958
0.34014
0.350763
0.356079
0.357494
-0.194117
-0.194754
-0.192302
-0.184511
-0.17266
-0.156938
-0.136121
-0.108891
-0.07307
-0.0247067
0.041142
0.116919
0.181821
0.225812
0.25498
0.273093
0.28339
0.288501
0.290445
0.290601
-0.115643
-0.116437
-0.115989
-0.112969
-0.106788
-0.0969283
-0.0821696
-0.0609764
-0.0311279
0.0104816
0.0653075
0.1225
0.168293
0.199573
0.219595
0.231346
0.237322
0.239716
0.240278
0.240055
-0.0539567
-0.0546977
-0.0555501
-0.0560156
-0.0543558
-0.0494158
-0.0398831
-0.024363
-0.00103211
0.0323256
0.0755852
0.118406
0.151375
0.173843
0.187818
0.195634
0.199289
0.200385
0.200355
0.200044
-0.0105436
-0.011149
-0.0124804
-0.0145149
-0.015294
-0.01362
-0.00817302
0.00246851
0.0198116
0.0453905
0.0784798
0.110466
0.134475
0.150631
0.160538
0.165898
0.168124
0.168522
0.168245
0.167934
0.0174214
0.0169769
0.0156962
0.013399
0.0118095
0.0119839
0.0149358
0.0219109
0.0343245
0.0533857
0.0782218
0.101909
0.119427
0.131111
0.13804
0.141533
0.142785
0.142742
0.142306
0.142012
0.0342067
0.0338991
0.0328927
0.0309308
0.0292737
0.0288749
0.0305783
0.035281
0.0440406
0.0579104
0.0762515
0.0937385
0.106426
0.114641
0.119374
0.121652
0.122265
0.121943
0.12143
0.121166
0.0436499
0.0434347
0.0427227
0.0412682
0.0399088
0.0393369
0.0402194
0.0433802
0.0496583
0.0597466
0.0731018
0.0857466
0.0948375
0.100701
0.103993
0.105415
0.105624
0.10518
0.10467
0.104448
0.0485953
0.0484373
0.0479521
0.0469333
0.0459258
0.0454384
0.0459288
0.0479726
0.052286
0.0595035
0.0692075
0.0784301
0.0849982
0.0890997
0.0912776
0.0921221
0.092103
0.0916311
0.0911727
0.0909921
0.0507708
0.0506517
0.050305
0.0495667
0.0488059
0.0483921
0.0486778
0.0500964
0.0531342
0.058253
0.0651955
0.0717653
0.0763737
0.0792016
0.0806526
0.0811335
0.0809943
0.0805503
0.0801624
0.080018
0.0510538
0.0509644
0.0506998
0.0501247
0.0495124
0.0491344
0.0492355
0.0501382
0.0522308
0.0558497
0.0607832
0.0654573
0.0687158
0.0706691
0.071612
0.0718609
0.0716764
0.0712905
0.070975
0.0708604
0.0499188
0.0498523
0.0496482
0.0491917
0.048692
0.0483563
0.0483615
0.0489341
0.0503488
0.0528629
0.0563423
0.0596317
0.0618867
0.0631978
0.0637899
0.0638915
0.0636914
0.0633605
0.0631036
0.0630123
0.0477139
0.0476642
0.047507
0.0471433
0.0467318
0.0464305
0.0463678
0.0467096
0.0476565
0.0493876
0.0518032
0.0540848
0.0556303
0.0565016
0.05686
0.0568719
0.0566753
0.0563956
0.0561879
0.0561156
0.044723
0.044685
0.044565
0.0442812
0.0439504
0.043691
0.0435951
0.0437814
0.0443937
0.0455659
0.0472284
0.0487951
0.0498368
0.0503982
0.050598
0.0505565
0.0503725
0.0501381
0.0499709
0.0499135
0.041181
0.0411513
0.0410598
0.0408416
0.040581
0.0403647
0.0402584
0.0403467
0.0407333
0.0415117
0.042635
0.0436913
0.0443781
0.0447273
0.0448237
0.0447539
0.0445886
0.0443953
0.0442616
0.0442162
0.0372648
0.0372414
0.0371709
0.0370041
0.0368008
0.0366233
0.036518
0.0365447
0.0367768
0.037282
0.0380281
0.0387275
0.0391685
0.0393744
0.039406
0.0393246
0.0391807
0.0390229
0.0389163
0.0388801
0.0330972
0.0330788
0.0330241
0.0328961
0.0327378
0.0325936
0.0324957
0.0324858
0.0326161
0.032934
0.0334175
0.0338679
0.0341416
0.0342532
0.0342455
0.0341625
0.0340398
0.0339122
0.0338274
0.0337986
0.0287593
0.0287449
0.0287022
0.0286036
0.02848
0.0283632
0.0282752
0.0282452
0.0283095
0.0285011
0.0288053
0.029087
0.0292482
0.0292987
0.0292692
0.0291902
0.0290868
0.0289839
0.0289165
0.0288936
0.0243057
0.0242945
0.0242611
0.0241848
0.024088
0.0239936
0.0239168
0.0238777
0.023901
0.0240097
0.0241936
0.0243624
0.0244498
0.0244628
0.0244229
0.0243515
0.0242658
0.0241833
0.0241301
0.0241121
0.0197729
0.0197644
0.0197386
0.0196794
0.0196035
0.0195277
0.0194625
0.0194215
0.0194217
0.0194776
0.0195826
0.0196776
0.0197191
0.0197118
0.0196699
0.019608
0.0195378
0.0194722
0.0194305
0.0194167
0.0151833
0.015177
0.0151574
0.0151117
0.0150531
0.014994
0.0149414
0.0149038
0.0148924
0.0149171
0.0149738
0.0150237
0.0150391
0.0150227
0.0149839
0.0149324
0.0148762
0.0148243
0.014792
0.0147815
0.0105518
0.0105473
0.0105328
0.0104989
0.010456
0.0104128
0.0103737
0.0103442
0.0103305
0.0103385
0.0103657
0.0103887
0.0103909
0.0103735
0.0103426
0.0103038
0.010262
0.0102232
0.0101989
0.0101914
0.00588751
0.00588449
0.00587518
0.00585369
0.00582694
0.00580048
0.00577672
0.00575827
0.00574832
0.00574913
0.00575931
0.00576727
0.00576429
0.0057515
0.0057318
0.0057078
0.0056817
0.00565721
0.00564165
0.0056368
0.00354087
0.00353892
0.00352944
0.00351251
0.00349504
0.00347899
0.00346523
0.00345529
0.00345117
0.00345348
0.00345793
0.00345752
0.00345114
0.0034402
0.00342608
0.00340971
0.00339225
0.00337831
0.00337339
0.0011097
-1.19614
-0.746524
-0.431182
-0.182089
0.0187959
0.181789
0.315949
0.431416
0.515392
0.517896
-0.522694
-0.310007
-0.12377
0.0354506
0.171599
0.286645
0.382623
0.457743
0.504899
0.523194
-0.161775
-0.0348505
0.0853704
0.193754
0.288381
0.369173
0.435604
0.486345
0.522196
0.544606
0.0706882
0.154589
0.237877
0.314632
0.381974
0.439888
0.48805
0.526474
0.556447
0.576654
0.238668
0.295263
0.357819
0.414113
0.464275
0.508097
0.545622
0.576786
0.602055
0.61902
0.370052
0.411698
0.460185
0.503359
0.543321
0.579077
0.610406
0.636905
0.658567
0.672447
0.478265
0.513808
0.553332
0.590424
0.625081
0.656746
0.68475
0.708405
0.727444
0.738633
0.576465
0.609729
0.646618
0.682297
0.715359
0.745416
0.771778
0.793726
0.810736
0.81986
0.675624
0.711574
0.749909
0.786767
0.819928
0.849262
0.874354
0.894821
0.910154
0.918501
0.791002
0.832082
0.872172
0.909838
0.942407
0.970167
0.993315
1.01202
1.02606
1.03539
0.936393
0.979516
1.01766
1.05188
1.08035
1.10456
1.12554
1.14323
1.15732
1.16862
1.11516
1.153
1.18134
1.206
1.22732
1.24685
1.26532
1.28265
1.29868
1.3133
1.31341
1.33457
1.34965
1.36566
1.38213
1.39757
1.4114
1.42475
1.44035
1.45878
1.50437
1.51161
1.52224
1.53387
1.54382
1.55309
1.5635
1.5747
1.58637
1.59527
1.71768
1.71945
1.71154
1.695
1.68394
1.6835
1.69568
1.72033
1.7545
1.77906
2.13727
1.94338
1.84239
1.78472
1.75563
1.749
1.76423
1.80507
1.88091
2.02388
-0.717127
-0.721968
-0.684468
-0.619334
-0.54224
-0.457143
0.324737
0.395172
0.396385
0.318575
0.243744
0.163656
-0.128173
-0.420923
-0.786661
-1.27693
-1.86748
)
;

boundaryField
{
    wall-4
    {
        type            zeroGradient;
    }
    pressure-outlet-7
    {
        type            fixedValue;
        value           uniform 0;
    }
    velocity-inlet-6
    {
        type            zeroGradient;
    }
    velocity-inlet-5
    {
        type            zeroGradient;
    }
    frontAndBackPlanes
    {
        type            empty;
    }
}


// ************************************************************************* //
