/*--------------------------------*- C++ -*----------------------------------*\
  =========                 |
  \\      /  F ield         | OpenFOAM: The Open Source CFD Toolbox
   \\    /   O peration     | Website:  https://openfoam.org
    \\  /    A nd           | Version:  10
     \\/     M anipulation  |
\*---------------------------------------------------------------------------*/
FoamFile
{
    format      ascii;
    class       volScalarField;
    location    "16";
    object      p;
}
// * * * * * * * * * * * * * * * * * * * * * * * * * * * * * * * * * * * * * //

dimensions      [0 2 -2 0 0 0 0];

internalField   nonuniform List<scalar> 
8800
(
0.40853
0.360759
0.322098
0.293129
0.272296
0.257504
0.246946
0.239487
0.234653
0.232509
0.233569
0.237522
0.243941
0.253062
0.265686
0.283305
0.308003
0.341884
0.384372
0.443068
0.239715
0.247397
0.254934
0.258273
0.256811
0.251784
0.245348
0.239318
0.234615
0.231721
0.231283
0.233548
0.237782
0.243495
0.250076
0.256205
0.259731
0.258928
0.253404
0.244654
0.218078
0.224263
0.228439
0.231462
0.233588
0.234269
0.233236
0.231172
0.229129
0.228097
0.228844
0.230971
0.233511
0.235444
0.235837
0.234464
0.231968
0.22845
0.223835
0.220058
0.212157
0.214835
0.217686
0.2202
0.221946
0.223207
0.224029
0.2242
0.223902
0.223735
0.224237
0.225093
0.225618
0.225398
0.224535
0.223216
0.221198
0.218451
0.215935
0.214431
0.206696
0.208148
0.210104
0.212359
0.214352
0.215866
0.216965
0.217804
0.218394
0.218828
0.219188
0.219327
0.219086
0.218465
0.217424
0.215832
0.213802
0.211655
0.210189
0.209371
0.201644
0.20257
0.204047
0.205923
0.207864
0.209665
0.211158
0.212328
0.213267
0.213981
0.214345
0.214268
0.213785
0.212879
0.21151
0.209823
0.208033
0.206371
0.20536
0.20485
0.197002
0.197652
0.198921
0.200653
0.202464
0.204275
0.206033
0.20756
0.208745
0.209616
0.210064
0.209968
0.209303
0.208139
0.206691
0.20513
0.203501
0.202042
0.201242
0.200905
0.192905
0.193314
0.19443
0.196048
0.197701
0.199289
0.200812
0.202306
0.203699
0.20482
0.205346
0.205212
0.204613
0.203727
0.202619
0.201293
0.19983
0.198516
0.197886
0.197705
0.190089
0.190311
0.191172
0.192568
0.194077
0.19562
0.197183
0.198668
0.200046
0.201247
0.201978
0.202094
0.201722
0.200948
0.199933
0.198809
0.197583
0.196558
0.196136
0.196059
0.188149
0.188284
0.188779
0.189647
0.190686
0.19183
0.193071
0.194476
0.19595
0.197346
0.198295
0.198637
0.198529
0.198184
0.197673
0.197031
0.196376
0.195862
0.195648
0.195596
0.185787
0.185886
0.186173
0.186669
0.187423
0.188349
0.189509
0.190856
0.192363
0.193933
0.195186
0.195882
0.196149
0.196114
0.195818
0.19562
0.195433
0.195264
0.195164
0.195119
0.18259
0.182666
0.182913
0.183363
0.183896
0.184739
0.185894
0.18733
0.189031
0.190892
0.1925
0.193521
0.194051
0.194254
0.194447
0.194486
0.194457
0.194395
0.194341
0.194304
0.178729
0.178773
0.179012
0.179483
0.180131
0.180951
0.18214
0.183675
0.185572
0.187779
0.189843
0.191322
0.192265
0.192849
0.193204
0.193402
0.193456
0.193438
0.193427
0.193405
0.174444
0.17447
0.174701
0.175221
0.175988
0.176961
0.178298
0.180055
0.182282
0.184963
0.187581
0.189559
0.190907
0.191805
0.192383
0.192687
0.192792
0.192827
0.192855
0.19284
0.169785
0.169811
0.170042
0.170591
0.171428
0.172602
0.174132
0.176173
0.17883
0.18213
0.185445
0.188037
0.189882
0.191084
0.191879
0.192391
0.192639
0.19277
0.192834
0.19282
0.1646
0.164626
0.164879
0.165461
0.166392
0.167717
0.169539
0.172013
0.175274
0.17937
0.183546
0.186869
0.189254
0.190914
0.192006
0.192696
0.193103
0.193333
0.193426
0.193409
0.158613
0.158641
0.15895
0.159597
0.160667
0.162222
0.16443
0.167471
0.171512
0.176624
0.18187
0.186048
0.189109
0.191252
0.192701
0.193644
0.19423
0.194561
0.194683
0.19466
0.151554
0.151587
0.151957
0.152772
0.154036
0.155932
0.158664
0.162445
0.167491
0.173893
0.18047
0.185749
0.1896
0.192303
0.194149
0.195372
0.196148
0.196586
0.196738
0.196708
0.143139
0.143187
0.143653
0.144635
0.146252
0.148637
0.152053
0.156801
0.163147
0.171179
0.179409
0.186001
0.190799
0.194172
0.196489
0.198036
0.19902
0.199568
0.199759
0.19972
0.132982
0.133048
0.133648
0.134909
0.136968
0.140014
0.144365
0.150405
0.158424
0.168496
0.178748
0.186918
0.192852
0.197035
0.199915
0.201844
0.203074
0.203758
0.203993
0.203944
0.120535
0.120621
0.121407
0.123068
0.125765
0.129723
0.135359
0.143101
0.153261
0.16588
0.178592
0.18866
0.195957
0.201104
0.204653
0.207042
0.208568
0.209408
0.209698
0.209636
0.105017
0.105133
0.106196
0.108445
0.112058
0.117304
0.124688
0.134686
0.147607
0.163387
0.179063
0.191385
0.200302
0.206602
0.210962
0.21391
0.215803
0.216833
0.217183
0.217105
0.0853084
0.0854823
0.0869662
0.0901016
0.0950601
0.102159
0.111986
0.125024
0.141479
0.161123
0.180307
0.195265
0.206084
0.213759
0.219107
0.222752
0.225111
0.226394
0.226814
0.226712
0.0595763
0.0598479
0.0620557
0.0666757
0.0737714
0.0836783
0.0970023
0.114105
0.135005
0.159273
0.182511
0.200475
0.213483
0.222782
0.229336
0.233864
0.236826
0.238444
0.238959
0.238824
0.0247045
0.025213
0.0289144
0.0363005
0.0470209
0.061311
0.0796249
0.102076
0.128442
0.158087
0.185865
0.207157
0.22262
0.233801
0.241824
0.247491
0.251273
0.253343
0.253974
0.253791
-0.0252775
-0.0236157
-0.0160913
-0.00307138
0.0139464
0.0349646
0.0601591
0.0893791
0.122195
0.157844
0.190512
0.215351
0.233471
0.24677
0.25655
0.263687
0.268636
0.271432
0.272261
0.272005
-0.100141
-0.0908845
-0.0736875
-0.0504539
-0.0239698
0.00602347
0.0396241
0.0766369
0.116618
0.158844
0.196877
0.225709
0.246955
0.262882
0.275002
0.284333
0.291249
0.295508
0.29697
0.296968
-0.18012
-0.159352
-0.131791
-0.0982325
-0.0620611
-0.0229919
0.0190723
0.0640423
0.111596
0.161144
0.205592
0.239518
0.264911
0.284404
0.299721
0.311951
0.321593
0.328743
0.331612
0.331776
-0.243333
-0.220186
-0.184432
-0.142661
-0.0979707
-0.0505212
-0.000403653
0.0522313
0.107059
0.16353
0.21386
0.252226
0.281047
0.303314
0.320927
0.335069
0.3462
0.354492
0.357054
0.357499
-0.294658
-0.269373
-0.228869
-0.181157
-0.129915
-0.0756111
-0.0185404
0.0409633
0.102439
0.165239
0.220771
0.262822
0.294201
0.318261
0.337116
0.352157
0.363934
0.37228
0.375256
0.375732
-0.336393
-0.310374
-0.26641
-0.21431
-0.157931
-0.0981075
-0.0351919
0.0302929
0.0976885
0.166157
0.226242
0.271273
0.304488
0.329659
0.349163
0.364539
0.376445
0.384724
0.387907
0.388353
-0.37192
-0.345484
-0.299093
-0.243391
-0.182853
-0.118389
-0.0505
0.0201834
0.0928581
0.166429
0.230586
0.278238
0.312998
0.339012
0.358883
0.374305
0.386133
0.394302
0.397646
0.398082
-0.403142
-0.376528
-0.328253
-0.269642
-0.205608
-0.137167
-0.0649148
0.0104241
0.0879024
0.166242
0.234259
0.284338
0.320456
0.347142
0.36727
0.3827
0.394446
0.402453
0.405869
0.406297
-0.431538
-0.404765
-0.354947
-0.293903
-0.226848
-0.154934
-0.0788031
0.000745889
0.0826694
0.165503
0.237187
0.289636
0.32713
0.354544
0.374997
0.390511
0.402204
0.410059
0.413484
0.413936
-0.457939
-0.431006
-0.379938
-0.316715
-0.247067
-0.172114
-0.0925264
-0.00914806
0.0768949
0.164011
0.239424
0.294399
0.333418
0.36168
0.382545
0.39821
0.409911
0.417622
0.420978
0.421506
-0.483032
-0.455879
-0.403642
-0.338561
-0.266627
-0.188971
-0.106292
-0.0194323
0.0704904
0.161836
0.241064
0.29874
0.339478
0.368762
0.390175
0.406088
0.417844
0.425477
0.428723
0.429259
-0.507072
-0.479679
-0.426321
-0.359717
-0.285713
-0.205663
-0.120209
-0.0301474
0.0634329
0.158887
0.242007
0.302631
0.345354
0.375893
0.398036
0.414324
0.42622
0.433811
0.436915
0.437391
-0.530402
-0.502635
-0.44846
-0.38034
-0.304505
-0.222322
-0.134358
-0.0413783
0.0555864
0.155016
0.242164
0.306021
0.351041
0.383104
0.406191
0.423007
0.43513
0.442728
0.445674
0.446049
-0.553049
-0.524914
-0.470022
-0.400511
-0.323067
-0.23899
-0.1488
-0.0531973
0.0469064
0.150176
0.241416
0.308791
0.356486
0.390387
0.414654
0.432167
0.444617
0.452241
0.455057
0.45527
-0.575086
-0.546576
-0.491013
-0.420271
-0.341415
-0.255679
-0.163529
-0.0655796
0.0373958
0.144292
0.239625
0.310767
0.36152
0.39765
0.423379
0.441771
0.454645
0.462305
0.464993
0.465038
-0.596578
-0.567707
-0.511419
-0.439632
-0.359549
-0.272354
-0.178487
-0.0784735
0.0270621
0.13732
0.23667
0.311756
0.36592
0.404718
0.432279
0.451776
0.465173
0.472861
0.475376
0.475261
-0.617575
-0.58826
-0.531279
-0.458561
-0.377399
-0.288953
-0.193612
-0.0918291
0.0159521
0.129247
0.232437
0.311551
0.369454
0.411409
0.441262
0.462132
0.476104
0.48374
0.485978
0.485728
-0.637895
-0.608157
-0.550554
-0.47702
-0.394923
-0.305409
-0.208836
-0.105551
0.00414575
0.120109
0.226843
0.309936
0.371827
0.417448
0.450219
0.472861
0.487414
0.494788
0.496629
0.496231
-0.657505
-0.627383
-0.569208
-0.494952
-0.412061
-0.321657
-0.224056
-0.119545
-0.00826001
0.109963
0.219849
0.306729
0.372681
0.422419
0.458913
0.484103
0.499323
0.505904
0.506979
0.506444
-0.676467
-0.645886
-0.587212
-0.51232
-0.428747
-0.337609
-0.23918
-0.1337
-0.0211529
0.098904
0.211461
0.301803
0.371671
0.42575
0.466868
0.495981
0.512623
0.517557
0.516713
0.516001
-0.694626
-0.663662
-0.604515
-0.529061
-0.444924
-0.353187
-0.254114
-0.147897
-0.0343995
0.0870658
0.201744
0.295075
0.36853
0.426726
0.473107
0.508074
0.528624
0.532459
0.52725
0.525054
-0.712083
-0.680714
-0.621143
-0.545205
-0.460629
-0.368441
-0.268915
-0.162198
-0.048065
0.0743837
0.190594
0.286319
0.362957
0.424551
0.475991
0.518583
0.547146
0.556289
0.54764
0.525805
-0.728774
-0.697053
-0.637218
-0.560928
-0.476139
-0.383684
-0.283981
-0.177071
-0.0626871
0.0601991
0.177308
0.274656
0.354117
0.41805
0.472282
0.521983
0.557976
0.566858
0.551479
0.525855
-0.744561
-0.712866
-0.652574
-0.575978
-0.491177
-0.398584
-0.299088
-0.192188
-0.0779318
0.0448436
0.16211
0.259975
0.341617
0.406877
0.457673
0.507112
0.53932
0.537671
0.46835
0.425867
-0.758868
-0.729088
-0.666841
-0.589801
-0.505071
-0.412696
-0.31396
-0.207336
-0.0935823
0.0284814
0.145048
0.242252
0.324807
0.391776
0.433183
0.462448
0.480009
0.43737
0.361595
0.312068
-0.811827
-0.742587
-0.67978
-0.603857
-0.519193
-0.427344
-0.328666
-0.222759
-0.109946
0.0107654
0.125704
0.221205
0.301575
0.374114
0.385316
0.392878
0.364466
0.298363
0.21308
0.165207
-0.771588
-0.756998
-0.698065
-0.623815
-0.539415
-0.448161
-0.350747
-0.24606
-0.135066
-0.0170855
0.0938403
0.185052
0.257471
0.32024
0.325972
0.207317
0.0917561
0.0124376
-0.0705482
-0.026685
-0.799695
-0.772276
-0.713463
-0.639023
-0.555242
-0.464469
-0.367117
-0.263419
-0.153982
-0.0385388
0.0685876
0.15483
0.220043
0.253108
0.200629
0.0359585
-0.114998
-0.221798
-0.338608
-0.268776
-0.820971
-0.790195
-0.731023
-0.656197
-0.572654
-0.48218
-0.385222
-0.28269
-0.175097
-0.0626908
0.0399906
0.119961
0.17563
0.180622
0.0618132
-0.154308
-0.342202
-0.487001
-0.656105
-0.593653
-0.841242
-0.809114
-0.749045
-0.673618
-0.590078
-0.499896
-0.403693
-0.30243
-0.196833
-0.0877471
0.00979703
0.0829117
0.124823
0.0916509
-0.0959372
-0.347531
-0.5899
-0.809012
-1.05581
-1.04384
-0.860347
-0.828228
-0.767561
-0.691632
-0.608086
-0.51826
-0.422899
-0.322989
-0.219583
-0.114133
-0.022267
0.0435499
0.068743
-0.00727126
-0.248501
-0.525318
-0.815593
-1.07713
-1.40085
-1.77612
-0.879414
-0.847606
-0.786759
-0.710578
-0.627029
-0.537527
-0.442931
-0.344376
-0.243224
-0.141558
-0.0554659
0.00254137
0.0108558
-0.115403
-0.384267
-0.664634
-0.953854
-1.19884
-1.29894
-1.45629
-0.899027
-0.867635
-0.806874
-0.730698
-0.647267
-0.55817
-0.464421
-0.367356
-0.268722
-0.171232
-0.0913586
-0.0421381
-0.0558534
-0.238723
-0.503943
-0.766876
-1.00031
-1.1476
-1.17618
-1.20548
-0.919546
-0.888494
-0.827993
-0.751991
-0.668834
-0.580275
-0.487566
-0.392238
-0.296478
-0.203704
-0.130569
-0.0911573
-0.134607
-0.354213
-0.612889
-0.850741
-1.03422
-1.11299
-1.13282
-1.13618
-0.94112
-0.910242
-0.850135
-0.774375
-0.691586
-0.603744
-0.512258
-0.418923
-0.326386
-0.238892
-0.172919
-0.145286
-0.217646
-0.462423
-0.714088
-0.93893
-1.07943
-1.10638
-1.10863
-1.10906
-0.963633
-0.932938
-0.873127
-0.797754
-0.715426
-0.628433
-0.538349
-0.447241
-0.358231
-0.276547
-0.218143
-0.203036
-0.303437
-0.565297
-0.807193
-1.02975
-1.09641
-1.10432
-1.10249
-1.1015
-0.986807
-0.956377
-0.896808
-0.821898
-0.740163
-0.654138
-0.565616
-0.476948
-0.391721
-0.316186
-0.265893
-0.26119
-0.396698
-0.661824
-0.884519
-1.09533
-1.15102
-1.11274
-1.09524
-1.09034
-1.01009
-0.980211
-0.921005
-0.846537
-0.765469
-0.680537
-0.593691
-0.507649
-0.426376
-0.357181
-0.315587
-0.322878
-0.492669
-0.746927
-0.930564
-1.05334
-1.07489
-1.07477
-1.0721
-1.0695
-1.03288
-1.00341
-0.945257
-0.871254
-0.790879
-0.707147
-0.622076
-0.538738
-0.461549
-0.398694
-0.366241
-0.390323
-0.596048
-0.814609
-0.971378
-0.944925
-1.05121
-1.07975
-1.08776
-1.08958
-1.05472
-1.02594
-0.968711
-0.895415
-0.815866
-0.733297
-0.650088
-0.56939
-0.496245
-0.439468
-0.416442
-0.455271
-0.730794
-0.921363
-1.06417
-1.21659
-1.2542
-1.29899
-1.30359
-1.28815
-1.07449
-1.04678
-0.990623
-0.918177
-0.839574
-0.758288
-0.676792
-0.598494
-0.529015
-0.477847
-0.46496
-0.516152
-0.896827
-1.16114
-1.06816
-0.907975
-1.3558
-1.75666
-1.76282
-1.73206
-1.0911
-1.0649
-1.01018
-0.938649
-0.860977
-0.780977
-0.701145
-0.624923
-0.558098
-0.511887
-0.508711
-0.580497
-1.06223
-1.55266
-1.79378
-1.92934
-2.05747
-2.00122
-1.82753
-1.84463
-1.10343
-1.07913
-1.0262
-0.955694
-0.878973
-0.800241
-0.721881
-0.647153
-0.581533
-0.538082
-0.540333
-0.642302
-1.23466
-2.15175
-3.39625
-4.06475
-4.13341
-3.58379
-2.99423
-2.75171
-1.11011
-1.08822
-1.03747
-0.968028
-0.892342
-0.814803
-0.737661
-0.663786
-0.597594
-0.550496
-0.552681
-0.665963
-1.26365
-2.20771
-3.30606
-3.87131
-3.94679
-3.64719
-3.23736
-3.02221
-1.11023
-1.09114
-1.04272
-0.974497
-0.899687
-0.823396
-0.747571
-0.674041
-0.604607
-0.547272
-0.526295
-0.563146
-0.890027
-1.27056
-1.62513
-1.83184
-1.71617
-1.45875
-1.19913
-1.05996
-1.1013
-1.08487
-1.03973
-0.973138
-0.899582
-0.825058
-0.750967
-0.677452
-0.603521
-0.527301
-0.456067
-0.415898
-0.301082
-0.124918
0.198682
0.570528
0.906622
1.1837
1.35841
1.42429
-1.08179
-1.06821
-1.02652
-0.962144
-0.89063
-0.818801
-0.747587
-0.675555
-0.597386
-0.500788
-0.381479
-0.251972
0.0171451
0.577275
1.18744
1.77505
2.25056
2.54681
2.68935
2.72897
-1.04945
-1.03865
-1.00078
-0.939466
-0.871755
-0.804595
-0.739176
-0.673151
-0.598096
-0.488425
-0.32971
-0.135052
0.122896
0.633571
1.27293
1.83716
2.25642
2.50172
2.61608
2.6479
-1.001
-0.99272
-0.959642
-0.904363
-0.84281
-0.783445
-0.728365
-0.67657
-0.613382
-0.510784
-0.327979
-0.0891538
0.143808
0.497047
0.994408
1.42356
1.75071
1.94518
2.04344
2.07255
-0.935285
-0.929073
-0.902754
-0.856531
-0.804995
-0.757346
-0.717893
-0.689458
-0.670838
-0.62924
-0.487601
-0.212083
0.0673805
0.278849
0.612585
0.932848
1.1832
1.343
1.42931
1.45653
-0.858825
-0.853723
-0.834339
-0.800115
-0.761912
-0.729545
-0.711549
-0.721686
-0.786189
-0.942624
-1.02623
-0.730945
-0.332949
-0.0712743
0.195354
0.449997
0.647273
0.770352
0.827894
0.835822
-0.769907
-0.767496
-0.756323
-0.735777
-0.713492
-0.698719
-0.704725
-0.760808
-0.94365
-1.38108
-1.82789
-1.49724
-0.887802
-0.540258
-0.219658
0.0535929
0.24843
0.368306
0.423553
0.435819
-0.680495
-0.679996
-0.674549
-0.664323
-0.654654
-0.654289
-0.678475
-0.766495
-1.02599
-1.6502
-2.32373
-1.9979
-1.2769
-0.85122
-0.484563
-0.203249
-0.0244825
0.0640461
0.0977363
0.10131
-0.586503
-0.586891
-0.584567
-0.579773
-0.577328
-0.584249
-0.614563
-0.705451
-0.957415
-1.54479
-2.12847
-1.84622
-1.31584
-0.896428
-0.547927
-0.323325
-0.207899
-0.159727
-0.141283
-0.138901
-0.482882
-0.483561
-0.482315
-0.479975
-0.479824
-0.486706
-0.510679
-0.578048
-0.757868
-1.1605
-1.5141
-1.34478
-0.987537
-0.660973
-0.432554
-0.314249
-0.269579
-0.25508
-0.24954
-0.24793
-0.371356
-0.372191
-0.371896
-0.370703
-0.370483
-0.373681
-0.385584
-0.419657
-0.509078
-0.703194
-0.852925
-0.72293
-0.505816
-0.337629
-0.253707
-0.233764
-0.234748
-0.239081
-0.240388
-0.239986
-0.263881
-0.26454
-0.264872
-0.264359
-0.263554
-0.262909
-0.264092
-0.271282
-0.293422
-0.336419
-0.329567
-0.293163
-0.173024
-0.128932
-0.127715
-0.142967
-0.157429
-0.166776
-0.170515
-0.171162
-0.169993
-0.170467
-0.171302
-0.171471
-0.170558
-0.167887
-0.163071
-0.155774
-0.145329
-0.126339
-0.0829241
-0.0535755
-0.0209852
-0.0234243
-0.0446936
-0.0650003
-0.0798694
-0.088769
-0.0927612
-0.0938668
-0.0956871
-0.0960167
-0.0970494
-0.0976751
-0.0969831
-0.093956
-0.087464
-0.0757147
-0.056104
-0.0247839
0.0139197
0.0288212
0.0324574
0.0225233
0.00429655
-0.0115889
-0.0228995
-0.0296561
-0.0328877
-0.0339939
-0.0413593
-0.0415794
-0.0426065
-0.0435328
-0.043263
-0.0407444
-0.0348307
-0.0237481
-0.00535768
0.0216799
0.0483814
0.057313
0.0534913
0.0438204
0.031254
0.0203296
0.0124189
0.00760087
0.00523524
0.00438669
-0.00427985
-0.00443011
-0.00534298
-0.00641067
-0.0066092
-0.00496241
-0.000438115
0.00826039
0.0223963
0.0419759
0.0590496
0.0642873
0.0604639
0.0530876
0.0447287
0.0373653
0.0318195
0.028363
0.0266751
0.0260598
0.0194068
0.0192971
0.0185352
0.0174752
0.0169715
0.0177756
0.0207246
0.0268085
0.0367176
0.0499124
0.0605232
0.0634399
0.0607286
0.0556691
0.0500711
0.0449993
0.0410327
0.0384934
0.0372813
0.0368466
0.0334409
0.0333514
0.0327467
0.0317916
0.0311556
0.0314272
0.0331687
0.037008
0.0434055
0.0518647
0.0584126
0.0600557
0.0581883
0.054679
0.0507986
0.0472121
0.0442981
0.0423877
0.0415057
0.0412018
0.0409331
0.0408495
0.0403684
0.0395363
0.0388649
0.038772
0.0396924
0.0420327
0.0460034
0.0512048
0.0550884
0.0558095
0.0543486
0.0518504
0.0490911
0.0464814
0.0443016
0.0428513
0.0422045
0.0419917
0.0441596
0.0440776
0.0436753
0.0429398
0.0422668
0.0419328
0.0422307
0.0434515
0.0457525
0.0488038
0.0509736
0.0511707
0.0500097
0.0481672
0.0461403
0.0442112
0.0425752
0.0414806
0.0410076
0.0408569
0.0446048
0.0445271
0.0441803
0.0435314
0.0428809
0.0424248
0.0423628
0.0428679
0.0440363
0.0456761
0.0467775
0.0466316
0.0456187
0.0441871
0.0426542
0.0411983
0.0399574
0.0391294
0.0387818
0.0386735
0.0432096
0.0431391
0.0428365
0.042262
0.0416449
0.041125
0.0408396
0.0409088
0.0413882
0.0421268
0.0425093
0.0421379
0.0412485
0.040114
0.0389319
0.03782
0.036875
0.0362486
0.0359913
0.0359124
0.0405828
0.040522
0.0402629
0.0397624
0.039196
0.0386652
0.0382607
0.0380567
0.038094
0.0382806
0.0382488
0.0377672
0.036979
0.0360578
0.0351308
0.0342724
0.0335485
0.0330721
0.0328795
0.0328214
0.0371428
0.0370926
0.0368779
0.0364531
0.0359526
0.0354508
0.0350081
0.0346722
0.0344652
0.0343225
0.0340402
0.0335044
0.0328062
0.0320506
0.0313153
0.0306462
0.0300874
0.0297223
0.0295768
0.0295338
0.0331786
0.0331381
0.0329651
0.0326137
0.0321849
0.0317334
0.0312976
0.0309068
0.0305753
0.0302604
0.0298562
0.0293202
0.0287106
0.0280896
0.0275035
0.0269793
0.0265456
0.0262647
0.0261546
0.0261227
0.028889
0.0288567
0.0287209
0.0284386
0.0280836
0.0276963
0.0272993
0.0269101
0.0265366
0.0261497
0.0257045
0.0252009
0.0246777
0.024169
0.0237016
0.02329
0.0229529
0.0227369
0.0226536
0.0226299
0.0244109
0.0243854
0.0242808
0.0240603
0.0237757
0.0234562
0.0231139
0.022759
0.0223952
0.0220031
0.0215723
0.0211247
0.0206861
0.020275
0.0199057
0.0195851
0.0193251
0.0191603
0.0190976
0.01908
0.0198336
0.0198138
0.0197348
0.0195669
0.019346
0.0190922
0.0188119
0.0185105
0.0181893
0.0178344
0.0174532
0.0170763
0.0167216
0.0163979
0.0161121
0.0158669
0.0156698
0.0155459
0.0154991
0.0154861
0.0152073
0.0151926
0.0151348
0.0150112
0.0148463
0.0146543
0.0144384
0.0142008
0.0139412
0.0136502
0.0133415
0.0130455
0.0127742
0.0125309
0.0123182
0.0121367
0.0119917
0.0119009
0.0118669
0.0118574
0.010557
0.0105467
0.0105068
0.010421
0.0103063
0.010173
0.0100222
0.00985403
0.00966752
0.00945696
0.00923506
0.00902591
0.00883728
0.00866976
0.00852374
0.0083988
0.00829831
0.00823539
0.00821201
0.00820522
0.00588947
0.00588367
0.00586126
0.00581116
0.00574496
0.0056693
0.00558374
0.00548764
0.0053799
0.00525753
0.00512881
0.00500878
0.00490188
0.00480776
0.00472596
0.00465524
0.00459728
0.00456118
0.00454824
0.00454357
0.00121222
0.00121396
0.00122299
0.00122357
0.0012108
0.00119134
0.00116741
0.00114005
0.00110896
0.00107318
0.00103415
0.000996832
0.00096383
0.000934906
0.000910073
0.000889115
0.00087271
0.000865218
0.000870894
0.00087665
-0.759014
-0.529047
-0.270083
-0.0580881
0.113931
0.252649
0.369982
0.46905
0.514611
0.492119
-0.347217
-0.190305
-0.0269521
0.113717
0.233201
0.333396
0.415032
0.473475
0.503912
0.515124
-0.0662086
0.0376828
0.146902
0.244053
0.327917
0.398335
0.454344
0.495264
0.52395
0.541013
0.130034
0.201319
0.277808
0.347118
0.407373
0.458372
0.499968
0.532698
0.558469
0.576184
0.277997
0.329475
0.384089
0.435694
0.48113
0.520528
0.553869
0.581192
0.603416
0.620905
0.396552
0.434605
0.477797
0.518444
0.555362
0.588139
0.616493
0.640019
0.659074
0.676262
0.497692
0.529283
0.566844
0.602053
0.634699
0.664108
0.689626
0.710644
0.726968
0.744006
0.591545
0.622559
0.658792
0.692746
0.724012
0.75201
0.776009
0.795337
0.809283
0.826345
0.690134
0.724418
0.762407
0.797164
0.828251
0.855333
0.878017
0.895844
0.908126
0.925579
0.80719
0.845494
0.884998
0.920015
0.950013
0.975326
0.99616
1.01241
1.02416
1.04229
0.953427
0.992355
1.02884
1.05998
1.08606
1.1085
1.12784
1.14359
1.1562
1.17425
1.12893
1.16103
1.18747
1.21015
1.23037
1.2493
1.26718
1.28378
1.29925
1.31736
1.31802
1.3354
1.35066
1.36708
1.38312
1.39776
1.41107
1.42508
1.4427
1.46288
1.50015
1.50969
1.52131
1.53217
1.5415
1.55119
1.5621
1.57354
1.58495
1.60033
1.70749
1.71119
1.69626
1.68147
1.6753
1.68105
1.69955
1.7299
1.76212
1.78879
2.0138
1.87895
1.80241
1.76018
1.74277
1.74674
1.77419
1.83059
1.93322
2.1576
0.299119
0.297006
0.29252
0.283921
0.271738
0.259658
0.249481
0.241628
0.236015
0.232701
0.232186
0.234682
0.239539
0.246537
0.255734
0.267124
0.279657
0.290607
0.296688
0.299708
0.223506
0.229362
0.235731
0.240273
0.242791
0.242524
0.239849
0.236081
0.23258
0.230256
0.229938
0.23188
0.235278
0.239327
0.242927
0.244639
0.243573
0.239979
0.234728
0.228075
0.214983
0.217283
0.220746
0.223836
0.226012
0.2276
0.228432
0.228182
0.227184
0.226232
0.226214
0.227368
0.22888
0.229895
0.229825
0.228719
0.226975
0.224467
0.221076
0.218102
0.209385
0.210466
0.212388
0.214916
0.217095
0.21867
0.219806
0.220622
0.22103
0.221175
0.221456
0.221941
0.222207
0.221955
0.22124
0.2201
0.218355
0.216023
0.213743
0.2123
0.20411
0.204748
0.205985
0.207947
0.209994
0.211859
0.213338
0.214462
0.215375
0.216102
0.216593
0.216746
0.216522
0.215955
0.214984
0.213524
0.211692
0.209762
0.20816
0.207319
0.199286
0.199699
0.200637
0.202281
0.204146
0.206033
0.207835
0.209355
0.210522
0.211403
0.212005
0.212204
0.21191
0.211101
0.2098
0.208203
0.206507
0.204854
0.203578
0.203011
0.194833
0.195086
0.195853
0.197364
0.199099
0.200789
0.202449
0.204092
0.205592
0.206806
0.207576
0.207707
0.207235
0.206303
0.205125
0.203788
0.202302
0.20078
0.19967
0.199278
0.191323
0.191438
0.192028
0.193378
0.194993
0.196599
0.198164
0.199641
0.20103
0.202297
0.203217
0.203529
0.203302
0.20268
0.201736
0.200555
0.199225
0.197871
0.196961
0.196728
0.189095
0.189144
0.189519
0.19047
0.19173
0.193055
0.194467
0.195942
0.197435
0.198837
0.19994
0.200452
0.200377
0.199904
0.199165
0.198324
0.197381
0.19647
0.195915
0.195786
0.187076
0.187116
0.187335
0.187848
0.188603
0.189518
0.190581
0.191833
0.193235
0.194722
0.196049
0.196863
0.197164
0.197131
0.196892
0.196477
0.196095
0.195733
0.195505
0.195427
0.184285
0.184313
0.184472
0.18482
0.185328
0.186165
0.187165
0.188447
0.189962
0.191639
0.193256
0.194403
0.194979
0.19516
0.195169
0.195074
0.195006
0.19491
0.194817
0.194767
0.180722
0.180736
0.180874
0.181221
0.181747
0.182408
0.183398
0.184696
0.186324
0.188245
0.19023
0.191792
0.19276
0.193331
0.193644
0.193844
0.193933
0.19392
0.19388
0.193857
0.17663
0.176627
0.176748
0.177135
0.177762
0.178513
0.179562
0.181025
0.182871
0.185121
0.187578
0.189644
0.191049
0.191965
0.192564
0.192895
0.193051
0.193075
0.193079
0.193081
0.172165
0.172158
0.17226
0.172651
0.173309
0.174243
0.175547
0.17714
0.179284
0.18199
0.185048
0.187716
0.18961
0.190886
0.191758
0.192319
0.192581
0.192698
0.192764
0.192781
0.167283
0.167266
0.167392
0.167797
0.168515
0.169546
0.170975
0.17292
0.175502
0.178817
0.182633
0.186052
0.188572
0.190313
0.19148
0.192225
0.192668
0.192916
0.193046
0.193072
0.161737
0.161716
0.16187
0.162309
0.16309
0.164266
0.165957
0.168307
0.171478
0.175585
0.180364
0.184693
0.18782
0.190125
0.191692
0.192724
0.193379
0.193773
0.193965
0.193998
0.155259
0.155234
0.155418
0.155949
0.156849
0.158252
0.160299
0.163187
0.16712
0.172245
0.17823
0.18366
0.187706
0.190584
0.192577
0.193919
0.1948
0.19534
0.195595
0.195638
0.147563
0.14753
0.147761
0.148402
0.149539
0.151279
0.153811
0.157421
0.162351
0.168773
0.176266
0.183067
0.188137
0.191749
0.194252
0.195952
0.19708
0.197777
0.1981
0.198156
0.13831
0.138266
0.138571
0.139404
0.140837
0.143039
0.146267
0.150841
0.157057
0.165128
0.174504
0.182978
0.189268
0.193757
0.196877
0.198999
0.200414
0.20129
0.201693
0.201762
0.127056
0.127002
0.127413
0.128509
0.130368
0.13321
0.137367
0.14321
0.151109
0.161283
0.172989
0.183489
0.191251
0.196795
0.200653
0.203281
0.205037
0.206131
0.206632
0.206714
0.113159
0.113097
0.113671
0.115137
0.11759
0.121323
0.126742
0.134306
0.144416
0.157247
0.171806
0.184743
0.194264
0.201063
0.205806
0.209047
0.211218
0.212575
0.213197
0.213295
0.0956585
0.0955908
0.0964155
0.0984333
0.101766
0.106793
0.11401
0.123924
0.136913
0.153072
0.171084
0.186902
0.198494
0.206782
0.212585
0.216573
0.219256
0.220936
0.221713
0.221831
0.0730887
0.0730305
0.0742782
0.0771732
0.0818747
0.0888542
0.0986798
0.111823
0.128575
0.148866
0.170979
0.190139
0.204129
0.214163
0.221239
0.226145
0.229475
0.231569
0.232532
0.232675
0.0431253
0.0431359
0.0451639
0.0495594
0.0565348
0.0666129
0.0803
0.0979093
0.119518
0.144821
0.17168
0.194614
0.211313
0.223363
0.231966
0.23802
0.242188
0.244832
0.246038
0.24621
0.00144978
0.00169923
0.005465
0.0130125
0.0241705
0.0393948
0.0588115
0.0824402
0.110094
0.141258
0.173417
0.200463
0.220118
0.234429
0.24483
0.252325
0.25762
0.261036
0.262566
0.262763
-0.0598505
-0.0581562
-0.0492172
-0.0350085
-0.0160209
0.00737985
0.0348115
0.0660839
0.100872
0.138573
0.17639
0.207725
0.230474
0.247207
0.259619
0.268859
0.275618
0.280098
0.28215
0.282419
-0.133195
-0.130437
-0.113799
-0.0887815
-0.0592436
-0.026328
0.00987188
0.0493346
0.0918095
0.136786
0.181276
0.218093
0.245132
0.265455
0.280991
0.293006
0.302359
0.308464
0.310642
0.311386
-0.208701
-0.199999
-0.17539
-0.140304
-0.101146
-0.0590807
-0.0142381
0.0333463
0.0834815
0.135739
0.186965
0.22931
0.260604
0.284434
0.303029
0.31777
0.329419
0.337287
0.341174
0.342515
-0.266715
-0.25674
-0.227201
-0.185476
-0.138955
-0.0892661
-0.0368137
0.0182105
0.0755061
0.134585
0.191984
0.239154
0.273917
0.300356
0.320948
0.337231
0.350067
0.359267
0.364186
0.365684
-0.313684
-0.303172
-0.270232
-0.223793
-0.171763
-0.116106
-0.0573897
0.00404396
0.0677095
0.132955
0.195878
0.247162
0.284596
0.312762
0.334463
0.351471
0.364783
0.374455
0.379612
0.381235
-0.352478
-0.341918
-0.30695
-0.256867
-0.200452
-0.139979
-0.0760229
-0.00909641
0.0601523
0.130909
0.198752
0.253548
0.29312
0.322556
0.344972
0.36232
0.375743
0.385418
0.39057
0.392247
-0.386108
-0.375597
-0.339079
-0.286123
-0.22613
-0.161602
-0.0931785
-0.0214629
0.052774
0.128516
0.200896
0.25896
0.300461
0.330949
0.353848
0.371338
0.384734
0.394385
0.399543
0.401146
-0.416089
-0.405654
-0.368011
-0.312715
-0.249743
-0.181726
-0.109372
-0.0333752
0.0454037
0.1258
0.202479
0.263616
0.306908
0.338366
0.361723
0.379378
0.392783
0.402396
0.407591
0.409026
-0.443641
-0.433237
-0.394683
-0.337421
-0.271849
-0.200817
-0.125008
-0.0451644
0.0377785
0.122532
0.203311
0.26754
0.312727
0.345266
0.369179
0.387061
0.400521
0.410113
0.415308
0.416621
-0.469515
-0.459123
-0.419774
-0.360757
-0.292971
-0.219287
-0.140413
-0.0571039
0.0296609
0.118551
0.203471
0.270939
0.318188
0.351953
0.376542
0.394753
0.408332
0.417909
0.42311
0.424315
-0.494159
-0.483747
-0.44366
-0.383156
-0.313406
-0.237349
-0.155745
-0.0693088
0.0210088
0.113886
0.202931
0.273793
0.323341
0.358557
0.384001
0.402674
0.416464
0.42608
0.43125
0.432409
-0.517941
-0.507455
-0.466683
-0.404888
-0.33333
-0.255182
-0.171134
-0.0818493
0.0117631
0.10841
0.201549
0.276032
0.328187
0.36515
0.391666
0.410957
0.425067
0.434776
0.439856
0.441003
-0.541045
-0.530401
-0.488953
-0.426048
-0.352886
-0.272889
-0.18665
-0.094805
0.00180197
0.102021
0.199249
0.277551
0.332634
0.371675
0.399532
0.419627
0.434176
0.444049
0.449042
0.450164
-0.563484
-0.55266
-0.510696
-0.446684
-0.372115
-0.290484
-0.202322
-0.108205
-0.00887145
0.0946909
0.195925
0.278217
0.336544
0.378013
0.407538
0.428673
0.443802
0.453894
0.458818
0.459844
-0.585388
-0.574353
-0.531876
-0.46683
-0.391043
-0.307981
-0.21813
-0.122002
-0.0202261
0.0863998
0.191478
0.277868
0.339768
0.384064
0.415624
0.438056
0.45392
0.464284
0.469122
0.47001
-0.606689
-0.595446
-0.552443
-0.48649
-0.409638
-0.325324
-0.234003
-0.136139
-0.0322319
0.0771456
0.185841
0.276327
0.342067
0.389647
0.423676
0.447721
0.464462
0.475109
0.479833
0.480525
-0.627411
-0.615931
-0.572397
-0.505647
-0.427849
-0.34246
-0.249889
-0.150543
-0.0448092
0.0669768
0.178975
0.273439
0.343162
0.394444
0.431501
0.45761
0.475393
0.486222
0.490668
0.491142
-0.647394
-0.635753
-0.591696
-0.524244
-0.445625
-0.359315
-0.265713
-0.165128
-0.0578654
0.0559704
0.170876
0.269075
0.342797
0.398095
0.43883
0.467698
0.486828
0.497617
0.501462
0.501623
-0.666744
-0.654865
-0.610321
-0.542251
-0.462926
-0.375842
-0.281373
-0.179797
-0.0712952
0.0442315
0.161587
0.263152
0.34073
0.40018
0.445221
0.47789
0.499155
0.509597
0.511992
0.51157
-0.685334
-0.673216
-0.628244
-0.559617
-0.479673
-0.391955
-0.296786
-0.194427
-0.0849746
0.0318563
0.1512
0.255633
0.336755
0.400205
0.44993
0.487715
0.512923
0.523612
0.522916
0.520531
-0.703205
-0.690887
-0.645424
-0.576295
-0.495829
-0.407592
-0.311874
-0.208936
-0.098782
0.0190057
0.139842
0.246529
0.330769
0.397737
0.451884
0.495849
0.527794
0.542385
0.539205
0.527661
-0.720292
-0.707818
-0.661973
-0.592429
-0.511593
-0.423027
-0.326964
-0.223724
-0.113179
0.00514593
0.126916
0.235181
0.322061
0.392067
0.449462
0.499651
0.540732
0.563511
0.563095
0.553491
-0.736571
-0.723889
-0.677903
-0.607982
-0.52696
-0.438261
-0.342031
-0.238794
-0.128183
-0.00979185
0.112306
0.22136
0.310072
0.382613
0.440549
0.493006
0.537825
0.564003
0.54393
0.480056
-0.751842
-0.738428
-0.693138
-0.62295
-0.542073
-0.453419
-0.357117
-0.254025
-0.143714
-0.0257017
0.0960387
0.205035
0.294218
0.369171
0.424957
0.467209
0.506982
0.512216
0.459454
0.387828
-0.766248
-0.752832
-0.707519
-0.636857
-0.556612
-0.468038
-0.372413
-0.269352
-0.159615
-0.0423925
0.0782093
0.186157
0.273889
0.352579
0.404451
0.451142
0.434398
0.404049
0.331969
0.254979
-0.750532
-0.733132
-0.686612
-0.613511
-0.528919
-0.437146
-0.336844
-0.231327
-0.119079
0.000810392
0.11469
0.209188
0.287479
0.366508
0.434807
0.347453
0.300186
0.235491
0.154154
0.0994422
-0.774078
-0.756493
-0.723304
-0.658771
-0.57896
-0.4911
-0.395654
-0.293593
-0.185183
-0.0700158
0.047479
0.151755
0.234688
0.30695
0.372875
0.37409
0.253617
0.161563
0.0926617
-0.00334177
-0.791627
-0.77604
-0.736366
-0.670616
-0.59069
-0.503555
-0.409403
-0.30847
-0.201393
-0.0881844
0.0267425
0.127647
0.20693
0.266666
0.288055
0.215032
0.0508546
-0.0595638
-0.145656
-0.249165
-0.809588
-0.797567
-0.75315
-0.68625
-0.606337
-0.51926
-0.425383
-0.325071
-0.219257
-0.108076
0.00332235
0.0988987
0.170931
0.216516
0.188278
0.0385309
-0.147682
-0.289964
-0.408841
-0.569346
-0.830256
-0.817732
-0.771622
-0.703733
-0.623746
-0.536768
-0.443225
-0.343778
-0.239409
-0.130598
-0.0232173
0.0665069
0.130135
0.157881
0.0841978
-0.135874
-0.364137
-0.554899
-0.734988
-0.975134
-0.849632
-0.837436
-0.79047
-0.721588
-0.641371
-0.554561
-0.461585
-0.363219
-0.260514
-0.154404
-0.0514103
0.0319923
0.0866254
0.0884568
-0.0450912
-0.304859
-0.57776
-0.846581
-1.07366
-1.582
-0.868443
-0.856898
-0.809721
-0.740191
-0.659821
-0.573156
-0.480753
-0.383466
-0.282525
-0.179312
-0.0809987
-0.0043819
0.0409097
0.00369325
-0.185637
-0.456625
-0.748474
-1.03918
-1.29261
-1.73951
-0.88767
-0.876543
-0.82956
-0.759724
-0.679317
-0.592807
-0.500944
-0.404711
-0.305571
-0.205376
-0.111935
-0.0424142
-0.00838986
-0.0813961
-0.3142
-0.581445
-0.855179
-1.09765
-1.20615
-1.24512
-0.907768
-0.896943
-0.850275
-0.780381
-0.700126
-0.613916
-0.52273
-0.427749
-0.33069
-0.233951
-0.145952
-0.0841574
-0.0637863
-0.165881
-0.433105
-0.687755
-0.918288
-1.08719
-1.13884
-1.15569
-0.928802
-0.918296
-0.87204
-0.802117
-0.722124
-0.63635
-0.54602
-0.4525
-0.357827
-0.265016
-0.183003
-0.129551
-0.124295
-0.267897
-0.539996
-0.78563
-0.986523
-1.09133
-1.11636
-1.11949
-0.950887
-0.940575
-0.894428
-0.824868
-0.745204
-0.660011
-0.570691
-0.478853
-0.386846
-0.298364
-0.222944
-0.177955
-0.196257
-0.379735
-0.637984
-0.881321
-1.05381
-1.09787
-1.10156
-1.10443
-0.973786
-0.963667
-0.917723
-0.848513
-0.769209
-0.68473
-0.596572
-0.506613
-0.417517
-0.333697
-0.265455
-0.228746
-0.275004
-0.486363
-0.730382
-0.967038
-1.1188
-1.11851
-1.10386
-1.0981
-0.997052
-0.987273
-0.941565
-0.872725
-0.793937
-0.710252
-0.623397
-0.53548
-0.449513
-0.370564
-0.309979
-0.281806
-0.351141
-0.584091
-0.813412
-1.01018
-1.11311
-1.10005
-1.08843
-1.08107
-1.02035
-1.01077
-0.965694
-0.897195
-0.818978
-0.736181
-0.650753
-0.564976
-0.482318
-0.408341
-0.355603
-0.336788
-0.430593
-0.670384
-0.877253
-0.968681
-1.01769
-1.05613
-1.06753
-1.06915
-1.04293
-1.03369
-0.989293
-0.921478
-0.843845
-0.761992
-0.678054
-0.594465
-0.515147
-0.446124
-0.401191
-0.39137
-0.518432
-0.771442
-0.932645
-1.08086
-1.13838
-1.14845
-1.15084
-1.15002
-1.0641
-1.05531
-1.01168
-0.944652
-0.867839
-0.787026
-0.704526
-0.623108
-0.546917
-0.482734
-0.445306
-0.445708
-0.620466
-0.944772
-1.0795
-1.06999
-1.19503
-1.45968
-1.56992
-1.52087
-1.08278
-1.07451
-1.03211
-0.965913
-0.890025
-0.81032
-0.729316
-0.649822
-0.576254
-0.516453
-0.485671
-0.502066
-0.728412
-1.19324
-1.31766
-1.04106
-1.26664
-1.68573
-1.77927
-1.7631
-1.09791
-1.09027
-1.04947
-0.984348
-0.909362
-0.830775
-0.751203
-0.673462
-0.601718
-0.544476
-0.518757
-0.556066
-0.843167
-1.47332
-2.28983
-2.88808
-3.21195
-3.03264
-2.51365
-2.18038
-1.10817
-1.10126
-1.06255
-0.998661
-0.924673
-0.847182
-0.768945
-0.692554
-0.621759
-0.563962
-0.540676
-0.590501
-0.920038
-1.74987
-2.99743
-4.04019
-4.37347
-4.17928
-3.67027
-3.26102
-1.11203
-1.10594
-1.07038
-1.00757
-0.934683
-0.858283
-0.781388
-0.705908
-0.634506
-0.572892
-0.54015
-0.571611
-0.840973
-1.46956
-2.18081
-2.86776
-3.09448
-2.93757
-2.61825
-2.3196
-1.1079
-1.10315
-1.07077
-1.00996
-0.937847
-0.862853
-0.787331
-0.712768
-0.640295
-0.570284
-0.514022
-0.500307
-0.530948
-0.646202
-0.679695
-0.606108
-0.408818
-0.152063
0.0742647
0.220283
-1.0941
-1.09035
-1.06163
-1.00332
-0.932572
-0.859484
-0.7862
-0.713633
-0.640105
-0.559743
-0.470305
-0.374841
-0.201437
0.094416
0.577596
1.10245
1.59192
1.97296
2.20211
2.29749
-1.06854
-1.06577
-1.04098
-0.985791
-0.917393
-0.847347
-0.778117
-0.709711
-0.6376
-0.549447
-0.424747
-0.265554
-0.100493
0.344315
0.97587
1.61835
2.1657
2.53647
2.72089
2.77886
-1.0292
-1.02729
-1.00587
-0.954768
-0.891075
-0.826172
-0.763905
-0.703816
-0.64089
-0.55698
-0.422143
-0.211633
0.0124338
0.318383
0.871501
1.42516
1.87201
2.16782
2.32082
2.37966
-0.971651
-0.970174
-0.952222
-0.90901
-0.853139
-0.797033
-0.745794
-0.700576
-0.657619
-0.601523
-0.478602
-0.255474
0.0242119
0.240133
0.600334
1.00035
1.337
1.56974
1.7031
1.76167
-0.898879
-0.897554
-0.884193
-0.850992
-0.806418
-0.762664
-0.727043
-0.705909
-0.707499
-0.729662
-0.740592
-0.572842
-0.233996
0.0357693
0.271
0.558222
0.811758
1.00141
1.12216
1.17729
-0.816231
-0.814716
-0.806281
-0.783911
-0.753573
-0.725348
-0.708824
-0.718975
-0.790124
-0.998682
-1.33344
-1.33138
-0.854592
-0.45567
-0.174461
0.110554
0.334432
0.489698
0.574289
0.619965
-0.725415
-0.725037
-0.721009
-0.709128
-0.693085
-0.680727
-0.682747
-0.721452
-0.855273
-1.23234
-1.92944
-2.08362
-1.4505
-0.907884
-0.547499
-0.226146
0.0135771
0.165978
0.237944
0.259223
-0.634155
-0.634595
-0.63353
-0.627956
-0.619913
-0.618727
-0.632513
-0.685704
-0.843874
-1.27424
-2.06332
-2.24366
-1.63512
-1.11016
-0.709773
-0.394458
-0.191866
-0.0892948
-0.0458107
-0.0329368
-0.535611
-0.536581
-0.536306
-0.533278
-0.530594
-0.533026
-0.548616
-0.597102
-0.73199
-1.08172
-1.68032
-1.80471
-1.40582
-1.00148
-0.643479
-0.407606
-0.284559
-0.235317
-0.216624
-0.210304
-0.426284
-0.427617
-0.42796
-0.426556
-0.425305
-0.427378
-0.437598
-0.468176
-0.550903
-0.7582
-1.08745
-1.13264
-0.882378
-0.605827
-0.400646
-0.300444
-0.266207
-0.258599
-0.257464
-0.255727
-0.315959
-0.316955
-0.317406
-0.316906
-0.316008
-0.316063
-0.319019
-0.330069
-0.361948
-0.440593
-0.554799
-0.544409
-0.388592
-0.255158
-0.19495
-0.184669
-0.1933
-0.202797
-0.208296
-0.209295
-0.214248
-0.215006
-0.21559
-0.215949
-0.215424
-0.213997
-0.211696
-0.20943
-0.209235
-0.21336
-0.203074
-0.158387
-0.10698
-0.0665793
-0.0729872
-0.0914107
-0.109781
-0.122287
-0.128886
-0.131038
-0.129911
-0.130439
-0.131063
-0.131988
-0.131865
-0.130033
-0.125627
-0.11756
-0.104161
-0.0823778
-0.0453952
-0.00778424
0.00491316
0.0105701
-0.00632253
-0.0264124
-0.0425194
-0.0529839
-0.0585712
-0.0607674
-0.0658972
-0.0662463
-0.0668185
-0.0680024
-0.0682647
-0.0667135
-0.0623057
-0.0535197
-0.0381038
-0.0134351
0.0200847
0.0452408
0.0468217
0.0412624
0.0275202
0.01289
0.0013973
-0.00613634
-0.0102482
-0.0119931
-0.0207233
-0.0209469
-0.02143
-0.022666
-0.0232681
-0.0223168
-0.0187838
-0.0113739
0.00161666
0.0215994
0.0457826
0.0610182
0.0608958
0.054251
0.044399
0.0345691
0.026709
0.0213899
0.0184468
0.0171847
0.00911192
0.00896649
0.00857244
0.00742263
0.00661064
0.00690093
0.00921694
0.0146305
0.0242197
0.038515
0.054612
0.0636401
0.0633063
0.058227
0.0515368
0.0449728
0.0395267
0.0357071
0.0335763
0.0326884
0.0275014
0.027399
0.0270854
0.0260971
0.0252332
0.0251107
0.0264051
0.02988
0.0363123
0.0458676
0.0561618
0.0614813
0.0611588
0.057706
0.0531521
0.0486341
0.0447681
0.041952
0.0403751
0.0397542
0.0379058
0.0378228
0.0375709
0.0367617
0.0359401
0.0355774
0.036204
0.0383056
0.0423227
0.048336
0.0547372
0.0578756
0.0574456
0.0549757
0.0517804
0.0485832
0.0457602
0.0436387
0.0424541
0.0420171
0.0430217
0.0429486
0.0427336
0.0420661
0.0413002
0.0407976
0.0409249
0.0420454
0.044458
0.0481172
0.0518969
0.0535511
0.0529948
0.0511874
0.048891
0.0465635
0.0444712
0.0428677
0.0419792
0.0416698
0.0447024
0.0446386
0.0444471
0.0438793
0.0431665
0.0425983
0.042413
0.0428359
0.0440706
0.0461168
0.0482448
0.0490489
0.0484479
0.0470382
0.0453138
0.0435799
0.0420107
0.0407974
0.0401338
0.0399129
0.0441257
0.044072
0.0439009
0.0434098
0.0427577
0.0421711
0.0418131
0.0418388
0.042369
0.0433805
0.0444153
0.0446205
0.0439581
0.0428088
0.0414786
0.0401581
0.0389647
0.0380417
0.0375445
0.0373846
0.0420455
0.042002
0.0418518
0.0414251
0.0408347
0.0402566
0.0397992
0.0395637
0.0396356
0.0400002
0.0403596
0.0402134
0.0395501
0.0385984
0.0375513
0.0365326
0.0356199
0.0349172
0.0345435
0.0344262
0.0389629
0.0389286
0.0388022
0.0384402
0.0379227
0.0373857
0.036903
0.0365399
0.0363479
0.0363173
0.03627
0.035919
0.0352716
0.0344677
0.0336293
0.0328329
0.0321279
0.0315886
0.0313047
0.0312174
0.0352264
0.0351997
0.0350967
0.0347974
0.034356
0.0338775
0.033411
0.0329984
0.0326735
0.0324259
0.0321472
0.0316907
0.0310834
0.0304052
0.0297293
0.0291021
0.0285543
0.0281382
0.0279214
0.0278561
0.031075
0.0310541
0.0309723
0.0307317
0.0303667
0.029957
0.029534
0.0291239
0.0287469
0.0283955
0.0280085
0.0275231
0.0269727
0.0264028
0.0258565
0.0253606
0.0249331
0.024611
0.0244453
0.0243962
0.0266747
0.0266584
0.0265946
0.0264063
0.0261137
0.0257753
0.0254111
0.0250365
0.0246629
0.0242839
0.0238667
0.023398
0.022916
0.0224434
0.0220042
0.0216134
0.0212807
0.0210328
0.0209068
0.02087
0.0221364
0.0221237
0.0220747
0.0219307
0.0217026
0.0214322
0.0211319
0.0208102
0.0204731
0.0201154
0.0197209
0.0193021
0.0188957
0.0185129
0.018166
0.017862
0.0176059
0.0174171
0.0173222
0.0172947
0.0175282
0.0175184
0.0174818
0.0173744
0.0172019
0.0169942
0.0167585
0.0164991
0.0162182
0.0159117
0.0155729
0.0152246
0.0148993
0.0146008
0.0143351
0.0141048
0.0139123
0.0137713
0.0137012
0.0136809
0.0128869
0.0128796
0.0128536
0.0127765
0.0126518
0.0125008
0.0123279
0.0121348
0.0119217
0.0116848
0.0114223
0.0111579
0.0109166
0.0106992
0.0105075
0.010342
0.0102035
0.0101022
0.0100522
0.0100379
0.00822652
0.00822126
0.00820472
0.0081546
0.00807328
0.00797584
0.00786468
0.00773977
0.00760036
0.00744391
0.00727048
0.00709753
0.0069419
0.006803
0.00668112
0.00657562
0.00648628
0.00642018
0.00638797
0.00637884
0.00121163
0.00121845
0.00122546
0.00121852
0.00120173
0.00117978
0.00115404
0.00112468
0.00109176
0.0010547
0.00101577
0.000979869
0.000948763
0.000922001
0.000899139
0.000880242
0.000867312
0.000866924
0.000875094
0.00271738
-2.02659
-1.12518
-0.60118
-0.286955
-0.0530681
0.128919
0.274425
0.397612
0.520833
0.618759
-0.73017
-0.468283
-0.2379
-0.0489897
0.108414
0.238901
0.347105
0.435984
0.492415
0.502158
-0.287094
-0.1392
0.00134641
0.126876
0.235081
0.327051
0.402802
0.460586
0.49837
0.519806
-0.0199494
0.076773
0.171292
0.258387
0.334741
0.400007
0.45362
0.4955
0.526939
0.548277
0.166035
0.232616
0.300783
0.363729
0.419397
0.467612
0.508218
0.541543
0.568217
0.586701
0.308174
0.354942
0.408166
0.455108
0.498162
0.536247
0.569293
0.597208
0.620084
0.635366
0.423282
0.461067
0.503174
0.54138
0.577259
0.609901
0.63867
0.663157
0.683129
0.695593
0.523941
0.557268
0.594149
0.629267
0.662207
0.692439
0.719097
0.741568
0.759368
0.769425
0.619655
0.653601
0.690594
0.726107
0.75876
0.788215
0.813745
0.834832
0.85086
0.859449
0.724462
0.762745
0.801994
0.839183
0.872066
0.900667
0.924719
0.94422
0.958739
0.967495
0.853194
0.895944
0.93561
0.972083
1.003
1.02912
1.05104
1.06899
1.08275
1.09309
1.01556
1.05743
1.09156
1.1213
1.14612
1.16791
1.18772
1.20534
1.22024
1.23304
1.20647
1.23745
1.25903
1.27837
1.29661
1.31398
1.33032
1.34625
1.36286
1.37985
1.40476
1.41627
1.42744
1.44165
1.45602
1.46893
1.48039
1.49134
1.50432
1.52124
1.59084
1.60078
1.60947
1.61192
1.61275
1.6171
1.62802
1.64405
1.66173
1.66635
1.89198
1.83662
1.7858
1.74555
1.72326
1.7193
1.73278
1.76659
1.82307
1.89865
0.441342
0.38265
0.340201
0.306365
0.281735
0.264215
0.251742
0.24284
0.236728
0.23319
0.232638
0.235254
0.240447
0.248165
0.258907
0.273821
0.294736
0.32376
0.362463
0.410255
0.242832
0.251619
0.257204
0.258055
0.254617
0.248619
0.242229
0.236787
0.232927
0.231151
0.23211
0.235438
0.24046
0.246718
0.253313
0.258448
0.259979
0.256679
0.249216
0.24154
0.219823
0.221863
0.226501
0.230081
0.232667
0.234166
0.23395
0.232267
0.230076
0.228416
0.228239
0.229807
0.232256
0.234616
0.235859
0.235327
0.233307
0.230362
0.226226
0.221802
0.21279
0.213664
0.216221
0.219043
0.221162
0.222626
0.223694
0.224204
0.224078
0.223755
0.223897
0.224667
0.22543
0.2256
0.225023
0.223934
0.222309
0.219881
0.21709
0.215067
0.207048
0.207514
0.209024
0.211257
0.213413
0.215177
0.216457
0.217419
0.21813
0.218621
0.219018
0.219297
0.219255
0.218817
0.218004
0.216692
0.214846
0.212696
0.210807
0.209727
0.201873
0.202153
0.203209
0.204969
0.206905
0.208799
0.210462
0.21178
0.212827
0.213659
0.214212
0.214358
0.214073
0.213387
0.212241
0.210688
0.208921
0.207166
0.205761
0.205083
0.197155
0.197335
0.198184
0.199758
0.201563
0.203373
0.205177
0.206842
0.2082
0.209223
0.209898
0.210083
0.209701
0.208766
0.207432
0.205917
0.204317
0.202728
0.201542
0.201064
0.192986
0.193083
0.193765
0.195208
0.196882
0.198511
0.200057
0.201567
0.203028
0.204313
0.205166
0.205346
0.204955
0.204196
0.203199
0.201975
0.200576
0.199125
0.1981
0.197792
0.190117
0.19016
0.190644
0.191833
0.193323
0.194842
0.196415
0.19794
0.199375
0.200682
0.201683
0.202104
0.201959
0.201374
0.200455
0.199384
0.198198
0.197017
0.196267
0.196095
0.188162
0.188192
0.188475
0.189176
0.190159
0.191249
0.192429
0.193763
0.195216
0.196677
0.197888
0.198532
0.198623
0.198379
0.197939
0.197358
0.196697
0.196087
0.195718
0.195618
0.185797
0.185822
0.186001
0.186401
0.187012
0.187865
0.1889
0.190161
0.191596
0.193154
0.194615
0.195599
0.196056
0.19616
0.195996
0.195699
0.195532
0.195341
0.195203
0.195141
0.182596
0.182613
0.182764
0.183113
0.183619
0.184261
0.185284
0.186576
0.188154
0.189954
0.191745
0.193083
0.193833
0.194187
0.194329
0.194495
0.194475
0.194428
0.194363
0.194325
0.178727
0.178734
0.178862
0.179223
0.17979
0.180507
0.181506
0.182863
0.18458
0.186647
0.188852
0.190658
0.191852
0.192598
0.193047
0.193312
0.193444
0.193449
0.19343
0.193422
0.174432
0.17444
0.174551
0.174931
0.175561
0.176458
0.177574
0.179122
0.181109
0.18357
0.18631
0.18866
0.190302
0.191381
0.192149
0.192564
0.192753
0.192811
0.192844
0.192855
0.169766
0.169769
0.16989
0.17028
0.170978
0.171968
0.173311
0.175083
0.177422
0.180408
0.18382
0.186841
0.189037
0.190569
0.191504
0.192183
0.192534
0.192712
0.192811
0.192836
0.164577
0.16458
0.164725
0.165121
0.165884
0.166999
0.168556
0.170686
0.173541
0.177224
0.181489
0.185337
0.188178
0.190169
0.191519
0.192394
0.192926
0.193235
0.193395
0.193428
0.158584
0.158589
0.158754
0.159226
0.160078
0.161374
0.163233
0.165836
0.169361
0.173941
0.179286
0.184126
0.187684
0.190281
0.192051
0.193225
0.193973
0.194423
0.194644
0.194685
0.151518
0.151524
0.151722
0.152305
0.153346
0.154888
0.157183
0.160409
0.164802
0.170532
0.177228
0.183303
0.187847
0.191073
0.193317
0.194826
0.195807
0.196405
0.196691
0.196739
0.143094
0.143103
0.143361
0.144073
0.145357
0.147333
0.150199
0.154242
0.159766
0.166966
0.175353
0.182952
0.188604
0.192639
0.195443
0.197344
0.198587
0.199343
0.199699
0.19976
0.132925
0.132939
0.133272
0.134189
0.135828
0.138352
0.142001
0.147154
0.15416
0.163222
0.173703
0.183144
0.190136
0.195133
0.198613
0.20098
0.202534
0.203476
0.20392
0.203994
0.120459
0.120477
0.120914
0.122119
0.124276
0.127563
0.132303
0.138947
0.147874
0.159292
0.17235
0.184014
0.192617
0.198763
0.203048
0.20597
0.207898
0.209063
0.209608
0.209698
0.104915
0.10494
0.105527
0.107162
0.110067
0.114446
0.120698
0.129339
0.140783
0.155182
0.171386
0.185704
0.19622
0.203734
0.208988
0.212586
0.214973
0.216415
0.217074
0.217182
0.0851718
0.0852111
0.0860327
0.0883146
0.0923407
0.098305
0.1067
0.11809
0.132841
0.150964
0.170944
0.188376
0.201128
0.210259
0.21668
0.22111
0.224074
0.225875
0.226685
0.22681
0.0593826
0.0594442
0.0606682
0.064047
0.0699132
0.0783336
0.0898903
0.105085
0.124117
0.146801
0.17121
0.192207
0.207516
0.218531
0.226352
0.231818
0.235522
0.23779
0.238806
0.238948
0.024409
0.0245255
0.0266088
0.0321512
0.0412666
0.0536897
0.0699648
0.0903623
0.114832
0.14296
0.172408
0.197363
0.215513
0.22867
0.238152
0.244914
0.249602
0.252512
0.253792
0.253951
-0.0257406
-0.0252831
-0.0205921
-0.0101644
0.00498548
0.0239524
0.0470723
0.0743248
0.105425
0.139789
0.174748
0.203927
0.225121
0.240635
0.252039
0.260412
0.266424
0.270304
0.272033
0.272223
-0.0993486
-0.0963583
-0.0832227
-0.0625177
-0.0375778
-0.00938061
0.0224339
0.057792
0.0963717
0.137598
0.178568
0.212428
0.237122
0.255481
0.269349
0.279978
0.288098
0.293734
0.296529
0.297063
-0.177591
-0.169975
-0.146635
-0.115321
-0.080433
-0.042828
-0.00225598
0.0412927
0.0876223
0.136275
0.184186
0.223843
0.253099
0.275282
0.292513
0.306192
0.317061
0.325588
0.330806
0.331717
-0.241213
-0.233796
-0.203442
-0.163888
-0.120584
-0.0744961
-0.0256923
0.0257198
0.0795158
0.135254
0.189645
0.234493
0.267621
0.292875
0.312627
0.328394
0.340976
0.350888
0.356321
0.357394
-0.292444
-0.284409
-0.250409
-0.205396
-0.155857
-0.10302
-0.0472906
0.0110539
0.071622
0.133863
0.194104
0.243417
0.279609
0.307005
0.328251
0.345061
0.35846
0.368647
0.374344
0.375617
-0.334267
-0.32604
-0.289911
-0.240894
-0.18648
-0.128317
-0.066881
-0.00259658
0.063944
0.132006
0.197459
0.250553
0.289089
0.317918
0.340019
0.357308
0.370947
0.381089
0.386895
0.388264
-0.369829
-0.361508
-0.324013
-0.271894
-0.213531
-0.150963
-0.0847016
-0.0153158
0.0564902
0.129783
0.199914
0.256369
0.296931
0.326919
0.349603
0.36708
0.380676
0.390717
0.396543
0.398017
-0.401111
-0.392768
-0.354324
-0.299686
-0.238097
-0.171777
-0.101335
-0.0274213
0.0491337
0.127244
0.201798
0.261418
0.303814
0.334777
0.357898
0.375496
0.389024
0.398955
0.404724
0.406248
-0.429548
-0.421164
-0.381951
-0.325227
-0.260904
-0.191331
-0.1172
-0.0392353
0.0416681
0.124283
0.203022
0.265679
0.309897
0.341877
0.365502
0.383286
0.396815
0.406642
0.412299
0.413909
-0.455972
-0.447552
-0.407704
-0.34919
-0.282472
-0.210081
-0.132698
-0.0510791
0.0338119
0.120645
0.203495
0.269324
0.315525
0.348655
0.372885
0.390933
0.404525
0.414301
0.419789
0.421449
-0.481029
-0.472546
-0.432098
-0.37202
-0.303227
-0.228328
-0.148057
-0.0631471
0.0254229
0.11633
0.203315
0.272457
0.320827
0.355297
0.380285
0.398716
0.412448
0.422218
0.427565
0.429223
-0.505066
-0.496498
-0.455487
-0.394065
-0.32339
-0.24626
-0.163406
-0.0755129
0.016486
0.111276
0.202364
0.275006
0.325813
0.361877
0.387834
0.406798
0.420778
0.430595
0.435821
0.437381
-0.528356
-0.519662
-0.478057
-0.415512
-0.343126
-0.264029
-0.178855
-0.088253
0.00688798
0.105344
0.200536
0.276903
0.330463
0.36841
0.395578
0.41526
0.429608
0.439528
0.444672
0.446072
-0.550952
-0.542148
-0.500007
-0.436405
-0.362518
-0.281679
-0.194451
-0.101436
-0.00343323
0.0984878
0.197735
0.278017
0.334681
0.374865
0.403522
0.424121
0.438973
0.449052
0.454141
0.455346
-0.572983
-0.563972
-0.521489
-0.456799
-0.381597
-0.299232
-0.210201
-0.115044
-0.01445
0.0906773
0.193858
0.278192
0.338284
0.38112
0.411599
0.433348
0.44884
0.459134
0.464149
0.465186
-0.594447
-0.585314
-0.542321
-0.476707
-0.400368
-0.316661
-0.226049
-0.129017
-0.0261433
0.081896
0.188819
0.277265
0.341062
0.386961
0.419682
0.442879
0.459172
0.469726
0.47462
0.475482
-0.615337
-0.60606
-0.56257
-0.496123
-0.418782
-0.333907
-0.241941
-0.143303
-0.0384493
0.0721813
0.182571
0.275068
0.342785
0.392166
0.427637
0.452654
0.469904
0.48069
0.485357
0.485999
-0.635585
-0.626166
-0.582182
-0.515009
-0.436784
-0.350919
-0.257804
-0.157816
-0.0512772
0.0615813
0.175085
0.271456
0.343191
0.396442
0.43526
0.462649
0.481057
0.49193
0.496185
0.496553
-0.655146
-0.645601
-0.601132
-0.53332
-0.454328
-0.367623
-0.273559
-0.172453
-0.0645355
0.0501932
0.166379
0.266319
0.342001
0.399375
0.442187
0.472816
0.492871
0.503523
0.506834
0.506785
-0.674018
-0.664333
-0.619403
-0.551013
-0.471363
-0.383942
-0.289109
-0.187114
-0.0781086
0.0381156
0.156531
0.259596
0.338995
0.400488
0.447844
0.482924
0.505869
0.516239
0.517323
0.516264
-0.692139
-0.682301
-0.636957
-0.568044
-0.487825
-0.399827
-0.304377
-0.201704
-0.0918721
0.0254816
0.145632
0.25128
0.334026
0.399307
0.451319
0.492143
0.520373
0.532358
0.529936
0.525653
-0.709525
-0.699574
-0.653797
-0.584417
-0.503738
-0.415301
-0.319388
-0.216257
-0.105857
0.012259
0.133632
0.241196
0.326831
0.395378
0.451361
0.498609
0.53512
0.554208
0.553203
0.536002
-0.726233
-0.716097
-0.670051
-0.60029
-0.519324
-0.430664
-0.334504
-0.231221
-0.120607
-0.0021935
0.119823
0.228584
0.316515
0.387846
0.445872
0.498003
0.543008
0.564375
0.568558
0.518875
-0.74252
-0.73148
-0.685661
-0.615553
-0.534506
-0.445826
-0.349551
-0.246374
-0.135872
-0.0176146
0.104391
0.213526
0.302685
0.376415
0.433492
0.482786
0.526254
0.548507
0.507015
0.436736
-0.759211
-0.745041
-0.700498
-0.630199
-0.54958
-0.460953
-0.364765
-0.261702
-0.151645
-0.0339812
0.0872892
0.195906
0.284624
0.361151
0.415368
0.443852
0.476308
0.465038
0.400532
0.326437
-0.775319
-0.77957
-0.717315
-0.641906
-0.561852
-0.473439
-0.379579
-0.276589
-0.167231
-0.0505524
0.0691691
0.17613
0.262503
0.344413
0.382004
0.36071
0.384803
0.33391
0.256988
0.176163
-0.750542
-0.749968
-0.693557
-0.619923
-0.535416
-0.443885
-0.345783
-0.240641
-0.128993
-0.0100067
0.102562
0.195672
0.271024
0.346324
0.386646
0.28271
0.197538
0.129031
0.0478631
-0.124104
-0.788667
-0.764403
-0.705224
-0.630826
-0.546748
-0.455747
-0.358395
-0.25418
-0.14391
-0.0271195
0.0819698
0.170855
0.239938
0.287403
0.26227
0.125533
-0.0101937
-0.102326
-0.198912
-0.395824
-0.810568
-0.781156
-0.722184
-0.647573
-0.563953
-0.473359
-0.376136
-0.273007
-0.164469
-0.0505137
0.054483
0.137687
0.198126
0.218355
0.136253
-0.0583306
-0.225114
-0.347806
-0.484842
-0.767954
-0.831601
-0.799745
-0.740025
-0.664883
-0.581348
-0.491012
-0.394396
-0.292488
-0.185877
-0.0751008
0.0250875
0.101663
0.150837
0.138444
-0.0172847
-0.251506
-0.465239
-0.640582
-0.849851
-1.31001
-0.851177
-0.818811
-0.758257
-0.682517
-0.598976
-0.508961
-0.413183
-0.312589
-0.208061
-0.100757
-0.0060104
0.0634853
0.0971369
0.0430493
-0.173386
-0.43959
-0.713261
-0.959769
-1.26262
-2.12121
-0.870132
-0.838044
-0.777113
-0.700994
-0.617442
-0.527785
-0.43282
-0.333597
-0.231315
-0.127762
-0.0387934
0.0231179
0.0400266
-0.0589704
-0.319299
-0.600221
-0.895816
-1.17137
-1.42157
-2.45345
-0.889466
-0.857711
-0.796741
-0.720493
-0.63698
-0.547662
-0.453476
-0.355633
-0.255697
-0.156055
-0.0730153
-0.0194799
-0.0205485
-0.176781
-0.445944
-0.720171
-0.983793
-1.17489
-1.21527
-1.28173
-0.909564
-0.878196
-0.817365
-0.741214
-0.657895
-0.569052
-0.475795
-0.379566
-0.282331
-0.187133
-0.110586
-0.0663822
-0.0947027
-0.297838
-0.559106
-0.809161
-1.01398
-1.12965
-1.14952
-1.15914
-0.930679
-0.899477
-0.838973
-0.763067
-0.680077
-0.591853
-0.499732
-0.405376
-0.311181
-0.220985
-0.151418
-0.11801
-0.175398
-0.408865
-0.664429
-0.89337
-1.05673
-1.10608
-1.11849
-1.11935
-0.952811
-0.92173
-0.861641
-0.785959
-0.703387
-0.615956
-0.52515
-0.432903
-0.342093
-0.25745
-0.195227
-0.1743
-0.259685
-0.514384
-0.76191
-0.983194
-1.0881
-1.09895
-1.10339
-1.10398
-0.975784
-0.944875
-0.885004
-0.809765
-0.727705
-0.641186
-0.551864
-0.46195
-0.37481
-0.296168
-0.241736
-0.232296
-0.348778
-0.614952
-0.848854
-1.06662
-1.11961
-1.1086
-1.10037
-1.09684
-0.999077
-0.968637
-0.908995
-0.834184
-0.752778
-0.667287
-0.579593
-0.492221
-0.408951
-0.336578
-0.290654
-0.291402
-0.445168
-0.707542
-0.911715
-1.09238
-1.1333
-1.09661
-1.08363
-1.07933
-1.02231
-0.992294
-0.933326
-0.858938
-0.778209
-0.693864
-0.607901
-0.52321
-0.443971
-0.377971
-0.340942
-0.356231
-0.542695
-0.78156
-0.945944
-0.964426
-1.03585
-1.06298
-1.06927
-1.0684
-1.04486
-1.01548
-0.957283
-0.883488
-0.803469
-0.720345
-0.636198
-0.554199
-0.479058
-0.419277
-0.391593
-0.424071
-0.657839
-0.857066
-1.00888
-1.1143
-1.14549
-1.15141
-1.14993
-1.14809
-1.06598
-1.03754
-0.980023
-0.907048
-0.827956
-0.746019
-0.663691
-0.584227
-0.513003
-0.459086
-0.441157
-0.485559
-0.810491
-1.02737
-1.08247
-1.09415
-1.33168
-1.55123
-1.54159
-1.51293
-1.08453
-1.05738
-1.00089
-0.928756
-0.850639
-0.770004
-0.689366
-0.612128
-0.544184
-0.495611
-0.487725
-0.54985
-0.981858
-1.32517
-1.1991
-1.09412
-1.48054
-1.78499
-1.76361
-1.76799
-1.0995
-1.07397
-1.01884
-0.947627
-0.870484
-0.791145
-0.712082
-0.636669
-0.570675
-0.52639
-0.526783
-0.613076
-1.14698
-1.85557
-2.63532
-3.10036
-3.19999
-2.7753
-2.29641
-2.19342
-1.10952
-1.08601
-1.03261
-0.962431
-0.88631
-0.808211
-0.730495
-0.656235
-0.590695
-0.546244
-0.549239
-0.66699
-1.28673
-2.31807
-3.65582
-4.26367
-4.33387
-3.94056
-3.42306
-3.179
-1.11388
-1.09245
-1.04106
-0.971915
-0.896835
-0.819947
-0.743412
-0.669791
-0.602096
-0.550754
-0.545657
-0.625782
-1.13888
-1.81337
-2.55915
-3.04109
-3.04881
-2.79245
-2.45815
-2.256
-1.10948
-1.09123
-1.0427
-0.974734
-0.900625
-0.825183
-0.750177
-0.676638
-0.605265
-0.539244
-0.494473
-0.491916
-0.592432
-0.68103
-0.654506
-0.52651
-0.279963
-0.03372
0.159625
0.257255
-1.09538
-1.08014
-1.03501
-0.968776
-0.896258
-0.822993
-0.750081
-0.676914
-0.600533
-0.514004
-0.417119
-0.334966
-0.0828926
0.326239
0.836768
1.35692
1.80031
2.1065
2.26439
2.31304
-1.06952
-1.05736
-1.01617
-0.952316
-0.882477
-0.812686
-0.743884
-0.674085
-0.596554
-0.491824
-0.350403
-0.189191
0.0794708
0.64065
1.30402
1.90908
2.37676
2.64958
2.76139
2.78626
-1.02986
-1.02026
-0.983148
-0.923639
-0.85855
-0.794823
-0.733951
-0.67379
-0.602715
-0.491637
-0.321562
-0.0962379
0.134108
0.574592
1.15805
1.66444
2.04074
2.25952
2.35941
2.38813
-0.972226
-0.964304
-0.933116
-0.88181
-0.824821
-0.770845
-0.722886
-0.681704
-0.638178
-0.55284
-0.377514
-0.12188
0.13407
0.398917
0.805731
1.17804
1.46769
1.64731
1.74049
1.76921
-0.899461
-0.893129
-0.869804
-0.829334
-0.783991
-0.743579
-0.714147
-0.702651
-0.716419
-0.752845
-0.691514
-0.404535
-0.0851636
0.143377
0.415149
0.690951
0.916141
1.07041
1.15747
1.18364
-0.815663
-0.812
-0.796679
-0.769104
-0.738698
-0.715035
-0.709191
-0.742891
-0.867435
-1.17266
-1.42737
-1.1196
-0.618086
-0.321748
-0.027773
0.231734
0.418571
0.538792
0.599471
0.628235
-0.725311
-0.723887
-0.715907
-0.701207
-0.685984
-0.679115
-0.695406
-0.770391
-1.00173
-1.55253
-2.16122
-1.82261
-1.1302
-0.730499
-0.379224
-0.0958454
0.100957
0.210298
0.253322
0.258614
-0.634368
-0.634549
-0.631189
-0.624582
-0.618325
-0.622832
-0.651806
-0.745252
-1.00677
-1.64034
-2.30526
-1.97597
-1.3402
-0.906971
-0.537016
-0.278511
-0.129715
-0.0624789
-0.0364355
-0.033548
-0.536094
-0.536749
-0.535005
-0.531649
-0.530847
-0.538448
-0.566808
-0.648392
-0.870205
-1.37582
-1.84994
-1.63168
-1.19739
-0.808887
-0.512293
-0.333543
-0.253909
-0.22365
-0.212338
-0.210324
-0.427003
-0.427997
-0.427372
-0.425769
-0.425754
-0.43101
-0.449167
-0.499916
-0.633566
-0.928171
-1.1684
-1.02264
-0.73861
-0.490443
-0.338575
-0.277591
-0.260802
-0.257996
-0.256601
-0.255551
-0.316517
-0.317268
-0.317278
-0.316413
-0.31586
-0.316984
-0.32304
-0.342224
-0.393669
-0.502195
-0.570787
-0.479351
-0.316067
-0.218095
-0.184407
-0.188007
-0.198334
-0.206261
-0.209161
-0.209352
-0.214714
-0.215276
-0.215898
-0.215751
-0.214839
-0.212926
-0.210475
-0.208905
-0.210862
-0.21351
-0.17866
-0.139639
-0.0778676
-0.0657655
-0.0813574
-0.101225
-0.116797
-0.126305
-0.130363
-0.131313
-0.130265
-0.130663
-0.131629
-0.13205
-0.131211
-0.128202
-0.12213
-0.111656
-0.0946344
-0.065926
-0.0226629
-0.002888
0.0120202
0.00414916
-0.016706
-0.035207
-0.0484379
-0.0563213
-0.0599942
-0.0611129
-0.0661502
-0.0664199
-0.0674697
-0.0682631
-0.067769
-0.0649348
-0.0585718
-0.0467887
-0.0270816
0.00301617
0.0356836
0.0472813
0.0454365
0.035145
0.019889
0.00663009
-0.00285567
-0.00856902
-0.0113536
-0.0123328
-0.0208972
-0.0210779
-0.0220551
-0.023073
-0.0230433
-0.0209303
-0.0156532
-0.0056739
0.0107025
0.0340088
0.0554562
0.0623174
0.0581711
0.0495656
0.0392918
0.0303318
0.0237225
0.0196505
0.0176521
0.0169271
0.00899308
0.00886617
0.00802597
0.00694615
0.00656626
0.00775465
0.0114759
0.0188551
0.0308028
0.0469825
0.0604827
0.0644098
0.0611202
0.0549721
0.0481614
0.0420715
0.0373954
0.0344433
0.033015
0.0324965
0.0274175
0.0273201
0.0266387
0.0256231
0.0250385
0.0255452
0.0278256
0.0327001
0.0407402
0.0513656
0.0596972
0.0618914
0.0596792
0.0554919
0.0508461
0.0465963
0.0432079
0.0410104
0.0399781
0.0396146
0.0378421
0.0377566
0.0372196
0.0363294
0.0356667
0.035742
0.0370459
0.0400606
0.0451086
0.0517752
0.0568716
0.0580216
0.0563781
0.0534197
0.0501598
0.047109
0.0445907
0.0429259
0.0421707
0.0419167
0.0429707
0.0428879
0.0424507
0.0416691
0.0409947
0.0407642
0.0413424
0.0430851
0.0461585
0.0501709
0.0530818
0.0534916
0.0521993
0.0500715
0.0477162
0.0454769
0.0435898
0.0423292
0.0417761
0.0415973
0.0446616
0.0445813
0.0442086
0.0435175
0.042853
0.042447
0.0425373
0.0433465
0.0450097
0.0472817
0.0488709
0.0488902
0.0478143
0.0461961
0.0444389
0.0427671
0.0413441
0.0403926
0.0399876
0.03986
0.0440937
0.0440193
0.0436954
0.0430848
0.0424499
0.0419562
0.0417714
0.0420393
0.0428262
0.0439612
0.0446566
0.044377
0.0434261
0.0421549
0.0408114
0.0395401
0.0384572
0.0377368
0.037438
0.0373459
0.0420209
0.0419551
0.0416739
0.0411354
0.0405406
0.0400084
0.0396497
0.0395602
0.03979
0.0402192
0.0403684
0.0399347
0.0390994
0.0380797
0.0370349
0.0360593
0.0352329
0.0346872
0.0344651
0.0343976
0.0389444
0.038889
0.0386522
0.0381893
0.0376543
0.0371348
0.0367046
0.0364224
0.0363184
0.0363167
0.036142
0.0356258
0.0348825
0.0340487
0.0332239
0.0324665
0.0318305
0.0314134
0.0312461
0.0311961
0.0352126
0.0351674
0.0349737
0.0345855
0.0341202
0.0336413
0.033197
0.0328254
0.0325443
0.0323004
0.0319438
0.0314027
0.0307495
0.0300646
0.0294086
0.0288167
0.0283245
0.028004
0.0278773
0.0278402
0.0310646
0.0310283
0.0308742
0.0305582
0.0301666
0.0297464
0.0293271
0.0289317
0.028571
0.02821
0.0277776
0.0272546
0.0266882
0.0261255
0.0256018
0.0251373
0.0247549
0.024508
0.024412
0.0243845
0.0266669
0.026638
0.0265184
0.0262684
0.0259496
0.0255961
0.0252251
0.0248499
0.0244762
0.02408
0.0236363
0.0231585
0.0226776
0.022219
0.0218027
0.0214392
0.0211431
0.0209543
0.0208818
0.0208613
0.0221305
0.0221078
0.0220167
0.0218239
0.0215722
0.0212857
0.0209739
0.0206439
0.0202983
0.0199209
0.0195114
0.0190976
0.0187011
0.0183348
0.0180088
0.0177276
0.0175009
0.0173579
0.0173035
0.0172881
0.0175237
0.0175063
0.0174387
0.0172941
0.0171021
0.0168799
0.0166319
0.0163616
0.0160692
0.0157439
0.0153969
0.0150596
0.0147466
0.0144639
0.0142157
0.0140036
0.0138337
0.0137275
0.0136874
0.013676
0.0128835
0.012871
0.0128227
0.0127185
0.0125793
0.0124172
0.012234
0.0120309
0.0118069
0.0115545
0.0112879
0.0110348
0.0108051
0.0106003
0.0104217
0.0102692
0.010147
0.0100708
0.0100425
0.0100342
0.00822388
0.00821585
0.00818479
0.00811676
0.00802638
0.00792205
0.0078041
0.00767197
0.00752464
0.00735787
0.00718231
0.0070179
0.00687047
0.00674007
0.00662654
0.00652883
0.00644944
0.00639987
0.00638189
0.00637608
0.00354812
0.00354559
0.00354233
0.003522
0.00348492
0.00344116
0.00339087
0.00333397
0.0032697
0.00319625
0.00311486
0.00303467
0.00296336
0.00290064
0.0028462
0.00279916
0.00275887
0.00272979
0.00271899
0.00271524
-1.47511
-0.810827
-0.431954
-0.164776
0.0422286
0.204305
0.338887
0.456229
0.58457
0.573384
-0.543389
-0.344978
-0.138873
0.0335033
0.176881
0.295414
0.39421
0.469792
0.503089
0.507013
-0.193191
-0.0672653
0.0664137
0.183076
0.283067
0.366999
0.434153
0.481793
0.511421
0.527542
0.0403377
0.125041
0.216182
0.297946
0.368799
0.428293
0.475991
0.512349
0.539734
0.55769
0.209037
0.269017
0.333142
0.392498
0.444454
0.48885
0.52576
0.555641
0.579572
0.597487
0.340257
0.384561
0.431879
0.477261
0.517833
0.5534
0.583906
0.609215
0.62977
0.647317
0.448732
0.482877
0.522546
0.559678
0.594035
0.624794
0.651485
0.673674
0.691312
0.70859
0.544912
0.57577
0.611979
0.646027
0.677721
0.706252
0.730896
0.751051
0.766142
0.783271
0.63943
0.671934
0.708694
0.742793
0.773935
0.801504
0.824877
0.843503
0.856537
0.873834
0.745584
0.782167
0.821107
0.856146
0.886921
0.913274
0.935055
0.952097
0.963996
0.98189
0.876357
0.915778
0.954542
0.988188
1.01661
1.04058
1.06053
1.07632
1.08835
1.10665
1.03815
1.07493
1.10715
1.13419
1.1573
1.17804
1.19686
1.21307
1.2269
1.24482
1.22339
1.24875
1.2689
1.2876
1.30542
1.3223
1.33828
1.35438
1.37159
1.39076
1.41049
1.42148
1.43432
1.44898
1.46267
1.47483
1.48584
1.49728
1.51274
1.5322
1.59264
1.60613
1.61122
1.61221
1.61421
1.62169
1.63551
1.65318
1.66696
1.67832
1.86163
1.81108
1.76361
1.73207
1.71914
1.72372
1.74694
1.79204
1.85876
1.95289
0.297961
0.294966
0.288913
0.278021
0.265576
0.254314
0.245302
0.238568
0.234075
0.23206
0.233083
0.236818
0.242742
0.250817
0.261149
0.273335
0.285588
0.294234
0.298736
0.300869
0.226198
0.232865
0.23816
0.241827
0.24299
0.241414
0.238012
0.234245
0.231234
0.229803
0.23066
0.233433
0.237267
0.241271
0.244112
0.244493
0.242058
0.237579
0.231229
0.225386
0.215983
0.218979
0.222422
0.22501
0.226867
0.228133
0.228429
0.227732
0.226652
0.226062
0.226685
0.228131
0.229502
0.230021
0.229379
0.227925
0.225844
0.222822
0.219395
0.217099
0.209841
0.211304
0.213645
0.216071
0.217948
0.219276
0.220255
0.220874
0.22111
0.22128
0.221697
0.22213
0.222153
0.22165
0.220737
0.219319
0.217251
0.214801
0.212921
0.211841
0.204391
0.205251
0.206924
0.208968
0.210961
0.212646
0.21393
0.214938
0.21576
0.216386
0.21672
0.216681
0.216285
0.215532
0.214319
0.212644
0.210732
0.208865
0.207672
0.207034
0.199474
0.20006
0.201414
0.203199
0.205086
0.206952
0.208635
0.209975
0.21099
0.211747
0.212168
0.212122
0.211577
0.21051
0.209027
0.207366
0.205662
0.204124
0.203233
0.202817
0.194949
0.19536
0.196555
0.198233
0.199947
0.201617
0.203272
0.204866
0.206236
0.207267
0.207729
0.207545
0.206817
0.205738
0.20448
0.203064
0.201519
0.20013
0.199413
0.199156
0.191373
0.191628
0.192639
0.194181
0.195796
0.197384
0.198914
0.200343
0.201684
0.202827
0.203458
0.203472
0.203039
0.202247
0.201173
0.199908
0.198526
0.197321
0.196789
0.196671
0.189111
0.189261
0.189935
0.191086
0.192382
0.193752
0.195188
0.19669
0.19815
0.199455
0.200283
0.20048
0.200183
0.19956
0.198756
0.197866
0.196902
0.196129
0.195818
0.195761
0.187087
0.187191
0.187556
0.188199
0.189033
0.19003
0.191187
0.192513
0.193972
0.19544
0.196536
0.197067
0.19718
0.197044
0.196684
0.196286
0.195904
0.195599
0.195454
0.195405
0.184292
0.184369
0.184622
0.185048
0.185728
0.186624
0.187774
0.189177
0.190785
0.192493
0.193912
0.194753
0.19511
0.195185
0.195113
0.195045
0.19496
0.194861
0.194788
0.194746
0.180723
0.180781
0.181022
0.18147
0.182039
0.182872
0.184005
0.185469
0.187252
0.189273
0.191098
0.19234
0.193081
0.193507
0.193773
0.193905
0.193934
0.193899
0.193868
0.193838
0.176626
0.176661
0.176906
0.177419
0.178132
0.178947
0.18025
0.181896
0.183949
0.186375
0.188702
0.190419
0.191558
0.192297
0.192747
0.192998
0.193072
0.193075
0.193084
0.193065
0.17215
0.172183
0.172417
0.172952
0.173715
0.174913
0.176271
0.178142
0.180564
0.183538
0.186486
0.188753
0.190308
0.191372
0.192077
0.192482
0.192653
0.192735
0.19278
0.192765
0.167263
0.167311
0.167549
0.168117
0.168986
0.170206
0.171875
0.174123
0.177064
0.18074
0.184469
0.187406
0.18952
0.190962
0.191891
0.192478
0.192811
0.192995
0.193071
0.193054
0.161712
0.161763
0.16205
0.162655
0.163622
0.16504
0.167039
0.169779
0.173408
0.177986
0.182671
0.186408
0.189075
0.190987
0.192264
0.193091
0.193604
0.193893
0.193998
0.193975
0.155227
0.155293
0.155637
0.15635
0.157478
0.159185
0.161625
0.16501
0.169526
0.175249
0.181131
0.18583
0.189281
0.191676
0.193316
0.194408
0.195109
0.195501
0.195637
0.19561
0.147522
0.147605
0.148024
0.148903
0.150326
0.152427
0.155465
0.159706
0.165366
0.172535
0.179893
0.185803
0.1901
0.193119
0.195187
0.196577
0.197479
0.197981
0.198154
0.198121
0.138256
0.138365
0.138916
0.140039
0.141829
0.144504
0.148366
0.153724
0.16085
0.169841
0.17903
0.186372
0.191709
0.195464
0.198043
0.199781
0.200916
0.201546
0.201759
0.201718
0.126986
0.127136
0.127871
0.129336
0.131647
0.135102
0.140052
0.146879
0.155902
0.167181
0.178604
0.18768
0.194265
0.198904
0.202096
0.204251
0.205662
0.20645
0.206712
0.206659
0.113069
0.113288
0.114289
0.116228
0.119275
0.123792
0.130225
0.139018
0.150483
0.164605
0.178736
0.189886
0.197959
0.203654
0.207584
0.210246
0.211991
0.212974
0.213294
0.213227
0.0955403
0.0958705
0.0972726
0.0999198
0.104041
0.110093
0.118598
0.13001
0.144591
0.16221
0.179572
0.193165
0.202996
0.209948
0.21477
0.218054
0.220214
0.221433
0.221832
0.221746
0.0729334
0.0734656
0.0755205
0.0792783
0.0850444
0.0933761
0.104805
0.119728
0.138278
0.160136
0.181281
0.197697
0.209571
0.218016
0.223922
0.227979
0.23067
0.232186
0.232679
0.232571
0.0429288
0.0438669
0.0470704
0.0526968
0.0611477
0.0729755
0.0885876
0.1082
0.131711
0.15858
0.184036
0.20363
0.217833
0.228033
0.235265
0.240309
0.243698
0.245607
0.246217
0.24608
0.00122173
0.00309021
0.00881654
0.018105
0.0312535
0.0485581
0.0700785
0.0957516
0.125237
0.157822
0.188015
0.211064
0.227836
0.240045
0.24889
0.255215
0.259573
0.262026
0.262781
0.262603
-0.0600148
-0.054506
-0.0426639
-0.0261299
-0.00486849
0.0205701
0.0499378
0.0830153
0.119345
0.158156
0.193333
0.21998
0.239465
0.253866
0.264578
0.272521
0.278159
0.281422
0.282462
0.282179
-0.133177
-0.123698
-0.101974
-0.074497
-0.0432528
-0.00870364
0.0291342
0.0701397
0.113935
0.159866
0.201162
0.232604
0.255985
0.273723
0.287371
0.297973
0.30596
0.309955
0.311108
0.311379
-0.206626
-0.189644
-0.158569
-0.121186
-0.0805364
-0.0370916
0.00912614
0.0580155
0.109271
0.162347
0.20982
0.246064
0.273278
0.294272
0.31081
0.323951
0.334052
0.339508
0.342214
0.342624
-0.264421
-0.244083
-0.207241
-0.162741
-0.114566
-0.0634755
-0.00971795
0.0464803
0.104732
0.164453
0.217469
0.257773
0.287982
0.311258
0.329547
0.344052
0.355256
0.362136
0.365359
0.365797
-0.311379
-0.289052
-0.248036
-0.198396
-0.144438
-0.0872296
-0.0271102
0.0354993
0.10004
0.165757
0.223644
0.267262
0.299621
0.324279
0.343463
0.358557
0.370195
0.377517
0.380846
0.381294
-0.350232
-0.327095
-0.283041
-0.229343
-0.170784
-0.108533
-0.0430299
0.0251358
0.0952469
0.166339
0.228492
0.274854
0.308867
0.334488
0.354181
0.369478
0.381136
0.388525
0.391779
0.392286
-0.383953
-0.360253
-0.313852
-0.256869
-0.194503
-0.127975
-0.0578357
0.0152402
0.0903624
0.166358
0.232477
0.281366
0.316824
0.34318
0.36316
0.378492
0.390089
0.397538
0.40069
0.401172
-0.413999
-0.389974
-0.341708
-0.282039
-0.216435
-0.14619
-0.0719343
0.00556385
0.0853079
0.165926
0.235796
0.287047
0.323839
0.350875
0.371144
0.386552
0.398094
0.405596
0.408657
0.409037
-0.441559
-0.417253
-0.367536
-0.305492
-0.237095
-0.163609
-0.0856997
-0.00418494
0.0798411
0.16482
0.238352
0.292046
0.330281
0.358107
0.378745
0.394276
0.405824
0.41331
0.416337
0.416557
-0.467484
-0.442865
-0.391863
-0.327781
-0.256951
-0.180602
-0.099424
-0.0142625
0.0737452
0.162995
0.240303
0.296603
0.336439
0.365188
0.386307
0.402048
0.413647
0.421103
0.424099
0.424216
-0.492165
-0.467236
-0.415058
-0.349248
-0.276245
-0.197353
-0.113249
-0.0247521
0.0670327
0.160451
0.241615
0.300729
0.34241
0.372279
0.394036
0.4101
0.421817
0.429255
0.43222
0.432287
-0.515944
-0.49069
-0.437473
-0.370117
-0.295165
-0.214016
-0.127269
-0.0357059
0.0595994
0.157056
0.242177
0.304386
0.34823
0.379479
0.402058
0.418574
0.430492
0.437907
0.440822
0.440855
-0.538998
-0.513397
-0.459315
-0.390504
-0.313835
-0.230671
-0.141558
-0.0472302
0.0513361
0.15271
0.241897
0.30748
0.353817
0.386756
0.410382
0.427502
0.439715
0.447169
0.449967
0.449994
-0.561432
-0.535429
-0.480593
-0.410461
-0.332285
-0.24735
-0.156148
-0.0593334
0.0422449
0.147357
0.240647
0.309871
0.35904
0.394018
0.418975
0.436889
0.449494
0.457004
0.459673
0.459662
-0.583296
-0.55691
-0.501291
-0.43002
-0.350529
-0.264036
-0.170995
-0.0719743
0.032322
0.140933
0.23829
0.311387
0.363775
0.401186
0.427791
0.446703
0.459802
0.467383
0.469889
0.469792
-0.604539
-0.577822
-0.521422
-0.449169
-0.368525
-0.280678
-0.186043
-0.085107
0.0215877
0.13341
0.234706
0.311805
0.367806
0.408113
0.436753
0.456888
0.470554
0.478181
0.480491
0.480257
-0.625183
-0.598097
-0.540997
-0.467865
-0.386216
-0.297215
-0.201228
-0.0986591
0.0101228
0.124804
0.229805
0.31092
0.370805
0.41453
0.445746
0.467423
0.48167
0.489173
0.491189
0.490833
-0.645111
-0.617705
-0.559962
-0.486067
-0.403556
-0.313575
-0.216461
-0.112531
-0.00199249
0.11515
0.223514
0.308532
0.372451
0.420091
0.454606
0.478384
0.493231
0.500271
0.501766
0.501283
-0.664393
-0.636591
-0.578296
-0.503721
-0.420474
-0.329681
-0.231641
-0.12661
-0.0146608
0.104534
0.215822
0.304481
0.372419
0.424325
0.463023
0.489942
0.505687
0.511525
0.511855
0.51125
-0.682881
-0.654759
-0.595951
-0.520777
-0.436913
-0.345455
-0.24669
-0.140808
-0.0277494
0.0930716
0.206757
0.298661
0.370374
0.426579
0.47029
0.502039
0.520192
0.524208
0.52144
0.520141
-0.700701
-0.672192
-0.612889
-0.537186
-0.452807
-0.36082
-0.261489
-0.154986
-0.0411184
0.0808937
0.196418
0.291019
0.366095
0.426099
0.475116
0.513622
0.537651
0.542769
0.53413
0.514867
-0.717755
-0.688901
-0.629251
-0.553137
-0.468437
-0.376096
-0.276447
-0.169603
-0.0552963
0.0674333
0.18418
0.280839
0.358947
0.421876
0.475313
0.521687
0.555661
0.566353
0.551515
0.564745
-0.734204
-0.704908
-0.644992
-0.568568
-0.483758
-0.391218
-0.291545
-0.184621
-0.070262
0.0526402
0.169931
0.267692
0.348332
0.413018
0.466681
0.517544
0.552475
0.567165
0.508709
0.478183
-0.750555
-0.720757
-0.659865
-0.583068
-0.498311
-0.405771
-0.306589
-0.199783
-0.0857248
0.0367626
0.153792
0.251465
0.333781
0.3997
0.446128
0.490123
0.516123
0.49295
0.421449
0.37215
-0.767385
-0.736849
-0.673382
-0.596431
-0.511747
-0.419646
-0.321239
-0.214927
-0.10159
0.0198697
0.13575
0.232237
0.314267
0.383349
0.425521
0.434519
0.426531
0.370388
0.290897
0.241499
-0.385862
-0.283169
-0.174206
-0.0581667
0.0603243
0.165642
0.249724
0.0787278
-0.784567
-0.764988
-0.729388
-0.664554
-0.5847
-0.497328
-0.402647
-0.301251
-0.19352
-0.0793199
0.0370285
0.139964
0.221658
0.288128
0.333233
0.301331
0.147892
0.0499792
-0.0266036
-0.799575
-0.78695
-0.744343
-0.677954
-0.598019
-0.510926
-0.416975
-0.316365
-0.209906
-0.0976873
0.0155561
0.11394
0.18989
0.243027
0.239792
0.125985
-0.0458861
-0.171635
-0.276459
-0.819893
-0.807611
-0.762264
-0.694929
-0.615004
-0.527973
-0.434217
-0.334286
-0.229164
-0.119119
-0.00968393
0.0830113
0.151042
0.188321
0.13666
-0.0484789
-0.253973
-0.417823
-0.565222
-0.839935
-0.827513
-0.780956
-0.712589
-0.632492
-0.545597
-0.452323
-0.3534
-0.249851
-0.142357
-0.0371132
0.0495473
0.108803
0.124638
0.0238663
-0.221762
-0.473095
-0.700563
-0.923872
-0.858896
-0.84705
-0.799966
-0.730764
-0.650475
-0.563732
-0.471059
-0.373243
-0.271414
-0.166749
-0.0660855
0.0139658
0.0642579
0.0468975
-0.116956
-0.383958
-0.672053
-0.952321
-1.20823
-0.877682
-0.866464
-0.819453
-0.749799
-0.669397
-0.582786
-0.490647
-0.39387
-0.293794
-0.192035
-0.0960762
-0.0228894
0.0174153
-0.0390079
-0.250753
-0.521341
-0.808782
-1.08916
-1.26595
-1.32625
-0.89733
-0.886433
-0.83969
-0.769899
-0.689565
-0.60318
-0.511638
-0.416002
-0.317867
-0.21934
-0.128539
-0.0627667
-0.0351595
-0.12309
-0.375435
-0.636609
-0.888797
-1.09233
-1.1642
-1.1948
-0.917773
-0.90723
-0.860928
-0.791098
-0.710977
-0.624973
-0.534183
-0.439908
-0.344005
-0.249173
-0.164083
-0.106301
-0.0927917
-0.214061
-0.48794
-0.737366
-0.95157
-1.0881
-1.13608
-1.13593
-0.939298
-0.928951
-0.882967
-0.81335
-0.733533
-0.648031
-0.558183
-0.465483
-0.372104
-0.28141
-0.202598
-0.153248
-0.158533
-0.323974
-0.589813
-0.833982
-1.0238
-1.08881
-1.10355
-1.10927
-0.961747
-0.951534
-0.905809
-0.836558
-0.757101
-0.67224
-0.583489
-0.492563
-0.40198
-0.315794
-0.243894
-0.202857
-0.236696
-0.434047
-0.684361
-0.928897
-1.08749
-1.11897
-1.10648
-1.10233
-0.984847
-0.974758
-0.929412
-0.860522
-0.781497
-0.697402
-0.609878
-0.520919
-0.433367
-0.351961
-0.28751
-0.254687
-0.313169
-0.536702
-0.773566
-0.998832
-1.13961
-1.11653
-1.10037
-1.09219
-1.00784
-0.998191
-0.95335
-0.884875
-0.806448
-0.723188
-0.637028
-0.550169
-0.465837
-0.38937
-0.332691
-0.308984
-0.390725
-0.626601
-0.848715
-0.99683
-1.06486
-1.07486
-1.07353
-1.07108
-1.03047
-1.02116
-0.977451
-0.909312
-0.831473
-0.749121
-0.664438
-0.579754
-0.498766
-0.427279
-0.378485
-0.364115
-0.472045
-0.714488
-0.906129
-0.978521
-1.01906
-1.0725
-1.0846
-1.08966
-1.05222
-1.04327
-1.00042
-0.93319
-0.855996
-0.774648
-0.691428
-0.608937
-0.531206
-0.464642
-0.423568
-0.417878
-0.569047
-0.846536
-0.989896
-1.15842
-1.23416
-1.27812
-1.30511
-1.2973
-1.07201
-1.06347
-1.0219
-0.95548
-0.879213
-0.798941
-0.717191
-0.636758
-0.561951
-0.500036
-0.466135
-0.473704
-0.671756
-1.06899
-1.17433
-0.876087
-1.08311
-1.59241
-1.7959
-1.74204
-1.08868
-1.08076
-1.04082
-0.975537
-0.900113
-0.820952
-0.740666
-0.662086
-0.589578
-0.531337
-0.503237
-0.529505
-0.787064
-1.31786
-1.73455
-1.7988
-2.03451
-2.04989
-1.90852
-1.8102
-1.10106
-1.09393
-1.05605
-0.992141
-0.917601
-0.839545
-0.760645
-0.683612
-0.612513
-0.555332
-0.531535
-0.577926
-0.889696
-1.64498
-2.77194
-3.78887
-4.20638
-3.90221
-3.25668
-2.81053
-1.10793
-1.10172
-1.0664
-1.00403
-0.930461
-0.853448
-0.77587
-0.699996
-0.629001
-0.569993
-0.543588
-0.586983
-0.910336
-1.70782
-2.76235
-3.65809
-3.97394
-3.82245
-3.447
-3.09907
-1.10887
-1.10349
-1.07064
-1.01003
-0.937256
-0.86145
-0.785209
-0.710104
-0.638304
-0.572895
-0.530045
-0.542443
-0.705789
-1.08585
-1.44625
-1.77753
-1.80211
-1.59727
-1.31917
-1.11895
-1.10015
-1.09579
-1.06616
-1.00811
-0.93642
-0.862203
-0.78761
-0.713847
-0.640626
-0.565565
-0.493492
-0.444418
-0.35364
-0.226327
0.0218542
0.387841
0.744243
1.05541
1.28316
1.40127
-1.08087
-1.07757
-1.05137
-0.996134
-0.926378
-0.854488
-0.782977
-0.712109
-0.638824
-0.553632
-0.446336
-0.31222
-0.130762
0.276544
0.886519
1.48778
2.0338
2.42008
2.63415
2.71667
-1.04868
-1.04641
-1.02372
-0.971823
-0.905657
-0.837823
-0.77164
-0.706731
-0.637835
-0.54863
-0.415626
-0.230779
-0.0399496
0.344828
0.960081
1.56888
2.06907
2.39845
2.57168
2.639
-1.00039
-0.998874
-0.980099
-0.933608
-0.873487
-0.812461
-0.755108
-0.701455
-0.646128
-0.573544
-0.442028
-0.213719
0.0443377
0.289712
0.749553
1.21992
1.6043
1.86193
2.00396
2.06588
-0.934691
-0.933577
-0.919236
-0.881187
-0.830549
-0.780226
-0.736256
-0.701864
-0.677153
-0.647565
-0.577636
-0.361925
-0.0585468
0.156587
0.441035
0.779487
1.0694
1.27309
1.39399
1.45101
-0.858157
-0.857161
-0.846424
-0.818441
-0.780727
-0.744407
-0.718027
-0.71218
-0.74739
-0.854285
-1.00539
-0.919798
-0.518482
-0.189422
0.0590426
0.328597
0.557429
0.717911
0.805669
0.836476
-0.770194
-0.769331
-0.763388
-0.746862
-0.72426
-0.704411
-0.697758
-0.723255
-0.828373
-1.13101
-1.65356
-1.73444
-1.1744
-0.69598
-0.377148
-0.072245
0.160599
0.317743
0.402472
0.433948
-0.680432
-0.680584
-0.678092
-0.669785
-0.658801
-0.652596
-0.661546
-0.709874
-0.862531
-1.284
-2.0696
-2.26444
-1.59838
-1.04607
-0.659116
-0.330836
-0.101673
0.0288387
0.0857681
0.102109
-0.586131
-0.586842
-0.586252
-0.582188
-0.577835
-0.578966
-0.594864
-0.648002
-0.799869
-1.20285
-1.91836
-2.07224
-1.56733
-1.10064
-0.70514
-0.421811
-0.254315
-0.178848
-0.148015
-0.13858
-0.482474
-0.483331
-0.483282
-0.481093
-0.479311
-0.481929
-0.495397
-0.53585
-0.646259
-0.927209
-1.38988
-1.47655
-1.16447
-0.821247
-0.532118
-0.360943
-0.285879
-0.260301
-0.251867
-0.248089
-0.370767
-0.371857
-0.372239
-0.371322
-0.370297
-0.371417
-0.377937
-0.398303
-0.453917
-0.591663
-0.803922
-0.815957
-0.615718
-0.408992
-0.284825
-0.239994
-0.233323
-0.236956
-0.240208
-0.240065
-0.263363
-0.264246
-0.264773
-0.26471
-0.263978
-0.263137
-0.263072
-0.266481
-0.27963
-0.313417
-0.34616
-0.317492
-0.224903
-0.142669
-0.125815
-0.134901
-0.150799
-0.162798
-0.169239
-0.170981
-0.169584
-0.17022
-0.170837
-0.171529
-0.171212
-0.169475
-0.165767
-0.159758
-0.151039
-0.13788
-0.107918
-0.0641476
-0.0365365
-0.0186371
-0.0340667
-0.0552312
-0.073209
-0.0850091
-0.0912522
-0.0935319
-0.0953858
-0.0958182
-0.0964239
-0.0975071
-0.0975783
-0.0958273
-0.0912478
-0.0824035
-0.0670991
-0.0422368
-0.00532335
0.0260086
0.0309284
0.0290828
0.0134046
-0.0040746
-0.0178379
-0.0267879
-0.0316172
-0.0336014
-0.041149
-0.0414285
-0.0419579
-0.0431916
-0.0436326
-0.042354
-0.0383185
-0.0300824
-0.0156036
0.00711632
0.0360325
0.0557081
0.0560053
0.0492549
0.037526
0.0254862
0.0159781
0.00965655
0.00617723
0.00468302
-0.00413617
-0.00431571
-0.00475348
-0.00595836
-0.00668756
-0.00608538
-0.00314777
0.00329233
0.0145835
0.0316477
0.0514988
0.063258
0.0629968
0.0570297
0.0488718
0.0408602
0.0343361
0.029841
0.0273433
0.026283
0.0195059
0.0193857
0.0190333
0.0179576
0.0171042
0.0171563
0.0189093
0.0233076
0.0312654
0.0430535
0.0559756
0.0628815
0.0625349
0.0583424
0.0528488
0.0474232
0.0428496
0.0395813
0.0377528
0.0370106
0.0335133
0.0334228
0.0331433
0.0322467
0.0313957
0.0311391
0.0320695
0.0347795
0.0398759
0.0474954
0.05565
0.0597729
0.0594298
0.0565315
0.0527249
0.0489388
0.0456462
0.0432061
0.0418407
0.0413203
0.04099
0.0409124
0.0406816
0.0399497
0.0391585
0.0387153
0.0390736
0.0406591
0.0438132
0.0485309
0.0534831
0.0557874
0.0552697
0.0531614
0.050466
0.0477458
0.0453171
0.0434716
0.0424444
0.042077
0.0442053
0.0441366
0.0439341
0.0433199
0.0425788
0.042035
0.041981
0.0427055
0.0444683
0.0472435
0.0501025
0.0512815
0.0507101
0.0491311
0.0471507
0.0451484
0.0433407
0.0419473
0.0411798
0.0409187
0.0446411
0.0445823
0.0444011
0.0438743
0.0431923
0.0426117
0.0423304
0.0425323
0.0433689
0.0448344
0.0463607
0.0468384
0.0461993
0.0449275
0.0434166
0.0419063
0.040539
0.0394807
0.0389064
0.0387187
0.0432377
0.0431892
0.0430282
0.0425696
0.0419473
0.0413608
0.0409429
0.0408211
0.0410985
0.0417504
0.0424019
0.0424034
0.0417365
0.0406945
0.0395177
0.03836
0.0373178
0.0365132
0.0360826
0.0359458
0.0406042
0.0405654
0.0404269
0.0400328
0.0394782
0.0389177
0.0384406
0.0381273
0.0380449
0.0381846
0.0383165
0.0380552
0.0373977
0.0365235
0.0355877
0.0346882
0.0338872
0.0332726
0.0329473
0.0328461
0.0371588
0.0371285
0.037014
0.0366842
0.0362052
0.0356959
0.0352174
0.0348225
0.0345525
0.034396
0.0342132
0.0337975
0.033167
0.0324283
0.0316757
0.0309693
0.0303484
0.0298755
0.0296277
0.0295521
0.0331905
0.033167
0.0330752
0.0328062
0.0324032
0.031958
0.0315104
0.0310935
0.0307334
0.0304222
0.0300777
0.0295999
0.0290193
0.0283969
0.0277893
0.0272317
0.0267478
0.0263821
0.0261928
0.0261363
0.028898
0.0288796
0.0288075
0.0285941
0.0282657
0.0278915
0.0274968
0.0271017
0.0267213
0.0263487
0.0259383
0.025456
0.0249386
0.0244187
0.0239283
0.0234876
0.0231097
0.0228268
0.0226824
0.02264
0.0244177
0.0244034
0.0243476
0.0241822
0.0239226
0.0236189
0.0232865
0.0229369
0.0225782
0.0222051
0.0217941
0.0213473
0.0209024
0.0204754
0.0200841
0.0197386
0.0194458
0.0192286
0.0191192
0.0190875
0.0198386
0.0198276
0.0197852
0.01966
0.0194607
0.0192224
0.0189545
0.0186632
0.0183525
0.0180175
0.0176473
0.0172615
0.0168951
0.0165549
0.0162497
0.015984
0.0157611
0.0155971
0.0155151
0.0154916
0.0152111
0.0152028
0.0151716
0.0150799
0.0149322
0.0147533
0.0145489
0.0143221
0.0140739
0.0138004
0.0134976
0.0131898
0.0129062
0.0126485
0.0124204
0.0122233
0.0120587
0.0119384
0.0118785
0.0118615
0.0105598
0.0105538
0.0105323
0.0104687
0.010366
0.0102417
0.0100996
0.00994017
0.00976322
0.00956564
0.00934672
0.00912738
0.00892878
0.00875062
0.00859389
0.00845848
0.00834482
0.00826131
0.00821996
0.00820826
0.00589169
0.00588747
0.00587571
0.00583905
0.00577917
0.0057083
0.00562771
0.00553704
0.0054354
0.00532061
0.00519323
0.00506682
0.00495359
0.00485313
0.00476529
0.00468917
0.0046242
0.0045759
0.00455259
0.00454591
0.00354605
0.00354505
0.00353509
0.00350479
0.00346378
0.00341683
0.00336325
0.00330269
0.00323425
0.0031563
0.00307423
0.00299801
0.00293095
0.00287246
0.00282186
0.00277811
0.00274225
0.00272224
0.00271807
0.000877266
-1.12507
-0.695112
-0.396513
-0.159782
0.0316178
0.186523
0.313484
0.422401
0.501102
0.501933
-0.484031
-0.283009
-0.105607
0.0461631
0.176025
0.285559
0.376641
0.447691
0.492022
0.509208
-0.142362
-0.0215206
0.093501
0.197175
0.287646
0.36483
0.428225
0.476608
0.51085
0.532639
0.0795241
0.159729
0.239816
0.313618
0.378387
0.43404
0.480333
0.517348
0.54639
0.566193
0.241362
0.295641
0.356386
0.410674
0.459179
0.501578
0.537952
0.568252
0.592948
0.609651
0.368653
0.409512
0.45654
0.498528
0.537409
0.572279
0.602896
0.628858
0.650162
0.663859
0.474777
0.509707
0.548367
0.584746
0.618738
0.649847
0.677398
0.700715
0.719528
0.730593
0.57165
0.604485
0.640887
0.676102
0.708747
0.738464
0.764551
0.786292
0.803164
0.812197
0.66995
0.705651
0.743679
0.780261
0.813181
0.842318
0.867243
0.88758
0.902814
0.911097
0.784941
0.825723
0.865592
0.903177
0.93561
0.96324
0.986282
1.0049
1.01887
1.02816
0.930062
0.973236
1.01106
1.04515
1.07355
1.09767
1.11857
1.13621
1.15024
1.16151
1.10846
1.14626
1.17469
1.19923
1.22047
1.23996
1.25838
1.27566
1.29167
1.30627
1.30657
1.32771
1.34283
1.35882
1.37524
1.39065
1.40446
1.4178
1.43338
1.45179
1.49759
1.50478
1.51537
1.52698
1.53693
1.54619
1.55657
1.56776
1.57942
1.58832
1.71076
1.71254
1.70464
1.68812
1.67704
1.67658
1.68876
1.7134
1.74756
1.77212
2.13039
1.9365
1.83549
1.77778
1.7487
1.74207
1.7573
1.79814
1.87399
2.01695
-0.750243
-0.754914
-0.716973
-0.649963
-0.569984
-0.481671
0.32709
0.398679
0.400101
0.32334
0.250745
0.17276
-0.106288
-0.384645
-0.732584
-1.19394
-1.72847
)
;

boundaryField
{
    wall-4
    {
        type            zeroGradient;
    }
    pressure-outlet-7
    {
        type            fixedValue;
        value           uniform 0;
    }
    velocity-inlet-6
    {
        type            zeroGradient;
    }
    velocity-inlet-5
    {
        type            zeroGradient;
    }
    frontAndBackPlanes
    {
        type            empty;
    }
}


// ************************************************************************* //
