/*--------------------------------*- C++ -*----------------------------------*\
  =========                 |
  \\      /  F ield         | OpenFOAM: The Open Source CFD Toolbox
   \\    /   O peration     | Website:  https://openfoam.org
    \\  /    A nd           | Version:  10
     \\/     M anipulation  |
\*---------------------------------------------------------------------------*/
FoamFile
{
    format      ascii;
    class       volScalarField;
    location    "73";
    object      p;
}
// * * * * * * * * * * * * * * * * * * * * * * * * * * * * * * * * * * * * * //

dimensions      [0 2 -2 0 0 0 0];

internalField   nonuniform List<scalar> 
8800
(
0.814036
0.766251
0.727565
0.698575
0.677719
0.6629
0.652322
0.644867
0.640084
0.638076
0.639397
0.643633
0.650311
0.659652
0.672449
0.690195
0.71498
0.748926
0.791481
0.850183
0.645277
0.652956
0.660438
0.66375
0.662252
0.657185
0.650713
0.644658
0.639967
0.637168
0.636943
0.639501
0.644031
0.650006
0.656796
0.663091
0.666741
0.66601
0.660598
0.651913
0.623668
0.629829
0.63396
0.636911
0.63897
0.639587
0.6385
0.636424
0.634448
0.633595
0.634617
0.637049
0.639886
0.642094
0.642721
0.641536
0.639205
0.63582
0.631264
0.627504
0.617837
0.620489
0.623245
0.625656
0.627301
0.628478
0.629241
0.62939
0.629139
0.62915
0.629969
0.631194
0.632076
0.632172
0.631586
0.630511
0.628707
0.626145
0.623748
0.622244
0.612427
0.613853
0.615638
0.617678
0.619474
0.620833
0.621846
0.62268
0.623346
0.623979
0.624706
0.625265
0.625413
0.625162
0.624492
0.623263
0.621583
0.619746
0.618444
0.617612
0.607314
0.608235
0.609482
0.611059
0.612705
0.61425
0.615563
0.616672
0.617695
0.618669
0.619446
0.619849
0.619864
0.619468
0.618619
0.617444
0.616135
0.614889
0.614072
0.61352
0.602361
0.603031
0.604
0.605314
0.606739
0.60822
0.609692
0.611062
0.612329
0.61353
0.614455
0.614911
0.614895
0.614438
0.613672
0.612754
0.611766
0.610858
0.61028
0.609873
0.597521
0.598038
0.598828
0.599971
0.601267
0.602667
0.604151
0.605678
0.607184
0.60863
0.609759
0.610335
0.610392
0.610071
0.609517
0.608829
0.608085
0.60742
0.606994
0.606675
0.59272
0.59313
0.593794
0.594814
0.596041
0.597399
0.598887
0.600507
0.602219
0.603944
0.605334
0.606118
0.606381
0.60629
0.605967
0.605497
0.604963
0.604494
0.604179
0.60392
0.58787
0.588204
0.588779
0.589722
0.590904
0.592251
0.593781
0.595507
0.59742
0.59945
0.601178
0.602275
0.602831
0.603006
0.602923
0.602685
0.602352
0.602047
0.601817
0.601599
0.58288
0.583157
0.583672
0.584571
0.585738
0.587115
0.588726
0.590602
0.592758
0.595142
0.597296
0.598794
0.599701
0.60018
0.600363
0.600362
0.600231
0.60007
0.599908
0.599718
0.577661
0.577893
0.578368
0.579255
0.580447
0.581897
0.583632
0.585714
0.588178
0.591004
0.593677
0.595657
0.596976
0.597807
0.598287
0.598528
0.598605
0.598579
0.598474
0.598305
0.572115
0.572312
0.572769
0.573671
0.574931
0.576499
0.578414
0.580769
0.583626
0.587001
0.590303
0.592858
0.594659
0.595893
0.596709
0.597219
0.597517
0.597619
0.597561
0.597405
0.566139
0.566307
0.566762
0.567709
0.569078
0.570815
0.572978
0.575686
0.579041
0.583093
0.587157
0.590399
0.59277
0.594469
0.595671
0.596501
0.597023
0.597248
0.597231
0.597082
0.559609
0.559753
0.560222
0.561244
0.562768
0.564734
0.567221
0.57038
0.574357
0.579238
0.584223
0.588285
0.591333
0.593582
0.595225
0.596407
0.597186
0.597541
0.597561
0.597415
0.552383
0.552504
0.553
0.554127
0.555857
0.558123
0.561023
0.564753
0.569502
0.575395
0.58149
0.586531
0.590378
0.593277
0.595441
0.597029
0.598097
0.598586
0.598641
0.598494
0.54427
0.544379
0.544914
0.546179
0.548173
0.550817
0.554245
0.558691
0.564392
0.57152
0.578949
0.585154
0.589944
0.593606
0.596397
0.598463
0.599853
0.600482
0.600569
0.600416
0.535037
0.535136
0.535732
0.537161
0.53949
0.542625
0.546721
0.55206
0.558937
0.567567
0.576596
0.584178
0.590084
0.594641
0.598174
0.600798
0.602553
0.60333
0.603444
0.603283
0.524363
0.524442
0.525126
0.526783
0.529551
0.533313
0.538248
0.544707
0.55304
0.563495
0.574433
0.583637
0.590851
0.596466
0.600842
0.604131
0.606294
0.607223
0.60736
0.607185
0.511862
0.511927
0.512712
0.51468
0.518007
0.522572
0.52858
0.536455
0.546597
0.559269
0.572471
0.583572
0.592297
0.599142
0.604506
0.608554
0.611157
0.612236
0.612387
0.612197
0.496964
0.497018
0.497947
0.500332
0.5044
0.510019
0.517423
0.527109
0.539509
0.554868
0.570737
0.58403
0.594479
0.602727
0.609233
0.614128
0.617192
0.618405
0.618559
0.618349
0.478878
0.47892
0.480065
0.483039
0.488122
0.495167
0.504429
0.516468
0.531704
0.550306
0.569278
0.585061
0.597458
0.607283
0.615036
0.620874
0.624388
0.625703
0.625844
0.625614
0.456418
0.456459
0.457955
0.461818
0.468364
0.477416
0.489226
0.504369
0.52317
0.545654
0.568182
0.586735
0.601274
0.612836
0.621942
0.62875
0.632659
0.634018
0.634124
0.633874
0.427797
0.427859
0.429953
0.43525
0.444082
0.456081
0.471486
0.490751
0.514004
0.541061
0.567584
0.589138
0.605959
0.619355
0.629909
0.637631
0.641811
0.643127
0.643178
0.642912
0.38991
0.390079
0.393406
0.401354
0.414039
0.430563
0.451093
0.475772
0.504466
0.536783
0.567659
0.592368
0.611551
0.626812
0.63882
0.647287
0.651532
0.652699
0.652675
0.6524
0.336815
0.337831
0.344459
0.357874
0.377268
0.400797
0.428402
0.459924
0.495025
0.533168
0.568609
0.596511
0.618047
0.635136
0.648449
0.657366
0.661402
0.662319
0.662218
0.661946
0.259404
0.266889
0.282244
0.305916
0.335303
0.368212
0.404463
0.443852
0.486035
0.530454
0.570741
0.602018
0.626064
0.645086
0.659578
0.668682
0.672333
0.67299
0.67284
0.672606
0.176242
0.193926
0.218801
0.253345
0.293128
0.335538
0.380463
0.427861
0.477453
0.528726
0.574624
0.609912
0.63687
0.658096
0.67379
0.682545
0.685395
0.685757
0.68563
0.685469
0.106875
0.12772
0.160443
0.204214
0.253153
0.304506
0.357838
0.413077
0.469909
0.527794
0.578968
0.617907
0.647378
0.670244
0.686285
0.6943
0.696612
0.696912
0.69684
0.696713
0.050055
0.0725782
0.110901
0.161194
0.21736
0.276232
0.336995
0.399423
0.463045
0.5272
0.583328
0.625636
0.657316
0.681412
0.697622
0.705224
0.707282
0.707572
0.707539
0.707441
0.002786
0.0265007
0.0686609
0.12412
0.186093
0.251172
0.31831
0.387125
0.456964
0.526991
0.587822
0.633304
0.667054
0.692366
0.708919
0.716252
0.718172
0.718489
0.718497
0.718422
-0.0372043
-0.0128411
0.0322209
0.0917635
0.15862
0.228983
0.301667
0.376174
0.451701
0.527229
0.592558
0.641127
0.67695
0.703493
0.72044
0.727838
0.72981
0.730098
0.73013
0.730072
-0.0719729
-0.0472022
0.000134829
0.0630526
0.134041
0.20901
0.286624
0.366284
0.447069
0.527796
0.597469
0.649087
0.68698
0.714798
0.732376
0.740081
0.742048
0.742339
0.74237
0.742338
-0.103043
-0.077928
-0.0287408
0.0370564
0.11162
0.190637
0.272684
0.357067
0.442771
0.528469
0.602371
0.657005
0.696992
0.72618
0.744525
0.752541
0.754624
0.754897
0.754923
0.754895
-0.131414
-0.106
-0.0552369
0.0130535
0.0907608
0.173378
0.259431
0.34817
0.43851
0.528989
0.607048
0.664687
0.706784
0.737333
0.756437
0.764824
0.76705
0.767324
0.767337
0.767321
-0.157916
-0.132163
-0.0800056
-0.00951542
0.071006
0.156849
0.246541
0.339307
0.434024
0.529138
0.611315
0.671952
0.716104
0.748014
0.767844
0.776591
0.778968
0.779253
0.77923
0.779213
-0.182947
-0.156858
-0.103377
-0.0310326
0.0520189
0.140766
0.233766
0.330261
0.429125
0.528755
0.615032
0.678667
0.724864
0.758041
0.778506
0.787555
0.790028
0.790299
0.790245
0.790217
-0.206983
-0.180475
-0.125959
-0.051742
0.033556
0.124916
0.220936
0.320881
0.423665
0.527685
0.618087
0.684772
0.73299
0.76735
0.788316
0.797527
0.800047
0.800295
0.800205
0.800164
-0.230165
-0.203199
-0.147745
-0.0718417
0.0154603
0.109173
0.207933
0.311061
0.417532
0.525828
0.620404
0.690245
0.740515
0.775938
0.797224
0.806498
0.808969
0.80918
0.809061
0.809004
-0.252653
-0.225297
-0.168816
-0.0914543
-0.00235262
0.0934654
0.194694
0.30073
0.410656
0.523097
0.621907
0.695076
0.747499
0.783926
0.805366
0.81448
0.816858
0.817017
0.816869
0.816798
-0.274585
-0.246755
-0.189307
-0.110638
-0.0199357
0.0777606
0.1812
0.289877
0.403002
0.51942
0.622522
0.69926
0.754066
0.7915
0.812875
0.821627
0.823788
0.823884
0.823709
0.823628
-0.296038
-0.267628
-0.209305
-0.129414
-0.0372838
0.0620606
0.16747
0.278511
0.39456
0.51474
0.622174
0.702782
0.760316
0.798878
0.820008
0.828104
0.829885
0.829869
0.829687
0.829601
-0.31688
-0.287919
-0.228749
-0.147776
-0.0543878
0.0464085
0.153538
0.266677
0.385358
0.509049
0.620775
0.705582
0.766309
0.806329
0.827121
0.834179
0.835276
0.835076
0.834897
0.834818
-0.337094
-0.307605
-0.247643
-0.165692
-0.0712097
0.0308443
0.139473
0.254432
0.37545
0.502345
0.61825
0.707543
0.772035
0.814081
0.834725
0.840403
0.840272
0.839618
0.839472
0.839461
-0.356758
-0.326667
-0.265981
-0.183147
-0.0877002
0.0154367
0.125348
0.241863
0.364906
0.494664
0.614523
0.708502
0.777364
0.822216
0.843392
0.847785
0.845726
0.843907
0.843707
0.844059
-0.37572
-0.345094
-0.283716
-0.200094
-0.103812
0.000258277
0.111246
0.229066
0.353825
0.486078
0.609548
0.708252
0.782037
0.830519
0.853398
0.857595
0.853761
0.849633
0.848114
0.848329
-0.394074
-0.362886
-0.300873
-0.216572
-0.11958
-0.0147352
0.097112
0.215987
0.342144
0.476518
0.60319
0.706514
0.785777
0.838593
0.864429
0.870508
0.866776
0.85936
0.852075
0.838964
-0.411756
-0.380032
-0.317566
-0.23278
-0.135283
-0.0298614
0.082549
0.202173
0.329364
0.465397
0.594864
0.702598
0.788164
0.845968
0.875203
0.88504
0.881772
0.867659
0.846313
0.836701
-0.428605
-0.396697
-0.333616
-0.248528
-0.150565
-0.0447848
0.0677715
0.187929
0.315764
0.45293
0.584552
0.695909
0.788173
0.851361
0.881701
0.891742
0.889601
0.863453
0.796541
0.766847
-0.443967
-0.414167
-0.348725
-0.263345
-0.164621
-0.0590022
0.0530997
0.173483
0.301555
0.439223
0.572138
0.686026
0.784117
0.853872
0.878332
0.883316
0.866528
0.80913
0.739628
0.697195
-0.498328
-0.429543
-0.362355
-0.278367
-0.179142
-0.0740255
0.0384567
0.158538
0.286344
0.423778
0.55694
0.672124
0.771819
0.848788
0.847948
0.844887
0.787935
0.713525
0.635475
0.59206
-0.459917
-0.443987
-0.382667
-0.297569
-0.200626
-0.0955288
0.0159333
0.135431
0.262374
0.398651
0.530332
0.64458
0.737819
0.820932
0.800845
0.67922
0.569064
0.49248
0.417257
0.445358
-0.489896
-0.46093
-0.398759
-0.314511
-0.217622
-0.11264
-0.000878366
0.118013
0.243942
0.378524
0.507584
0.617686
0.701003
0.744855
0.691032
0.534473
0.401917
0.307355
0.207055
0.254776
-0.512945
-0.481068
-0.417821
-0.333458
-0.236453
-0.131583
-0.0198946
0.0981749
0.22273
0.354957
0.480344
0.584116
0.658177
0.666907
0.554042
0.376001
0.219382
0.0976186
-0.0351582
-0.00359223
-0.535413
-0.502083
-0.437741
-0.352492
-0.255424
-0.150719
-0.0395672
0.0775363
0.2005
0.329944
0.450614
0.546124
0.604225
0.58113
0.416369
0.215806
0.0226054
-0.147357
-0.336873
-0.357133
-0.55727
-0.523544
-0.458374
-0.37239
-0.275214
-0.170757
-0.0602809
0.0557158
0.176804
0.303017
0.418163
0.505149
0.543212
0.48242
0.285056
0.0709031
-0.148568
-0.339199
-0.581618
-0.876579
-0.579404
-0.545706
-0.480055
-0.393637
-0.296317
-0.192065
-0.0822048
0.0326321
0.151707
0.274372
0.383552
0.461918
0.477586
0.364843
0.170534
-0.0427528
-0.249277
-0.422967
-0.493735
-0.571653
-0.602754
-0.569033
-0.503132
-0.416545
-0.31922
-0.215278
-0.106136
0.00735133
0.124069
0.242604
0.345347
0.412278
0.402171
0.25552
0.0684499
-0.125774
-0.29114
-0.385644
-0.410086
-0.425849
-0.627624
-0.593816
-0.527771
-0.441186
-0.344052
-0.240601
-0.132431
-0.0206136
0.0933013
0.207013
0.302838
0.354821
0.326627
0.153765
-0.0242661
-0.193294
-0.322163
-0.362066
-0.374854
-0.37615
-0.654214
-0.620224
-0.554038
-0.467555
-0.370762
-0.268041
-0.16111
-0.0513138
0.0593388
0.167619
0.255537
0.292702
0.243384
0.0597492
-0.109206
-0.260601
-0.338228
-0.355363
-0.356792
-0.356619
-0.68258
-0.648319
-0.581962
-0.495653
-0.399368
-0.297588
-0.192179
-0.0847643
0.0221928
0.1245
0.203571
0.228497
0.14228
-0.0261844
-0.186614
-0.311463
-0.34876
-0.347091
-0.346199
-0.345625
-0.712438
-0.677935
-0.611441
-0.525398
-0.429788
-0.32919
-0.225608
-0.120939
-0.018095
0.0777753
0.147892
0.155301
0.0506205
-0.105758
-0.247904
-0.325935
-0.336215
-0.338799
-0.339457
-0.339187
-0.743245
-0.708605
-0.642224
-0.556567
-0.461839
-0.362696
-0.261248
-0.159704
-0.0613341
0.0278116
0.088971
0.081079
-0.0315912
-0.173111
-0.292736
-0.324949
-0.333669
-0.335134
-0.334889
-0.334591
-0.774541
-0.739804
-0.673853
-0.588773
-0.495181
-0.397788
-0.298822
-0.20077
-0.107232
-0.0246779
0.0259282
0.0107408
-0.106838
-0.227945
-0.323001
-0.341384
-0.332567
-0.331528
-0.331483
-0.331257
-0.805429
-0.770835
-0.705496
-0.621415
-0.529283
-0.434002
-0.337884
-0.24366
-0.155305
-0.0790264
-0.0384127
-0.0534691
-0.172483
-0.26982
-0.325636
-0.334831
-0.332001
-0.330602
-0.33002
-0.329784
-0.834397
-0.800527
-0.736181
-0.653584
-0.56339
-0.470647
-0.377789
-0.287693
-0.204742
-0.134628
-0.0976907
-0.123554
-0.22467
-0.308853
-0.313715
-0.330297
-0.332982
-0.330843
-0.330043
-0.329559
-0.859831
-0.827017
-0.764808
-0.684137
-0.596482
-0.506802
-0.417682
-0.33202
-0.254414
-0.190582
-0.153657
-0.190246
-0.267298
-0.328354
-0.349303
-0.340455
-0.33729
-0.335869
-0.335003
-0.334415
-0.879629
-0.848552
-0.789199
-0.711687
-0.627289
-0.541358
-0.456492
-0.375628
-0.303197
-0.245531
-0.210819
-0.243076
-0.296853
-0.353601
-0.383212
-0.357063
-0.344242
-0.342065
-0.340925
-0.340411
-0.891598
-0.863221
-0.807682
-0.73431
-0.654344
-0.573013
-0.493052
-0.417324
-0.350045
-0.29788
-0.265398
-0.285374
-0.305193
-0.340563
-0.336087
-0.33679
-0.338692
-0.339433
-0.339785
-0.340051
-0.89316
-0.868805
-0.818227
-0.750274
-0.675977
-0.60037
-0.526058
-0.455881
-0.393838
-0.346321
-0.310428
-0.320766
-0.307272
-0.296361
-0.309251
-0.32792
-0.33563
-0.338342
-0.339568
-0.339852
-0.882067
-0.862479
-0.818691
-0.758022
-0.690755
-0.621988
-0.554196
-0.490039
-0.433406
-0.389925
-0.348573
-0.354892
-0.344086
-0.332658
-0.346729
-0.350273
-0.351404
-0.351692
-0.351595
-0.351528
-0.8565
-0.841826
-0.80732
-0.756323
-0.697699
-0.636905
-0.576326
-0.518496
-0.467381
-0.428065
-0.383007
-0.38473
-0.399489
-0.4378
-0.419391
-0.386197
-0.370323
-0.364697
-0.362496
-0.36184
-0.819043
-0.809596
-0.78499
-0.745343
-0.696818
-0.644869
-0.591805
-0.540231
-0.494139
-0.458963
-0.427959
-0.405128
-0.391866
-0.419059
-0.405328
-0.372069
-0.356048
-0.351237
-0.349136
-0.348088
-0.776374
-0.770993
-0.756519
-0.72791
-0.690058
-0.646676
-0.600801
-0.554722
-0.512334
-0.479034
-0.448417
-0.398651
-0.320889
-0.276878
-0.289582
-0.307437
-0.31239
-0.316165
-0.319042
-0.319513
-0.738161
-0.734884
-0.727999
-0.709397
-0.680312
-0.644229
-0.604394
-0.562456
-0.521358
-0.486382
-0.459221
-0.399007
-0.317399
-0.187992
-0.0885574
-0.138216
-0.244502
-0.311493
-0.338354
-0.346681
-0.710834
-0.708791
-0.705276
-0.694025
-0.671398
-0.640595
-0.604646
-0.564756
-0.522636
-0.483471
-0.454733
-0.437978
-0.479876
-0.642041
-0.894276
-1.07475
-1.14472
-1.09574
-0.964588
-0.923538
-0.69036
-0.689614
-0.688463
-0.682888
-0.665956
-0.638402
-0.603547
-0.563186
-0.518457
-0.47054
-0.436103
-0.427388
-0.56678
-0.838229
-1.20191
-1.34293
-1.28126
-1.143
-0.992646
-0.936191
-0.678527
-0.678258
-0.677651
-0.675096
-0.663366
-0.637643
-0.602048
-0.559715
-0.51016
-0.453191
-0.407403
-0.368571
-0.366693
-0.373525
-0.378255
-0.372611
-0.28212
-0.168213
-0.0676483
-0.0198013
-0.670614
-0.670428
-0.669859
-0.668951
-0.662026
-0.638392
-0.601633
-0.555591
-0.500676
-0.436176
-0.365162
-0.290348
-0.149392
0.103864
0.388075
0.676247
0.912279
1.04218
1.10599
1.12651
-0.665886
-0.665872
-0.665798
-0.666117
-0.661722
-0.641175
-0.602915
-0.552545
-0.492412
-0.416866
-0.325172
-0.233768
-0.0161026
0.355208
0.765197
1.16226
1.45623
1.60356
1.65571
1.66522
-0.661867
-0.661939
-0.662002
-0.661909
-0.660906
-0.645102
-0.606365
-0.55222
-0.486188
-0.40361
-0.303215
-0.197929
0.00517097
0.371529
0.754074
1.10885
1.37733
1.50718
1.54409
1.54819
-0.658821
-0.658911
-0.658818
-0.657953
-0.657285
-0.649447
-0.612042
-0.555223
-0.485149
-0.399925
-0.298707
-0.19592
-0.0366889
0.270158
0.567951
0.823659
1.00463
1.09019
1.12144
1.12952
-0.657609
-0.658625
-0.661378
-0.666297
-0.671474
-0.660893
-0.61947
-0.560805
-0.491476
-0.405775
-0.309763
-0.213312
-0.0910484
0.144504
0.367079
0.537987
0.655058
0.71692
0.747743
0.759465
-0.657253
-0.658888
-0.66309
-0.672972
-0.684418
-0.66738
-0.622615
-0.570426
-0.504658
-0.419078
-0.329905
-0.245735
-0.152301
0.0309809
0.208309
0.344877
0.446326
0.505404
0.534376
0.543491
-0.681679
-0.682159
-0.676582
-0.648651
-0.610289
-0.598923
-0.605692
-0.584661
-0.522455
-0.436843
-0.353911
-0.277672
-0.202729
-0.0581162
0.088419
0.205826
0.296758
0.352518
0.377353
0.383393
-0.730587
-0.729084
-0.714305
-0.663762
-0.599501
-0.58773
-0.628631
-0.616108
-0.54716
-0.45704
-0.374582
-0.308325
-0.250972
-0.134623
-0.0116019
0.0869619
0.165618
0.214085
0.234176
0.237384
-0.811531
-0.813632
-0.837894
-0.874198
-0.879769
-0.849483
-0.805086
-0.696675
-0.582003
-0.475604
-0.391677
-0.330832
-0.283641
-0.189695
-0.0891409
-0.0101914
0.0519217
0.0883874
0.102234
0.103934
-0.975917
-1.00194
-1.06526
-1.12904
-1.14973
-1.10768
-0.982724
-0.783641
-0.616226
-0.48769
-0.398736
-0.341148
-0.296409
-0.226257
-0.148463
-0.0858156
-0.037991
-0.0110471
-0.000217025
0.000141218
-1.07236
-1.09986
-1.1485
-1.19254
-1.20905
-1.16603
-1.02018
-0.799086
-0.614985
-0.480091
-0.393912
-0.340994
-0.301911
-0.248418
-0.191363
-0.143736
-0.108716
-0.0888142
-0.0821883
-0.0828785
-0.97118
-0.99418
-1.03166
-1.06947
-1.08443
-1.04219
-0.895214
-0.712536
-0.558864
-0.444801
-0.371497
-0.327476
-0.298144
-0.262545
-0.221536
-0.187834
-0.163439
-0.150584
-0.146595
-0.148003
-0.68047
-0.699446
-0.735423
-0.77745
-0.801394
-0.774275
-0.675165
-0.560779
-0.461451
-0.385581
-0.334008
-0.303126
-0.284972
-0.261478
-0.237327
-0.219372
-0.208129
-0.20378
-0.202872
-0.204063
-0.316526
-0.328286
-0.353099
-0.387413
-0.421042
-0.431705
-0.416976
-0.386325
-0.350837
-0.315196
-0.287072
-0.268414
-0.258268
-0.248375
-0.241274
-0.239232
-0.240567
-0.244094
-0.245601
-0.246154
-0.0349997
-0.0410162
-0.0577446
-0.0882832
-0.130563
-0.176252
-0.212601
-0.236061
-0.24672
-0.24506
-0.237243
-0.227476
-0.220853
-0.223236
-0.230954
-0.24125
-0.251781
-0.25914
-0.261326
-0.261523
0.108568
0.104905
0.0927157
0.0662984
0.0228268
-0.0327811
-0.087882
-0.133763
-0.166475
-0.186314
-0.19338
-0.191222
-0.18844
-0.199488
-0.214793
-0.229283
-0.241103
-0.247647
-0.249343
-0.249623
0.149369
0.14686
0.137644
0.116492
0.0801767
0.0316196
-0.0212822
-0.0714811
-0.112636
-0.143029
-0.161746
-0.170774
-0.175899
-0.187754
-0.199279
-0.20971
-0.217704
-0.220999
-0.221871
-0.222325
0.140771
0.139011
0.132368
0.116888
0.0899005
0.0526174
0.0092024
-0.0353122
-0.0764425
-0.112371
-0.141516
-0.166367
-0.181932
-0.184675
-0.187549
-0.189295
-0.190607
-0.19078
-0.191059
-0.191626
0.115515
0.114392
0.109885
0.0991786
0.080172
0.0530865
0.0195481
-0.017074
-0.0536512
-0.0893557
-0.124406
-0.161112
-0.183731
-0.178585
-0.170312
-0.166217
-0.164286
-0.163517
-0.163715
-0.164323
0.0878021
0.0871939
0.0843261
0.0772431
0.0642972
0.0452284
0.0205558
-0.00776525
-0.0380394
-0.0697765
-0.102811
-0.137471
-0.154924
-0.149639
-0.143494
-0.14191
-0.141518
-0.141979
-0.142457
-0.142938
0.0624135
0.0621081
0.0604242
0.0559965
0.0475635
0.034697
0.0174131
-0.00303
-0.0258327
-0.0501231
-0.0740567
-0.0961842
-0.105162
-0.106211
-0.109304
-0.114665
-0.119483
-0.122498
-0.123376
-0.123528
0.0404546
0.0403412
0.0394898
0.0369581
0.0318464
0.0237796
0.0126071
-0.000807122
-0.0159544
-0.0316549
-0.0446361
-0.0520337
-0.0532403
-0.0602299
-0.0715033
-0.0832402
-0.0920624
-0.0967422
-0.0977697
-0.0976092
0.021133
0.0211914
0.0209145
0.0197807
0.0173667
0.0132429
0.00734216
0.00019366
-0.00777122
-0.0154199
-0.0190763
-0.0135583
-0.00795597
-0.0220383
-0.0355417
-0.0470683
-0.0552772
-0.0593142
-0.0601131
-0.0597884
0.00329415
0.00338603
0.00346042
0.00386169
0.00402148
0.00366139
0.00275223
0.00148699
-0.000119585
-0.00182399
-0.0022
6.57358e-05
0.00319854
0.00205342
-0.00319747
-0.00757472
-0.0103493
-0.0117185
-0.0121258
-0.0119332
-0.112972
0.0520969
0.244291
0.411957
0.545188
0.64918
0.734632
0.807465
0.840952
0.817771
0.184279
0.303455
0.431464
0.541764
0.634328
0.710574
0.77224
0.816092
0.838047
0.850299
0.399421
0.480998
0.568436
0.645429
0.711478
0.766693
0.810632
0.842797
0.866167
0.884269
0.557817
0.616286
0.676707
0.73297
0.781761
0.823226
0.85734
0.884618
0.9072
0.925573
0.681564
0.724023
0.769401
0.812582
0.850775
0.884161
0.912782
0.936654
0.956908
0.974786
0.784828
0.817322
0.855038
0.890198
0.922509
0.951507
0.976876
0.998231
1.016
1.03337
0.876721
0.905194
0.938901
0.970811
1.00057
1.02759
1.05121
1.07085
1.0863
1.10338
0.964916
0.993982
1.02783
1.05974
1.08923
1.11572
1.13851
1.15694
1.17028
1.18731
1.05999
1.09311
1.12967
1.16316
1.19314
1.21926
1.24117
1.25841
1.27025
1.28765
1.17485
1.21262
1.25121
1.28541
1.31471
1.33942
1.35976
1.37563
1.38708
1.40514
1.31971
1.35822
1.39432
1.42498
1.45063
1.47271
1.49174
1.50726
1.51967
1.53766
1.49473
1.52634
1.5525
1.57492
1.59488
1.61359
1.63129
1.64776
1.66311
1.68117
1.68331
1.7005
1.71553
1.73175
1.74764
1.76217
1.77537
1.78929
1.80682
1.82698
1.86501
1.87455
1.88608
1.89688
1.90617
1.91574
1.92652
1.93788
1.94924
1.9646
2.07223
2.07589
2.06095
2.04614
2.03986
2.04553
2.064
2.09431
2.12649
2.15314
2.37856
2.24369
2.16705
2.12466
2.10723
2.1112
2.13859
2.19501
2.29762
2.52199
0.704632
0.702505
0.698023
0.689402
0.677184
0.665064
0.654848
0.646973
0.641382
0.638165
0.637856
0.640637
0.645775
0.653022
0.662426
0.673977
0.686636
0.697676
0.70379
0.706847
0.629074
0.634921
0.641257
0.645755
0.648231
0.647916
0.645193
0.641403
0.637922
0.635701
0.635602
0.637845
0.641543
0.645857
0.649682
0.651577
0.65065
0.647175
0.642015
0.635395
0.620629
0.622925
0.626332
0.629333
0.631416
0.632923
0.633694
0.6334
0.632406
0.631566
0.631793
0.633269
0.635122
0.636456
0.636656
0.635781
0.634242
0.631914
0.628656
0.625738
0.615089
0.616175
0.618011
0.620396
0.622428
0.623869
0.624907
0.625684
0.626121
0.626392
0.626942
0.627804
0.628445
0.628543
0.628154
0.627323
0.625867
0.623792
0.621713
0.620332
0.609847
0.61051
0.611621
0.613333
0.615126
0.616772
0.618088
0.619133
0.620057
0.620903
0.6217
0.622315
0.622559
0.62243
0.621891
0.620857
0.619445
0.617914
0.616604
0.615826
0.604822
0.605282
0.606072
0.607378
0.608878
0.610412
0.611901
0.613232
0.614416
0.615536
0.616531
0.617174
0.617378
0.617149
0.616486
0.615523
0.614418
0.6133
0.612394
0.611879
0.599933
0.600277
0.600891
0.601969
0.603277
0.604671
0.606137
0.607622
0.60905
0.610405
0.611609
0.61239
0.612638
0.612418
0.611861
0.611118
0.610292
0.609444
0.608783
0.608407
0.595123
0.59539
0.595886
0.596806
0.597992
0.599311
0.600738
0.602271
0.603875
0.605483
0.606942
0.607918
0.608307
0.608254
0.607914
0.607395
0.606779
0.606164
0.605685
0.605398
0.590309
0.590521
0.590934
0.591744
0.592853
0.594128
0.59555
0.597137
0.598883
0.600741
0.602504
0.603761
0.604405
0.604607
0.604508
0.604219
0.603816
0.603398
0.603061
0.602837
0.585401
0.585571
0.585926
0.586664
0.587729
0.588987
0.590442
0.592122
0.594035
0.596164
0.598291
0.599927
0.600913
0.601417
0.601584
0.601536
0.601355
0.601115
0.600896
0.600718
0.580308
0.580445
0.580759
0.581454
0.582505
0.583791
0.58532
0.587134
0.589272
0.59173
0.594301
0.596407
0.597803
0.59866
0.59913
0.599342
0.59938
0.599317
0.599199
0.599056
0.574938
0.575048
0.575334
0.576011
0.577083
0.578444
0.58009
0.582095
0.584524
0.587398
0.590516
0.593187
0.595069
0.596335
0.597149
0.597645
0.597919
0.598031
0.598002
0.597886
0.569191
0.569278
0.569548
0.570231
0.571361
0.572838
0.574658
0.576922
0.579722
0.58312
0.586907
0.590257
0.592715
0.594456
0.595661
0.59649
0.597027
0.597308
0.597358
0.597262
0.562955
0.563021
0.563285
0.563997
0.565222
0.566863
0.568919
0.571522
0.574795
0.578843
0.583445
0.587611
0.590754
0.593056
0.594714
0.595918
0.596743
0.59721
0.597336
0.597257
0.556097
0.556142
0.556406
0.55717
0.558531
0.560393
0.562759
0.565794
0.569663
0.574512
0.580103
0.585249
0.589206
0.592172
0.594362
0.595991
0.597152
0.597818
0.598018
0.597952
0.548461
0.548482
0.548749
0.549587
0.551128
0.553273
0.556037
0.55962
0.564233
0.570065
0.576855
0.583174
0.588095
0.591842
0.594667
0.596801
0.598343
0.599227
0.599501
0.599444
0.539813
0.539825
0.540108
0.541046
0.542821
0.545315
0.548588
0.552863
0.558398
0.565437
0.573677
0.581392
0.587456
0.592122
0.595694
0.598439
0.600415
0.601535
0.601884
0.601833
0.529876
0.529858
0.530191
0.531275
0.533341
0.536297
0.540215
0.545356
0.55204
0.560558
0.570546
0.579921
0.587332
0.593082
0.597529
0.600983
0.603465
0.604843
0.605264
0.605215
0.51833
0.518288
0.51867
0.519947
0.522383
0.525933
0.53067
0.536906
0.545024
0.55536
0.567448
0.578785
0.587766
0.594784
0.600258
0.604527
0.607588
0.609239
0.609727
0.609675
0.50468
0.50461
0.505073
0.506604
0.509528
0.513848
0.519643
0.527282
0.537208
0.549778
0.56438
0.578015
0.588808
0.597279
0.603954
0.609159
0.612856
0.614784
0.615328
0.615267
0.488252
0.488154
0.488745
0.490631
0.494207
0.499559
0.506756
0.516225
0.528449
0.543771
0.561363
0.577655
0.590515
0.600634
0.608658
0.614922
0.619304
0.621494
0.622072
0.621994
0.468082
0.467957
0.468754
0.47116
0.475657
0.482442
0.491554
0.503459
0.518634
0.537341
0.558454
0.577769
0.592945
0.604897
0.614393
0.621825
0.626901
0.629309
0.629889
0.629787
0.442713
0.442574
0.44371
0.446923
0.452818
0.461702
0.473532
0.488751
0.507733
0.53057
0.555769
0.578456
0.596149
0.610083
0.621176
0.629831
0.635536
0.63807
0.638608
0.638474
0.409774
0.40966
0.41142
0.416036
0.424258
0.436425
0.452243
0.472012
0.495865
0.523659
0.553491
0.579839
0.600188
0.616202
0.628946
0.638807
0.64498
0.647502
0.647946
0.647778
0.365016
0.365074
0.368211
0.37576
0.388303
0.40583
0.427566
0.453468
0.483384
0.516951
0.551875
0.582056
0.605126
0.623229
0.637615
0.64853
0.654879
0.6572
0.657505
0.657306
0.300472
0.301729
0.309412
0.323512
0.343979
0.37004
0.400115
0.433835
0.470921
0.51091
0.551191
0.585236
0.61097
0.631087
0.646925
0.658534
0.664723
0.666606
0.666736
0.666522
0.224011
0.225862
0.240581
0.264825
0.296386
0.332506
0.371653
0.413662
0.458372
0.505348
0.551711
0.590379
0.619388
0.64194
0.659373
0.671532
0.677277
0.678778
0.678855
0.678721
0.145188
0.151559
0.1733
0.207953
0.250036
0.295931
0.344102
0.394433
0.446819
0.500841
0.553375
0.596699
0.628925
0.653826
0.672929
0.685011
0.689805
0.690774
0.690792
0.690724
0.0806587
0.0894221
0.11578
0.157563
0.207886
0.262093
0.318384
0.376492
0.436186
0.496963
0.55535
0.602977
0.638072
0.664829
0.684714
0.696487
0.70083
0.701692
0.701748
0.701733
0.0281844
0.0375518
0.0675123
0.114598
0.171132
0.232032
0.295185
0.360153
0.426509
0.493597
0.55751
0.609185
0.646932
0.675373
0.695939
0.7076
0.71167
0.712441
0.712542
0.712579
-0.0156744
-0.00602299
0.0264148
0.0775385
0.13917
0.205625
0.274596
0.34556
0.417916
0.490841
0.559979
0.615519
0.655805
0.685907
0.707307
0.718971
0.722802
0.723697
0.72383
0.723924
-0.0532951
-0.0435425
-0.00925932
0.0450908
0.110946
0.182143
0.256193
0.332485
0.410293
0.488643
0.562748
0.62205
0.66486
0.696624
0.718858
0.730767
0.734774
0.735713
0.735894
0.736009
-0.0863772
-0.076608
-0.0409186
0.0161508
0.085552
0.160846
0.239402
0.320503
0.403333
0.486782
0.565662
0.628645
0.673967
0.707437
0.730673
0.743108
0.747278
0.748256
0.74838
0.748521
-0.116231
-0.106448
-0.0696143
-0.0101987
0.0622475
0.141137
0.223713
0.309196
0.396693
0.484988
0.568492
0.635103
0.682939
0.718153
0.742463
0.755464
0.759903
0.760907
0.761032
0.761121
-0.143776
-0.133971
-0.0961635
-0.0346705
0.0404589
0.122542
0.20873
0.298221
0.390074
0.482992
0.571017
0.641235
0.691575
0.728513
0.753861
0.767429
0.772156
0.773187
0.77328
0.773339
-0.169605
-0.159752
-0.12105
-0.0578111
0.0197497
0.104697
0.194148
0.287312
0.383235
0.480587
0.573063
0.646877
0.699698
0.738305
0.764658
0.77872
0.783719
0.784758
0.784802
0.784825
-0.194216
-0.184263
-0.14469
-0.0799451
-0.000178821
0.0873307
0.17974
0.276273
0.376011
0.477614
0.574483
0.651929
0.707237
0.747453
0.774699
0.789134
0.794274
0.79532
0.79533
0.79532
-0.217925
-0.207789
-0.167472
-0.101267
-0.0195355
0.0702616
0.16535
0.264976
0.368267
0.473942
0.575168
0.656317
0.71416
0.755939
0.783937
0.798589
0.803786
0.804784
0.804758
0.804717
-0.240849
-0.230526
-0.189547
-0.121929
-0.0384645
0.0533922
0.150889
0.25333
0.359915
0.46947
0.575028
0.660003
0.720488
0.763815
0.792394
0.80711
0.81221
0.81316
0.813094
0.813028
-0.263192
-0.252617
-0.210926
-0.142043
-0.0570378
0.0366572
0.136308
0.241294
0.350915
0.464145
0.573975
0.662937
0.72627
0.771224
0.800256
0.814814
0.819684
0.820519
0.820414
0.820332
-0.284929
-0.274105
-0.231747
-0.161683
-0.0752834
0.0200413
0.12161
0.228875
0.341256
0.457916
0.571937
0.665067
0.731566
0.778327
0.807714
0.821858
0.826316
0.826976
0.826829
0.82673
-0.306121
-0.295033
-0.251969
-0.180852
-0.0932034
0.00355364
0.106813
0.216104
0.33096
0.450774
0.56885
0.666321
0.736386
0.785299
0.815072
0.828506
0.832249
0.832618
0.832423
0.83232
-0.326655
-0.315359
-0.271592
-0.199519
-0.11077
-0.0127533
0.0919633
0.20303
0.320076
0.442751
0.564662
0.666605
0.740689
0.792278
0.822699
0.835199
0.837764
0.837553
0.837281
0.837212
-0.34666
-0.335053
-0.290624
-0.217681
-0.127967
-0.0288553
0.0771369
0.189717
0.308672
0.433901
0.559355
0.665796
0.744349
0.799289
0.83097
0.842657
0.843547
0.842091
0.841544
0.841591
-0.365987
-0.354096
-0.309047
-0.235309
-0.144727
-0.0446781
0.0624037
0.176273
0.296843
0.424269
0.552941
0.66376
0.747163
0.806182
0.840053
0.851748
0.850984
0.847495
0.845585
0.845196
-0.38471
-0.372546
-0.326817
-0.252362
-0.161024
-0.0601605
0.0478391
0.162768
0.284689
0.413976
0.545463
0.660358
0.748862
0.812599
0.849612
0.862858
0.861997
0.856427
0.850349
0.842919
-0.40275
-0.39036
-0.344032
-0.268996
-0.177062
-0.075564
0.0331254
0.148828
0.271794
0.402566
0.536447
0.655116
0.749059
0.818375
0.859275
0.875789
0.877269
0.870682
0.859168
0.855037
-0.420066
-0.407463
-0.360678
-0.285188
-0.192856
-0.0908876
0.0182683
0.134426
0.258102
0.3899
0.525663
0.647591
0.746892
0.822707
0.867158
0.886735
0.890024
0.885422
0.84694
0.795511
-0.436389
-0.423073
-0.376609
-0.300871
-0.208515
-0.106302
0.00320328
0.119669
0.243653
0.376013
0.512994
0.637446
0.74112
0.824839
0.870839
0.887501
0.8895
0.86628
0.808676
0.747278
-0.452017
-0.437913
-0.391807
-0.315372
-0.223508
-0.121334
-0.0122929
0.104606
0.228593
0.361069
0.498445
0.624354
0.730367
0.824912
0.867776
0.89827
0.855919
0.801767
0.728167
0.660868
-0.437779
-0.419567
-0.368787
-0.287964
-0.189641
-0.0845019
0.0300569
0.149952
0.27751
0.414645
0.547599
0.662957
0.761602
0.859992
0.885881
0.798503
0.740223
0.668906
0.593272
0.54398
-0.461807
-0.44522
-0.409217
-0.337965
-0.246531
-0.145566
-0.0361663
0.0802066
0.20367
0.335314
0.471615
0.596988
0.702694
0.789572
0.862636
0.84097
0.709267
0.618619
0.550898
0.466841
-0.480922
-0.465299
-0.423603
-0.350966
-0.259047
-0.158499
-0.0501825
0.0653087
0.187898
0.318304
0.453272
0.57703
0.679863
0.755514
0.779486
0.690222
0.542366
0.440896
0.362143
0.273263
-0.500547
-0.488098
-0.441896
-0.368198
-0.276201
-0.175181
-0.0668908
0.0483381
0.170095
0.299112
0.431445
0.550777
0.643965
0.705372
0.678806
0.538065
0.379723
0.25774
0.156646
0.0205598
-0.523256
-0.510421
-0.462208
-0.387345
-0.295222
-0.194086
-0.0859336
0.028742
0.149435
0.276615
0.405594
0.519229
0.602552
0.642339
0.578572
0.389129
0.20355
0.0477972
-0.0945175
-0.291491
-0.544926
-0.532484
-0.483162
-0.407046
-0.31454
-0.213479
-0.10575
0.00807261
0.127412
0.25231
0.37737
0.484443
0.560044
0.562699
0.448957
0.246981
0.0314307
-0.169988
-0.345722
-0.733767
-0.566695
-0.554623
-0.504845
-0.427837
-0.335022
-0.233976
-0.126694
-0.0137692
0.104061
0.226363
0.347007
0.44643
0.509939
0.479672
0.323561
0.119915
-0.0991679
-0.311394
-0.490462
-0.761952
-0.589388
-0.577471
-0.527519
-0.449988
-0.356991
-0.255961
-0.149099
-0.0370707
0.0791549
0.198616
0.314446
0.405574
0.453383
0.405612
0.211382
0.0148846
-0.184309
-0.352421
-0.425482
-0.464638
-0.61349
-0.601702
-0.551566
-0.473785
-0.380811
-0.279989
-0.173718
-0.062838
0.051423
0.167498
0.27776
0.360257
0.390399
0.306224
0.111322
-0.0730023
-0.23937
-0.347022
-0.385265
-0.39422
-0.639206
-0.62744
-0.577154
-0.499246
-0.406428
-0.306015
-0.200571
-0.0911274
0.0207672
0.132905
0.236813
0.31048
0.312847
0.199132
0.0195644
-0.150697
-0.291829
-0.347903
-0.360001
-0.364879
-0.666722
-0.654884
-0.604367
-0.52639
-0.433844
-0.334045
-0.229668
-0.121984
-0.0128502
0.0948687
0.191688
0.255607
0.232955
0.0991075
-0.0657981
-0.225586
-0.326077
-0.354835
-0.351087
-0.351183
-0.695755
-0.684116
-0.633182
-0.555188
-0.46303
-0.364037
-0.260997
-0.155395
-0.0494136
0.0534036
0.14269
0.194612
0.16267
0.00737857
-0.142902
-0.283026
-0.324544
-0.336955
-0.341907
-0.342168
-0.726152
-0.714501
-0.663386
-0.585476
-0.493859
-0.395894
-0.294471
-0.191286
-0.0888585
0.00869297
0.0900404
0.130638
0.0919793
-0.0707009
-0.210347
-0.307761
-0.353572
-0.340379
-0.337382
-0.337066
-0.757393
-0.745731
-0.694681
-0.616941
-0.526046
-0.42937
-0.329862
-0.229445
-0.130968
-0.0389017
0.0342202
0.0660664
0.00652802
-0.138548
-0.2638
-0.317261
-0.332183
-0.33325
-0.333436
-0.333211
-0.78874
-0.777152
-0.726167
-0.649042
-0.559136
-0.464055
-0.366818
-0.269518
-0.175357
-0.0889746
-0.0234493
-0.00613743
-0.0742124
-0.196391
-0.296401
-0.319415
-0.326886
-0.330684
-0.330745
-0.33071
-0.818987
-0.807834
-0.757108
-0.680971
-0.592445
-0.499347
-0.404772
-0.31095
-0.221386
-0.14099
-0.0811495
-0.0772799
-0.143571
-0.246416
-0.31705
-0.367496
-0.342782
-0.332038
-0.329992
-0.329552
-0.846674
-0.836013
-0.786349
-0.7115
-0.625045
-0.534407
-0.442963
-0.353005
-0.268207
-0.193927
-0.138588
-0.1394
-0.205843
-0.282799
-0.337226
-0.328072
-0.332083
-0.33305
-0.332315
-0.331795
-0.870116
-0.860142
-0.811993
-0.739458
-0.655705
-0.568145
-0.4804
-0.394753
-0.314834
-0.246375
-0.196356
-0.194131
-0.254969
-0.312183
-0.347161
-0.348849
-0.342205
-0.340715
-0.338994
-0.338133
-0.88698
-0.87791
-0.83213
-0.762908
-0.682907
-0.599334
-0.515909
-0.435069
-0.360212
-0.297119
-0.252721
-0.244433
-0.287706
-0.326955
-0.34474
-0.346616
-0.345083
-0.343101
-0.342281
-0.3418
-0.895254
-0.886963
-0.844689
-0.77994
-0.704892
-0.626458
-0.548241
-0.47266
-0.403187
-0.345045
-0.304232
-0.288648
-0.309599
-0.301685
-0.309123
-0.324192
-0.333224
-0.336333
-0.33793
-0.338647
-0.890499
-0.883794
-0.848024
-0.78872
-0.72002
-0.647994
-0.575979
-0.50635
-0.442487
-0.389064
-0.350586
-0.327224
-0.333139
-0.303435
-0.310505
-0.329003
-0.339434
-0.343335
-0.344573
-0.34489
-0.871695
-0.867076
-0.839124
-0.787944
-0.727036
-0.6627
-0.597887
-0.534835
-0.476809
-0.428437
-0.393152
-0.37175
-0.368128
-0.368945
-0.385301
-0.373789
-0.364746
-0.361031
-0.35941
-0.35869
-0.839305
-0.835982
-0.817108
-0.77666
-0.725436
-0.670016
-0.613173
-0.557028
-0.504835
-0.461402
-0.433971
-0.40393
-0.390091
-0.423201
-0.441082
-0.399194
-0.378357
-0.366611
-0.361955
-0.360122
-0.798021
-0.795909
-0.785206
-0.757022
-0.71635
-0.670448
-0.621805
-0.572376
-0.525427
-0.485929
-0.459
-0.427918
-0.379486
-0.3495
-0.335974
-0.327837
-0.331881
-0.333472
-0.334183
-0.334083
-0.756389
-0.755141
-0.749822
-0.733426
-0.703424
-0.665866
-0.62474
-0.581205
-0.537952
-0.499667
-0.472253
-0.429835
-0.35172
-0.254892
-0.217479
-0.233499
-0.26501
-0.303503
-0.319693
-0.324231
-0.723134
-0.722471
-0.71975
-0.710382
-0.689616
-0.659577
-0.624023
-0.584637
-0.543208
-0.50332
-0.472623
-0.432656
-0.389219
-0.326162
-0.241331
-0.302164
-0.404393
-0.448124
-0.475048
-0.47433
-0.699723
-0.699005
-0.697567
-0.693812
-0.67959
-0.65472
-0.622164
-0.584638
-0.542873
-0.498466
-0.460464
-0.42321
-0.486815
-0.68821
-1.04934
-1.34898
-1.43051
-1.35999
-1.19868
-1.08586
-0.683892
-0.68365
-0.683072
-0.681148
-0.673354
-0.652421
-0.621045
-0.582841
-0.538488
-0.488944
-0.438737
-0.40845
-0.429366
-0.562434
-0.749252
-0.922237
-0.925115
-0.814856
-0.685927
-0.588961
-0.67411
-0.674049
-0.673667
-0.672954
-0.669248
-0.652018
-0.62084
-0.580348
-0.532584
-0.476681
-0.413508
-0.368746
-0.295953
-0.185607
-0.0242409
0.125643
0.292898
0.447174
0.540743
0.593443
-0.667916
-0.66789
-0.66763
-0.66722
-0.665685
-0.65331
-0.622289
-0.578923
-0.526715
-0.462976
-0.386744
-0.305849
-0.182339
0.0808029
0.442898
0.818171
1.15539
1.35921
1.45087
1.48181
-0.663854
-0.663921
-0.664009
-0.664147
-0.663386
-0.655799
-0.62591
-0.579921
-0.521735
-0.451585
-0.363438
-0.260366
-0.118938
0.186622
0.598095
0.999021
1.34796
1.56489
1.65195
1.66927
-0.660045
-0.660152
-0.66015
-0.659966
-0.660062
-0.656419
-0.631387
-0.58307
-0.520854
-0.445385
-0.352164
-0.244072
-0.124014
0.148714
0.499981
0.828092
1.10605
1.27225
1.33509
1.34957
-0.657992
-0.658324
-0.658881
-0.659699
-0.659909
-0.660228
-0.638896
-0.587928
-0.524188
-0.446399
-0.353987
-0.251428
-0.152793
0.0663577
0.344834
0.576305
0.751633
0.85383
0.900878
0.920302
-0.65597
-0.657196
-0.659928
-0.667114
-0.67879
-0.680512
-0.648179
-0.594006
-0.533009
-0.456425
-0.366851
-0.271744
-0.188713
-0.0248843
0.186485
0.3608
0.49032
0.572168
0.61483
0.634257
-0.664452
-0.665808
-0.667548
-0.666555
-0.661079
-0.652319
-0.630718
-0.599147
-0.548155
-0.471945
-0.384561
-0.300761
-0.230025
-0.101798
0.0702698
0.213362
0.324167
0.401643
0.442612
0.458447
-0.705041
-0.70529
-0.702218
-0.672844
-0.605883
-0.55376
-0.583357
-0.60915
-0.569969
-0.491683
-0.404477
-0.327791
-0.265588
-0.167299
-0.0294124
0.093018
0.189385
0.260302
0.296767
0.308824
-0.762807
-0.759476
-0.757858
-0.748135
-0.723891
-0.699117
-0.70128
-0.684653
-0.609175
-0.514873
-0.422654
-0.352198
-0.29898
-0.221237
-0.10572
-0.00579267
0.0734909
0.130959
0.158883
0.16754
-0.892343
-0.891355
-0.926391
-0.990677
-1.03737
-1.02644
-0.966312
-0.824854
-0.669414
-0.538338
-0.436568
-0.366859
-0.31665
-0.255914
-0.163105
-0.0842274
-0.0209643
0.0229341
0.0440739
0.0482638
-1.04561
-1.05389
-1.10101
-1.16285
-1.20198
-1.19154
-1.11281
-0.91107
-0.70633
-0.548447
-0.438431
-0.368652
-0.322415
-0.273936
-0.202961
-0.141903
-0.0940482
-0.0615499
-0.0464237
-0.0426084
-1.04734
-1.05811
-1.09198
-1.13398
-1.16354
-1.15374
-1.06806
-0.867022
-0.674364
-0.523955
-0.421123
-0.358039
-0.317882
-0.28149
-0.232408
-0.186928
-0.151308
-0.128074
-0.117609
-0.115913
-0.841511
-0.853304
-0.884469
-0.926842
-0.961123
-0.957023
-0.86953
-0.716238
-0.573466
-0.46163
-0.382376
-0.332937
-0.303785
-0.279966
-0.246615
-0.216818
-0.194649
-0.181399
-0.176184
-0.176084
-0.492884
-0.502183
-0.52531
-0.56102
-0.596791
-0.609426
-0.575951
-0.509896
-0.43798
-0.37729
-0.329381
-0.297625
-0.279348
-0.266
-0.247896
-0.235498
-0.228442
-0.226263
-0.226747
-0.227205
-0.156868
-0.16216
-0.176031
-0.202741
-0.239969
-0.277081
-0.298416
-0.306907
-0.30284
-0.288653
-0.270434
-0.254512
-0.243098
-0.238143
-0.236915
-0.239522
-0.245478
-0.252402
-0.256757
-0.257319
0.0546307
0.0517083
0.0431261
0.0223122
-0.0143354
-0.0644619
-0.117778
-0.161597
-0.192977
-0.209904
-0.215119
-0.211553
-0.204347
-0.20526
-0.216534
-0.229604
-0.243012
-0.253114
-0.257723
-0.258227
0.139006
0.13716
0.131185
0.114564
0.082356
0.0342694
-0.0216682
-0.0752474
-0.119519
-0.151549
-0.170749
-0.178275
-0.178064
-0.184486
-0.199512
-0.213811
-0.225594
-0.233578
-0.236376
-0.236872
0.149208
0.148019
0.143649
0.131125
0.106298
0.068332
0.0219475
-0.0270947
-0.0727091
-0.110854
-0.139647
-0.159871
-0.172839
-0.181777
-0.189531
-0.196035
-0.201963
-0.20515
-0.206049
-0.206578
0.129254
0.128582
0.125555
0.116745
0.0990249
0.0713774
0.0357815
-0.00440701
-0.0445619
-0.0823516
-0.116781
-0.149408
-0.17821
-0.185827
-0.181349
-0.179627
-0.177888
-0.176839
-0.176504
-0.177007
0.101606
0.101313
0.0993641
0.0934755
0.0813489
0.061941
0.0358898
0.00480971
-0.0285406
-0.0622818
-0.0965393
-0.133073
-0.166895
-0.170939
-0.162167
-0.155651
-0.153149
-0.152081
-0.15206
-0.152608
0.0746087
0.074573
0.0734556
0.0697515
0.0617933
0.0486126
0.0302231
0.00748795
-0.0181494
-0.0454686
-0.0744311
-0.103813
-0.127759
-0.129434
-0.12723
-0.127829
-0.129779
-0.131798
-0.132926
-0.133312
0.0509698
0.0510163
0.0504428
0.0482681
0.043328
0.0348354
0.0225947
0.00702068
-0.0110491
-0.0304068
-0.0497924
-0.0675638
-0.0778703
-0.0794055
-0.0869079
-0.0953682
-0.10351
-0.10926
-0.111619
-0.111794
0.0304252
0.0305724
0.0303407
0.0292745
0.0266154
0.0217761
0.0145652
0.00517939
-0.00586247
-0.0176065
-0.0280217
-0.0325358
-0.0299225
-0.0320005
-0.0460941
-0.0595867
-0.0705898
-0.0775513
-0.0801974
-0.0802498
0.00336435
0.00339748
0.00361313
0.00400245
0.00391375
0.00328657
0.00211448
0.000730565
-0.000928241
-0.00233049
-0.00154186
0.0020702
0.00408486
-0.000196855
-0.00553939
-0.00921524
-0.0111835
-0.0120836
-0.0120136
-0.0364725
-1.13957
-0.467943
-0.0202012
0.236503
0.420135
0.559935
0.667325
0.753357
0.846735
0.938055
-0.0997305
0.0925471
0.268104
0.415777
0.538752
0.638356
0.719004
0.785045
0.826125
0.829645
0.227681
0.34147
0.452949
0.551971
0.636795
0.708084
0.766408
0.81078
0.839392
0.856755
0.434678
0.512096
0.588769
0.658918
0.719891
0.771923
0.814785
0.848475
0.874188
0.893107
0.586819
0.639164
0.697482
0.749625
0.795422
0.835265
0.869142
0.897315
0.920455
0.937339
0.707333
0.747709
0.792825
0.83238
0.869118
0.90195
0.930741
0.955391
0.976051
0.990224
0.80899
0.843102
0.879681
0.91354
0.94542
0.974729
1.00082
1.02324
1.04178
1.05346
0.901463
0.932273
0.965944
0.998287
1.02879
1.05694
1.0819
1.10304
1.11991
1.1294
0.991968
1.02436
1.05948
1.09332
1.12447
1.15262
1.17707
1.1973
1.2127
1.22088
1.09361
1.13102
1.16919
1.20534
1.23729
1.26506
1.28843
1.30737
1.32146
1.32993
1.22035
1.26265
1.30177
1.33756
1.3679
1.39352
1.41502
1.4326
1.44608
1.45623
1.38175
1.42317
1.45683
1.48634
1.51083
1.53231
1.55186
1.56926
1.58398
1.59667
1.57208
1.60286
1.62407
1.64318
1.66121
1.67842
1.69461
1.71041
1.72691
1.74383
1.76989
1.78128
1.79231
1.80639
1.82065
1.83348
1.84483
1.85567
1.86857
1.88544
1.95566
1.96556
1.9742
1.97664
1.9775
1.98175
1.99254
2.00847
2.02608
2.03068
2.25669
2.20127
2.15044
2.1102
2.0878
2.08374
2.09724
2.13104
2.18747
2.26303
0.846849
0.788155
0.745679
0.711823
0.687171
0.669625
0.657126
0.648214
0.642125
0.638676
0.638326
0.641224
0.646692
0.654651
0.66559
0.680654
0.701672
0.730772
0.76954
0.817367
0.648392
0.657153
0.66269
0.663516
0.660038
0.654001
0.64758
0.642126
0.638314
0.636698
0.637911
0.641539
0.646846
0.65334
0.660121
0.665401
0.667033
0.663801
0.656471
0.648804
0.625413
0.627444
0.63205
0.635565
0.638082
0.639516
0.639238
0.637517
0.635349
0.633811
0.633867
0.635732
0.638485
0.641133
0.642633
0.642309
0.640465
0.637674
0.63363
0.629249
0.618479
0.619346
0.621832
0.62455
0.626566
0.627935
0.628931
0.629398
0.629279
0.62906
0.629456
0.630584
0.631714
0.632222
0.63194
0.631111
0.629715
0.627487
0.624856
0.622893
0.612796
0.613258
0.614657
0.616683
0.61863
0.620215
0.621371
0.622287
0.623034
0.623651
0.624334
0.625027
0.625392
0.625331
0.624886
0.623944
0.622454
0.620642
0.619005
0.617991
0.607572
0.607859
0.60878
0.610256
0.61189
0.613504
0.614943
0.616138
0.617192
0.618192
0.61909
0.619696
0.619902
0.619719
0.619092
0.618056
0.616788
0.615489
0.614413
0.613791
0.602555
0.602756
0.603447
0.604627
0.606021
0.607477
0.608967
0.610396
0.611707
0.612942
0.614037
0.614741
0.614959
0.614712
0.61408
0.613222
0.612267
0.611291
0.610519
0.610082
0.597671
0.597823
0.598373
0.599364
0.600605
0.601958
0.603402
0.604916
0.60644
0.607921
0.609246
0.610116
0.610418
0.610266
0.609814
0.609182
0.608463
0.607735
0.607171
0.606844
0.592837
0.592957
0.593408
0.594267
0.595409
0.596706
0.598128
0.599685
0.601358
0.603091
0.604695
0.605799
0.606302
0.606369
0.60615
0.605744
0.605232
0.604715
0.604312
0.60406
0.587963
0.588059
0.588441
0.58921
0.590293
0.591558
0.592994
0.594622
0.596445
0.598433
0.600369
0.601804
0.602608
0.602956
0.602988
0.602816
0.602522
0.602193
0.601918
0.601719
0.582954
0.583033
0.583365
0.584078
0.585132
0.586401
0.587891
0.589632
0.591648
0.593932
0.596269
0.598129
0.59931
0.599984
0.600301
0.600376
0.600306
0.600151
0.599984
0.599825
0.577718
0.577783
0.578081
0.578763
0.57982
0.581142
0.582727
0.584628
0.586902
0.589554
0.592385
0.594761
0.596387
0.597442
0.598083
0.598428
0.598583
0.598603
0.598531
0.598402
0.572158
0.572213
0.572489
0.573165
0.574261
0.575679
0.577409
0.579533
0.582135
0.585256
0.588691
0.591687
0.593841
0.595336
0.596345
0.596996
0.597396
0.59759
0.597602
0.597497
0.566169
0.566215
0.56648
0.567173
0.568344
0.569903
0.571837
0.574259
0.57728
0.580985
0.585159
0.588899
0.591681
0.593693
0.595122
0.596133
0.5968
0.59717
0.597259
0.597172
0.559626
0.559664
0.559928
0.56066
0.561945
0.563697
0.565905
0.568709
0.572262
0.576689
0.581761
0.586395
0.589924
0.592546
0.594468
0.595873
0.596848
0.597413
0.597577
0.597506
0.552385
0.552415
0.552685
0.553478
0.554918
0.556924
0.559484
0.562775
0.566993
0.572308
0.578469
0.584176
0.58859
0.591934
0.59444
0.596303
0.597634
0.598408
0.598647
0.598587
0.544261
0.544288
0.544574
0.545444
0.547087
0.549411
0.552421
0.556328
0.561375
0.567779
0.575259
0.582247
0.587711
0.591901
0.595098
0.597514
0.599251
0.600253
0.600566
0.600514
0.535011
0.535034
0.535348
0.536323
0.538225
0.540954
0.544539
0.549219
0.555294
0.563034
0.572107
0.580618
0.587325
0.592513
0.59652
0.59959
0.601797
0.603048
0.603436
0.603387
0.524319
0.524333
0.524686
0.525807
0.528041
0.531306
0.535616
0.541267
0.548625
0.558004
0.568993
0.579311
0.587475
0.593837
0.598796
0.602614
0.60537
0.606889
0.607348
0.607299
0.511796
0.511806
0.512201
0.513519
0.516185
0.520135
0.525373
0.532262
0.541228
0.552621
0.56591
0.578354
0.588208
0.595929
0.602003
0.606688
0.610056
0.611853
0.612375
0.61232
0.496872
0.496877
0.497336
0.498921
0.502164
0.507018
0.51347
0.521956
0.532958
0.54683
0.562863
0.577784
0.589579
0.598846
0.60621
0.611875
0.61591
0.617982
0.618551
0.618483
0.478754
0.478754
0.479309
0.48128
0.48532
0.491408
0.499489
0.510079
0.523681
0.540607
0.55989
0.57765
0.591641
0.602656
0.611422
0.618205
0.622938
0.625256
0.625846
0.625758
0.456248
0.456243
0.456967
0.459539
0.464754
0.472595
0.482942
0.496366
0.513321
0.533991
0.557074
0.578037
0.594452
0.60738
0.617691
0.625665
0.631074
0.633571
0.634143
0.634027
0.42756
0.427557
0.428573
0.432144
0.43923
0.449709
0.463331
0.480639
0.501909
0.527117
0.554565
0.579055
0.598067
0.613032
0.624976
0.634176
0.640153
0.642715
0.643219
0.643069
0.389566
0.38958
0.391239
0.396756
0.407164
0.421841
0.440329
0.462944
0.489673
0.520255
0.552584
0.580837
0.602553
0.619614
0.633226
0.64356
0.649896
0.652358
0.652743
0.652556
0.336296
0.336549
0.340345
0.350355
0.366966
0.388555
0.41413
0.443735
0.47711
0.513822
0.551403
0.583523
0.607952
0.627083
0.642285
0.653528
0.659906
0.66208
0.662311
0.662094
0.259975
0.262371
0.273505
0.29317
0.320155
0.351383
0.385995
0.423854
0.464708
0.508101
0.551276
0.587483
0.614789
0.636131
0.652944
0.664865
0.671046
0.672848
0.672942
0.672729
0.178777
0.185303
0.205075
0.23507
0.272935
0.314093
0.357774
0.403956
0.452514
0.503029
0.552509
0.593552
0.624239
0.648133
0.666719
0.679054
0.684482
0.685705
0.685705
0.685559
0.109098
0.116029
0.142542
0.181306
0.228408
0.278672
0.331036
0.385347
0.441447
0.498887
0.554384
0.599896
0.633603
0.659571
0.679251
0.691206
0.695889
0.696864
0.696885
0.696779
0.0521416
0.059329
0.0899455
0.134953
0.188939
0.246658
0.306512
0.368158
0.431263
0.49525
0.556435
0.606112
0.642563
0.67024
0.690622
0.702355
0.706644
0.707511
0.70757
0.707498
0.004864
0.0123627
0.045506
0.0952611
0.154703
0.218483
0.28464
0.352695
0.42212
0.492178
0.558736
0.612359
0.651382
0.68069
0.701845
0.713549
0.717564
0.718409
0.718516
0.718472
-0.035161
-0.027503
0.00739503
0.0607111
0.124725
0.193629
0.265206
0.3389
0.414038
0.489717
0.561363
0.618795
0.660346
0.691314
0.713253
0.725097
0.729232
0.730016
0.730148
0.730119
-0.0699719
-0.0622224
-0.0260754
0.030194
0.0980071
0.171315
0.247672
0.326423
0.406785
0.487716
0.564226
0.625377
0.669445
0.702078
0.724925
0.737211
0.741475
0.742257
0.742395
0.742381
-0.101083
-0.0932484
-0.0560944
0.00269231
0.0737319
0.150873
0.231484
0.314821
0.400023
0.48592
0.567126
0.631927
0.678505
0.712858
0.736747
0.749548
0.754021
0.754822
0.754931
0.754916
-0.129479
-0.121575
-0.0835748
-0.0226021
0.0512399
0.131765
0.216186
0.303713
0.393423
0.484053
0.569825
0.638242
0.687335
0.723432
0.74835
0.761691
0.766395
0.767255
0.767344
0.767332
-0.155954
-0.147959
-0.109154
-0.0463468
0.0300297
0.11358
0.201432
0.292797
0.386717
0.481871
0.57213
0.644145
0.695724
0.733507
0.759432
0.773327
0.77825
0.779196
0.779249
0.779219
-0.180991
-0.172887
-0.133316
-0.0689663
0.00973644
0.0959972
0.186957
0.281842
0.3797
0.479198
0.573876
0.649498
0.703562
0.742987
0.769826
0.78418
0.789267
0.790261
0.790277
0.790226
-0.204996
-0.196738
-0.15638
-0.0906758
-0.00989018
0.0787918
0.17257
0.270683
0.372228
0.475889
0.57494
0.654225
0.71079
0.751797
0.779461
0.794101
0.799278
0.800274
0.800252
0.800176
-0.228143
-0.219738
-0.178792
-0.111653
-0.0290239
0.0618303
0.15815
0.259217
0.364186
0.471824
0.57522
0.658266
0.717412
0.759964
0.788281
0.803033
0.808211
0.809189
0.809118
0.809023
-0.250626
-0.242021
-0.200473
-0.132033
-0.0477702
0.045028
0.143629
0.247376
0.355514
0.46693
0.574634
0.661579
0.723456
0.767584
0.796417
0.811109
0.816143
0.817035
0.816938
0.816823
-0.272514
-0.263762
-0.221508
-0.151911
-0.0661807
0.0283518
0.128988
0.235148
0.346177
0.461151
0.573093
0.664117
0.72899
0.774819
0.804041
0.818438
0.82316
0.823925
0.823779
0.823658
-0.293854
-0.284916
-0.242011
-0.171323
-0.084271
0.0117974
0.11423
0.222542
0.336192
0.454469
0.570537
0.665818
0.734049
0.781835
0.811405
0.82524
0.829401
0.829946
0.829767
0.829634
-0.314605
-0.305507
-0.261913
-0.190247
-0.102021
-0.0046145
0.0994028
0.209606
0.325595
0.446881
0.566904
0.666602
0.738622
0.788796
0.818847
0.831835
0.835063
0.835202
0.834971
0.834851
-0.334759
-0.325482
-0.281225
-0.208668
-0.119406
-0.0208296
0.0845547
0.196404
0.31444
0.438435
0.562154
0.666354
0.742626
0.795798
0.826755
0.838801
0.840588
0.839869
0.839508
0.839465
-0.354314
-0.344848
-0.299945
-0.226568
-0.136397
-0.0367901
0.0697612
0.183016
0.302809
0.429179
0.556293
0.664948
0.745893
0.802782
0.835435
0.846975
0.846967
0.844607
0.843655
0.843845
-0.373211
-0.363558
-0.318043
-0.243918
-0.152936
-0.0524523
0.055095
0.169522
0.290798
0.4192
0.549332
0.662245
0.748191
0.809493
0.84484
0.857087
0.856017
0.851419
0.848611
0.847953
-0.391485
-0.381653
-0.335511
-0.260727
-0.169055
-0.0678322
0.0405349
0.155895
0.278387
0.408469
0.541202
0.658026
0.749227
0.81561
0.85452
0.869204
0.869272
0.863277
0.855449
0.840637
-0.409167
-0.399133
-0.352454
-0.277174
-0.184994
-0.0832247
0.0257139
0.141692
0.265051
0.39639
0.531288
0.651668
0.748377
0.820793
0.863617
0.881768
0.884592
0.875862
0.866366
0.822339
-0.426517
-0.415612
-0.368777
-0.293138
-0.200676
-0.0985464
0.0107872
0.127113
0.250988
0.383125
0.519581
0.64288
0.744604
0.824087
0.869738
0.888562
0.890598
0.882805
0.831218
0.772079
-0.444515
-0.430044
-0.384254
-0.308466
-0.216311
-0.114035
-0.00451694
0.112151
0.236173
0.368639
0.505921
0.631269
0.73648
0.825086
0.869886
0.875326
0.878324
0.841124
0.77421
0.709983
-0.462273
-0.465057
-0.405005
-0.320841
-0.228614
-0.126732
-0.0195665
0.097471
0.221353
0.353719
0.490939
0.617021
0.723443
0.825072
0.83283
0.846503
0.818464
0.751049
0.674401
0.603632
-0.438175
-0.436786
-0.377735
-0.293862
-0.196541
-0.0914326
0.0206879
0.140442
0.267729
0.404488
0.536988
0.652137
0.749112
0.846157
0.849289
0.744487
0.656022
0.585539
0.510901
0.36891
-0.478
-0.452017
-0.390083
-0.305335
-0.208478
-0.10341
0.00815594
0.127378
0.25388
0.389414
0.519899
0.6324
0.720295
0.782928
0.747564
0.610091
0.486304
0.401473
0.31613
0.155082
-0.501629
-0.470918
-0.408153
-0.324003
-0.227026
-0.122121
-0.0103131
0.108185
0.233457
0.366907
0.494272
0.601393
0.680249
0.707741
0.623752
0.455944
0.313636
0.208084
0.0919362
-0.139992
-0.524641
-0.491651
-0.427754
-0.342943
-0.245902
-0.1411
-0.0296336
0.087969
0.211753
0.342636
0.465776
0.565544
0.632502
0.624362
0.484922
0.294848
0.121707
-0.021705
-0.182144
-0.561434
-0.54667
-0.512881
-0.447984
-0.362289
-0.265172
-0.16058
-0.0497678
0.0667975
0.18886
0.316739
0.434728
0.525921
0.574148
0.536272
0.349535
0.140249
-0.0738238
-0.252811
-0.499146
-1.03858
-0.568496
-0.534675
-0.469125
-0.382854
-0.285595
-0.18125
-0.0710948
0.0443172
0.16441
0.288864
0.401056
0.483685
0.511641
0.42297
0.225388
0.00962203
-0.207657
-0.407767
-0.5742
-1.15294
-0.59125
-0.557376
-0.491469
-0.404889
-0.307528
-0.203408
-0.0938908
0.0203146
0.138262
0.258949
0.364936
0.437862
0.440338
0.308863
0.118227
-0.0872737
-0.275054
-0.403915
-0.437686
-0.484284
-0.615351
-0.58144
-0.515329
-0.428671
-0.331399
-0.22768
-0.118989
-0.0062927
0.109072
0.225272
0.324627
0.38415
0.364223
0.203688
0.0211206
-0.15954
-0.305185
-0.367161
-0.389833
-0.395548
-0.64115
-0.607038
-0.540798
-0.454183
-0.357179
-0.254062
-0.146478
-0.0356315
0.0767134
0.187767
0.279757
0.323761
0.288127
0.105675
-0.0676101
-0.226248
-0.33642
-0.363074
-0.364249
-0.364633
-0.668736
-0.634319
-0.567925
-0.481417
-0.384837
-0.282559
-0.176358
-0.0677069
0.0411528
0.146504
0.229999
0.261336
0.193192
0.0157888
-0.148696
-0.288608
-0.335652
-0.349933
-0.351233
-0.350842
-0.698004
-0.663223
-0.596676
-0.510365
-0.414364
-0.313148
-0.208616
-0.102526
0.00241947
0.101555
0.175977
0.193022
0.0944123
-0.0672462
-0.217416
-0.327604
-0.341242
-0.341098
-0.342214
-0.3419
-0.728495
-0.693557
-0.626871
-0.540864
-0.445632
-0.34573
-0.243178
-0.140027
-0.0393726
0.0531368
0.118635
0.117832
0.00872757
-0.14056
-0.272063
-0.31165
-0.333559
-0.336847
-0.337181
-0.336942
-0.759864
-0.724612
-0.658156
-0.572618
-0.478387
-0.380079
-0.279832
-0.179992
-0.0839873
0.00181266
0.0576846
0.0452481
-0.0706586
-0.201192
-0.307774
-0.348671
-0.33712
-0.333773
-0.333303
-0.333095
-0.791182
-0.755968
-0.689992
-0.605135
-0.51219
-0.415805
-0.318219
-0.222047
-0.13106
-0.0516732
-0.00690654
-0.0212645
-0.141438
-0.247785
-0.326859
-0.324619
-0.329424
-0.330642
-0.330753
-0.330633
-0.821457
-0.786773
-0.721262
-0.637692
-0.546405
-0.452339
-0.357794
-0.265601
-0.179944
-0.106738
-0.0691764
-0.0877898
-0.200119
-0.289726
-0.31483
-0.335394
-0.332683
-0.330692
-0.329709
-0.329367
-0.849107
-0.815394
-0.751118
-0.669231
-0.580144
-0.488873
-0.397818
-0.309897
-0.229648
-0.162663
-0.126058
-0.158489
-0.246696
-0.317921
-0.326878
-0.330962
-0.333042
-0.332666
-0.332041
-0.331479
-0.872445
-0.840197
-0.777818
-0.698525
-0.612277
-0.52438
-0.437318
-0.354001
-0.27901
-0.218318
-0.182357
-0.218491
-0.283677
-0.338497
-0.371341
-0.352399
-0.342079
-0.339692
-0.338493
-0.337833
-0.88919
-0.859078
-0.799456
-0.723842
-0.641421
-0.557662
-0.475146
-0.396813
-0.326962
-0.272178
-0.239473
-0.265275
-0.302876
-0.354886
-0.360207
-0.347159
-0.343896
-0.342629
-0.341953
-0.341787
-0.897019
-0.869569
-0.81417
-0.74332
-0.665963
-0.587364
-0.510121
-0.437091
-0.37244
-0.322729
-0.28962
-0.303871
-0.302673
-0.311603
-0.316702
-0.329137
-0.335075
-0.337242
-0.338406
-0.33875
-0.892989
-0.869824
-0.820132
-0.755225
-0.684318
-0.612013
-0.54086
-0.473633
-0.414272
-0.368844
-0.330387
-0.337764
-0.318889
-0.297288
-0.315344
-0.334779
-0.341875
-0.344136
-0.344807
-0.344863
-0.873837
-0.856589
-0.815499
-0.758286
-0.695227
-0.630365
-0.566125
-0.505109
-0.451261
-0.409769
-0.374188
-0.371534
-0.366055
-0.365632
-0.37678
-0.368358
-0.362373
-0.360103
-0.358944
-0.358597
-0.841165
-0.829265
-0.798934
-0.751922
-0.698073
-0.641782
-0.584978
-0.530324
-0.481841
-0.444738
-0.41237
-0.399537
-0.402266
-0.436367
-0.414513
-0.387765
-0.371033
-0.363769
-0.36079
-0.359744
-0.799621
-0.792231
-0.773306
-0.737673
-0.693831
-0.646469
-0.59714
-0.548459
-0.50446
-0.47078
-0.441962
-0.406445
-0.35922
-0.345111
-0.330303
-0.328613
-0.333324
-0.333909
-0.334229
-0.333794
-0.757596
-0.753413
-0.743282
-0.719798
-0.685327
-0.645851
-0.60323
-0.559405
-0.517993
-0.484124
-0.454594
-0.398563
-0.300002
-0.225739
-0.221601
-0.246825
-0.287425
-0.313877
-0.323
-0.324349
-0.723844
-0.721628
-0.716306
-0.701375
-0.675586
-0.642168
-0.60479
-0.564178
-0.522651
-0.486327
-0.460053
-0.413153
-0.366254
-0.276331
-0.242735
-0.362643
-0.429163
-0.466618
-0.474438
-0.480077
-0.699422
-0.698384
-0.696398
-0.688193
-0.668245
-0.639274
-0.604197
-0.564095
-0.520898
-0.477664
-0.446775
-0.441295
-0.559939
-0.852602
-1.2367
-1.41191
-1.41469
-1.27972
-1.13408
-1.06483
-0.683825
-0.683382
-0.682625
-0.678597
-0.664408
-0.63784
-0.6026
-0.561462
-0.514762
-0.462119
-0.422984
-0.401512
-0.48813
-0.64674
-0.851915
-0.945815
-0.877045
-0.749165
-0.630734
-0.569494
-0.674109
-0.673896
-0.673279
-0.671852
-0.66262
-0.637835
-0.601445
-0.557643
-0.505387
-0.444815
-0.387712
-0.32992
-0.247936
-0.107766
0.0523146
0.206835
0.375929
0.501171
0.572456
0.605873
-0.667929
-0.667788
-0.667384
-0.667204
-0.661609
-0.639753
-0.601917
-0.553991
-0.496486
-0.4265
-0.343325
-0.259096
-0.0721922
0.259408
0.627474
0.998415
1.27672
1.41443
1.47222
1.48696
-0.663888
-0.663956
-0.664083
-0.664303
-0.661886
-0.64335
-0.604516
-0.552285
-0.488859
-0.408885
-0.31193
-0.211959
0.00950524
0.388604
0.800323
1.18449
1.47594
1.62157
1.66571
1.67109
-0.660114
-0.660163
-0.66007
-0.659543
-0.658652
-0.647395
-0.609336
-0.553591
-0.484785
-0.400734
-0.298713
-0.19338
-0.0131
0.325895
0.666907
0.977462
1.20581
1.31296
1.3458
1.35112
-0.658152
-0.658556
-0.65933
-0.659871
-0.660441
-0.653809
-0.61578
-0.557454
-0.487305
-0.401588
-0.302807
-0.202805
-0.0633873
0.209712
0.46689
0.671798
0.812223
0.882138
0.913194
0.92396
-0.656587
-0.658171
-0.662802
-0.672509
-0.683856
-0.66933
-0.622168
-0.564802
-0.497428
-0.411811
-0.318771
-0.228163
-0.121446
0.0828805
0.27948
0.430456
0.537483
0.597055
0.627117
0.637887
-0.665211
-0.6666
-0.667783
-0.664118
-0.658859
-0.642452
-0.616335
-0.576924
-0.513015
-0.427438
-0.342213
-0.262485
-0.178788
-0.0143429
0.14633
0.27197
0.368223
0.426002
0.453166
0.460716
-0.705289
-0.704833
-0.693705
-0.642929
-0.573669
-0.557376
-0.603241
-0.595966
-0.533701
-0.446992
-0.364588
-0.293118
-0.227389
-0.0989708
0.0352541
0.143732
0.229335
0.282414
0.305182
0.309959
-0.761214
-0.758397
-0.75609
-0.734088
-0.711687
-0.692423
-0.702899
-0.650642
-0.563239
-0.466643
-0.383903
-0.321337
-0.270036
-0.164772
-0.052672
0.0359253
0.105957
0.148276
0.164916
0.167056
-0.889002
-0.90453
-0.955442
-1.01919
-1.04018
-1.00231
-0.905572
-0.744568
-0.601316
-0.483165
-0.396756
-0.337201
-0.291794
-0.210554
-0.121305
-0.0507942
0.0042872
0.0357222
0.047871
0.048036
-1.04383
-1.07396
-1.13319
-1.18637
-1.20526
-1.1608
-1.02281
-0.804469
-0.621777
-0.487035
-0.398082
-0.342649
-0.29995
-0.237817
-0.17112
-0.116236
-0.0755378
-0.051901
-0.0437732
-0.0437946
-1.0504
-1.07195
-1.11296
-1.15155
-1.16573
-1.12316
-0.974557
-0.766193
-0.593793
-0.465997
-0.384945
-0.335819
-0.301339
-0.257401
-0.208602
-0.167748
-0.137889
-0.121515
-0.115839
-0.117041
-0.844964
-0.866662
-0.905007
-0.946604
-0.96589
-0.926822
-0.793833
-0.642561
-0.513455
-0.417412
-0.35412
-0.316513
-0.292875
-0.263586
-0.230931
-0.204716
-0.186716
-0.178002
-0.175597
-0.176995
-0.496371
-0.511884
-0.54212
-0.579767
-0.60757
-0.599246
-0.544723
-0.473274
-0.406345
-0.351112
-0.311427
-0.287106
-0.273496
-0.25663
-0.240954
-0.231437
-0.226686
-0.226483
-0.226911
-0.227781
-0.159174
-0.167664
-0.187581
-0.220551
-0.259338
-0.289812
-0.304582
-0.305851
-0.296862
-0.27934
-0.262055
-0.248167
-0.240114
-0.236779
-0.237663
-0.242178
-0.249035
-0.255185
-0.257285
-0.257604
0.0532156
0.0485834
0.0345007
0.00601902
-0.0381655
-0.0915784
-0.141054
-0.17886
-0.202899
-0.213784
-0.214256
-0.208013
-0.202826
-0.210189
-0.223101
-0.236506
-0.24861
-0.256167
-0.258201
-0.258401
0.138067
0.135117
0.124514
0.100571
0.0600164
0.00663868
-0.0490821
-0.0987495
-0.136858
-0.16279
-0.17577
-0.178626
-0.179259
-0.191993
-0.206724
-0.219996
-0.230403
-0.23545
-0.236717
-0.237079
0.148658
0.146541
0.138659
0.120404
0.0887883
0.0458527
-0.0025053
-0.0505738
-0.0926434
-0.126515
-0.150674
-0.167322
-0.177503
-0.185784
-0.192677
-0.199104
-0.204042
-0.205734
-0.2063
-0.206837
0.128995
0.127566
0.122062
0.109122
0.0863714
0.0544408
0.0160083
-0.0246142
-0.0636717
-0.100144
-0.133056
-0.164969
-0.185446
-0.183084
-0.181144
-0.178482
-0.177302
-0.176526
-0.176694
-0.177291
0.101538
0.100677
0.0970489
0.0882911
0.0725367
0.0497208
0.0207974
-0.0116799
-0.045324
-0.0793222
-0.114572
-0.151975
-0.173475
-0.167172
-0.157571
-0.154293
-0.152447
-0.151962
-0.152298
-0.152895
0.0746132
0.0742391
0.0720269
0.0663805
0.0558642
0.0400778
0.0192573
-0.00500962
-0.0316172
-0.0599407
-0.0890163
-0.118009
-0.131086
-0.128612
-0.127065
-0.128733
-0.130829
-0.132509
-0.133161
-0.133495
0.0510652
0.0508465
0.0496213
0.0462021
0.039542
0.02921
0.0151229
-0.0016887
-0.0206165
-0.0404641
-0.0592061
-0.073967
-0.0792613
-0.0829216
-0.090873
-0.0996954
-0.106784
-0.110859
-0.111831
-0.111828
0.0305285
0.0305078
0.029957
0.0281907
0.0244872
0.0184879
0.0100741
-0.000121977
-0.0116732
-0.023308
-0.0311011
-0.0326497
-0.0266861
-0.0392199
-0.0530005
-0.0656032
-0.0746639
-0.0793746
-0.0803718
-0.0801809
0.0121967
0.0123406
0.0123226
0.0120426
0.0112253
0.0094452
0.00655045
0.00267514
-0.00186402
-0.0065708
-0.00971652
-0.00702829
0.00205185
-0.000979785
-0.0135594
-0.0237948
-0.0313749
-0.0354464
-0.0366759
-0.0363956
-0.759137
-0.198413
0.120069
0.332561
0.494075
0.616181
0.712995
0.795747
0.903039
0.90213
0.0412538
0.186784
0.345162
0.480518
0.591362
0.680633
0.753947
0.80999
0.832962
0.837344
0.300611
0.398589
0.504359
0.596124
0.674083
0.738867
0.790516
0.826911
0.84973
0.866979
0.484709
0.552141
0.625089
0.690531
0.747037
0.794512
0.832752
0.862145
0.885421
0.904221
0.623004
0.673376
0.724349
0.773305
0.816087
0.852936
0.883922
0.909413
0.930884
0.949292
0.735175
0.771954
0.812834
0.851222
0.886036
0.916848
0.943604
0.966135
0.985124
1.00294
0.831829
0.86177
0.896863
0.92976
0.960442
0.988208
1.01253
1.03295
1.04955
1.06693
0.920794
0.949106
0.982341
1.01379
1.04321
1.06986
1.09299
1.11201
1.12638
1.14351
1.01087
1.04174
1.07672
1.10923
1.13897
1.16534
1.18775
1.20563
1.21815
1.2354
1.11426
1.14993
1.18777
1.22182
1.25171
1.27731
1.29847
1.31502
1.32655
1.34439
1.24326
1.28225
1.32035
1.35336
1.38125
1.40475
1.42432
1.43977
1.45156
1.46981
1.40429
1.44029
1.47233
1.49907
1.52185
1.54231
1.56089
1.5769
1.59058
1.60845
1.58893
1.61396
1.63381
1.6523
1.66993
1.68665
1.70251
1.71848
1.7356
1.75473
1.77558
1.78642
1.79912
1.81366
1.82727
1.83933
1.85022
1.86156
1.87696
1.89639
1.95745
1.97088
1.97594
1.97695
1.97892
1.98628
1.99997
2.01756
2.0313
2.04264
2.22631
2.17572
2.12826
2.09667
2.08361
2.08816
2.1114
2.15645
2.22315
2.31727
0.703473
0.700465
0.694408
0.683486
0.671001
0.6597
0.650654
0.643917
0.639479
0.637621
0.638893
0.642915
0.649106
0.657411
0.667926
0.680255
0.692615
0.701331
0.705845
0.708012
0.631765
0.638413
0.643664
0.647286
0.648407
0.646781
0.643342
0.63957
0.636616
0.635344
0.636472
0.63955
0.64367
0.647918
0.650964
0.651506
0.649196
0.644825
0.638533
0.632709
0.621634
0.624598
0.627965
0.63046
0.632229
0.633424
0.633667
0.632943
0.631913
0.631506
0.632419
0.634203
0.635908
0.636723
0.636329
0.635093
0.633205
0.630345
0.627015
0.624727
0.615556
0.616981
0.619199
0.621479
0.623211
0.624419
0.625329
0.625941
0.62625
0.626614
0.627368
0.628182
0.62857
0.628403
0.627808
0.626689
0.624895
0.622684
0.620941
0.619856
0.610152
0.610971
0.612441
0.614225
0.615978
0.61747
0.61863
0.619604
0.620485
0.621315
0.622051
0.622488
0.622542
0.622222
0.621439
0.620188
0.61869
0.617188
0.616177
0.61551
0.605045
0.6056
0.606689
0.608114
0.609641
0.611166
0.612586
0.613833
0.614979
0.61607
0.616912
0.61733
0.617323
0.61687
0.616033
0.614985
0.613849
0.612793
0.612112
0.611643
0.600103
0.600519
0.601391
0.602614
0.603961
0.605394
0.606879
0.608342
0.609732
0.611051
0.612072
0.61258
0.612584
0.612174
0.611508
0.610711
0.609854
0.609075
0.608578
0.60822
0.595255
0.595582
0.596304
0.59738
0.598636
0.600008
0.60149
0.603065
0.60468
0.606262
0.607513
0.60818
0.608327
0.608113
0.607674
0.607093
0.60646
0.605899
0.605532
0.605246
0.590413
0.590679
0.591294
0.592272
0.593472
0.594817
0.59632
0.597989
0.599799
0.601673
0.603222
0.60415
0.604553
0.604588
0.604383
0.604028
0.603601
0.603216
0.602945
0.602708
0.585483
0.585705
0.586247
0.587166
0.588333
0.589686
0.591251
0.593046
0.595074
0.597273
0.599203
0.600491
0.601217
0.601535
0.601581
0.601464
0.601234
0.601003
0.600808
0.600606
0.580373
0.580561
0.581054
0.581945
0.583117
0.584521
0.586186
0.588159
0.59046
0.593054
0.595454
0.597183
0.59829
0.598936
0.599263
0.599384
0.599356
0.599265
0.599133
0.598955
0.574988
0.575152
0.575617
0.576508
0.577728
0.579226
0.581041
0.583252
0.585902
0.588988
0.59196
0.594216
0.595769
0.596789
0.597431
0.597803
0.597994
0.598035
0.597954
0.597791
0.569227
0.569374
0.569829
0.570752
0.572059
0.573698
0.575725
0.578248
0.581341
0.585038
0.588703
0.591586
0.593664
0.595115
0.596115
0.59679
0.597198
0.597361
0.597324
0.597172
0.562979
0.563112
0.563573
0.564556
0.565994
0.56783
0.570143
0.573065
0.576715
0.581161
0.585664
0.589298
0.591998
0.593953
0.595361
0.596371
0.597023
0.597312
0.597314
0.597167
0.556107
0.55623
0.556711
0.557787
0.559405
0.561501
0.564181
0.567611
0.571955
0.577318
0.582832
0.587362
0.590799
0.59335
0.595232
0.596629
0.597551
0.59797
0.598007
0.597861
0.548463
0.548563
0.549079
0.550283
0.552133
0.554564
0.557711
0.561782
0.566983
0.573464
0.580196
0.585793
0.590099
0.593353
0.595807
0.597646
0.598873
0.599429
0.599499
0.59935
0.539794
0.539915
0.540474
0.541841
0.543981
0.546839
0.550582
0.555453
0.561713
0.569556
0.577749
0.584612
0.589944
0.594023
0.597163
0.599523
0.60109
0.60179
0.601889
0.601732
0.529839
0.529964
0.530615
0.532191
0.53471
0.538119
0.54261
0.54848
0.556049
0.565548
0.575489
0.583848
0.590391
0.595442
0.59938
0.602348
0.6043
0.60515
0.605274
0.605107
0.518275
0.518403
0.519173
0.521021
0.524021
0.528134
0.533573
0.540701
0.549891
0.561403
0.573425
0.583538
0.591491
0.597683
0.602537
0.60622
0.608596
0.609596
0.609739
0.609557
0.504601
0.504747
0.505679
0.507889
0.511514
0.516539
0.5232
0.531927
0.543137
0.55709
0.571573
0.583728
0.593296
0.600803
0.606732
0.611217
0.614044
0.615186
0.615338
0.615139
0.488145
0.488331
0.489497
0.492201
0.496662
0.502901
0.511169
0.521957
0.535697
0.552604
0.569968
0.584463
0.59587
0.604862
0.611997
0.617382
0.620667
0.621928
0.622075
0.621856
0.467939
0.468205
0.469724
0.473134
0.478765
0.486678
0.497116
0.510603
0.527523
0.547983
0.568677
0.585804
0.599263
0.609909
0.618353
0.624704
0.628419
0.629755
0.629878
0.629639
0.442527
0.442941
0.445022
0.449514
0.45689
0.467218
0.480677
0.497741
0.518651
0.543335
0.56781
0.587832
0.603506
0.615946
0.6258
0.633107
0.63716
0.6385
0.638578
0.63832
0.409536
0.410257
0.413325
0.419674
0.429865
0.443847
0.461601
0.483403
0.509253
0.538862
0.567524
0.590636
0.60864
0.622931
0.634259
0.642407
0.646633
0.647879
0.647892
0.647623
0.364736
0.366195
0.371384
0.381399
0.396502
0.416151
0.439971
0.467901
0.499692
0.534867
0.568011
0.594314
0.614684
0.630827
0.643567
0.652314
0.656446
0.65749
0.657425
0.657157
0.300214
0.304812
0.31567
0.332946
0.356427
0.384565
0.416483
0.451922
0.490522
0.531716
0.569465
0.59893
0.621602
0.63948
0.65335
0.662324
0.666056
0.666776
0.666638
0.666389
0.223532
0.231862
0.251687
0.279757
0.313981
0.351647
0.392224
0.435613
0.481513
0.529389
0.572524
0.60584
0.63133
0.651242
0.666266
0.67515
0.678376
0.678886
0.678791
0.678658
0.146629
0.160391
0.189535
0.22818
0.272578
0.319655
0.368894
0.420282
0.473542
0.528166
0.576748
0.613903
0.642129
0.664079
0.680024
0.688171
0.690541
0.69082
0.690751
0.690692
0.0827225
0.100404
0.135302
0.181886
0.234565
0.289895
0.347095
0.406038
0.466341
0.527416
0.581107
0.621755
0.652321
0.675657
0.691726
0.6994
0.701474
0.701749
0.70174
0.701709
0.0303064
0.05008
0.0894933
0.141951
0.201104
0.26324
0.327322
0.393048
0.459857
0.527002
0.585514
0.629428
0.662131
0.68671
0.702966
0.710356
0.71224
0.712514
0.712571
0.712563
-0.01358
0.00746271
0.050243
0.107365
0.171865
0.239701
0.309708
0.381451
0.4542
0.527024
0.590129
0.637159
0.671934
0.697764
0.714433
0.721559
0.723434
0.723797
0.723893
0.723924
-0.0512445
-0.0294094
0.0160482
0.0769499
0.145952
0.21871
0.293933
0.371083
0.449291
0.527455
0.594974
0.645073
0.681921
0.708998
0.726148
0.733426
0.735437
0.73584
0.735971
0.73602
-0.0843778
-0.0620014
-0.0143796
0.0497014
0.122544
0.199612
0.279507
0.361582
0.444868
0.528108
0.59991
0.65304
0.691971
0.720407
0.738254
0.745912
0.747996
0.748357
0.748474
0.748543
-0.114229
-0.0914786
-0.0420216
0.0247886
0.100977
0.181857
0.26596
0.352569
0.440627
0.52874
0.604728
0.660865
0.701907
0.731739
0.750348
0.758407
0.760629
0.760998
0.761081
0.761147
-0.141822
-0.118677
-0.0676575
0.00157361
0.0807265
0.165009
0.252928
0.343724
0.436284
0.529101
0.609223
0.668363
0.71149
0.742705
0.762057
0.770582
0.772901
0.773262
0.773308
0.77337
-0.167687
-0.144149
-0.0917026
-0.0204279
0.0613987
0.148738
0.240125
0.334794
0.431616
0.529003
0.613233
0.675363
0.720541
0.753084
0.773144
0.782043
0.784493
0.784807
0.784807
0.784853
-0.192301
-0.168315
-0.1147
-0.0415049
0.0427022
0.132795
0.227345
0.325602
0.426455
0.528298
0.616631
0.681781
0.728989
0.762757
0.78344
0.792544
0.795073
0.795358
0.795314
0.79534
-0.215971
-0.191519
-0.136906
-0.0618838
0.0244432
0.117016
0.214442
0.316015
0.420671
0.526847
0.619329
0.687574
0.736809
0.771708
0.792822
0.802044
0.804542
0.804808
0.804724
0.804727
-0.238892
-0.21397
-0.158341
-0.0817237
0.00650004
0.101298
0.201327
0.305948
0.414179
0.524564
0.621249
0.692728
0.744052
0.779973
0.801346
0.810518
0.812954
0.813146
0.813045
0.813029
-0.261185
-0.235789
-0.179124
-0.101111
-0.0111917
0.0855968
0.187964
0.295358
0.406918
0.521368
0.622319
0.697234
0.750813
0.787733
0.809159
0.81809
0.82036
0.820497
0.820356
0.820324
-0.282854
-0.257011
-0.199375
-0.120088
-0.0286546
0.0698939
0.17435
0.284247
0.398866
0.517197
0.622459
0.701091
0.757213
0.795178
0.816444
0.824899
0.826876
0.826921
0.82676
0.826717
-0.303956
-0.277652
-0.2191
-0.138655
-0.0458824
0.0542109
0.160513
0.272639
0.390042
0.512016
0.621601
0.704265
0.76333
0.802561
0.823517
0.831136
0.832615
0.832523
0.832352
0.832303
-0.324438
-0.297683
-0.238266
-0.156798
-0.0628515
0.0385991
0.146508
0.260589
0.380483
0.505813
0.619651
0.706664
0.769198
0.810139
0.830804
0.837193
0.837753
0.837383
0.837229
0.837201
-0.344345
-0.317078
-0.256886
-0.174482
-0.0795109
0.0231079
0.132406
0.248181
0.370243
0.498615
0.616533
0.708148
0.77475
0.818088
0.838876
0.84384
0.842826
0.841694
0.841525
0.841674
-0.363576
-0.33585
-0.274925
-0.191681
-0.0958195
0.00780575
0.118272
0.235477
0.359415
0.490476
0.612186
0.708529
0.77979
0.826357
0.848219
0.852299
0.849199
0.84629
0.845233
0.845445
-0.382218
-0.353982
-0.292347
-0.208355
-0.111712
-0.007231
0.10422
0.222603
0.34811
0.481466
0.606583
0.707587
0.784002
0.834547
0.858757
0.863578
0.859449
0.853409
0.847249
0.831375
-0.400207
-0.371466
-0.309287
-0.224707
-0.127474
-0.0223168
0.0898503
0.209131
0.335856
0.471117
0.599257
0.704843
0.78718
0.842443
0.87007
0.877877
0.874764
0.866368
0.852332
0.867879
-0.417668
-0.388295
-0.325689
-0.240711
-0.143031
-0.0373978
0.0751652
0.195079
0.322633
0.459306
0.589951
0.699612
0.788501
0.848941
0.879215
0.889963
0.88839
0.876841
0.815968
0.801258
-0.435177
-0.405104
-0.341317
-0.25605
-0.157796
-0.0520252
0.0603767
0.180701
0.308716
0.446211
0.578605
0.691359
0.78676
0.853031
0.88141
0.891577
0.880841
0.841686
0.774424
0.734347
-0.453392
-0.422851
-0.355768
-0.270463
-0.171404
-0.0660671
0.0458747
0.166166
0.294173
0.431812
0.565005
0.679722
0.779261
0.852929
0.899172
0.867473
0.832958
0.764553
0.691578
0.647708
-0.0258331
0.0910563
0.214822
0.346978
0.483667
0.609194
0.71494
0.530808
-0.473009
-0.454119
-0.415961
-0.34419
-0.252588
-0.152039
-0.0433001
0.0725118
0.195531
0.326577
0.46239
0.587401
0.692494
0.774466
0.825632
0.771472
0.621761
0.528655
0.456447
-0.489619
-0.476699
-0.432271
-0.359087
-0.267077
-0.166277
-0.0580361
0.0573074
0.179498
0.309247
0.443016
0.564802
0.663753
0.732829
0.727033
0.613688
0.462593
0.351926
0.25991
-0.511782
-0.499215
-0.451881
-0.37769
-0.285677
-0.184565
-0.0762882
0.038728
0.159991
0.288155
0.418881
0.53549
0.623165
0.674928
0.632428
0.463406
0.292782
0.155814
0.0352963
-0.534057
-0.521378
-0.472543
-0.397082
-0.304785
-0.203687
-0.0957275
0.0185469
0.138582
0.264671
0.391771
0.502216
0.582407
0.605327
0.514372
0.316842
0.115775
-0.0651836
-0.233335
-0.555527
-0.543379
-0.493812
-0.417256
-0.324608
-0.223555
-0.116065
-0.00269916
0.1159
0.239521
0.362411
0.465876
0.536229
0.519299
0.384764
0.180365
-0.0404619
-0.248681
-0.436576
-0.577586
-0.565729
-0.515919
-0.438681
-0.345769
-0.244707
-0.137627
-0.0251291
0.0919432
0.212897
0.331242
0.426599
0.482468
0.443637
0.266129
0.0656413
-0.147084
-0.345821
-0.468834
-0.508973
-0.600944
-0.589235
-0.53923
-0.461648
-0.368672
-0.267716
-0.161126
-0.0496334
0.065655
0.183497
0.296653
0.383578
0.422937
0.359187
0.159967
-0.0317867
-0.213551
-0.35035
-0.397159
-0.420787
-0.625733
-0.614158
-0.564011
-0.486269
-0.393387
-0.292755
-0.186854
-0.0766553
0.0364695
0.150647
0.257843
0.336151
0.353582
0.251719
0.064821
-0.112356
-0.26634
-0.350483
-0.370943
-0.376259
-0.652268
-0.640698
-0.59038
-0.512559
-0.419901
-0.319779
-0.21483
-0.106231
0.00433514
0.114331
0.214782
0.284082
0.271714
0.148507
-0.0239056
-0.190301
-0.311471
-0.356149
-0.355852
-0.356986
-0.680458
-0.668987
-0.61838
-0.540524
-0.448213
-0.34879
-0.245052
-0.138361
-0.0307557
0.0745751
0.167685
0.226174
0.196397
0.0515593
-0.105717
-0.260267
-0.32736
-0.345176
-0.346279
-0.346016
-0.710151
-0.698686
-0.64791
-0.570081
-0.478237
-0.379738
-0.277466
-0.173022
-0.0687771
0.0314463
0.116839
0.16295
0.129201
-0.0325647
-0.179681
-0.296328
-0.346455
-0.339592
-0.33937
-0.339386
-0.740862
-0.729325
-0.67871
-0.600985
-0.509788
-0.412444
-0.311934
-0.210083
-0.10958
-0.0147548
0.0625315
0.0990904
0.0502037
-0.105942
-0.239897
-0.320622
-0.336768
-0.335089
-0.33503
-0.334753
-0.772069
-0.760481
-0.710162
-0.632832
-0.542494
-0.446582
-0.348163
-0.249256
-0.15289
-0.063639
0.00558374
0.0311523
-0.0353673
-0.168702
-0.286157
-0.306758
-0.324496
-0.330889
-0.331556
-0.331391
-0.802799
-0.791261
-0.741462
-0.664938
-0.575792
-0.481659
-0.385697
-0.290089
-0.198193
-0.114772
-0.0522557
-0.0423949
-0.109536
-0.223693
-0.304873
-0.353429
-0.337357
-0.33191
-0.330234
-0.329894
-0.83129
-0.820543
-0.771677
-0.696293
-0.608875
-0.516953
-0.423877
-0.331937
-0.244736
-0.16741
-0.109689
-0.109648
-0.175327
-0.267675
-0.333744
-0.343539
-0.33563
-0.331703
-0.330324
-0.329839
-0.856715
-0.846279
-0.799386
-0.725683
-0.640662
-0.551495
-0.461822
-0.373967
-0.291587
-0.220274
-0.167294
-0.167396
-0.232428
-0.299339
-0.341504
-0.335014
-0.336406
-0.3365
-0.33538
-0.3347
-0.876448
-0.866682
-0.822283
-0.751723
-0.669798
-0.584131
-0.498441
-0.415147
-0.337724
-0.271999
-0.224756
-0.219956
-0.273103
-0.325194
-0.355814
-0.355548
-0.346396
-0.342919
-0.341424
-0.34059
-0.888536
-0.879832
-0.838728
-0.772233
-0.694617
-0.613472
-0.53253
-0.454254
-0.382046
-0.32146
-0.27901
-0.267244
-0.299804
-0.319674
-0.32554
-0.334559
-0.338062
-0.339124
-0.339633
-0.339919
-0.890386
-0.88332
-0.846654
-0.785478
-0.71338
-0.637985
-0.562721
-0.490041
-0.423346
-0.367529
-0.32765
-0.308105
-0.321757
-0.295146
-0.306184
-0.322252
-0.333207
-0.337245
-0.339069
-0.33981
-0.880154
-0.874488
-0.843679
-0.789607
-0.724652
-0.656225
-0.587667
-0.521277
-0.460313
-0.409296
-0.371874
-0.345726
-0.350171
-0.339826
-0.353267
-0.349714
-0.351038
-0.351643
-0.35165
-0.351544
-0.854719
-0.850734
-0.827345
-0.783229
-0.727417
-0.667257
-0.606316
-0.546702
-0.491627
-0.445775
-0.412077
-0.378966
-0.382971
-0.428623
-0.437959
-0.401285
-0.376275
-0.366854
-0.363342
-0.36204
-0.817419
-0.814947
-0.799757
-0.766601
-0.721783
-0.671012
-0.618223
-0.565489
-0.516011
-0.474825
-0.446459
-0.416557
-0.392697
-0.405043
-0.416352
-0.385969
-0.362504
-0.353134
-0.349983
-0.348555
-0.774946
-0.773361
-0.76584
-0.743602
-0.709986
-0.668652
-0.623843
-0.577489
-0.532615
-0.494122
-0.467103
-0.427829
-0.359842
-0.288845
-0.279571
-0.303215
-0.310168
-0.314179
-0.317843
-0.319545
-0.737162
-0.736134
-0.732625
-0.720413
-0.695905
-0.662786
-0.624655
-0.583475
-0.541356
-0.502787
-0.47393
-0.430043
-0.360895
-0.257858
-0.12354
-0.096196
-0.189825
-0.284968
-0.327701
-0.344618
-0.710223
-0.709655
-0.707315
-0.701261
-0.683939
-0.656838
-0.623167
-0.584944
-0.543888
-0.501895
-0.468212
-0.43062
-0.448631
-0.546945
-0.77142
-0.999476
-1.12073
-1.13998
-1.02626
-0.926424
-0.690502
-0.690071
-0.689185
-0.686817
-0.676061
-0.653228
-0.621661
-0.584023
-0.541242
-0.494145
-0.450396
-0.414754
-0.480165
-0.688085
-1.02179
-1.30503
-1.32528
-1.21841
-1.06779
-0.948566
-0.678553
-0.678433
-0.678027
-0.676532
-0.671221
-0.651963
-0.620865
-0.581681
-0.535595
-0.483091
-0.426361
-0.393988
-0.361315
-0.374078
-0.371519
-0.38608
-0.334101
-0.223975
-0.113433
-0.0376661
-0.670603
-0.670562
-0.670224
-0.669809
-0.667358
-0.652338
-0.621417
-0.579383
-0.529488
-0.469751
-0.40015
-0.337335
-0.236485
-0.0320045
0.245663
0.535262
0.804958
0.98934
1.08004
1.11888
-0.665872
-0.665888
-0.66584
-0.665733
-0.664326
-0.654419
-0.623709
-0.578975
-0.523793
-0.456785
-0.373974
-0.279455
-0.140989
0.154679
0.56257
0.969781
1.32799
1.5449
1.63813
1.66182
-0.661812
-0.661907
-0.661982
-0.661996
-0.662149
-0.656238
-0.628095
-0.580901
-0.520609
-0.447752
-0.356294
-0.248777
-0.115195
0.179203
0.566125
0.937637
1.25976
1.45786
1.5328
1.5469
-0.658731
-0.65888
-0.658905
-0.658628
-0.657946
-0.657036
-0.634245
-0.585228
-0.522052
-0.444779
-0.351247
-0.245408
-0.13829
0.109604
0.424178
0.702345
0.926164
1.05676
1.1101
1.12698
-0.657275
-0.657993
-0.659689
-0.663699
-0.668198
-0.66946
-0.643692
-0.591475
-0.527848
-0.450458
-0.359648
-0.260346
-0.168434
0.0204331
0.262084
0.459171
0.604289
0.691269
0.735059
0.755411
-0.656497
-0.657872
-0.660577
-0.667054
-0.680056
-0.681331
-0.646671
-0.597448
-0.539844
-0.46364
-0.375168
-0.285873
-0.210997
-0.0660816
0.124496
0.281502
0.400636
0.480595
0.522829
0.54054
-0.681086
-0.682027
-0.681476
-0.665213
-0.628018
-0.595903
-0.603582
-0.601554
-0.557639
-0.481256
-0.394514
-0.314538
-0.247065
-0.135081
0.0182659
0.151004
0.25468
0.329102
0.367974
0.38179
-0.7309
-0.72972
-0.725123
-0.69474
-0.629148
-0.584718
-0.609657
-0.631059
-0.586494
-0.503028
-0.413886
-0.340585
-0.283956
-0.196593
-0.0704878
0.0407613
0.128886
0.194113
0.226786
0.237192
-0.814977
-0.809646
-0.824511
-0.853963
-0.884464
-0.867069
-0.832884
-0.755006
-0.638278
-0.526959
-0.430559
-0.361201
-0.309729
-0.240818
-0.136256
-0.0475661
0.0233905
0.0734805
0.0974503
0.104157
-0.979699
-0.983298
-1.0292
-1.10133
-1.14648
-1.13565
-1.06319
-0.880864
-0.694465
-0.546555
-0.439556
-0.369338
-0.320832
-0.266699
-0.185259
-0.115295
-0.0598654
-0.0218931
-0.00415349
0.00102146
-1.07124
-1.08256
-1.12354
-1.17267
-1.20588
-1.19633
-1.11178
-0.907372
-0.699976
-0.541343
-0.432514
-0.365309
-0.321514
-0.27823
-0.218893
-0.166015
-0.124583
-0.0969019
-0.0842689
-0.0816804
-0.969585
-0.97848
-1.01167
-1.05194
-1.08178
-1.07349
-0.985085
-0.800585
-0.630775
-0.496863
-0.404165
-0.347043
-0.311754
-0.282321
-0.241645
-0.203448
-0.174331
-0.155707
-0.147642
-0.146979
-0.675988
-0.687671
-0.715712
-0.757066
-0.793917
-0.796962
-0.729932
-0.617285
-0.507642
-0.420871
-0.357128
-0.3165
-0.293126
-0.274639
-0.248465
-0.227749
-0.212897
-0.205298
-0.203069
-0.20331
-0.313618
-0.320849
-0.339044
-0.369355
-0.405586
-0.431038
-0.426312
-0.403472
-0.368581
-0.332687
-0.300102
-0.276553
-0.26226
-0.253669
-0.244235
-0.239863
-0.239289
-0.242349
-0.245177
-0.245741
-0.0331879
-0.036981
-0.0477409
-0.0712124
-0.108453
-0.15368
-0.196194
-0.225863
-0.243531
-0.247034
-0.241702
-0.232342
-0.223166
-0.221133
-0.226857
-0.23548
-0.24699
-0.255986
-0.260812
-0.261319
0.109849
0.107388
0.100306
0.0816169
0.0466312
-0.00423823
-0.0612995
-0.11241
-0.152002
-0.17817
-0.191165
-0.193141
-0.188765
-0.192677
-0.207203
-0.222191
-0.235614
-0.245127
-0.248923
-0.249439
0.150108
0.148603
0.143465
0.128893
0.10024
0.0568984
0.00517541
-0.047321
-0.093528
-0.129413
-0.153697
-0.167304
-0.172952
-0.181086
-0.193848
-0.204943
-0.214128
-0.219814
-0.221585
-0.22209
0.141162
0.140249
0.136578
0.125991
0.104877
0.072272
0.031345
-0.0133556
-0.0565773
-0.0952843
-0.127669
-0.154497
-0.175946
-0.184315
-0.18549
-0.188725
-0.190113
-0.190772
-0.190853
-0.191359
0.115668
0.115209
0.112752
0.105498
0.0907709
0.0675252
0.0369387
0.00132787
-0.035587
-0.0716141
-0.106738
-0.142819
-0.176089
-0.182374
-0.174735
-0.167384
-0.165123
-0.163786
-0.163513
-0.164032
0.0877982
0.0876983
0.0861675
0.0814537
0.0715614
0.0554897
0.033497
0.00674457
-0.0228234
-0.0536577
-0.0858813
-0.120268
-0.150184
-0.152371
-0.145847
-0.142594
-0.141564
-0.141708
-0.142235
-0.142695
0.062354
0.0623373
0.0615172
0.0586522
0.0523354
0.0416811
0.0265536
0.00753688
-0.0142753
-0.0378398
-0.0617913
-0.0859318
-0.102695
-0.104891
-0.10731
-0.111924
-0.117199
-0.121287
-0.123143
-0.123419
0.0403517
0.0404727
0.0400757
0.038496
0.0347669
0.0281889
0.0185509
0.00614239
-0.00828994
-0.0237715
-0.0387101
-0.0488961
-0.053036
-0.0561238
-0.0657564
-0.0776229
-0.0880769
-0.0949393
-0.0975749
-0.0976449
0.0210353
0.0211934
0.0211084
0.0204879
0.0187783
0.0155162
0.0105015
0.0039135
-0.00379458
-0.0117617
-0.0181114
-0.0178004
-0.00984024
-0.0150252
-0.0289965
-0.0415626
-0.051667
-0.0577799
-0.0599914
-0.0599444
0.0122948
0.012353
0.0122323
0.0117443
0.0104663
0.0081545
0.00467458
0.000489425
-0.00420462
-0.00860131
-0.00947015
-0.0021101
0.00475426
-0.00732974
-0.0189693
-0.0280121
-0.0338694
-0.0363503
-0.0366051
-0.0119562
-0.408137
-0.0696329
0.145481
0.331854
0.48174
0.600129
0.69365
0.772944
0.831083
0.826304
0.0817453
0.230952
0.369649
0.488857
0.590247
0.674308
0.743243
0.796893
0.829532
0.841505
0.33912
0.433744
0.525656
0.608338
0.679809
0.740439
0.79013
0.828133
0.855163
0.873826
0.515366
0.578379
0.644957
0.705882
0.758277
0.803409
0.841191
0.871753
0.896382
0.91416
0.649885
0.695412
0.746576
0.791607
0.83229
0.868061
0.899061
0.925291
0.947195
0.962572
0.759653
0.796636
0.836582
0.872934
0.906746
0.937441
0.964671
0.98806
1.0076
1.02035
0.855959
0.887937
0.92225
0.955109
0.985989
1.01446
1.03987
1.06155
1.07922
1.08961
0.946165
0.977178
1.01108
1.04408
1.07482
1.10289
1.12761
1.14831
1.16443
1.17296
1.04042
1.07505
1.11164
1.14687
1.17861
1.20671
1.23076
1.25042
1.26515
1.27307
1.15293
1.19316
1.23227
1.26896
1.30064
1.32762
1.35012
1.36829
1.38193
1.39098
1.29658
1.3392
1.37677
1.41039
1.43833
1.46205
1.48262
1.49998
1.5138
1.52491
1.47431
1.51186
1.53983
1.56413
1.58511
1.60436
1.62258
1.63971
1.65558
1.67008
1.67192
1.69293
1.70781
1.72358
1.73983
1.75511
1.76881
1.78206
1.79754
1.81589
1.86249
1.86966
1.88019
1.89172
1.90163
1.91081
1.92105
1.93213
1.94374
1.9526
2.07549
2.07726
2.06933
2.05282
2.04166
2.04109
2.05323
2.07783
2.11194
2.13647
2.49514
2.30126
2.2002
2.14231
2.11316
2.10653
2.12173
2.16255
2.2384
2.38135
-0.437539
-0.442019
-0.402309
-0.329302
-0.236901
-0.135423
0.810883
0.874447
0.857134
0.768505
0.689164
0.612625
0.385835
0.166905
-0.100356
-0.45375
-0.798674
)
;

boundaryField
{
    wall-4
    {
        type            zeroGradient;
    }
    pressure-outlet-7
    {
        type            fixedValue;
        value           uniform 0;
    }
    velocity-inlet-6
    {
        type            zeroGradient;
    }
    velocity-inlet-5
    {
        type            zeroGradient;
    }
    frontAndBackPlanes
    {
        type            empty;
    }
}


// ************************************************************************* //
