/*--------------------------------*- C++ -*----------------------------------*\
  =========                 |
  \\      /  F ield         | OpenFOAM: The Open Source CFD Toolbox
   \\    /   O peration     | Website:  https://openfoam.org
    \\  /    A nd           | Version:  10
     \\/     M anipulation  |
\*---------------------------------------------------------------------------*/
FoamFile
{
    format      ascii;
    class       volScalarField;
    location    "11";
    object      p;
}
// * * * * * * * * * * * * * * * * * * * * * * * * * * * * * * * * * * * * * //

dimensions      [0 2 -2 0 0 0 0];

internalField   nonuniform List<scalar> 
8800
(
0.434916
0.387193
0.348613
0.319729
0.299004
0.284332
0.273921
0.266616
0.261907
0.259826
0.260816
0.264624
0.270862
0.2798
0.292272
0.309763
0.334354
0.368156
0.410544
0.469236
0.26593
0.273614
0.281402
0.28481
0.283456
0.27859
0.272347
0.26648
0.261896
0.259068
0.258618
0.260802
0.264891
0.270428
0.2768
0.282726
0.286107
0.285227
0.279517
0.27064
0.244169
0.250408
0.254697
0.257911
0.260229
0.261098
0.26024
0.258352
0.25644
0.255443
0.25614
0.258121
0.26046
0.262188
0.262374
0.260788
0.258089
0.254381
0.249704
0.245898
0.237977
0.240725
0.24388
0.246708
0.248709
0.25015
0.251139
0.251479
0.251317
0.251236
0.251648
0.252326
0.252654
0.252223
0.251164
0.249607
0.247285
0.244196
0.24145
0.23996
0.232499
0.234004
0.236413
0.239176
0.241598
0.243428
0.244684
0.245573
0.246186
0.246605
0.246922
0.246988
0.24665
0.245898
0.244584
0.242596
0.240061
0.237379
0.235597
0.23483
0.2283
0.229095
0.231091
0.233488
0.235779
0.237921
0.239727
0.241067
0.241998
0.242642
0.242975
0.242878
0.242261
0.241046
0.239291
0.237244
0.234997
0.232732
0.231419
0.231111
0.226681
0.227082
0.228252
0.229766
0.231296
0.232729
0.234118
0.235462
0.23663
0.2375
0.237869
0.237677
0.237037
0.236119
0.235043
0.233743
0.232332
0.231001
0.230276
0.230138
0.225329
0.225536
0.226169
0.227079
0.228134
0.229445
0.230813
0.232109
0.23328
0.234239
0.234744
0.234698
0.234224
0.233407
0.232426
0.23156
0.230758
0.230056
0.229692
0.229621
0.223173
0.223287
0.223646
0.224231
0.224939
0.225665
0.226678
0.227818
0.228986
0.230051
0.230725
0.230893
0.230696
0.230336
0.229967
0.229521
0.2291
0.22874
0.228565
0.228523
0.220265
0.220324
0.220587
0.221058
0.221614
0.222443
0.223313
0.224338
0.225485
0.22666
0.227561
0.228019
0.228134
0.228014
0.227801
0.227602
0.227318
0.227078
0.226984
0.226965
0.217046
0.217081
0.217279
0.217671
0.218186
0.218853
0.219676
0.220708
0.221937
0.223297
0.224477
0.225234
0.225639
0.225818
0.225828
0.225739
0.225604
0.225491
0.225458
0.225447
0.213518
0.213543
0.213697
0.214015
0.214477
0.215106
0.215943
0.217033
0.2184
0.220016
0.221543
0.222645
0.223351
0.22377
0.223988
0.224077
0.224086
0.224075
0.224079
0.224071
0.209589
0.209617
0.209752
0.210041
0.210489
0.211137
0.212045
0.213276
0.214878
0.216854
0.21881
0.2203
0.221314
0.221982
0.222396
0.222638
0.22277
0.22284
0.222872
0.222863
0.205181
0.205203
0.205358
0.205658
0.206138
0.206858
0.207898
0.209346
0.211281
0.213725
0.216209
0.218155
0.219539
0.220479
0.221096
0.221485
0.221721
0.221855
0.221909
0.2219
0.200231
0.200256
0.200431
0.200777
0.201336
0.202187
0.203433
0.205195
0.207579
0.210632
0.213777
0.216287
0.218094
0.219335
0.220164
0.220702
0.221038
0.22123
0.221305
0.221295
0.194625
0.194656
0.194869
0.195289
0.195972
0.197015
0.198554
0.20074
0.203717
0.207551
0.211527
0.214718
0.217019
0.218618
0.219694
0.220396
0.220838
0.221091
0.22119
0.221177
0.188208
0.188246
0.188515
0.189042
0.189899
0.19121
0.193143
0.195893
0.19964
0.204469
0.209481
0.213503
0.216413
0.218438
0.219805
0.220699
0.221262
0.221585
0.22171
0.221695
0.180768
0.180818
0.181164
0.181837
0.182932
0.184605
0.187062
0.19055
0.195292
0.201383
0.207685
0.212734
0.216384
0.218926
0.220641
0.221764
0.222472
0.222876
0.223033
0.223015
0.17201
0.172076
0.172523
0.173402
0.17483
0.176997
0.180145
0.184588
0.19061
0.198297
0.206204
0.212515
0.217069
0.220239
0.222379
0.22378
0.22466
0.225161
0.225356
0.225333
0.161528
0.161615
0.162203
0.163359
0.165234
0.168039
0.172119
0.177856
0.185526
0.195227
0.20512
0.212974
0.21863
0.222566
0.225226
0.226966
0.228057
0.228674
0.228914
0.228885
0.148763
0.148882
0.149665
0.151211
0.153703
0.157415
0.162764
0.170169
0.179969
0.192201
0.204534
0.214262
0.221254
0.226124
0.229422
0.231585
0.23294
0.233704
0.233998
0.233956
0.132932
0.133102
0.134167
0.136282
0.139661
0.144628
0.151687
0.161343
0.173897
0.189281
0.204572
0.216549
0.22515
0.231154
0.235238
0.237933
0.239628
0.240575
0.240937
0.240881
0.112858
0.113105
0.11461
0.117607
0.122299
0.129087
0.138585
0.151269
0.167343
0.18659
0.205399
0.220026
0.230537
0.237915
0.242973
0.246345
0.248489
0.249688
0.250127
0.250054
0.0866404
0.0870202
0.0893027
0.0938009
0.100596
0.110191
0.123181
0.139917
0.160436
0.184317
0.207206
0.224877
0.237616
0.246646
0.252922
0.257175
0.259929
0.261493
0.262067
0.261967
0.0510422
0.0517338
0.0556181
0.0629311
0.0733288
0.0873188
0.105303
0.127402
0.153403
0.182685
0.210159
0.231224
0.246494
0.257484
0.265298
0.27074
0.274373
0.276474
0.277245
0.277108
-0.000166298
0.00191119
0.00988391
0.0229158
0.0396451
0.0603877
0.0852735
0.11416
0.146632
0.181951
0.214374
0.239071
0.257107
0.270343
0.280053
0.287126
0.29211
0.295199
0.296374
0.29618
-0.0773685
-0.066781
-0.0484739
-0.0251336
0.00113861
0.0308835
0.0641829
0.100854
0.140491
0.182406
0.220241
0.249015
0.270302
0.286335
0.298594
0.308106
0.315447
0.32056
0.322965
0.323253
-0.15957
-0.136171
-0.107109
-0.0734831
-0.0374632
0.00134792
0.043068
0.0876497
0.134813
0.184026
0.228282
0.26218
0.287693
0.30742
0.323071
0.335771
0.34613
0.355148
0.360084
0.360525
-0.222831
-0.197267
-0.159964
-0.118153
-0.073687
-0.0266026
0.0230819
0.0752449
0.129605
0.185666
0.235739
0.274031
0.302897
0.325304
0.343115
0.357542
0.369234
0.378752
0.38331
0.383987
-0.273845
-0.246199
-0.204292
-0.156647
-0.105756
-0.0519507
0.00454853
0.0634411
0.124331
0.186624
0.241791
0.283586
0.314776
0.338677
0.357386
0.37232
0.38434
0.393733
0.398495
0.399177
-0.314903
-0.286712
-0.241468
-0.189519
-0.133767
-0.0746378
-0.0124788
0.0522446
0.11893
0.186768
0.246384
0.291099
0.324054
0.348971
0.368209
0.38333
0.395323
0.404476
0.409359
0.410058
-0.349621
-0.321215
-0.273631
-0.218305
-0.158576
-0.095012
-0.0280703
0.0417001
0.113572
0.186533
0.250274
0.297594
0.332037
0.357727
0.377274
0.392417
0.404301
0.413214
0.418093
0.418813
-0.380007
-0.351601
-0.302197
-0.244181
-0.181176
-0.113843
-0.0427069
0.0315992
0.108215
0.185898
0.253473
0.303246
0.339096
0.365516
0.38538
0.400591
0.412395
0.42115
0.425953
0.426689
-0.407497
-0.379015
-0.328286
-0.268007
-0.202238
-0.131663
-0.0568465
0.0215052
0.102458
0.184651
0.256057
0.308359
0.345698
0.372928
0.393175
0.40851
0.420287
0.428936
0.433629
0.43438
-0.432963
-0.404381
-0.352521
-0.290342
-0.222223
-0.14887
-0.0708305
0.0111978
0.0962521
0.182852
0.258144
0.313124
0.35211
0.380282
0.401014
0.416547
0.428345
0.436898
0.441461
0.442275
-0.457065
-0.428314
-0.375467
-0.311649
-0.241502
-0.165706
-0.0847786
0.0006057
0.0895035
0.18039
0.259684
0.317583
0.358461
0.387773
0.40913
0.424957
0.436837
0.445332
0.449754
0.450597
-0.480044
-0.451088
-0.397366
-0.33222
-0.260286
-0.182344
-0.0988597
-0.01044
0.0820539
0.177166
0.260606
0.321716
0.364794
0.395496
0.417664
0.433906
0.44594
0.454424
0.458703
0.459515
-0.502259
-0.472983
-0.418514
-0.352227
-0.278751
-0.19895
-0.113198
-0.0220151
0.0738436
0.173074
0.260794
0.325427
0.371068
0.403477
0.426688
0.443507
0.455806
0.464331
0.468463
0.469198
-0.523743
-0.494179
-0.439157
-0.371748
-0.296949
-0.215533
-0.12779
-0.0341398
0.0648212
0.168012
0.260104
0.328566
0.377172
0.411669
0.436221
0.453819
0.466507
0.475126
0.479145
0.479719
-0.544578
-0.514693
-0.459178
-0.390815
-0.314888
-0.232089
-0.142631
-0.0468092
0.0549682
0.161912
0.25838
0.330937
0.382923
0.419956
0.446206
0.464837
0.478059
0.486851
0.490793
0.491161
-0.564825
-0.534596
-0.478605
-0.409438
-0.332573
-0.248597
-0.157676
-0.0599762
0.0443079
0.154737
0.255483
0.332318
0.388061
0.428105
0.456494
0.476482
0.490452
0.499485
0.503349
0.503497
-0.58453
-0.553958
-0.497442
-0.427599
-0.349933
-0.264996
-0.172856
-0.0735718
0.0328913
0.146463
0.251305
0.332461
0.392252
0.435798
0.466903
0.488652
0.50358
0.512904
0.516606
0.516561
-0.603519
-0.572629
-0.515632
-0.445245
-0.366919
-0.281197
-0.188092
-0.0875023
0.0207974
0.137133
0.245736
0.331121
0.395155
0.442711
0.477206
0.501295
0.51742
0.526981
0.530388
0.530103
-0.621781
-0.590581
-0.533185
-0.462314
-0.383467
-0.297137
-0.203278
-0.101674
0.00812821
0.126805
0.23875
0.328109
0.396407
0.448333
0.486959
0.514313
0.532072
0.541587
0.544321
0.543756
-0.639348
-0.607781
-0.550053
-0.478779
-0.399513
-0.312732
-0.218321
-0.115966
-0.00500305
0.115578
0.230375
0.323296
0.395593
0.451954
0.495442
0.52745
0.548091
0.55722
0.557976
0.556944
-0.656083
-0.624249
-0.566186
-0.494568
-0.414999
-0.327906
-0.233128
-0.130259
-0.0184507
0.103589
0.22067
0.316634
0.392445
0.452791
0.501443
0.539751
0.566036
0.576402
0.572631
0.569545
-0.672079
-0.639937
-0.581598
-0.509709
-0.429959
-0.342706
-0.247757
-0.144615
-0.0322843
0.0907836
0.209541
0.307883
0.386708
0.450124
0.503244
0.548871
0.584558
0.603841
0.599218
0.575063
-0.687294
-0.654901
-0.596398
-0.524364
-0.444655
-0.357431
-0.262595
-0.159504
-0.0470478
0.0764955
0.196285
0.296208
0.377555
0.442808
0.497635
0.54883
0.592045
0.613448
0.601331
0.572856
-0.701615
-0.669295
-0.610426
-0.538292
-0.458811
-0.371754
-0.277413
-0.174592
-0.0624026
0.0610701
0.181148
0.281561
0.364589
0.430827
0.480945
0.530007
0.565919
0.573798
0.507961
0.462167
-0.714436
-0.683666
-0.623232
-0.550928
-0.47182
-0.385261
-0.291942
-0.189674
-0.0781251
0.0446882
0.164179
0.264046
0.347301
0.415117
0.455467
0.482305
0.503234
0.463759
0.386289
0.33487
-0.766691
-0.694671
-0.634763
-0.563712
-0.485035
-0.399231
-0.306285
-0.205004
-0.0945362
0.0269932
0.144993
0.243265
0.324186
0.396218
0.412541
0.412388
0.384097
0.315602
0.225384
0.175385
-0.722289
-0.70861
-0.650688
-0.581919
-0.503664
-0.418833
-0.327579
-0.227882
-0.119416
-0.000515801
0.113624
0.207511
0.281499
0.340079
0.346736
0.217536
0.093264
0.0070155
-0.0822865
-0.0320261
-0.74889
-0.721959
-0.665033
-0.595737
-0.518291
-0.434221
-0.343407
-0.245061
-0.138306
-0.0217782
0.0886505
0.177437
0.244412
0.276281
0.21703
0.0365134
-0.130111
-0.247981
-0.37776
-0.292897
-0.768327
-0.737629
-0.68088
-0.611133
-0.534171
-0.450757
-0.36075
-0.263993
-0.159305
-0.0457562
0.0603495
0.14283
0.200354
0.205552
0.0741039
-0.170237
-0.378854
-0.53881
-0.723916
-0.647492
-0.786388
-0.754229
-0.696628
-0.626532
-0.549841
-0.467099
-0.378294
-0.283228
-0.180785
-0.0706195
0.0305049
0.106306
0.151736
0.116693
-0.0963956
-0.384807
-0.657623
-0.898378
-1.16949
-1.14112
-0.802849
-0.770751
-0.712565
-0.642254
-0.565859
-0.483885
-0.39644
-0.303161
-0.20321
-0.0965925
-0.000929206
0.0674278
0.0960233
0.0117384
-0.264
-0.587673
-0.921588
-1.22656
-1.58914
-1.96299
-0.818764
-0.787085
-0.728854
-0.658553
-0.582489
-0.501315
-0.415207
-0.323845
-0.226516
-0.123551
-0.0336761
0.0262571
0.037616
-0.0994787
-0.415853
-0.751561
-1.09905
-1.39489
-1.52872
-1.74397
-0.834757
-0.803492
-0.745562
-0.675544
-0.599955
-0.519741
-0.435147
-0.345975
-0.251551
-0.152763
-0.0693483
-0.0192597
-0.0283939
-0.231473
-0.551575
-0.873413
-1.17569
-1.36727
-1.40053
-1.43718
-0.851059
-0.820203
-0.76263
-0.69309
-0.618161
-0.539126
-0.456394
-0.369849
-0.278861
-0.184759
-0.108252
-0.0692528
-0.109425
-0.36607
-0.67232
-0.966318
-1.23117
-1.35134
-1.36566
-1.36766
-0.867785
-0.837213
-0.77996
-0.710955
-0.636848
-0.559251
-0.478717
-0.39528
-0.308284
-0.219141
-0.149915
-0.123319
-0.198614
-0.494974
-0.789247
-1.04294
-1.28771
-1.36944
-1.34178
-1.32987
-0.88469
-0.854311
-0.79734
-0.728895
-0.655789
-0.579837
-0.501959
-0.4222
-0.339725
-0.25591
-0.194375
-0.182779
-0.299296
-0.625725
-0.911357
-1.07673
-1.2092
-1.26836
-1.28498
-1.28469
-0.901381
-0.871143
-0.814403
-0.746511
-0.674537
-0.600561
-0.525757
-0.450313
-0.373163
-0.294643
-0.24034
-0.245684
-0.412504
-0.77037
-1.05682
-1.10993
-1.06027
-1.22008
-1.29763
-1.31672
-0.917127
-0.887142
-0.830563
-0.76326
-0.692541
-0.620783
-0.549509
-0.479245
-0.408181
-0.335141
-0.286785
-0.306487
-0.535803
-0.965164
-1.32678
-1.4892
-1.39977
-1.44772
-1.48672
-1.5018
-0.931289
-0.901384
-0.845111
-0.778478
-0.709038
-0.639751
-0.572601
-0.508511
-0.444741
-0.378161
-0.332179
-0.363258
-0.652857
-1.21792
-1.73969
-2.14061
-1.95922
-1.82548
-1.78716
-1.78455
-0.942934
-0.913378
-0.857209
-0.791109
-0.72309
-0.656557
-0.594223
-0.537698
-0.484441
-0.425475
-0.375448
-0.41703
-0.76191
-1.36979
-1.93224
-2.27119
-2.19269
-2.07951
-2.04503
-2.04268
-0.95075
-0.921259
-0.865552
-0.800041
-0.733553
-0.670015
-0.61315
-0.566303
-0.52829
-0.482845
-0.430431
-0.485429
-0.833655
-1.3857
-1.93446
-2.27825
-2.39816
-2.3834
-2.30699
-2.29133
-0.95338
-0.924195
-0.868873
-0.804034
-0.739122
-0.678763
-0.628208
-0.593902
-0.580028
-0.567789
-0.529746
-0.575217
-0.891997
-1.4051
-1.98003
-2.51606
-2.77976
-2.76315
-2.58831
-2.47969
-0.949567
-0.92064
-0.865574
-0.801721
-0.738402
-0.68125
-0.637801
-0.619739
-0.643573
-0.712134
-0.743893
-0.752771
-0.918439
-1.27162
-1.70387
-2.2077
-2.43007
-2.35262
-2.12415
-1.98574
-0.938083
-0.90929
-0.855073
-0.791845
-0.730002
-0.675808
-0.639582
-0.640989
-0.722682
-0.958599
-1.17486
-1.02979
-0.878258
-0.823575
-0.780633
-0.778732
-0.731317
-0.579979
-0.395308
-0.302971
-0.917577
-0.888934
-0.835504
-0.773313
-0.712607
-0.660623
-0.630404
-0.65164
-0.809105
-1.31185
-1.83144
-1.3804
-0.809762
-0.197397
0.379861
0.822337
1.1385
1.33577
1.44887
1.48895
-0.887127
-0.858704
-0.806324
-0.745214
-0.685099
-0.633888
-0.607062
-0.638665
-0.852831
-1.59678
-2.48852
-1.63946
-0.669783
0.275213
1.05187
1.61935
1.98499
2.1369
2.19628
2.20974
-0.846261
-0.818373
-0.767072
-0.706936
-0.646666
-0.593474
-0.562027
-0.585284
-0.784416
-1.48959
-2.25775
-1.33891
-0.359408
0.552316
1.21117
1.63423
1.87787
1.9928
2.04371
2.05526
-0.794494
-0.767208
-0.717881
-0.658844
-0.598032
-0.540872
-0.497613
-0.493221
-0.601542
-0.979013
-1.20983
-0.571145
0.130138
0.743856
1.15132
1.40783
1.55958
1.64687
1.69351
1.69928
-0.730583
-0.705584
-0.659231
-0.60221
-0.541632
-0.481013
-0.425962
-0.388216
-0.392716
-0.456235
-0.384936
0.028136
0.466419
0.801686
1.02981
1.18299
1.28483
1.35279
1.38575
1.39106
-0.656951
-0.633979
-0.592463
-0.538729
-0.480013
-0.418142
-0.355095
-0.293476
-0.234174
-0.155931
0.00923642
0.270519
0.535747
0.730422
0.87069
0.972326
1.04587
1.0966
1.12517
1.13427
-0.57245
-0.556895
-0.518132
-0.469323
-0.41467
-0.35489
-0.289692
-0.217854
-0.13392
-0.0192606
0.14014
0.319109
0.480413
0.603538
0.695269
0.764344
0.816736
0.853973
0.874877
0.880263
-0.465034
-0.457216
-0.429738
-0.390329
-0.344389
-0.292078
-0.232243
-0.163016
-0.0793
0.0308332
0.166452
0.301129
0.415667
0.503881
0.569322
0.616768
0.650871
0.675742
0.690755
0.694037
-0.35796
-0.354432
-0.335931
-0.306986
-0.27172
-0.22979
-0.179546
-0.118934
-0.0438154
0.0533651
0.165464
0.269547
0.35468
0.419243
0.466012
0.498881
0.52118
0.535083
0.541885
0.543479
-0.255577
-0.253797
-0.243243
-0.224319
-0.199675
-0.1686
-0.1294
-0.0797852
-0.0164522
0.0653094
0.156311
0.237022
0.300838
0.34817
0.381526
0.403965
0.418224
0.426569
0.43044
0.430842
-0.162568
-0.162352
-0.157377
-0.14715
-0.132174
-0.111355
-0.0828797
-0.044542
0.00622717
0.0724198
0.145131
0.207914
0.256163
0.290993
0.314867
0.330267
0.33945
0.344336
0.346263
0.346252
-0.0863569
-0.0869958
-0.0864742
-0.0829119
-0.0755513
-0.0627529
-0.043061
-0.0146079
0.0247978
0.0771397
0.134281
0.182663
0.219039
0.244769
0.261794
0.272331
0.278318
0.2812
0.282172
0.282023
-0.0318339
-0.0327447
-0.0343456
-0.0349416
-0.0322485
-0.0250649
-0.0119056
0.00877015
0.038642
0.0791276
0.12339
0.1605
0.187878
0.206758
0.219051
0.226479
0.23041
0.232095
0.232578
0.232399
0.00331987
0.00249349
0.000507187
-0.00105891
-0.000623105
0.00307937
0.0114907
0.0261746
0.0485231
0.0794885
0.113414
0.141576
0.162159
0.176238
0.185141
0.190239
0.192782
0.193717
0.193896
0.193721
0.0246762
0.0240858
0.0224662
0.0209424
0.0208132
0.0230424
0.0286664
0.0389853
0.0553946
0.0787612
0.104621
0.126042
0.141456
0.151689
0.158
0.161536
0.163156
0.163594
0.163594
0.163445
0.03732
0.0369362
0.035848
0.0347318
0.0344972
0.0359255
0.0399382
0.0475299
0.0597068
0.077217
0.0966681
0.112659
0.124057
0.131617
0.13622
0.13867
0.139681
0.139848
0.139774
0.139655
0.0448912
0.0446437
0.0439466
0.0432138
0.0430715
0.0440578
0.046857
0.0523388
0.0613711
0.0744955
0.0891179
0.101156
0.109696
0.115253
0.118538
0.120238
0.120885
0.12093
0.120841
0.120746
0.0492494
0.049084
0.0486123
0.0481167
0.0480486
0.0488114
0.0509054
0.0549462
0.061616
0.0714041
0.0823536
0.0913099
0.0975989
0.101652
0.104023
0.105211
0.10562
0.1056
0.105511
0.105434
0.0512571
0.051142
0.0507976
0.0504294
0.0503738
0.050923
0.0524571
0.0554551
0.0604223
0.0677103
0.0758619
0.0825237
0.0871879
0.0901662
0.0918764
0.0927065
0.092964
0.0929148
0.0928334
0.0927721
0.0514486
0.0513677
0.0511182
0.0508482
0.0508116
0.0512232
0.0523586
0.0545715
0.0582538
0.0636804
0.0697553
0.0746996
0.0781346
0.0803048
0.0815322
0.0821076
0.0822624
0.0821985
0.0821262
0.0820772
0.05028
0.0502214
0.0500417
0.0498459
0.0498226
0.050131
0.0509767
0.0526229
0.0553582
0.0593862
0.0638913
0.0675485
0.0700754
0.0716581
0.0725386
0.0729365
0.0730249
0.0729579
0.0728956
0.0728564
0.0481147
0.0480706
0.0479412
0.0478017
0.0477895
0.0480218
0.0486505
0.0498707
0.0518996
0.0548889
0.0582275
0.0609284
0.0627836
0.0639342
0.0645636
0.0648363
0.0648826
0.064819
0.0647659
0.0647345
0.0452254
0.0451915
0.0450967
0.0449964
0.0449908
0.0451658
0.0456333
0.0465386
0.0480413
0.0502547
0.0527217
0.0547101
0.0560676
0.0569016
0.0573496
0.0575352
0.0575552
0.0574971
0.0574523
0.0574272
0.0418042
0.0417777
0.0417064
0.0416321
0.041628
0.0417573
0.0421029
0.0427716
0.0438822
0.0455166
0.0473361
0.0487956
0.0497852
0.0503873
0.0507044
0.0508286
0.0508322
0.0507805
0.0507429
0.0507229
0.0379878
0.0379669
0.0379119
0.0378546
0.0378491
0.0379425
0.0381956
0.0386879
0.0395055
0.0407085
0.042044
0.0431106
0.0438299
0.0442621
0.0444846
0.0445658
0.0445592
0.044514
0.0444826
0.0444667
0.0338749
0.0338583
0.033815
0.0337694
0.033762
0.0338275
0.0340108
0.0343696
0.0349674
0.035848
0.0368241
0.0376009
0.03812
0.0384277
0.0385813
0.0386317
0.038619
0.0385797
0.0385536
0.0385411
0.0295402
0.0295269
0.0294922
0.029455
0.0294455
0.0294894
0.0296195
0.029878
0.0303117
0.0309515
0.0316596
0.0322203
0.0325918
0.0328081
0.0329123
0.0329417
0.0329257
0.0328917
0.0328701
0.0328603
0.0250405
0.0250299
0.0250019
0.0249708
0.0249593
0.0249865
0.0250762
0.0252596
0.02557
0.026029
0.026536
0.0269355
0.0271976
0.0273475
0.0274166
0.027432
0.0274149
0.027386
0.0273682
0.0273604
0.0204182
0.0204096
0.0203869
0.0203609
0.0203485
0.0203636
0.0204233
0.0205499
0.0207672
0.0210902
0.021447
0.0217266
0.0219076
0.0220083
0.0220511
0.022056
0.0220385
0.0220139
0.0219993
0.0219933
0.015705
0.0156982
0.0156801
0.0156584
0.0156456
0.0156518
0.0156891
0.0157728
0.0159188
0.0161377
0.0163799
0.0165685
0.016689
0.0167537
0.0167783
0.0167766
0.0167599
0.0167391
0.0167272
0.0167226
0.010926
0.0109211
0.0109066
0.0108884
0.0108761
0.0108765
0.0108975
0.0109486
0.01104
0.0111779
0.0113303
0.0114481
0.0115215
0.0115591
0.011571
0.011566
0.0115511
0.0115343
0.0115251
0.0115219
0.00609778
0.00609426
0.00608339
0.00607028
0.00606125
0.0060593
0.00606841
0.00609393
0.00614115
0.00621264
0.00629153
0.00635184
0.00638913
0.00640748
0.0064116
0.00640615
0.00639466
0.00638179
0.0063748
0.00637276
0.00123171
0.00123147
0.00122991
0.00122425
0.00121862
0.00121581
0.00121616
0.0012192
0.00122536
0.00123551
0.00124931
0.00126238
0.00127137
0.00127651
0.00127853
0.0012777
0.00127383
0.00126795
0.00126376
0.00126315
-0.833963
-0.578063
-0.292228
-0.0634766
0.121949
0.272162
0.400138
0.5085
0.559511
0.536695
-0.377198
-0.205585
-0.0285146
0.122901
0.251472
0.35973
0.448352
0.512175
0.545659
0.556371
-0.0711992
0.0410856
0.158265
0.262399
0.352347
0.427973
0.48821
0.532237
0.562727
0.579384
0.139121
0.215356
0.297268
0.370824
0.434956
0.48924
0.533445
0.56803
0.594879
0.612334
0.295733
0.350463
0.407935
0.462319
0.510293
0.551754
0.586718
0.615205
0.638076
0.655403
0.41937
0.459365
0.5042
0.546795
0.585302
0.619382
0.648749
0.672996
0.692473
0.709573
0.523387
0.556148
0.594997
0.631354
0.665012
0.695232
0.721405
0.74288
0.759481
0.776479
0.61916
0.650907
0.687944
0.72262
0.754511
0.783038
0.807445
0.827055
0.841187
0.858241
0.718929
0.753695
0.792183
0.82742
0.858875
0.886262
0.909199
0.927201
0.939615
0.957072
0.836667
0.875498
0.915211
0.950437
0.980681
1.00618
1.02716
1.04353
1.05536
1.07351
0.983256
1.02239
1.05919
1.09045
1.11666
1.13924
1.15869
1.17453
1.18722
1.20529
1.1594
1.19133
1.21788
1.24071
1.26102
1.28001
1.29798
1.31465
1.33015
1.34827
1.34864
1.36601
1.38127
1.39773
1.41383
1.4285
1.44182
1.45586
1.47352
1.49373
1.53063
1.54029
1.55196
1.56284
1.5722
1.58194
1.5929
1.60434
1.61574
1.63112
1.73818
1.74185
1.72695
1.71222
1.70607
1.7118
1.73031
1.76068
1.79289
1.81956
2.0445
1.90965
1.83312
1.79089
1.77345
1.77746
1.8049
1.86131
1.96396
2.18834
0.325494
0.32343
0.318941
0.310432
0.298373
0.286441
0.276419
0.268708
0.263223
0.259992
0.259482
0.261871
0.266573
0.273398
0.282423
0.293642
0.306024
0.316853
0.322898
0.325873
0.249749
0.255637
0.262049
0.266735
0.269401
0.269277
0.266761
0.263191
0.259868
0.257641
0.25731
0.259152
0.262357
0.266177
0.26957
0.271118
0.269894
0.266135
0.260772
0.254091
0.240856
0.243158
0.24681
0.250164
0.252597
0.254429
0.255497
0.25543
0.254532
0.253634
0.253604
0.25467
0.256059
0.25689
0.256574
0.255203
0.253191
0.250409
0.24676
0.24368
0.235236
0.236298
0.238439
0.241323
0.243819
0.245604
0.246865
0.247793
0.248369
0.248675
0.248968
0.249263
0.249299
0.24887
0.248011
0.246682
0.244651
0.241948
0.239342
0.237797
0.230041
0.230549
0.232168
0.234815
0.237455
0.239864
0.241767
0.243061
0.24392
0.244498
0.244916
0.24514
0.244956
0.244283
0.242959
0.240948
0.238536
0.235936
0.233707
0.232782
0.227309
0.227503
0.228532
0.230396
0.232333
0.234106
0.235781
0.237353
0.238663
0.239643
0.240225
0.240268
0.239784
0.238808
0.237522
0.236052
0.234326
0.23248
0.230966
0.230488
0.226069
0.226163
0.22672
0.227788
0.229007
0.230429
0.231812
0.233139
0.234347
0.235378
0.236069
0.236235
0.235908
0.235219
0.234291
0.233092
0.23202
0.230988
0.230193
0.229949
0.224378
0.22443
0.224723
0.225334
0.226118
0.226991
0.228119
0.229359
0.230605
0.231735
0.232565
0.232863
0.232668
0.232153
0.231476
0.230861
0.23026
0.229696
0.22931
0.229188
0.221774
0.221798
0.221978
0.222411
0.223017
0.223644
0.224435
0.225455
0.226563
0.227701
0.228684
0.229235
0.229364
0.229216
0.228968
0.22876
0.2284
0.22805
0.227832
0.227774
0.21869
0.218696
0.218819
0.21916
0.219659
0.220301
0.221102
0.222035
0.223146
0.224386
0.225571
0.226398
0.226809
0.226961
0.226909
0.226659
0.226538
0.226334
0.226218
0.226197
0.215326
0.215327
0.215418
0.215682
0.216101
0.216655
0.217377
0.218308
0.219477
0.220869
0.222328
0.223484
0.22421
0.224626
0.224832
0.224887
0.224857
0.224786
0.224752
0.224748
0.211609
0.211609
0.211684
0.211907
0.21228
0.212815
0.213559
0.214563
0.215874
0.217509
0.219325
0.220865
0.221927
0.222609
0.223026
0.223259
0.223371
0.223417
0.223444
0.22345
0.20745
0.207446
0.207532
0.207745
0.208113
0.208672
0.209483
0.21062
0.212156
0.214137
0.216408
0.218422
0.219847
0.220834
0.221477
0.221882
0.222126
0.222266
0.222339
0.222355
0.202781
0.202774
0.202867
0.203106
0.203517
0.204153
0.205096
0.206446
0.208305
0.210744
0.213598
0.216168
0.218046
0.219368
0.220257
0.220836
0.221202
0.221421
0.221533
0.221557
0.197522
0.197513
0.197625
0.197908
0.198397
0.19916
0.200303
0.201956
0.204252
0.207294
0.210886
0.214155
0.216579
0.218279
0.21944
0.220208
0.2207
0.220999
0.22115
0.221182
0.191534
0.191522
0.191662
0.192014
0.19262
0.193568
0.19499
0.197052
0.199929
0.20375
0.208275
0.212407
0.215471
0.21764
0.219124
0.22011
0.220745
0.221132
0.221326
0.221368
0.184634
0.184618
0.184797
0.185246
0.186015
0.187213
0.189011
0.191619
0.195254
0.200076
0.205777
0.210978
0.214832
0.217562
0.219434
0.220679
0.221484
0.221976
0.222222
0.222274
0.176572
0.176551
0.176786
0.177369
0.178357
0.179886
0.182182
0.185512
0.190137
0.19624
0.203418
0.209942
0.214765
0.218181
0.220522
0.222082
0.223094
0.223714
0.224023
0.224087
0.167006
0.166981
0.167293
0.168055
0.169338
0.171316
0.174301
0.178592
0.18448
0.192212
0.20124
0.209395
0.215405
0.219656
0.222569
0.224514
0.225779
0.22656
0.226948
0.227026
0.155465
0.155437
0.155861
0.156875
0.158564
0.161169
0.165056
0.170592
0.178165
0.187978
0.199308
0.20946
0.216914
0.222181
0.225792
0.228206
0.229782
0.230763
0.231251
0.231347
0.141271
0.141239
0.141833
0.143215
0.145479
0.148952
0.154089
0.161345
0.171104
0.183552
0.197717
0.210285
0.219479
0.225976
0.230438
0.233425
0.23538
0.236603
0.237212
0.237334
0.12343
0.123398
0.124268
0.126204
0.129326
0.13408
0.141009
0.150586
0.163206
0.178975
0.196587
0.212036
0.223301
0.23128
0.236784
0.240485
0.242914
0.24444
0.245213
0.245367
0.100447
0.100442
0.101772
0.104583
0.109044
0.115737
0.125243
0.138037
0.154424
0.174332
0.19606
0.214876
0.228565
0.238312
0.245101
0.249715
0.25277
0.254703
0.255693
0.255893
0.0698974
0.069991
0.0721598
0.076506
0.0832398
0.0930263
0.106383
0.123644
0.144888
0.16982
0.196326
0.218965
0.23542
0.24724
0.255605
0.261407
0.265329
0.267852
0.26914
0.269396
0.0272649
0.027656
0.0317672
0.0393493
0.0503321
0.0652883
0.0843914
0.107678
0.134971
0.165779
0.197623
0.22444
0.243936
0.258114
0.268376
0.275719
0.280866
0.284324
0.286117
0.286444
-0.0356922
-0.0336226
-0.0239786
-0.00946038
0.0094887
0.0326843
0.05983
0.0907775
0.125221
0.162584
0.200128
0.231308
0.254001
0.270733
0.283167
0.29243
0.299276
0.30411
0.306838
0.307186
-0.110875
-0.107437
-0.0896716
-0.063832
-0.0343108
-0.00162048
0.0342911
0.0734218
0.115536
0.160161
0.204386
0.241097
0.268178
0.288654
0.304437
0.316776
0.326571
0.333882
0.33688
0.338304
-0.188095
-0.178037
-0.151577
-0.115631
-0.0766022
-0.0347865
0.00970734
0.0568714
0.106571
0.158429
0.20935
0.251561
0.282887
0.306885
0.325759
0.340895
0.353144
0.362724
0.368194
0.370467
-0.245979
-0.23476
-0.203346
-0.160962
-0.114592
-0.0652724
-0.013284
0.0412222
0.0979794
0.156559
0.213582
0.26054
0.295199
0.321596
0.342178
0.358478
0.37149
0.381608
0.38777
0.390229
-0.292497
-0.280881
-0.246028
-0.199019
-0.147335
-0.0922415
-0.0341459
0.0266024
0.0895854
0.154217
0.21663
0.267529
0.304688
0.332623
0.354113
0.370927
0.384186
0.394405
0.400624
0.403045
-0.330524
-0.318992
-0.282202
-0.2317
-0.175862
-0.116164
-0.0530392
0.013039
0.0814771
0.151514
0.218825
0.273271
0.312553
0.3417
0.363811
0.380862
0.394121
0.40427
0.410476
0.412797
-0.363334
-0.351949
-0.313704
-0.260506
-0.201299
-0.137743
-0.0703484
0.000355669
0.073686
0.148709
0.220567
0.278245
0.319423
0.349599
0.372195
0.389411
0.402666
0.412741
0.418957
0.421172
-0.39246
-0.381224
-0.34199
-0.286613
-0.224627
-0.157817
-0.0866944
-0.0118623
0.0658983
0.145495
0.221649
0.282503
0.325588
0.356829
0.379957
0.397391
0.410691
0.42071
0.426953
0.429076
-0.419099
-0.40795
-0.367889
-0.310711
-0.246417
-0.176826
-0.102483
-0.0240185
0.0577727
0.141741
0.22217
0.286291
0.331401
0.363816
0.387569
0.405285
0.418682
0.42869
0.434951
0.436979
-0.444018
-0.432917
-0.392129
-0.333404
-0.267144
-0.195177
-0.118016
-0.0362571
0.0492847
0.137434
0.222121
0.289655
0.336998
0.370776
0.395293
0.413394
0.426945
0.436963
0.443248
0.445159
-0.467639
-0.456548
-0.415145
-0.355115
-0.287145
-0.213074
-0.133413
-0.0487066
0.0402802
0.132412
0.221395
0.292571
0.342428
0.377827
0.403304
0.421918
0.435704
0.445794
0.452045
0.453899
-0.490335
-0.479187
-0.437195
-0.376069
-0.306623
-0.230728
-0.148868
-0.061526
0.030643
0.126591
0.219883
0.294957
0.347669
0.385004
0.411689
0.430988
0.445114
0.455318
0.461548
0.463364
-0.5123
-0.501007
-0.45844
-0.396452
-0.325689
-0.248234
-0.16445
-0.0747431
0.0203285
0.119897
0.21747
0.296678
0.352615
0.392254
0.420454
0.440663
0.455276
0.465683
0.471888
0.473687
-0.533558
-0.522105
-0.479076
-0.416285
-0.344391
-0.265585
-0.180139
-0.0883656
0.00932161
0.112264
0.214055
0.297578
0.357095
0.399442
0.429525
0.450924
0.466223
0.476945
0.483158
0.484925
-0.554241
-0.542576
-0.499154
-0.435577
-0.362745
-0.282795
-0.19593
-0.102368
-0.00236356
0.103678
0.209529
0.297459
0.36088
0.406393
0.438805
0.461733
0.477941
0.489113
0.495386
0.49703
-0.574269
-0.562412
-0.518647
-0.454351
-0.380728
-0.299813
-0.211756
-0.116686
-0.0146793
0.0941392
0.203802
0.296117
0.363701
0.41288
0.448138
0.473015
0.490371
0.502101
0.508455
0.509938
-0.593696
-0.581615
-0.537449
-0.472577
-0.398288
-0.316582
-0.227549
-0.131233
-0.0275416
0.0836927
0.196847
0.293394
0.365263
0.418518
0.457189
0.484569
0.503442
0.51583
0.5222
0.523455
-0.612335
-0.600151
-0.555553
-0.490203
-0.41536
-0.333017
-0.243231
-0.14592
-0.0408512
0.0724292
0.188658
0.289177
0.365256
0.422765
0.465496
0.496184
0.517133
0.530215
0.536341
0.537244
-0.630315
-0.61794
-0.572967
-0.507201
-0.431909
-0.34907
-0.258704
-0.16065
-0.0544999
0.0604564
0.179277
0.283349
0.363409
0.425146
0.472443
0.5075
0.531591
0.545576
0.550744
0.550843
-0.647497
-0.634929
-0.589658
-0.523517
-0.447855
-0.364657
-0.273882
-0.175298
-0.0683667
0.0478707
0.168815
0.27587
0.359528
0.425243
0.477234
0.517741
0.546874
0.563098
0.566044
0.563537
-0.66393
-0.6512
-0.605572
-0.539105
-0.46316
-0.379718
-0.288684
-0.189782
-0.0823232
0.0348381
0.1574
0.266807
0.353523
0.422616
0.478713
0.525158
0.561832
0.584488
0.587363
0.575818
-0.679552
-0.66669
-0.6208
-0.554088
-0.47801
-0.394518
-0.303433
-0.2045
-0.0968378
0.0208251
0.144432
0.255516
0.3447
0.416545
0.475256
0.52689
0.572412
0.605837
0.613063
0.606222
-0.694351
-0.681257
-0.63537
-0.56843
-0.492402
-0.409061
-0.318104
-0.219448
-0.111924
0.00576234
0.129794
0.241795
0.332527
0.4065
0.46499
0.517167
0.564614
0.599015
0.591405
0.52373
-0.708161
-0.694388
-0.649203
-0.582173
-0.506476
-0.423477
-0.332734
-0.234503
-0.127493
-0.0102341
0.113532
0.225597
0.316626
0.392263
0.448261
0.488972
0.529122
0.540143
0.491341
0.41805
-0.720993
-0.707968
-0.662088
-0.59492
-0.519908
-0.437282
-0.347476
-0.249586
-0.14336
-0.0269397
0.0958038
0.206889
0.296514
0.374317
0.428263
0.46881
0.455186
0.426667
0.352348
0.271592
-0.702834
-0.686248
-0.641115
-0.572598
-0.494054
-0.408463
-0.314176
-0.213419
-0.103607
0.0170919
0.134067
0.231327
0.310393
0.385134
0.459511
0.368941
0.316307
0.24798
0.161776
0.103983
-0.725706
-0.707479
-0.675844
-0.614605
-0.540569
-0.458938
-0.369759
-0.273326
-0.168772
-0.0544627
0.0654204
0.172804
0.257867
0.328807
0.391928
0.39046
0.267887
0.167818
0.0946282
-0.00766295
-0.741755
-0.725922
-0.687187
-0.625256
-0.551295
-0.470555
-0.382939
-0.287954
-0.184945
-0.0725877
0.0449494
0.149053
0.2303
0.289743
0.308924
0.229534
0.0500776
-0.070707
-0.165957
-0.274637
-0.757993
-0.745809
-0.702098
-0.639247
-0.565383
-0.485003
-0.398047
-0.304078
-0.202616
-0.0923629
0.0217353
0.120625
0.194735
0.241163
0.209977
0.0435562
-0.16477
-0.321197
-0.453732
-0.625374
-0.776557
-0.763835
-0.718646
-0.654696
-0.580984
-0.501021
-0.414811
-0.322116
-0.222497
-0.114806
-0.00466658
0.088364
0.154435
0.184599
0.0994647
-0.146157
-0.403763
-0.61549
-0.811084
-1.07015
-0.79347
-0.781166
-0.735171
-0.670251
-0.596596
-0.517141
-0.43194
-0.340791
-0.243259
-0.138363
-0.0323819
0.0543746
0.111434
0.117349
-0.0320758
-0.334285
-0.646486
-0.948553
-1.2043
-1.74999
-0.809447
-0.797785
-0.751673
-0.686257
-0.612726
-0.533802
-0.449663
-0.360179
-0.264848
-0.162855
-0.0612905
0.0185932
0.0661211
0.0320398
-0.18385
-0.505771
-0.850075
-1.18922
-1.49094
-2.03832
-0.825313
-0.814086
-0.768224
-0.702786
-0.629508
-0.551171
-0.468136
-0.380369
-0.287349
-0.188617
-0.0919071
-0.0198125
0.0167827
-0.0605463
-0.326564
-0.64837
-0.986529
-1.28777
-1.42905
-1.46881
-0.841506
-0.830653
-0.785108
-0.719878
-0.647054
-0.569501
-0.487826
-0.402115
-0.311889
-0.216844
-0.125352
-0.0617821
-0.039887
-0.156644
-0.462602
-0.767529
-1.06747
-1.29973
-1.36565
-1.38315
-0.858028
-0.847554
-0.802275
-0.737364
-0.665105
-0.588556
-0.508526
-0.425275
-0.338332
-0.247345
-0.161571
-0.107259
-0.102316
-0.260249
-0.589447
-0.870324
-1.14289
-1.33956
-1.36709
-1.3543
-0.874921
-0.864638
-0.819603
-0.755009
-0.683435
-0.608092
-0.530007
-0.449608
-0.36641
-0.280017
-0.200357
-0.156324
-0.171372
-0.382276
-0.716708
-0.961361
-1.17755
-1.31466
-1.31919
-1.30869
-0.89182
-0.8817
-0.83681
-0.772526
-0.701732
-0.627796
-0.551967
-0.474932
-0.396151
-0.314922
-0.241349
-0.208262
-0.25271
-0.517645
-0.852843
-1.05098
-1.08979
-1.1774
-1.25271
-1.28262
-0.908173
-0.89828
-0.853436
-0.789448
-0.719493
-0.647175
-0.574022
-0.500959
-0.42748
-0.351959
-0.283669
-0.261685
-0.339139
-0.675855
-1.0252
-1.2435
-1.14988
-1.23748
-1.34311
-1.3842
-0.923344
-0.913683
-0.868787
-0.805154
-0.736112
-0.665548
-0.595413
-0.527026
-0.460076
-0.391312
-0.326946
-0.313528
-0.418609
-0.860593
-1.30331
-1.73234
-1.77265
-1.64689
-1.63327
-1.638
-0.936446
-0.926988
-0.882063
-0.818866
-0.750728
-0.68206
-0.615356
-0.552575
-0.494255
-0.433999
-0.37187
-0.361433
-0.492044
-1.01999
-1.60895
-2.14189
-2.25825
-2.03341
-1.9426
-1.91892
-0.946436
-0.937116
-0.892307
-0.829417
-0.76226
-0.695679
-0.632858
-0.576911
-0.528839
-0.481321
-0.423289
-0.409797
-0.552036
-1.09647
-1.65966
-2.11432
-2.24704
-2.22827
-2.17618
-2.15936
-0.952
-0.942859
-0.898141
-0.835643
-0.769527
-0.705153
-0.646665
-0.598796
-0.564612
-0.537673
-0.49669
-0.477147
-0.620833
-1.13338
-1.68276
-2.21911
-2.55307
-2.64489
-2.53789
-2.43183
-0.951845
-0.942841
-0.898309
-0.836234
-0.771197
-0.709087
-0.655262
-0.617097
-0.603554
-0.61566
-0.629308
-0.614143
-0.733629
-1.13634
-1.63031
-2.19881
-2.62182
-2.73571
-2.59954
-2.44096
-0.944604
-0.935696
-0.89139
-0.829848
-0.765931
-0.705978
-0.656845
-0.630021
-0.646402
-0.735035
-0.891184
-0.913098
-0.875016
-0.981116
-1.19334
-1.49255
-1.70976
-1.69521
-1.49466
-1.30326
-0.928974
-0.920174
-0.876066
-0.815322
-0.752471
-0.694271
-0.649309
-0.634154
-0.687908
-0.908228
-1.32781
-1.39597
-1.01134
-0.708981
-0.336409
-0.0189723
0.200768
0.390406
0.555446
0.659352
-0.90393
-0.895185
-0.851442
-0.791624
-0.729685
-0.672539
-0.63023
-0.623499
-0.711016
-1.09191
-1.96274
-2.00513
-1.11034
-0.336125
0.466598
1.08353
1.56687
1.84314
1.96053
2.00234
-0.868921
-0.860177
-0.816879
-0.758052
-0.69673
-0.639467
-0.597331
-0.590991
-0.683845
-1.1249
-2.2487
-2.23776
-0.986004
-0.0578596
0.834966
1.46041
1.87434
2.08267
2.16571
2.19044
-0.823269
-0.814938
-0.772221
-0.714446
-0.653456
-0.594539
-0.546081
-0.526713
-0.590814
-0.91555
-1.66072
-1.43912
-0.54014
0.296997
0.956288
1.37901
1.63888
1.77947
1.85149
1.88097
-0.766946
-0.759545
-0.717906
-0.661382
-0.601097
-0.54039
-0.484705
-0.445682
-0.452233
-0.573968
-0.792548
-0.492603
0.0576109
0.582383
0.95912
1.20533
1.3624
1.46138
1.52122
1.54828
-0.699085
-0.692989
-0.654058
-0.599984
-0.54151
-0.480486
-0.41919
-0.362488
-0.318766
-0.294967
-0.226265
0.00153548
0.362676
0.665243
0.873503
1.02103
1.12527
1.20011
1.24988
1.27735
-0.618722
-0.61291
-0.579335
-0.53104
-0.476824
-0.417554
-0.354376
-0.287807
-0.21696
-0.132052
0.000959655
0.198556
0.41748
0.598527
0.730633
0.8286
0.902599
0.960749
1.00553
1.02641
-0.521925
-0.517571
-0.495122
-0.454662
-0.406465
-0.352617
-0.29264
-0.225384
-0.147797
-0.0505425
0.0816473
0.237466
0.383345
0.501279
0.589751
0.655435
0.703807
0.73896
0.763693
0.77712
-0.41105
-0.409835
-0.396575
-0.366733
-0.329156
-0.285404
-0.234246
-0.174248
-0.102347
-0.0118059
0.103865
0.229037
0.338294
0.42525
0.490212
0.537147
0.570416
0.593692
0.608198
0.613331
-0.305564
-0.305694
-0.298253
-0.278133
-0.251095
-0.218094
-0.177646
-0.12799
-0.0662242
0.0123667
0.109923
0.209398
0.292249
0.356414
0.403325
0.436224
0.458339
0.472271
0.480082
0.482994
-0.206934
-0.207601
-0.203726
-0.192379
-0.175454
-0.152954
-0.123452
-0.0849445
-0.0348842
0.0300224
0.10971
0.188315
0.251649
0.299446
0.333488
0.356553
0.371307
0.380044
0.384492
0.385804
-0.121311
-0.122186
-0.121419
-0.116992
-0.108326
-0.0947798
-0.0748921
-0.0467157
-0.00802483
0.04367
0.107321
0.169046
0.217477
0.253104
0.277878
0.294039
0.303831
0.309211
0.311631
0.312193
-0.055993
-0.0567892
-0.0577544
-0.0577757
-0.0552005
-0.0481512
-0.0353811
-0.015347
0.0137752
0.053874
0.103575
0.151368
0.188275
0.214888
0.232826
0.244211
0.250889
0.254276
0.255604
0.255835
-0.0118599
-0.012474
-0.0139604
-0.0159094
-0.016106
-0.0131038
-0.00544212
0.00839587
0.0299153
0.060533
0.0989055
0.13561
0.163501
0.183276
0.196488
0.204667
0.20918
0.211269
0.211963
0.212021
0.015572
0.015151
0.0138463
0.0118543
0.0109275
0.0122323
0.01684
0.0261674
0.0417443
0.0647617
0.094025
0.121994
0.143154
0.15798
0.167563
0.173259
0.176285
0.177541
0.177817
0.177781
0.0319448
0.0316673
0.0307534
0.0292371
0.0283371
0.0290132
0.0321703
0.0388182
0.0501362
0.0672665
0.0894062
0.110596
0.1264
0.137242
0.144184
0.14825
0.150274
0.150972
0.151008
0.150937
0.0416832
0.0414918
0.040911
0.0399074
0.0392687
0.039656
0.0417853
0.0465692
0.0549623
0.067766
0.0843585
0.100228
0.112044
0.120151
0.125255
0.128131
0.129486
0.129878
0.129822
0.129749
0.0474738
0.0473393
0.0469631
0.0463047
0.045901
0.0462275
0.0477874
0.0512327
0.057356
0.0668829
0.0793516
0.0912895
0.10012
0.10607
0.109748
0.111787
0.112704
0.112917
0.112829
0.112762
0.0505619
0.0504672
0.0502039
0.0497342
0.0494473
0.0496927
0.0508539
0.0534269
0.0579841
0.0650612
0.0743466
0.0832253
0.0897594
0.0941472
0.0968354
0.0982907
0.0989113
0.0990188
0.0989228
0.0988638
0.0515862
0.0515185
0.0513291
0.050982
0.0507686
0.0509475
0.0517949
0.0536805
0.0570533
0.0623228
0.0692484
0.0758677
0.080719
0.0839481
0.0858978
0.0869303
0.0873472
0.0873905
0.0872973
0.0872468
0.0510365
0.0509864
0.0508514
0.0505997
0.0504461
0.0505843
0.0512189
0.0526228
0.0551256
0.0590359
0.0641832
0.0690939
0.0726752
0.0750408
0.0764531
0.0771841
0.0774603
0.0774637
0.0773774
0.0773346
0.0493235
0.0492851
0.0491877
0.0490065
0.0488975
0.0490032
0.0494753
0.0505171
0.0523746
0.0552785
0.0590976
0.0627348
0.0653764
0.0671085
0.0681301
0.0686462
0.0688271
0.06881
0.0687343
0.0686983
0.0467635
0.0467337
0.0466622
0.0465319
0.0464558
0.0465382
0.0468912
0.0476654
0.0490425
0.0511947
0.0540242
0.0567126
0.0586545
0.0599184
0.0606547
0.0610173
0.0611336
0.061106
0.0610403
0.0610099
0.0435849
0.0435615
0.0435076
0.0434116
0.0433568
0.0434195
0.0436824
0.044256
0.0452758
0.0468676
0.0489589
0.050939
0.0523633
0.0532825
0.0538107
0.0540635
0.0541361
0.0541048
0.054049
0.0540237
0.0399483
0.0399299
0.0398882
0.0398156
0.0397739
0.0398191
0.0400124
0.0404355
0.0411874
0.0423619
0.0439022
0.0453574
0.0463972
0.0470634
0.0474407
0.0476153
0.0476578
0.0476252
0.0475777
0.0475568
0.0359707
0.0359562
0.0359234
0.0358669
0.0358333
0.035864
0.0360039
0.036313
0.0368643
0.0377261
0.0388561
0.0399201
0.0406774
0.0411573
0.0414242
0.0415426
0.0415646
0.041533
0.0414931
0.041476
0.0317374
0.0317261
0.0317
0.0316551
0.0316265
0.031645
0.0317436
0.0319667
0.032368
0.0329969
0.033821
0.0345941
0.0351411
0.0354844
0.0356713
0.0357495
0.035758
0.0357283
0.0356948
0.0356807
0.0273128
0.0273039
0.027283
0.0272467
0.0272216
0.0272308
0.0272984
0.0274568
0.027745
0.0281992
0.0287946
0.0293519
0.0297429
0.0299846
0.0301128
0.0301627
0.0301624
0.0301351
0.0301071
0.0300956
0.022746
0.0227391
0.0227222
0.0226924
0.02267
0.0226722
0.0227165
0.0228266
0.0230305
0.0233528
0.0237761
0.0241713
0.024446
0.0246134
0.0246993
0.024729
0.0247231
0.0246987
0.0246753
0.0246661
0.0180745
0.0180693
0.0180556
0.0180309
0.0180108
0.018008
0.0180349
0.0181079
0.0182469
0.01847
0.0187637
0.0190369
0.0192257
0.0193384
0.0193934
0.0194086
0.019399
0.0193769
0.0193573
0.0193498
0.0133251
0.0133212
0.0133101
0.0132896
0.0132719
0.013266
0.0132803
0.0133261
0.0134162
0.0135624
0.0137564
0.0139361
0.0140588
0.0141302
0.0141626
0.0141684
0.0141575
0.0141383
0.014122
0.0141161
0.00851807
0.00851516
0.00850681
0.0084914
0.00847722
0.00847032
0.00847627
0.00850181
0.00855448
0.00864041
0.00875387
0.00885894
0.00892947
0.00896924
0.00898578
0.00898599
0.00897563
0.00896049
0.00894805
0.0089435
0.00123132
0.00123133
0.00122736
0.00122119
0.00121682
0.00121564
0.0012173
0.00122179
0.0012299
0.00124255
0.00125652
0.00126737
0.00127436
0.00127785
0.00127852
0.00127612
0.00127101
0.00126528
0.00126351
0.00381513
-2.19978
-1.20903
-0.654307
-0.313227
-0.0595823
0.137164
0.295111
0.430138
0.563753
0.666229
-0.797643
-0.508864
-0.257259
-0.0525904
0.116746
0.257587
0.375052
0.471998
0.534336
0.546184
-0.310699
-0.149732
0.00199434
0.136969
0.253262
0.352238
0.433995
0.496594
0.537658
0.560381
-0.0208855
0.0829992
0.183986
0.277095
0.358674
0.428449
0.485789
0.530533
0.563923
0.586042
0.177568
0.249148
0.320711
0.387397
0.446385
0.497483
0.540415
0.575509
0.603387
0.622372
0.327701
0.375845
0.431941
0.481624
0.526813
0.566732
0.601234
0.630251
0.653868
0.669493
0.447082
0.485745
0.52984
0.569535
0.606811
0.640604
0.67028
0.695463
0.715913
0.728615
0.550216
0.584304
0.622369
0.658462
0.692239
0.723198
0.750442
0.773361
0.79146
0.80168
0.647685
0.682089
0.719763
0.755904
0.789088
0.818996
0.844882
0.866249
0.882473
0.891177
0.75357
0.792166
0.831851
0.869389
0.902585
0.931439
0.955708
0.97538
0.990026
0.998855
0.882785
0.925859
0.965862
1.00246
1.03355
1.05984
1.08189
1.09996
1.11381
1.12422
1.04574
1.08758
1.12174
1.15172
1.17665
1.19856
1.21848
1.23619
1.25117
1.26401
1.23703
1.26806
1.28957
1.30895
1.32724
1.34468
1.36108
1.37705
1.39369
1.41072
1.43536
1.44686
1.45804
1.47231
1.48672
1.49963
1.51112
1.52212
1.53513
1.55207
1.62148
1.63144
1.64013
1.64259
1.64347
1.64786
1.65879
1.67483
1.6925
1.69714
1.92269
1.86733
1.81652
1.77623
1.75395
1.75001
1.76351
1.79734
1.85383
1.9294
0.467727
0.409038
0.366682
0.332919
0.308386
0.290981
0.278641
0.269894
0.263926
0.260485
0.259937
0.262435
0.26746
0.274994
0.285564
0.300342
0.321137
0.350069
0.388683
0.436423
0.269049
0.277957
0.283719
0.284641
0.281335
0.275521
0.269314
0.264012
0.260249
0.2585
0.259415
0.262624
0.267486
0.273551
0.279931
0.284889
0.286302
0.282928
0.275202
0.267523
0.245913
0.247982
0.252679
0.256438
0.259213
0.260903
0.260869
0.259361
0.257331
0.255759
0.255571
0.25704
0.259309
0.261459
0.2625
0.261757
0.259528
0.256378
0.252123
0.247642
0.238577
0.239469
0.242249
0.245399
0.247807
0.249485
0.250718
0.251402
0.251429
0.251228
0.251377
0.251991
0.252568
0.252528
0.25175
0.250453
0.248555
0.245799
0.242693
0.240562
0.232793
0.233266
0.235081
0.237826
0.240461
0.242599
0.244119
0.245166
0.245915
0.24641
0.246777
0.247
0.246867
0.246327
0.245317
0.243669
0.241365
0.238684
0.236323
0.235127
0.228406
0.228609
0.229957
0.232298
0.234657
0.236885
0.238888
0.240463
0.241579
0.242354
0.242851
0.242981
0.242636
0.241724
0.240214
0.238284
0.236137
0.233832
0.231893
0.231219
0.226725
0.226817
0.227577
0.228994
0.230547
0.232015
0.233426
0.234808
0.23608
0.237114
0.237753
0.237834
0.237401
0.236594
0.235604
0.234416
0.233038
0.231639
0.230529
0.230185
0.225349
0.225396
0.225801
0.226604
0.227572
0.228791
0.230128
0.231477
0.232718
0.233798
0.234556
0.23478
0.234503
0.233852
0.232921
0.23197
0.231159
0.230382
0.229819
0.229646
0.223186
0.223211
0.223433
0.223919
0.224564
0.225271
0.226158
0.227237
0.228409
0.229545
0.230447
0.230863
0.230826
0.230522
0.230137
0.229748
0.229314
0.2289
0.228625
0.228542
0.220266
0.220278
0.220424
0.220806
0.221316
0.222009
0.222874
0.223808
0.224902
0.226079
0.227155
0.22784
0.22811
0.2281
0.227918
0.227726
0.227469
0.227182
0.227013
0.226976
0.217045
0.217049
0.217154
0.217454
0.217917
0.218503
0.219238
0.220167
0.221301
0.222611
0.223923
0.224907
0.225471
0.225748
0.225844
0.225779
0.225675
0.225538
0.225466
0.225455
0.213511
0.213521
0.2136
0.213838
0.214228
0.214768
0.215495
0.216454
0.217684
0.219183
0.22081
0.222151
0.223041
0.223589
0.2239
0.224044
0.224087
0.224078
0.224077
0.224078
0.20958
0.209586
0.209667
0.209879
0.210243
0.210784
0.211554
0.212616
0.21403
0.215825
0.217854
0.219617
0.220862
0.221688
0.222214
0.222534
0.222714
0.22281
0.222861
0.222872
0.20517
0.205175
0.205263
0.205488
0.205873
0.206463
0.207332
0.208565
0.21025
0.212444
0.214989
0.21727
0.218898
0.220057
0.220821
0.221313
0.221618
0.221799
0.221891
0.221911
0.200216
0.200222
0.200323
0.200581
0.201026
0.201719
0.202753
0.204243
0.206305
0.209027
0.212228
0.215124
0.217282
0.218773
0.219792
0.220463
0.22089
0.221149
0.22128
0.221308
0.194607
0.194614
0.194738
0.195051
0.195592
0.19644
0.197713
0.199557
0.202124
0.205531
0.209564
0.213242
0.215969
0.217895
0.219211
0.220084
0.220644
0.220985
0.221157
0.221194
0.188184
0.188193
0.18835
0.188743
0.189422
0.190487
0.192087
0.194404
0.197634
0.201925
0.207006
0.211644
0.215084
0.217521
0.219191
0.2203
0.221015
0.22145
0.221668
0.221716
0.180738
0.18075
0.180952
0.181456
0.182323
0.183684
0.18572
0.188662
0.192756
0.198177
0.204575
0.210402
0.214717
0.217775
0.21987
0.221264
0.222161
0.222707
0.222981
0.223041
0.171971
0.171987
0.172249
0.172902
0.174036
0.175808
0.17843
0.182185
0.187395
0.194258
0.202307
0.209602
0.214989
0.218803
0.221417
0.223156
0.224273
0.224952
0.225291
0.225366
0.161476
0.161497
0.161842
0.162701
0.164194
0.166504
0.169894
0.174761
0.181439
0.190142
0.200253
0.209352
0.216048
0.220783
0.224031
0.226191
0.227578
0.228417
0.228833
0.228925
0.148695
0.148725
0.149185
0.150331
0.152326
0.15538
0.159859
0.166188
0.174764
0.18581
0.19848
0.20978
0.218062
0.223917
0.227939
0.230621
0.232346
0.233385
0.233901
0.234009
0.132844
0.132888
0.133513
0.135077
0.137801
0.141916
0.147863
0.156168
0.167259
0.181278
0.197087
0.211036
0.221222
0.228431
0.233398
0.236731
0.238885
0.240183
0.240815
0.240949
0.11274
0.112805
0.113684
0.115905
0.119728
0.125392
0.133465
0.144516
0.158898
0.176631
0.196221
0.213297
0.225733
0.234563
0.240689
0.244837
0.247548
0.249193
0.249982
0.250141
0.0864695
0.0865678
0.0878981
0.0912687
0.0968925
0.105004
0.116239
0.131083
0.14974
0.172039
0.196074
0.21675
0.231782
0.24253
0.250078
0.255264
0.258714
0.260845
0.261881
0.26208
0.0507726
0.0509522
0.0532479
0.0588796
0.0677209
0.0798501
0.0958111
0.115866
0.139976
0.167738
0.196847
0.221535
0.239481
0.252449
0.261733
0.268274
0.272758
0.275601
0.276997
0.27726
-0.00059738
-5.12291e-06
0.00519308
0.0159066
0.0308095
0.0495192
0.0723436
0.0992744
0.130034
0.164056
0.19872
0.227708
0.248794
0.264239
0.275579
0.283879
0.289858
0.293895
0.295994
0.296399
-0.0763961
-0.0729582
-0.0585174
-0.0371436
-0.0123713
0.0156101
0.0471501
0.0821824
0.120414
0.161307
0.202015
0.235748
0.260439
0.278875
0.292869
0.303649
0.312044
0.318308
0.322087
0.323314
-0.156748
-0.148303
-0.122509
-0.0905136
-0.0557492
-0.0183478
0.0219196
0.0650961
0.11103
0.159312
0.206952
0.2465
0.275805
0.298169
0.315685
0.32975
0.341243
0.350769
0.35854
0.360395
-0.220517
-0.212217
-0.179548
-0.139304
-0.096168
-0.0503834
-0.00198444
0.0489712
0.10229
0.157583
0.211631
0.256318
0.289436
0.314786
0.33471
0.35071
0.363735
0.374224
0.381833
0.383815
-0.271454
-0.262546
-0.226248
-0.1808
-0.131487
-0.0791036
-0.023908
0.0338371
0.0937982
0.155486
0.215293
0.264297
0.300272
0.327498
0.348591
0.365268
0.378685
0.389363
0.396863
0.399042
-0.312628
-0.303599
-0.265317
-0.215919
-0.161978
-0.104495
-0.0437862
0.0197305
0.0855291
0.152919
0.217814
0.270524
0.308781
0.337356
0.359199
0.376219
0.389695
0.400244
0.407646
0.409945
-0.347399
-0.338347
-0.298847
-0.246501
-0.188832
-0.127127
-0.0618004
0.00664663
0.0775829
0.150164
0.219796
0.275886
0.316128
0.345795
0.368153
0.385321
0.398726
0.409115
0.416354
0.418718
-0.377861
-0.368853
-0.328538
-0.27382
-0.213133
-0.147895
-0.0785765
-0.0057498
0.0698496
0.147201
0.221213
0.280468
0.322586
0.353284
0.376139
0.393483
0.40687
0.417149
0.42421
0.426619
-0.405403
-0.396398
-0.35545
-0.298849
-0.235635
-0.167388
-0.0945987
-0.0179015
0.0619031
0.143702
0.221999
0.284472
0.328547
0.360356
0.383783
0.401363
0.414791
0.424995
0.431904
0.434321
-0.4309
-0.421885
-0.380408
-0.32217
-0.256848
-0.186036
-0.110247
-0.0300979
0.0536039
0.139681
0.222242
0.288048
0.334241
0.367308
0.391424
0.409328
0.422857
0.433047
0.439768
0.44219
-0.454968
-0.445908
-0.403962
-0.34433
-0.277189
-0.204141
-0.125694
-0.0424237
0.044879
0.135032
0.221858
0.291192
0.339754
0.374306
0.399276
0.417623
0.431327
0.441533
0.44809
0.450509
-0.477947
-0.468818
-0.426451
-0.365645
-0.29691
-0.221898
-0.141105
-0.0550454
0.0355589
0.129622
0.220747
0.293854
0.345101
0.381419
0.407463
0.426403
0.44038
0.450643
0.457102
0.459452
-0.500118
-0.490875
-0.448074
-0.386305
-0.31618
-0.23948
-0.156629
-0.0680682
0.025587
0.123375
0.218813
0.295929
0.35021
0.388644
0.416035
0.435761
0.450145
0.460551
0.466939
0.469156
-0.521546
-0.512209
-0.468923
-0.406419
-0.335063
-0.25691
-0.172267
-0.0814917
0.0149249
0.116211
0.21592
0.297257
0.354945
0.395893
0.42498
0.445742
0.460691
0.47133
0.477701
0.479734
-0.542361
-0.532868
-0.48929
-0.425979
-0.353592
-0.274196
-0.188014
-0.0953101
0.00357273
0.108099
0.211952
0.297663
0.359104
0.403022
0.43421
0.456315
0.472026
0.483009
0.489415
0.491258
-0.562589
-0.552951
-0.509048
-0.445016
-0.371769
-0.291318
-0.203831
-0.109479
-0.00843947
0.0990284
0.206826
0.296959
0.36245
0.409772
0.443533
0.467365
0.484112
0.495577
0.502027
0.503709
-0.582198
-0.572421
-0.528194
-0.463524
-0.389553
-0.308219
-0.219655
-0.123926
-0.0210388
0.089037
0.20049
0.294963
0.364679
0.415802
0.452706
0.478766
0.49685
0.508924
0.515386
0.516862
-0.601132
-0.591238
-0.546624
-0.481459
-0.406878
-0.324839
-0.2354
-0.13856
-0.0341366
0.0781724
0.192911
0.291501
0.365481
0.42076
0.461421
0.490388
0.51022
0.522982
0.529334
0.5305
-0.619327
-0.609356
-0.564375
-0.498779
-0.423693
-0.341094
-0.250989
-0.15328
-0.0476351
0.0665342
0.184117
0.286459
0.364582
0.424211
0.469175
0.501936
0.524276
0.537773
0.543598
0.544229
-0.63683
-0.626757
-0.581419
-0.515444
-0.439952
-0.356915
-0.266329
-0.167982
-0.0614131
0.0542315
0.174189
0.279814
0.361731
0.425561
0.475207
0.51286
0.539189
0.553989
0.558212
0.557433
-0.653559
-0.643313
-0.597736
-0.531403
-0.455587
-0.372248
-0.281336
-0.182569
-0.0753439
0.0414006
0.16322
0.27155
0.356806
0.424318
0.478461
0.521954
0.554588
0.573379
0.575514
0.570416
-0.669517
-0.659178
-0.613283
-0.546659
-0.470621
-0.387119
-0.296036
-0.197075
-0.0894624
0.0280122
0.151168
0.261507
0.349531
0.420093
0.477741
0.527066
0.568368
0.596616
0.604071
0.588403
-0.684771
-0.67422
-0.628197
-0.561348
-0.485261
-0.401817
-0.310782
-0.211944
-0.104313
0.0134178
0.137319
0.24895
0.339066
0.412034
0.470999
0.523773
0.572411
0.605129
0.617098
0.567139
-0.699585
-0.688103
-0.642423
-0.575381
-0.499439
-0.416265
-0.325406
-0.226949
-0.119642
-0.00211343
0.121873
0.234009
0.325084
0.399993
0.457298
0.505463
0.550387
0.579695
0.546418
0.474413
-0.714776
-0.700471
-0.655852
-0.58884
-0.513431
-0.430612
-0.340121
-0.24207
-0.135421
-0.0185368
0.104815
0.21657
0.307108
0.383697
0.438651
0.465256
0.498022
0.490767
0.426348
0.349437
-0.728986
-0.733276
-0.669198
-0.599342
-0.524704
-0.442356
-0.354349
-0.256686
-0.150932
-0.0350675
0.0868629
0.196949
0.285325
0.365197
0.408653
0.378004
0.404385
0.352586
0.271815
0.18637
-0.701732
-0.702173
-0.646909
-0.578447
-0.500014
-0.414794
-0.322738
-0.22248
-0.113356
0.0064253
0.122128
0.217942
0.294551
0.364611
0.409563
0.297889
0.206731
0.133227
0.0468888
-0.137397
-0.738683
-0.715119
-0.657345
-0.58829
-0.510444
-0.425998
-0.334986
-0.235929
-0.12825
-0.0104529
0.101889
0.19338
0.26407
0.308799
0.28076
0.131385
-0.016393
-0.118245
-0.223287
-0.431457
-0.758877
-0.729714
-0.672998
-0.603434
-0.526271
-0.442551
-0.352071
-0.254502
-0.148752
-0.0336633
0.0746977
0.160429
0.222617
0.242166
0.151154
-0.0654875
-0.250104
-0.38503
-0.537697
-0.838185
-0.777899
-0.746012
-0.688792
-0.618833
-0.542012
-0.458924
-0.369476
-0.273557
-0.169974
-0.0580863
0.0455846
0.124748
0.176532
0.164651
-0.010454
-0.277613
-0.516403
-0.708661
-0.936381
-1.434
-0.79505
-0.762646
-0.704582
-0.634323
-0.557779
-0.475405
-0.387274
-0.293085
-0.191847
-0.0834601
0.0150079
0.0871978
0.124672
0.065335
-0.180898
-0.489207
-0.799138
-1.07838
-1.40514
-2.39286
-0.811125
-0.779075
-0.720689
-0.650339
-0.574103
-0.492527
-0.405758
-0.31343
-0.214786
-0.109973
-0.0172033
0.0470422
0.0672687
-0.0429848
-0.34257
-0.67525
-1.02187
-1.34452
-1.65185
-2.86373
-0.827081
-0.795419
-0.737195
-0.666969
-0.591119
-0.510398
-0.425012
-0.334698
-0.238766
-0.137839
-0.0510643
0.00400161
0.00588161
-0.163734
-0.485692
-0.817762
-1.14714
-1.3864
-1.43828
-1.51146
-0.843255
-0.811973
-0.754103
-0.684267
-0.608983
-0.529332
-0.445624
-0.357707
-0.26493
-0.16842
-0.0884749
-0.0439758
-0.0661246
-0.299998
-0.613556
-0.921219
-1.19953
-1.35589
-1.38084
-1.38918
-0.859844
-0.828874
-0.77132
-0.702006
-0.627466
-0.549117
-0.467437
-0.382393
-0.293335
-0.20171
-0.128743
-0.095996
-0.153268
-0.431106
-0.731077
-1.00612
-1.26566
-1.35783
-1.3558
-1.35168
-0.876748
-0.846001
-0.788725
-0.719942
-0.646316
-0.569512
-0.490242
-0.408568
-0.323743
-0.237235
-0.171914
-0.152812
-0.247285
-0.559594
-0.849815
-1.0646
-1.27872
-1.33533
-1.31338
-1.30439
-0.893692
-0.863076
-0.806016
-0.737787
-0.665227
-0.590221
-0.513848
-0.436148
-0.356253
-0.275118
-0.217266
-0.214664
-0.353476
-0.695162
-0.976971
-1.08113
-1.08368
-1.21889
-1.27337
-1.28432
-0.910019
-0.879657
-0.822731
-0.755045
-0.683681
-0.610788
-0.537692
-0.464712
-0.390463
-0.314645
-0.263562
-0.27657
-0.473208
-0.858698
-1.16358
-1.22573
-1.17778
-1.30073
-1.37017
-1.38958
-0.925233
-0.894965
-0.838175
-0.771137
-0.701045
-0.630491
-0.561183
-0.493894
-0.426274
-0.356325
-0.310164
-0.335072
-0.59799
-1.08723
-1.52894
-1.82857
-1.68156
-1.63562
-1.63452
-1.63976
-0.938339
-0.908324
-0.851612
-0.785198
-0.71645
-0.648502
-0.583685
-0.523227
-0.464134
-0.401077
-0.354126
-0.388294
-0.712535
-1.31949
-1.88983
-2.29173
-2.12826
-1.97356
-1.9252
-1.91941
-0.94834
-0.91852
-0.861986
-0.796121
-0.728865
-0.663805
-0.604106
-0.552094
-0.505577
-0.452138
-0.401042
-0.447411
-0.801941
-1.38084
-1.9208
-2.2279
-2.24094
-2.19586
-2.16539
-2.16939
-0.953798
-0.924303
-0.867967
-0.80275
-0.737052
-0.675083
-0.621276
-0.580157
-0.552965
-0.520183
-0.47119
-0.527033
-0.862988
-1.39942
-1.96728
-2.41002
-2.62872
-2.60838
-2.47602
-2.41344
-0.953511
-0.924357
-0.868292
-0.803755
-0.73966
-0.680907
-0.633829
-0.607236
-0.610006
-0.629808
-0.615781
-0.652296
-0.914803
-1.37604
-1.90474
-2.45519
-2.71562
-2.68971
-2.50099
-2.42026
-0.946194
-0.917313
-0.861544
-0.797849
-0.735271
-0.67965
-0.639854
-0.631196
-0.681165
-0.820304
-0.92824
-0.879144
-0.900454
-1.08094
-1.33184
-1.63271
-1.73017
-1.61166
-1.38254
-1.25179
-0.930488
-0.901836
-0.846588
-0.783825
-0.722523
-0.669571
-0.636585
-0.64827
-0.766681
-1.12656
-1.47372
-1.2005
-0.855225
-0.52092
-0.172227
0.106504
0.29577
0.478857
0.618302
0.681366
-0.905337
-0.87691
-0.822388
-0.7606
-0.700209
-0.648801
-0.62061
-0.649079
-0.842073
-1.48405
-2.22457
-1.54263
-0.738998
0.0801884
0.795345
1.3418
1.73486
1.91381
1.98934
2.00814
-0.870267
-0.842021
-0.788287
-0.727426
-0.667273
-0.615566
-0.590617
-0.620116
-0.829905
-1.59614
-2.54181
-1.55995
-0.575421
0.423629
1.18036
1.69212
2.00116
2.13475
2.18318
2.19263
-0.824765
-0.796834
-0.744223
-0.684149
-0.623515
-0.568394
-0.531165
-0.542558
-0.703921
-1.26508
-1.76607
-0.97316
-0.115365
0.659089
1.19217
1.52739
1.72082
1.82181
1.87109
1.88355
-0.768579
-0.741922
-0.690533
-0.6316
-0.570685
-0.511585
-0.462167
-0.440579
-0.493498
-0.694334
-0.727681
-0.224418
0.333174
0.791533
1.09593
1.29297
1.41769
1.49544
1.53675
1.5536
-0.700831
-0.677402
-0.6278
-0.571305
-0.51135
-0.449771
-0.390029
-0.338538
-0.304963
-0.276918
-0.146075
0.18317
0.527039
0.777994
0.953765
1.07749
1.16581
1.22765
1.26731
1.28079
-0.620588
-0.599622
-0.556085
-0.504679
-0.44784
-0.386546
-0.321635
-0.253265
-0.177717
-0.0733824
0.0939662
0.309323
0.514825
0.669358
0.783162
0.867989
0.933281
0.985017
1.01941
1.02869
-0.520696
-0.509338
-0.476142
-0.43143
-0.380322
-0.323554
-0.260108
-0.188319
-0.102674
0.0118001
0.159329
0.312783
0.44622
0.548688
0.625017
0.681504
0.72282
0.752515
0.772163
0.778969
-0.410918
-0.405579
-0.382883
-0.348767
-0.308131
-0.260886
-0.205546
-0.140145
-0.0601143
0.0439997
0.167672
0.286005
0.384636
0.460218
0.515655
0.555227
0.583145
0.602152
0.611805
0.613627
-0.305761
-0.303674
-0.289184
-0.265342
-0.235437
-0.198936
-0.154151
-0.098918
-0.0294828
0.0601722
0.161387
0.253016
0.326629
0.381829
0.421311
0.448463
0.466204
0.476854
0.482096
0.48299
-0.207541
-0.20652
-0.198856
-0.184558
-0.164971
-0.139202
-0.105497
-0.0615684
-0.00455161
0.0692667
0.150732
0.221911
0.277404
0.318021
0.346221
0.364829
0.376311
0.382741
0.385468
0.385601
-0.121853
-0.122154
-0.119696
-0.113212
-0.102237
-0.0857313
-0.0619739
-0.0288538
0.0160224
0.0750765
0.139716
0.194916
0.236788
0.26671
0.286905
0.299606
0.30698
0.310725
0.312091
0.311992
-0.0564193
-0.0572524
-0.0580046
-0.0569144
-0.0522905
-0.0425625
-0.0263696
-0.00204667
0.0323283
0.0784272
0.128755
0.17116
0.202782
0.224818
0.239216
0.248053
0.252923
0.255131
0.255824
0.255653
-0.0121577
-0.0130575
-0.0150121
-0.0163171
-0.0150817
-0.00993794
0.000623635
0.0181055
0.0440009
0.0794821
0.118299
0.150636
0.174315
0.190607
0.201127
0.207307
0.210464
0.211736
0.21205
0.21187
0.0153771
0.0146648
0.0128132
0.0111953
0.0112514
0.014052
0.0208283
0.033096
0.0522675
0.0791929
0.108822
0.133413
0.151301
0.163352
0.170819
0.17505
0.177092
0.17775
0.177825
0.177662
0.0318151
0.0313365
0.0299894
0.0286539
0.0284365
0.0302309
0.0349976
0.0438213
0.0579229
0.0781627
0.100637
0.119166
0.132383
0.141134
0.146527
0.149476
0.150752
0.151028
0.15098
0.150846
0.0415893
0.0412819
0.0404121
0.0395027
0.0393024
0.0404581
0.0437921
0.0502642
0.0607744
0.0759304
0.0927744
0.106637
0.116521
0.123034
0.126928
0.128965
0.129774
0.12987
0.129785
0.129679
0.0474046
0.0472036
0.046637
0.0460424
0.0459495
0.0468225
0.049233
0.0539134
0.0616631
0.07301
0.0856888
0.0960916
0.103422
0.108155
0.110941
0.112361
0.112876
0.112883
0.112792
0.112707
0.0505114
0.0503739
0.0499722
0.0495468
0.0494859
0.0501345
0.051934
0.0554249
0.0611822
0.0696237
0.0790648
0.0867825
0.0921973
0.0956765
0.0976928
0.0986865
0.0990121
0.098975
0.0988892
0.0988204
0.0515492
0.0514528
0.0511588
0.0508426
0.0507966
0.0512698
0.0525847
0.0551553
0.0594329
0.0657254
0.0727679
0.0785122
0.0825187
0.0850613
0.08651
0.0872016
0.0874026
0.0873446
0.0872677
0.0872129
0.0510088
0.0509401
0.0507285
0.0504985
0.0504695
0.0508264
0.0518075
0.0537172
0.0568898
0.0615654
0.0667969
0.0710501
0.0739963
0.0758499
0.0768898
0.0773685
0.0774861
0.0774193
0.0773519
0.0773082
0.0493023
0.0492516
0.0490993
0.048934
0.0489166
0.0491837
0.049912
0.0513288
0.0536855
0.0571559
0.0610355
0.0641797
0.0663457
0.067696
0.0684409
0.0687706
0.0688357
0.0687701
0.0687126
0.0686776
0.0467471
0.0467087
0.0465985
0.0464805
0.0464721
0.0466735
0.0472157
0.0482673
0.0500138
0.0525869
0.0554581
0.0577763
0.0593633
0.0603433
0.0608749
0.0611003
0.061132
0.0610707
0.0610218
0.0609937
0.0435721
0.0435423
0.0434605
0.0433743
0.0433697
0.0435205
0.0439231
0.0447017
0.0459941
0.0478972
0.0500161
0.0517204
0.05288
0.0535887
0.0539657
0.054118
0.0541291
0.0540745
0.0540335
0.054011
0.0399384
0.0399149
0.0398524
0.0397874
0.0397828
0.0398932
0.0401898
0.0407642
0.0417177
0.0431203
0.0446802
0.0459288
0.0467725
0.0472831
0.047549
0.0476498
0.0476476
0.0475992
0.0475648
0.0475469
0.035963
0.0359443
0.0358956
0.0358448
0.0358385
0.0359174
0.0361333
0.0365539
0.0372533
0.038283
0.0394257
0.0403368
0.0409486
0.0413136
0.0414988
0.0415632
0.0415531
0.0415109
0.0414824
0.0414683
0.0317315
0.0317167
0.031678
0.0316368
0.0316283
0.0316821
0.0318367
0.0321418
0.0326518
0.0334035
0.0342352
0.0348956
0.0353357
0.0355947
0.0357216
0.0357607
0.0357461
0.0357096
0.0356859
0.0356747
0.0273082
0.0272963
0.0272653
0.0272314
0.0272208
0.0272557
0.0273641
0.0275823
0.0279499
0.028493
0.0290936
0.029568
0.0298805
0.0300608
0.0301459
0.0301675
0.0301507
0.0301193
0.0300998
0.0300911
0.0227425
0.022733
0.0227077
0.0226792
0.0226672
0.0226879
0.0227618
0.0229151
0.0231758
0.0235618
0.0239884
0.0243235
0.0245418
0.024665
0.02472
0.0247295
0.0247121
0.0246854
0.0246694
0.0246626
0.0180719
0.0180644
0.0180437
0.0180195
0.0180066
0.0180169
0.0180646
0.018168
0.0183472
0.018615
0.0189107
0.0191418
0.0192906
0.0193721
0.019405
0.0194062
0.0193888
0.0193657
0.0193524
0.0193472
0.0133232
0.0133173
0.0133003
0.0132799
0.0132671
0.0132701
0.0132986
0.0133648
0.0134818
0.0136582
0.0138533
0.0140046
0.0141003
0.0141506
0.0141682
0.0141646
0.0141484
0.014129
0.0141181
0.0141142
0.00851667
0.00851216
0.00849949
0.00848378
0.00847257
0.00847137
0.00848618
0.0085243
0.00859313
0.00869644
0.00881066
0.00889844
0.00895278
0.00898001
0.00898761
0.00898184
0.00896829
0.00895333
0.00894501
0.00894211
0.00366883
0.00366733
0.00366334
0.00365435
0.00364525
0.0036396
0.0036401
0.00364938
0.00366999
0.00370448
0.00375047
0.003793
0.00382176
0.00383796
0.00384366
0.00384119
0.00383374
0.00382405
0.00381713
0.00381421
-1.57615
-0.879183
-0.47075
-0.180269
0.0434054
0.218874
0.36558
0.494187
0.632438
0.617315
-0.59421
-0.374499
-0.14961
0.0361593
0.190554
0.318848
0.426386
0.50915
0.546489
0.549957
-0.20903
-0.0719995
0.0719876
0.197371
0.304873
0.39532
0.467923
0.519646
0.551623
0.567278
0.0433297
0.134398
0.232004
0.319358
0.39508
0.458703
0.509702
0.548474
0.577251
0.594879
0.223174
0.28662
0.355012
0.417875
0.472949
0.519958
0.558908
0.590286
0.615041
0.632752
0.360953
0.407905
0.457124
0.504889
0.547445
0.58466
0.616438
0.642682
0.66375
0.681171
0.473155
0.508772
0.54994
0.588565
0.624195
0.655978
0.683468
0.70625
0.724231
0.741443
0.571694
0.603439
0.640703
0.675657
0.708133
0.737322
0.762483
0.783014
0.798323
0.815428
0.667723
0.700772
0.738184
0.772868
0.804498
0.832477
0.856161
0.87503
0.888216
0.90551
0.77481
0.81183
0.85114
0.886517
0.917572
0.944161
0.966134
0.983326
0.99533
1.01323
0.906047
0.94591
0.984853
1.01864
1.04725
1.07138
1.09144
1.10734
1.11944
1.13777
1.06848
1.10494
1.13748
1.16467
1.1879
1.20876
1.22767
1.24397
1.25786
1.27579
1.25398
1.27931
1.29944
1.31821
1.33608
1.35303
1.36907
1.3852
1.40244
1.42164
1.4411
1.45208
1.46495
1.47967
1.49337
1.50554
1.51659
1.52808
1.54356
1.56302
1.6233
1.63679
1.64188
1.6429
1.64495
1.65246
1.66628
1.68396
1.69774
1.7091
1.89233
1.8418
1.79431
1.76274
1.74984
1.75443
1.77768
1.82279
1.88952
1.98365
0.324345
0.321391
0.315369
0.30459
0.292283
0.281175
0.272311
0.265715
0.261332
0.259373
0.260331
0.263934
0.26969
0.277593
0.28775
0.299774
0.311893
0.320441
0.324943
0.327025
0.25245
0.259142
0.264542
0.268364
0.26967
0.268241
0.265021
0.261449
0.258584
0.257187
0.257998
0.260618
0.264234
0.268012
0.27067
0.270893
0.268299
0.263666
0.25727
0.251392
0.241833
0.24493
0.248621
0.251468
0.253573
0.255083
0.255594
0.255038
0.254031
0.253468
0.254038
0.255377
0.2566
0.256899
0.255995
0.254279
0.251922
0.248622
0.245
0.242701
0.235656
0.237216
0.23987
0.242649
0.244789
0.246278
0.247366
0.248123
0.248536
0.248818
0.249127
0.249336
0.249147
0.248493
0.247425
0.245773
0.243367
0.240544
0.238435
0.237376
0.230225
0.231165
0.23345
0.236143
0.238697
0.240886
0.242476
0.243529
0.244235
0.244722
0.245072
0.245107
0.244693
0.243719
0.242033
0.239783
0.23726
0.234686
0.233103
0.232596
0.227372
0.227863
0.22943
0.231373
0.233232
0.234949
0.236582
0.238044
0.239189
0.239998
0.240319
0.240097
0.239354
0.238201
0.23681
0.235225
0.233402
0.231614
0.230617
0.230422
0.226098
0.226356
0.227221
0.228384
0.229689
0.231132
0.232486
0.233755
0.234889
0.235785
0.236226
0.236125
0.235609
0.234769
0.23373
0.232541
0.231498
0.23053
0.230013
0.229916
0.224394
0.224531
0.224995
0.225718
0.226541
0.227528
0.228732
0.229986
0.231187
0.232211
0.23279
0.23282
0.232442
0.231834
0.231152
0.230553
0.229968
0.229473
0.229222
0.229166
0.221781
0.221857
0.222165
0.222699
0.223339
0.223975
0.224932
0.225998
0.227133
0.228242
0.229024
0.229344
0.229318
0.229068
0.228917
0.228573
0.228217
0.227919
0.227789
0.22776
0.218689
0.218734
0.218962
0.219398
0.219937
0.220717
0.221543
0.222569
0.223753
0.225015
0.226047
0.226647
0.226907
0.22699
0.226731
0.226625
0.226432
0.226261
0.226202
0.226189
0.215323
0.215354
0.215526
0.215875
0.216357
0.216994
0.217814
0.218861
0.220148
0.221623
0.222968
0.223894
0.224451
0.224751
0.224875
0.224883
0.224822
0.224762
0.22475
0.22474
0.211601
0.211632
0.211776
0.212074
0.212525
0.213158
0.214025
0.215178
0.21665
0.218433
0.220163
0.221449
0.222305
0.222847
0.223161
0.223327
0.2234
0.223432
0.223451
0.223442
0.207441
0.207475
0.20762
0.207908
0.208365
0.209041
0.210006
0.211334
0.213089
0.215284
0.217491
0.219205
0.220389
0.22119
0.221705
0.222021
0.222206
0.22231
0.222354
0.222345
0.202769
0.202805
0.202967
0.203288
0.203803
0.204581
0.205714
0.207306
0.209449
0.212178
0.214971
0.217176
0.218775
0.219859
0.220579
0.221041
0.221327
0.22149
0.221555
0.221545
0.197506
0.197551
0.197743
0.198124
0.198739
0.199677
0.201057
0.203015
0.205675
0.209094
0.212632
0.215469
0.217505
0.218917
0.219865
0.220482
0.22087
0.221092
0.221179
0.221167
0.191513
0.191569
0.19181
0.192282
0.193045
0.19421
0.19593
0.198378
0.201714
0.206015
0.21048
0.214063
0.216653
0.218455
0.219669
0.220464
0.220965
0.221252
0.221363
0.221349
0.184607
0.184678
0.184986
0.185586
0.186552
0.188025
0.190199
0.193295
0.197509
0.202932
0.208552
0.213061
0.21632
0.21859
0.220122
0.221128
0.221764
0.222128
0.222268
0.22225
0.176537
0.176631
0.177032
0.177807
0.179043
0.180922
0.1837
0.187648
0.192994
0.19984
0.206902
0.212549
0.216628
0.219466
0.221384
0.222646
0.223447
0.223906
0.22408
0.224056
0.166961
0.167087
0.167616
0.168625
0.170224
0.172664
0.176264
0.181314
0.188106
0.196748
0.2056
0.212645
0.217723
0.221255
0.223643
0.225218
0.226223
0.226801
0.227018
0.226986
0.155407
0.155583
0.156293
0.157626
0.159727
0.162932
0.167591
0.174102
0.182781
0.193684
0.204742
0.213493
0.219786
0.224163
0.227124
0.229081
0.230338
0.231067
0.231339
0.231298
0.141194
0.141444
0.142426
0.144223
0.147037
0.151283
0.157423
0.165888
0.176984
0.190709
0.204455
0.215261
0.223021
0.228425
0.232086
0.23451
0.236072
0.236984
0.237321
0.237274
0.123326
0.123703
0.125106
0.127596
0.131463
0.137241
0.145434
0.156491
0.170692
0.187908
0.204883
0.218133
0.227647
0.234297
0.238824
0.241832
0.243776
0.244919
0.245351
0.245294
0.10031
0.10092
0.102998
0.106577
0.11207
0.120105
0.131197
0.145762
0.163939
0.185404
0.206182
0.222281
0.233864
0.242023
0.247639
0.251406
0.25386
0.255315
0.255874
0.2558
0.0697264
0.0707954
0.0740728
0.0795352
0.0877108
0.0992274
0.114499
0.133754
0.156897
0.183395
0.208524
0.227855
0.241825
0.251793
0.25878
0.263569
0.266749
0.268652
0.269371
0.269279
0.0270713
0.0292179
0.035181
0.0443751
0.0572886
0.0742994
0.0954911
0.120811
0.149935
0.182175
0.212094
0.234956
0.251587
0.263662
0.272362
0.27853
0.282792
0.285443
0.286423
0.286288
-0.0357794
-0.0295587
-0.017243
-0.000560886
0.0205549
0.0457373
0.074798
0.107539
0.143522
0.182016
0.216976
0.243525
0.262986
0.277402
0.288136
0.29612
0.301936
0.305787
0.307264
0.306937
-0.110599
-0.100143
-0.0773351
-0.0495109
-0.0184162
0.015866
0.0533928
0.0940486
0.137482
0.18309
0.224197
0.255612
0.279094
0.297034
0.310968
0.32194
0.330667
0.335877
0.337716
0.338333
-0.185712
-0.166687
-0.134119
-0.0965481
-0.0561051
-0.0129592
0.0328677
0.0813231
0.132155
0.184866
0.232113
0.268311
0.295628
0.316848
0.333721
0.34733
0.358359
0.365894
0.369885
0.370592
-0.243377
-0.221075
-0.182856
-0.138274
-0.0903667
-0.0397059
0.013559
0.0692224
0.126949
0.186215
0.238942
0.279097
0.309237
0.33249
0.35078
0.36534
0.376956
0.385215
0.389496
0.390284
-0.289963
-0.265714
-0.223321
-0.173755
-0.120283
-0.0636635
-0.00420355
0.0577134
0.121599
0.186745
0.244185
0.287483
0.319594
0.344034
0.363012
0.377942
0.389684
0.398104
0.402267
0.403121
-0.328083
-0.303124
-0.257886
-0.204416
-0.146577
-0.0851249
-0.0204702
0.0468612
0.116198
0.186646
0.248374
0.294431
0.328158
0.353482
0.372868
0.387901
0.39957
0.40798
0.412066
0.412876
-0.361017
-0.335584
-0.288162
-0.2316
-0.17015
-0.104625
-0.0355157
0.0365891
0.110892
0.186263
0.251941
0.300486
0.33563
0.361677
0.381363
0.396463
0.408083
0.416441
0.420498
0.421245
-0.390228
-0.36453
-0.315475
-0.256377
-0.191915
-0.122896
-0.0498489
0.0265474
0.105375
0.185318
0.254803
0.30583
0.342412
0.369225
0.389265
0.40448
0.416091
0.424413
0.428455
0.42912
-0.416879
-0.391034
-0.340565
-0.27938
-0.212375
-0.140352
-0.0638779
0.0163512
0.0993936
0.183805
0.257143
0.310762
0.3489
0.37658
0.39705
0.41244
0.424093
0.432382
0.436432
0.436952
-0.441862
-0.415783
-0.364113
-0.301143
-0.23197
-0.157357
-0.0778264
0.00592567
0.0929386
0.181704
0.258969
0.315371
0.355268
0.383983
0.405004
0.420647
0.432376
0.440666
0.444689
0.445077
-0.465529
-0.439218
-0.386521
-0.32205
-0.250968
-0.17406
-0.0918143
-0.00487116
0.0858516
0.178871
0.260219
0.319673
0.361609
0.391582
0.413316
0.429316
0.441186
0.449473
0.453485
0.453775
-0.488221
-0.461634
-0.40803
-0.342315
-0.269578
-0.190669
-0.106013
-0.0161776
0.0780311
0.17522
0.26079
0.323609
0.367923
0.399443
0.422099
0.438591
0.450676
0.458985
0.462984
0.463207
-0.510136
-0.483246
-0.428926
-0.362072
-0.287902
-0.207261
-0.120476
-0.0280217
0.0694198
0.170649
0.260548
0.327064
0.374128
0.407541
0.431384
0.448553
0.46097
0.469374
0.473291
0.473507
-0.531389
-0.504161
-0.449253
-0.381359
-0.305967
-0.223829
-0.135194
-0.0404161
0.0599889
0.165083
0.25936
0.329856
0.380072
0.415768
0.441127
0.45921
0.472117
0.480679
0.484523
0.484726
-0.55203
-0.524441
-0.46897
-0.400201
-0.323781
-0.240366
-0.150141
-0.0533398
0.0497333
0.15845
0.257079
0.331762
0.38554
0.423985
0.451262
0.470539
0.484114
0.492925
0.496677
0.496808
-0.572013
-0.544134
-0.488111
-0.418596
-0.341308
-0.256826
-0.165266
-0.0667324
0.0386809
0.150726
0.253546
0.332536
0.39028
0.43201
0.461678
0.482482
0.49689
0.506005
0.509669
0.509644
-0.591375
-0.563203
-0.506624
-0.436504
-0.358486
-0.273137
-0.180483
-0.0805141
0.0269118
0.141923
0.24868
0.331958
0.393927
0.439461
0.472109
0.49492
0.510386
0.519807
0.523308
0.523079
-0.609965
-0.581553
-0.524496
-0.453867
-0.375263
-0.289214
-0.195704
-0.0945789
0.0145177
0.132078
0.242419
0.329816
0.396032
0.445778
0.482197
0.50775
0.52459
0.53414
0.537244
0.536796
-0.62789
-0.599148
-0.541714
-0.470639
-0.391565
-0.304988
-0.210828
-0.108812
0.00160357
0.121285
0.234729
0.325938
0.396251
0.450411
0.491411
0.520862
0.539835
0.54913
0.55111
0.550351
-0.644986
-0.616027
-0.558215
-0.486768
-0.407339
-0.320381
-0.225772
-0.123125
-0.0117012
0.109663
0.225662
0.320202
0.394299
0.452707
0.498864
0.533785
0.556804
0.565989
0.564767
0.562856
-0.6614
-0.632111
-0.573966
-0.502202
-0.422517
-0.335319
-0.240422
-0.137379
-0.0252564
0.0973522
0.215345
0.312568
0.389954
0.451951
0.503025
0.544846
0.575401
0.588604
0.5824
0.562278
-0.677008
-0.647447
-0.589081
-0.517118
-0.437367
-0.350108
-0.25518
-0.152032
-0.0395906
0.0837781
0.203143
0.302393
0.382568
0.447078
0.501672
0.550477
0.591852
0.614021
0.602842
0.61807
-0.691986
-0.662078
-0.603525
-0.531456
-0.451839
-0.364681
-0.270021
-0.167041
-0.0546801
0.0688958
0.188945
0.289264
0.371517
0.437372
0.490955
0.542305
0.582775
0.609001
0.555238
0.519997
-0.706881
-0.676371
-0.617022
-0.544806
-0.465493
-0.378635
-0.284743
-0.182153
-0.0702318
0.0529742
0.172866
0.273138
0.356493
0.423284
0.468732
0.511247
0.540943
0.523696
0.453089
0.401875
-0.722105
-0.690226
-0.629024
-0.556956
-0.478073
-0.391902
-0.29904
-0.197219
-0.0861582
0.0360843
0.154953
0.254149
0.336728
0.406277
0.446653
0.456708
0.448601
0.392415
0.309319
0.258007
-0.360396
-0.263156
-0.15787
-0.042618
0.0781906
0.186602
0.272851
0.0810499
-0.735517
-0.715248
-0.68112
-0.619819
-0.545864
-0.464779
-0.376485
-0.280868
-0.177101
-0.063759
0.0550988
0.161173
0.244923
0.310772
0.352104
0.316981
0.153959
0.0479483
-0.0353507
-0.748907
-0.736061
-0.694262
-0.631835
-0.557894
-0.477343
-0.390114
-0.295643
-0.193378
-0.0820314
0.03389
0.135533
0.21348
0.267185
0.261706
0.136852
-0.0540302
-0.192548
-0.308728
-0.767317
-0.754744
-0.710318
-0.646953
-0.573168
-0.49299
-0.40636
-0.312975
-0.212393
-0.10337
0.00878249
0.104789
0.175043
0.213824
0.155266
-0.0508586
-0.28126
-0.462169
-0.625094
-0.785061
-0.772427
-0.726892
-0.66244
-0.588756
-0.509041
-0.423316
-0.331366
-0.232777
-0.126472
-0.018374
0.0715693
0.133406
0.152587
0.0383589
-0.241486
-0.526566
-0.779641
-1.0255
-0.801378
-0.789379
-0.743357
-0.678178
-0.604583
-0.525383
-0.440723
-0.350403
-0.253959
-0.150501
-0.0466899
0.0367236
0.0892352
0.0767349
-0.108438
-0.423634
-0.756272
-1.08039
-1.37505
-0.8171
-0.805715
-0.759831
-0.694437
-0.621006
-0.542348
-0.458739
-0.370088
-0.275859
-0.175411
-0.0761693
-3.42818e-05
0.0426
-0.0132673
-0.255304
-0.580089
-0.926374
-1.26131
-1.4812
-1.57563
-0.833118
-0.8221
-0.776522
-0.711267
-0.638201
-0.560224
-0.477837
-0.391042
-0.299353
-0.20243
-0.108281
-0.0403892
-0.0102902
-0.108581
-0.395357
-0.711303
-1.03116
-1.29374
-1.39425
-1.42253
-0.849352
-0.838783
-0.793541
-0.728581
-0.656026
-0.578951
-0.498055
-0.413529
-0.324891
-0.231811
-0.143077
-0.0839558
-0.0706807
-0.206391
-0.526255
-0.820194
-1.10663
-1.31592
-1.36634
-1.36728
-0.86605
-0.855691
-0.810802
-0.746164
-0.674244
-0.598279
-0.519179
-0.437305
-0.352152
-0.263385
-0.180625
-0.131272
-0.135576
-0.319311
-0.651869
-0.917527
-1.17346
-1.34951
-1.35237
-1.33435
-0.882928
-0.872692
-0.828107
-0.763782
-0.692616
-0.617932
-0.54094
-0.462145
-0.381066
-0.297187
-0.220577
-0.181784
-0.210338
-0.448175
-0.783274
-1.00571
-1.14188
-1.25619
-1.27914
-1.28664
-0.899636
-0.889445
-0.845086
-0.781066
-0.7107
-0.637563
-0.563028
-0.487891
-0.411608
-0.333172
-0.262354
-0.234733
-0.297066
-0.592724
-0.929688
-1.12306
-1.058
-1.14427
-1.26811
-1.3115
-0.915233
-0.90542
-0.861188
-0.797455
-0.72797
-0.656524
-0.584831
-0.514001
-0.443663
-0.371272
-0.305121
-0.287913
-0.379972
-0.766114
-1.15289
-1.45799
-1.41997
-1.41861
-1.47046
-1.49711
-0.929303
-0.91982
-0.875614
-0.812307
-0.743722
-0.67408
-0.605606
-0.539875
-0.47678
-0.412174
-0.349031
-0.337895
-0.457297
-0.944842
-1.47585
-1.9919
-2.10387
-1.87266
-1.80008
-1.78393
-0.940972
-0.931606
-0.887193
-0.824575
-0.75693
-0.689291
-0.624467
-0.564971
-0.511519
-0.457008
-0.396665
-0.385227
-0.520757
-1.07185
-1.66107
-2.15008
-2.2549
-2.1296
-2.05739
-2.03805
-0.948888
-0.93951
-0.895468
-0.833121
-0.766486
-0.701001
-0.640298
-0.588215
-0.5466
-0.507777
-0.455731
-0.438308
-0.58261
-1.11658
-1.65796
-2.14645
-2.35551
-2.41406
-2.33628
-2.29025
-0.951635
-0.942327
-0.898615
-0.83671
-0.77112
-0.707889
-0.651702
-0.608458
-0.583548
-0.572813
-0.55175
-0.530539
-0.673619
-1.14102
-1.68748
-2.27271
-2.6846
-2.80367
-2.67856
-2.52011
-0.948012
-0.938529
-0.895643
-0.833888
-0.769487
-0.708489
-0.65704
-0.624365
-0.624553
-0.669038
-0.740439
-0.738616
-0.805007
-1.08436
-1.47511
-1.96168
-2.35913
-2.42562
-2.23727
-2.03367
-0.936626
-0.927138
-0.884519
-0.82347
-0.760264
-0.701271
-0.654351
-0.6335
-0.668012
-0.815295
-1.08479
-1.1372
-0.944927
-0.853638
-0.795665
-0.774293
-0.769059
-0.666221
-0.481422
-0.336867
-0.916026
-0.906665
-0.864443
-0.804559
-0.742251
-0.68473
-0.641348
-0.631137
-0.703457
-1.00651
-1.62861
-1.69153
-1.06794
-0.526809
0.115444
0.617321
0.993441
1.25109
1.40117
1.47547
-0.885421
-0.876221
-0.834655
-0.775946
-0.714481
-0.657491
-0.615633
-0.610362
-0.705875
-1.13784
-2.19783
-2.23413
-1.10358
-0.194434
0.69134
1.35616
1.83555
2.07756
2.17407
2.20612
-0.844538
-0.835623
-0.794896
-0.737274
-0.676312
-0.618354
-0.573339
-0.561738
-0.645405
-1.05013
-2.04451
-1.92081
-0.81835
0.119727
0.916829
1.44551
1.77696
1.94604
2.02394
2.05316
-0.792691
-0.784093
-0.744896
-0.688764
-0.62824
-0.568365
-0.516279
-0.487412
-0.523953
-0.747303
-1.20609
-0.929453
-0.222741
0.458686
0.970078
1.29458
1.49389
1.60919
1.67481
1.70009
-0.728755
-0.720237
-0.685164
-0.631275
-0.572028
-0.51093
-0.452081
-0.40353
-0.382556
-0.420577
-0.465093
-0.188721
0.254009
0.65091
0.92645
1.11417
1.23899
1.32228
1.37396
1.39052
-0.655122
-0.647972
-0.615366
-0.566271
-0.509744
-0.449218
-0.386483
-0.323762
-0.263731
-0.201284
-0.0868874
0.130487
0.40975
0.642102
0.806272
0.925617
1.01214
1.07412
1.11304
1.13264
-0.570966
-0.567187
-0.539697
-0.49444
-0.442602
-0.385333
-0.322884
-0.254662
-0.17803
-0.0825132
0.0546354
0.229687
0.404247
0.546705
0.652815
0.732206
0.792442
0.837328
0.866522
0.879187
-0.465562
-0.463185
-0.445949
-0.410957
-0.36799
-0.319023
-0.263098
-0.198949
-0.123445
-0.0286066
0.0958485
0.235757
0.361745
0.463028
0.539172
0.595015
0.635212
0.664315
0.684802
0.693614
-0.357804
-0.357551
-0.347324
-0.322351
-0.290069
-0.251658
-0.205754
-0.15068
-0.0834961
0.00146264
0.10807
0.219739
0.314792
0.389439
0.444621
0.483946
0.511179
0.529067
0.539223
0.543173
-0.255086
-0.255354
-0.249961
-0.234555
-0.212704
-0.185025
-0.150106
-0.106041
-0.0500438
0.0217826
0.110298
0.198785
0.271128
0.326445
0.366403
0.393921
0.411948
0.423011
0.429002
0.431011
-0.16198
-0.162834
-0.16064
-0.152831
-0.140301
-0.122605
-0.0982009
-0.0650709
-0.0208786
0.0372389
0.108621
0.178386
0.233847
0.275112
0.304132
0.323471
0.335492
0.342324
0.345591
0.346456
-0.0858731
-0.0867236
-0.0869931
-0.0851889
-0.0798104
-0.0699226
-0.0538855
-0.0300625
0.00360725
0.0492836
0.105676
0.160043
0.202301
0.233121
0.254224
0.26773
0.275786
0.280059
0.281855
0.282217
-0.031473
-0.0321842
-0.0335409
-0.0349264
-0.0340957
-0.0293223
-0.019337
-0.00261713
0.022457
0.0575371
0.101257
0.143218
0.175358
0.19826
0.213602
0.223276
0.228791
0.231457
0.232432
0.232565
0.00356307
0.00304591
0.00159961
-0.000468005
-0.00118432
0.000728231
0.00658291
0.0179443
0.0363143
0.0629258
0.0964763
0.128495
0.152763
0.169926
0.181244
0.188073
0.191759
0.193392
0.193854
0.193856
0.0248331
0.0244935
0.023379
0.0215899
0.0206251
0.0215631
0.0253464
0.0331369
0.04635
0.0662042
0.0916967
0.116116
0.134462
0.147142
0.15525
0.16005
0.162532
0.163475
0.163609
0.16355
0.0374297
0.0372
0.0364685
0.0352265
0.0344482
0.0349389
0.0375381
0.0432164
0.0529823
0.0677865
0.0869522
0.105267
0.118894
0.128257
0.134232
0.13766
0.139312
0.139832
0.139809
0.139735
0.0449718
0.0448116
0.0443477
0.043539
0.0430312
0.0433789
0.0451723
0.0491983
0.0563617
0.067419
0.0818085
0.0955927
0.105838
0.112802
0.117129
0.119546
0.120661
0.120953
0.120878
0.120808
0.0493086
0.0491957
0.048884
0.0483348
0.0480016
0.048293
0.049651
0.0526348
0.057909
0.0661139
0.0768823
0.0871798
0.0947673
0.0998673
0.103011
0.104734
0.105488
0.105641
0.105547
0.105483
0.0513001
0.0512204
0.0509968
0.0505918
0.0503424
0.0505483
0.051535
0.0537363
0.0576617
0.0637714
0.0717874
0.0794548
0.08509
0.0888599
0.0911514
0.0923782
0.092888
0.0929602
0.092865
0.0928104
0.0514805
0.0514226
0.051263
0.0509671
0.0507859
0.0509435
0.0516772
0.0533027
0.0562053
0.0607446
0.0667199
0.0724246
0.0765931
0.0793559
0.0810151
0.0818839
0.0822236
0.0822441
0.0821538
0.0821072
0.0503042
0.0502606
0.0501461
0.049932
0.0498017
0.049922
0.0504693
0.0516796
0.0538372
0.0572073
0.0616407
0.0658669
0.0689435
0.0709684
0.07217
0.0727847
0.0730089
0.0730003
0.0729191
0.0728798
0.0481333
0.0480995
0.0480162
0.0478626
0.0477718
0.0478653
0.0482739
0.0491721
0.0507709
0.0532718
0.0565604
0.059688
0.0619543
0.0634344
0.0643019
0.0647346
0.0648798
0.0648566
0.0647859
0.0647528
0.0452399
0.0452133
0.0451513
0.0450399
0.044976
0.0450485
0.0453538
0.0460202
0.0472061
0.049057
0.0514897
0.0537981
0.0554619
0.0565406
0.0571647
0.0574678
0.05756
0.0575299
0.0574692
0.0574416
0.0418155
0.0417946
0.0417473
0.0416642
0.041617
0.0416707
0.0418962
0.0423889
0.0432647
0.0446327
0.0464288
0.0481271
0.0493446
0.0501276
0.0505747
0.0507851
0.050841
0.0508087
0.0507571
0.0507341
0.0379965
0.0379802
0.0379433
0.0378795
0.0378422
0.0378796
0.038044
0.038406
0.0390507
0.0400578
0.0413783
0.0426225
0.0435104
0.0440765
0.0443944
0.0445388
0.0445702
0.044538
0.0444944
0.0444754
0.0338817
0.0338689
0.0338397
0.0337895
0.0337586
0.0337828
0.0339007
0.034164
0.0346349
0.0353718
0.0363375
0.037246
0.0378902
0.0382963
0.0385199
0.0386163
0.0386308
0.0386
0.0385634
0.0385478
0.0295454
0.0295354
0.029512
0.0294717
0.029445
0.0294587
0.0295409
0.0297295
0.0300701
0.0306054
0.0313069
0.0319647
0.0324279
0.0327164
0.0328714
0.032934
0.0329375
0.0329089
0.0328782
0.0328655
0.0250445
0.0250367
0.0250179
0.024985
0.0249613
0.0249665
0.0250215
0.0251539
0.0253969
0.0257807
0.0262838
0.0267537
0.0270822
0.0272844
0.0273901
0.0274294
0.0274261
0.0274004
0.0273748
0.0273645
0.0204212
0.0204152
0.0204
0.020373
0.020352
0.0203515
0.0203864
0.0204766
0.0206459
0.0209151
0.0212696
0.0215997
0.0218284
0.0219664
0.0220355
0.0220571
0.022049
0.022026
0.0220047
0.0219963
0.0157072
0.0157026
0.0156905
0.0156687
0.0156501
0.0156455
0.0156655
0.015724
0.015837
0.0160191
0.0162594
0.0164829
0.0166366
0.0167272
0.0167699
0.0167798
0.0167694
0.0167491
0.0167316
0.0167249
0.0109276
0.0109244
0.010915
0.0108972
0.010881
0.0108742
0.0108838
0.0109185
0.0109887
0.011103
0.0112546
0.011395
0.0114898
0.0115441
0.0115676
0.0115701
0.0115593
0.0115423
0.0115284
0.0115235
0.00609878
0.00609669
0.0060897
0.00607653
0.006065
0.00605915
0.00606209
0.00607875
0.00611454
0.00617381
0.00625231
0.00632468
0.00637315
0.00640034
0.00641097
0.00640977
0.00640089
0.00638797
0.00637728
0.00637373
0.00366789
0.00366609
0.00365918
0.00364956
0.00364189
0.00363892
0.00364351
0.00365806
0.00368541
0.00372733
0.00377359
0.00380907
0.0038313
0.00384201
0.00384329
0.00383798
0.00382889
0.00381989
0.00381578
0.00126356
-1.22335
-0.7595
-0.43135
-0.172929
0.0331612
0.20044
0.338428
0.457392
0.544133
0.547259
-0.527165
-0.305994
-0.113547
0.0502677
0.189899
0.307982
0.406622
0.483944
0.532598
0.551456
-0.153416
-0.0224423
0.101034
0.212141
0.30915
0.391974
0.46011
0.51217
0.548931
0.571702
0.0855244
0.171742
0.256794
0.335261
0.404098
0.463344
0.512598
0.551843
0.582374
0.602833
0.257056
0.314787
0.378362
0.435972
0.487151
0.531827
0.570049
0.601738
0.627362
0.644488
0.3903
0.43258
0.481993
0.525955
0.566595
0.602905
0.634683
0.661507
0.683395
0.697388
0.499875
0.535789
0.575908
0.613483
0.648572
0.680586
0.708874
0.732745
0.751927
0.763197
0.598844
0.6324
0.669645
0.705626
0.738945
0.769243
0.795798
0.817884
0.834987
0.844165
0.698533
0.73467
0.773204
0.810283
0.843636
0.873098
0.898308
0.918856
0.934242
0.942627
0.81428
0.855474
0.895722
0.933482
0.966162
0.994006
1.01721
1.03596
1.05003
1.05939
0.959874
1.00303
1.0413
1.07556
1.10408
1.12834
1.14937
1.1671
1.18123
1.19255
1.13881
1.17669
1.20502
1.22972
1.25108
1.27064
1.28914
1.3065
1.32255
1.33718
1.33715
1.35834
1.37343
1.38944
1.40592
1.42137
1.4352
1.44856
1.46418
1.48263
1.5281
1.53533
1.546
1.55764
1.56762
1.57692
1.58735
1.59856
1.61022
1.61911
1.74144
1.74321
1.73531
1.71884
1.70781
1.70734
1.7195
1.74417
1.77833
1.80289
2.16107
1.96719
1.8662
1.8085
1.77939
1.77277
1.78803
1.82885
1.90472
2.04769
-0.702387
-0.707529
-0.670116
-0.606527
-0.532225
-0.450079
0.347767
0.420526
0.421081
0.342019
0.26374
0.181267
-0.119531
-0.425352
-0.804734
-1.31636
-1.95196
)
;

boundaryField
{
    wall-4
    {
        type            zeroGradient;
    }
    pressure-outlet-7
    {
        type            fixedValue;
        value           uniform 0;
    }
    velocity-inlet-6
    {
        type            zeroGradient;
    }
    velocity-inlet-5
    {
        type            zeroGradient;
    }
    frontAndBackPlanes
    {
        type            empty;
    }
}


// ************************************************************************* //
