/*--------------------------------*- C++ -*----------------------------------*\
  =========                 |
  \\      /  F ield         | OpenFOAM: The Open Source CFD Toolbox
   \\    /   O peration     | Website:  https://openfoam.org
    \\  /    A nd           | Version:  10
     \\/     M anipulation  |
\*---------------------------------------------------------------------------*/
FoamFile
{
    format      ascii;
    class       volScalarField;
    location    "68";
    object      p;
}
// * * * * * * * * * * * * * * * * * * * * * * * * * * * * * * * * * * * * * //

dimensions      [0 2 -2 0 0 0 0];

internalField   nonuniform List<scalar> 
8800
(
0.866365
0.818579
0.779893
0.750902
0.730044
0.715222
0.70464
0.697179
0.692388
0.69037
0.69168
0.695906
0.702577
0.711912
0.724706
0.742449
0.767233
0.801177
0.843731
0.902433
0.697608
0.705287
0.712767
0.716078
0.714579
0.709509
0.703034
0.696974
0.692276
0.689467
0.689231
0.691778
0.696299
0.702268
0.709054
0.715345
0.718993
0.718261
0.712847
0.704161
0.676003
0.682163
0.686293
0.689242
0.691298
0.691913
0.690821
0.688739
0.686754
0.68589
0.686899
0.68932
0.692149
0.694351
0.694974
0.693786
0.691452
0.688065
0.683509
0.679748
0.670178
0.672829
0.675585
0.677993
0.679635
0.680808
0.681566
0.681708
0.681447
0.681445
0.68225
0.683464
0.684336
0.684425
0.683833
0.682755
0.680948
0.678384
0.675985
0.674481
0.664777
0.666202
0.667985
0.670023
0.671816
0.67317
0.674177
0.675003
0.675657
0.676275
0.676986
0.677532
0.677669
0.677409
0.676733
0.675499
0.673815
0.671975
0.670672
0.66984
0.659675
0.660596
0.661841
0.663414
0.665057
0.666596
0.667902
0.669001
0.670011
0.670967
0.671725
0.672111
0.672113
0.671706
0.67085
0.669669
0.668356
0.667106
0.666288
0.665736
0.654736
0.655406
0.656373
0.657683
0.659103
0.660577
0.662041
0.663399
0.66465
0.66583
0.666732
0.667168
0.667136
0.666667
0.665891
0.664966
0.663971
0.66306
0.66248
0.662073
0.649913
0.65043
0.651218
0.652357
0.653647
0.655039
0.656512
0.658025
0.659513
0.660934
0.662035
0.662587
0.662624
0.662287
0.661721
0.661024
0.660272
0.659603
0.659174
0.658856
0.645133
0.645544
0.646205
0.64722
0.64844
0.649788
0.651265
0.652867
0.654557
0.656252
0.657609
0.658363
0.658602
0.658492
0.658153
0.657671
0.657128
0.656653
0.656336
0.656077
0.640309
0.640644
0.641216
0.642153
0.643326
0.644663
0.646179
0.647885
0.64977
0.651765
0.653452
0.654513
0.655039
0.655189
0.655087
0.654834
0.654489
0.654177
0.653944
0.653726
0.635351
0.635628
0.636139
0.637032
0.63819
0.639553
0.641147
0.643
0.645123
0.647465
0.649569
0.651023
0.651893
0.652342
0.6525
0.65248
0.652333
0.652164
0.652
0.651811
0.630169
0.630401
0.630874
0.631752
0.632933
0.634368
0.636083
0.638137
0.640564
0.643337
0.645951
0.647877
0.64915
0.649944
0.650394
0.650613
0.650669
0.650632
0.650524
0.650355
0.624668
0.624866
0.625319
0.626212
0.627459
0.62901
0.630901
0.633223
0.636036
0.639349
0.64258
0.645069
0.646814
0.648002
0.64878
0.649258
0.649532
0.649621
0.64956
0.649405
0.618746
0.618915
0.619366
0.620303
0.621657
0.623375
0.625509
0.62818
0.631482
0.635461
0.639439
0.642601
0.644903
0.646545
0.647698
0.648488
0.648981
0.649191
0.649171
0.649023
0.612281
0.612426
0.61289
0.613901
0.615409
0.617353
0.619808
0.622923
0.626838
0.631634
0.636516
0.640481
0.643445
0.645622
0.647204
0.648338
0.649079
0.649415
0.649432
0.649288
0.605133
0.605253
0.605744
0.60686
0.608573
0.610813
0.613678
0.617358
0.622034
0.627827
0.6338
0.638723
0.642468
0.645277
0.647367
0.648892
0.649915
0.650383
0.650434
0.650289
0.59711
0.597215
0.597749
0.599004
0.60098
0.603595
0.606983
0.611371
0.616989
0.623998
0.631284
0.637348
0.642015
0.645567
0.648265
0.650254
0.651588
0.652193
0.652275
0.652126
0.587991
0.58809
0.588681
0.590098
0.592405
0.59551
0.599561
0.604834
0.611616
0.620108
0.628967
0.636384
0.642139
0.646565
0.649982
0.65251
0.654198
0.654949
0.655059
0.654902
0.577455
0.577534
0.578214
0.579856
0.582601
0.586328
0.591214
0.597598
0.605822
0.616118
0.626858
0.635867
0.6429
0.648356
0.652592
0.655764
0.657848
0.658749
0.658883
0.658713
0.565118
0.565185
0.565965
0.567918
0.571221
0.575748
0.581701
0.589493
0.59951
0.612
0.624973
0.635844
0.644357
0.65101
0.656205
0.660112
0.662626
0.663676
0.663828
0.663642
0.550419
0.550474
0.551398
0.553768
0.557811
0.56339
0.570734
0.580326
0.592586
0.607736
0.623341
0.636367
0.64657
0.654591
0.660895
0.665624
0.668592
0.66978
0.669937
0.669733
0.532582
0.532626
0.533763
0.53672
0.541776
0.548778
0.557973
0.569907
0.584983
0.603347
0.622021
0.637497
0.649609
0.659168
0.666688
0.672338
0.675755
0.677052
0.6772
0.676976
0.510431
0.510473
0.511959
0.515801
0.522318
0.531322
0.543056
0.558078
0.576699
0.598915
0.621107
0.639313
0.653523
0.66478
0.673625
0.680227
0.684049
0.685404
0.685523
0.685278
0.482198
0.482261
0.484342
0.489613
0.498406
0.510351
0.525664
0.54479
0.567837
0.594596
0.62074
0.641909
0.658361
0.671414
0.681675
0.68919
0.693307
0.694642
0.69471
0.694448
0.444818
0.444984
0.448288
0.456195
0.468825
0.485273
0.505688
0.530203
0.558664
0.590649
0.621109
0.645387
0.664163
0.679056
0.690737
0.699018
0.703245
0.704455
0.704453
0.704178
0.392408
0.393409
0.399983
0.413318
0.432621
0.456037
0.483493
0.514816
0.549651
0.587429
0.622422
0.649856
0.670943
0.687615
0.700598
0.70938
0.71346
0.714445
0.714365
0.714088
0.315953
0.323343
0.338558
0.362072
0.391312
0.424062
0.460122
0.499281
0.541176
0.585213
0.625034
0.65581
0.679359
0.697935
0.712111
0.721155
0.724929
0.725677
0.725548
0.725307
0.233819
0.251285
0.275933
0.310246
0.349825
0.392037
0.436746
0.483903
0.533213
0.584131
0.629602
0.66442
0.690874
0.711619
0.72708
0.735911
0.738972
0.739434
0.739334
0.739171
0.165338
0.185912
0.218345
0.261836
0.310529
0.361646
0.414743
0.46974
0.526312
0.583894
0.634713
0.673271
0.702327
0.724811
0.740725
0.748978
0.751533
0.751936
0.751896
0.751774
0.109253
0.131495
0.169485
0.219458
0.275354
0.333971
0.394488
0.456681
0.52008
0.58401
0.639899
0.681945
0.71334
0.737196
0.75359
0.761655
0.763995
0.764361
0.764356
0.764265
0.0625971
0.0860192
0.127818
0.182935
0.244618
0.309431
0.376322
0.444918
0.514576
0.584457
0.645178
0.69055
0.724198
0.749528
0.76651
0.774508
0.776869
0.777218
0.777241
0.777176
0.0230933
0.0471664
0.0918503
0.15103
0.217583
0.287672
0.360107
0.434405
0.509783
0.58524
0.650578
0.699192
0.735073
0.761836
0.779525
0.787924
0.790307
0.790649
0.790678
0.790628
-0.0113025
0.0131844
0.0601346
0.122675
0.193345
0.268028
0.345386
0.424846
0.505513
0.586228
0.655998
0.707765
0.745851
0.774088
0.792698
0.801467
0.803996
0.804353
0.804384
0.804356
-0.0421037
-0.0172609
0.031534
0.0969388
0.171169
0.249887
0.331674
0.415858
0.501451
0.587163
0.661218
0.716079
0.756352
0.786058
0.805506
0.814767
0.817505
0.817883
0.817917
0.8179
-0.0702974
-0.045141
0.0052274
0.0731131
0.15047
0.232774
0.318551
0.407074
0.497297
0.587806
0.666042
0.723931
0.766316
0.797459
0.817748
0.827446
0.830411
0.830863
0.830874
0.83086
-0.0967028
-0.0711898
-0.0194077
0.0506468
0.130799
0.216306
0.305698
0.398232
0.492823
0.587955
0.670301
0.731172
0.775621
0.808123
0.829168
0.839294
0.842431
0.842923
0.84292
0.842894
-0.12171
-0.0958439
-0.0427523
0.0291713
0.111827
0.200215
0.292894
0.389133
0.487839
0.587453
0.673877
0.737728
0.784195
0.817977
0.83967
0.850068
0.853333
0.853834
0.853797
0.853758
-0.145772
-0.11949
-0.0653624
0.00844561
0.0933256
0.184303
0.279973
0.379627
0.482213
0.58618
0.676696
0.743572
0.792039
0.826979
0.849158
0.859745
0.863043
0.863528
0.863456
0.863401
-0.169028
-0.14225
-0.087188
-0.0117166
0.0751483
0.168451
0.266828
0.369628
0.475859
0.58405
0.678693
0.7487
0.799213
0.835234
0.857765
0.868353
0.871617
0.87207
0.871968
0.871895
-0.191633
-0.164435
-0.108331
-0.0314282
0.0572193
0.152598
0.253412
0.359083
0.468717
0.580986
0.679809
0.753128
0.805817
0.842906
0.865619
0.876043
0.879174
0.879578
0.879454
0.879365
-0.213717
-0.186021
-0.128934
-0.0507349
0.0394943
0.136725
0.239719
0.347986
0.460761
0.576936
0.679986
0.756857
0.81197
0.85017
0.872908
0.882972
0.885852
0.886163
0.886013
0.885911
-0.235347
-0.207046
-0.149069
-0.0696522
0.0219857
0.12084
0.225771
0.336358
0.451999
0.571855
0.679156
0.759865
0.817764
0.857249
0.879863
0.889297
0.891744
0.891912
0.891737
0.891629
-0.256372
-0.227499
-0.168666
-0.08817
0.00470857
0.104992
0.211611
0.324255
0.442467
0.565745
0.677238
0.762094
0.823244
0.864372
0.886838
0.895285
0.89699
0.896918
0.896728
0.896626
-0.276782
-0.247361
-0.187724
-0.106251
-0.0122931
0.0892275
0.197318
0.31174
0.432226
0.558615
0.674171
0.763426
0.828373
0.87173
0.89431
0.901495
0.90192
0.901305
0.901097
0.901059
-0.296647
-0.266605
-0.206233
-0.123875
-0.0289652
0.0736205
0.182967
0.298904
0.421355
0.550511
0.669886
0.763704
0.833004
0.879346
0.902776
0.908883
0.907396
0.905484
0.905065
0.905359
-0.31581
-0.285218
-0.22414
-0.140994
-0.0452568
0.0582459
0.168645
0.285849
0.409957
0.541513
0.664351
0.762733
0.836871
0.886957
0.912399
0.918612
0.915494
0.911208
0.909232
0.90923
-0.334366
-0.303196
-0.24147
-0.157642
-0.0612033
0.0430604
0.154297
0.272523
0.397971
0.53155
0.657432
0.760236
0.839689
0.894123
0.922733
0.931192
0.928599
0.921419
0.913969
0.900472
-0.352247
-0.320526
-0.258336
-0.174019
-0.0770824
0.0277441
0.139523
0.258462
0.384887
0.520023
0.648528
0.755494
0.840993
0.900295
0.932348
0.944855
0.943331
0.929705
0.908954
0.898618
-0.369287
-0.337363
-0.274556
-0.189934
-0.092541
0.0126335
0.124542
0.243981
0.370993
0.50716
0.637649
0.747953
0.839825
0.904243
0.937205
0.94977
0.949856
0.924732
0.85753
0.827579
-0.38483
-0.354981
-0.289824
-0.204914
-0.106778
-0.00177108
0.10967
0.229305
0.356501
0.493073
0.624691
0.73723
0.834586
0.905143
0.931918
0.939431
0.924499
0.868118
0.798744
0.756258
-0.439462
-0.370504
-0.30362
-0.220087
-0.121459
-0.0169624
0.0948342
0.214142
0.341025
0.477275
0.608994
0.722555
0.821175
0.898676
0.899658
0.898508
0.843807
0.770581
0.692898
0.64969
-0.401147
-0.385233
-0.3242
-0.239564
-0.14319
-0.0387278
0.072041
0.19073
0.316689
0.451663
0.581722
0.694088
0.78574
0.869016
0.851112
0.731979
0.623214
0.547596
0.472863
0.501752
-0.431373
-0.402371
-0.340463
-0.256676
-0.160347
-0.0560043
0.055046
0.173109
0.298022
0.431245
0.558603
0.666801
0.748646
0.792766
0.740658
0.586389
0.455161
0.361496
0.261593
0.310103
-0.454639
-0.422721
-0.359697
-0.275788
-0.179343
-0.0751116
0.035855
0.153084
0.276604
0.407437
0.531082
0.632992
0.705717
0.714827
0.603938
0.427392
0.271863
0.150934
0.0185857
0.0505923
-0.477352
-0.443954
-0.379811
-0.295005
-0.198493
-0.094426
0.0160028
0.13226
0.254178
0.382214
0.501126
0.594966
0.651945
0.629224
0.466419
0.267073
0.0746417
-0.094806
-0.284116
-0.303664
-0.499463
-0.465651
-0.400659
-0.315104
-0.218476
-0.114651
-0.00489339
0.110258
0.230298
0.355105
0.468518
0.554097
0.591145
0.531236
0.335381
0.122259
-0.0966736
-0.287039
-0.529495
-0.825537
-0.521864
-0.488066
-0.422571
-0.336564
-0.239779
-0.136149
-0.0269982
0.0870004
0.205038
0.326321
0.433857
0.510797
0.525971
0.414392
0.221216
0.00886858
-0.197118
-0.370559
-0.440972
-0.519455
-0.545497
-0.511658
-0.445893
-0.359696
-0.262891
-0.159556
-0.0511104
0.0615532
0.177253
0.294452
0.395657
0.461237
0.450921
0.305541
0.119597
-0.0737021
-0.238448
-0.332588
-0.356962
-0.372775
-0.570665
-0.53672
-0.470793
-0.384573
-0.28794
-0.185079
-0.0775864
0.0334295
0.146359
0.258799
0.353168
0.404104
0.37581
0.204349
0.0274293
-0.140699
-0.269042
-0.308773
-0.321592
-0.322886
-0.597567
-0.563425
-0.497335
-0.411191
-0.314877
-0.212722
-0.106445
0.00257959
0.112291
0.21938
0.30595
0.342116
0.293469
0.110899
-0.0569033
-0.207431
-0.284908
-0.302049
-0.303403
-0.303209
-0.626261
-0.591835
-0.525547
-0.439549
-0.343718
-0.242477
-0.137691
-0.03101
0.0750612
0.176272
0.25413
0.27837
0.19303
0.0255487
-0.13378
-0.257779
-0.294984
-0.293445
-0.292586
-0.292003
-0.656464
-0.621777
-0.555326
-0.469564
-0.374378
-0.274289
-0.171294
-0.0673115
0.0347121
0.129593
0.198615
0.205531
0.101828
-0.0535782
-0.194698
-0.271822
-0.282246
-0.284966
-0.285668
-0.285406
-0.687628
-0.652795
-0.586419
-0.50101
-0.406675
-0.308004
-0.207102
-0.106192
-0.0085656
0.0797079
0.139932
0.131555
0.0200332
-0.120532
-0.239471
-0.271338
-0.279822
-0.281254
-0.281016
-0.280721
-0.71929
-0.684353
-0.618371
-0.533497
-0.440266
-0.343306
-0.244839
-0.147365
-0.0544808
0.0273234
0.0771686
0.0614358
-0.055137
-0.174677
-0.26953
-0.287214
-0.278467
-0.277583
-0.277572
-0.277342
-0.750554
-0.715737
-0.650334
-0.566426
-0.474615
-0.379725
-0.28406
-0.190349
-0.102564
-0.0269095
0.0131564
-0.00261022
-0.121189
-0.215588
-0.269832
-0.280464
-0.277793
-0.276621
-0.276068
-0.275845
-0.779884
-0.745778
-0.681334
-0.598886
-0.508965
-0.416571
-0.324117
-0.234469
-0.152012
-0.082386
-0.0458263
-0.072884
-0.174999
-0.254797
-0.254958
-0.274137
-0.278354
-0.276664
-0.275984
-0.275561
-0.805672
-0.772632
-0.710252
-0.629715
-0.542291
-0.452922
-0.364158
-0.278885
-0.201699
-0.138222
-0.101663
-0.139918
-0.221246
-0.282086
-0.298945
-0.290031
-0.285022
-0.282766
-0.281773
-0.281128
-0.825803
-0.794492
-0.734985
-0.657508
-0.573317
-0.487658
-0.403111
-0.322587
-0.25051
-0.193097
-0.15871
-0.19295
-0.254851
-0.328879
-0.353883
-0.319512
-0.299813
-0.29516
-0.292936
-0.291814
-0.838062
-0.809452
-0.75373
-0.68037
-0.600565
-0.519471
-0.439802
-0.364392
-0.297418
-0.245367
-0.212973
-0.233583
-0.258514
-0.315202
-0.306579
-0.299206
-0.29896
-0.298387
-0.297305
-0.297175
-0.839839
-0.815267
-0.764497
-0.696526
-0.622353
-0.546958
-0.472922
-0.403075
-0.34133
-0.293841
-0.257486
-0.263087
-0.233142
-0.217346
-0.239674
-0.266234
-0.279739
-0.285357
-0.288006
-0.288889
-0.828907
-0.80914
-0.765122
-0.704393
-0.637222
-0.568656
-0.501142
-0.437369
-0.381157
-0.337842
-0.295239
-0.292179
-0.245135
-0.166537
-0.219802
-0.269781
-0.29183
-0.300513
-0.303888
-0.304914
-0.803363
-0.788535
-0.753816
-0.70272
-0.644168
-0.583565
-0.523293
-0.465932
-0.415557
-0.377076
-0.333122
-0.343451
-0.365279
-0.366255
-0.380982
-0.370968
-0.359138
-0.352729
-0.349941
-0.349594
-0.765756
-0.756211
-0.731411
-0.691652
-0.643147
-0.591379
-0.538653
-0.487683
-0.442707
-0.40967
-0.385349
-0.410184
-0.512916
-0.698124
-0.673085
-0.507
-0.407419
-0.370762
-0.360221
-0.356854
-0.722763
-0.717347
-0.70271
-0.673967
-0.636053
-0.59282
-0.547232
-0.50186
-0.460802
-0.430696
-0.407041
-0.397581
-0.361418
-0.349425
-0.32381
-0.280208
-0.265973
-0.261979
-0.257993
-0.254657
-0.68406
-0.680782
-0.673811
-0.655015
-0.625799
-0.589736
-0.550035
-0.508447
-0.468405
-0.434592
-0.412445
-0.328357
-0.152747
0.0717057
0.236983
0.157081
-0.00341786
-0.120925
-0.156955
-0.167133
-0.656121
-0.654074
-0.65049
-0.639074
-0.616237
-0.585219
-0.549005
-0.50911
-0.466793
-0.428202
-0.402781
-0.352434
-0.317655
-0.372779
-0.573387
-0.829007
-0.97564
-0.944638
-0.826706
-0.792709
-0.634972
-0.634191
-0.633002
-0.627355
-0.610122
-0.582044
-0.546597
-0.505426
-0.46031
-0.413951
-0.381883
-0.388763
-0.518813
-0.840624
-1.22798
-1.43575
-1.48737
-1.37333
-1.21996
-1.15037
-0.62281
-0.622557
-0.622028
-0.619498
-0.607173
-0.580355
-0.543622
-0.499856
-0.449748
-0.390413
-0.343411
-0.303896
-0.374545
-0.513374
-0.704653
-0.791994
-0.677084
-0.465048
-0.290694
-0.209293
-0.614186
-0.614116
-0.613802
-0.613052
-0.605208
-0.580062
-0.541717
-0.49409
-0.436129
-0.367613
-0.290736
-0.19412
-0.0687203
0.111542
0.34697
0.584428
0.860886
1.07505
1.19023
1.23189
-0.607813
-0.607743
-0.607434
-0.607305
-0.602295
-0.581343
-0.541875
-0.489379
-0.425211
-0.344834
-0.241188
-0.135032
0.0824471
0.445052
0.880435
1.31252
1.65524
1.85985
1.94569
1.96755
-0.604165
-0.603894
-0.603017
-0.601212
-0.59961
-0.585326
-0.545433
-0.488384
-0.418358
-0.327719
-0.218431
-0.1031
0.104203
0.497048
0.939046
1.33948
1.64417
1.81585
1.88267
1.89736
-0.60471
-0.605129
-0.606174
-0.60725
-0.607959
-0.595886
-0.552853
-0.493063
-0.418663
-0.325169
-0.216352
-0.103538
0.0480458
0.392881
0.752833
1.07092
1.3019
1.42639
1.4726
1.48179
-0.60615
-0.607502
-0.611207
-0.619155
-0.625072
-0.606865
-0.561721
-0.503312
-0.427498
-0.3323
-0.228717
-0.124091
-0.00827847
0.247489
0.516848
0.738679
0.89578
0.97568
1.00371
1.00715
-0.623578
-0.623947
-0.617998
-0.599045
-0.580038
-0.575633
-0.56474
-0.520698
-0.443825
-0.347273
-0.248514
-0.155373
-0.0639077
0.111303
0.288898
0.427958
0.520842
0.56414
0.580573
0.584994
-0.670608
-0.668137
-0.649451
-0.602316
-0.5594
-0.566847
-0.590064
-0.54964
-0.464666
-0.363726
-0.272812
-0.193695
-0.122302
0.000629455
0.116682
0.195107
0.240073
0.261152
0.271561
0.275914
-0.754846
-0.756927
-0.774692
-0.801634
-0.800466
-0.774878
-0.720644
-0.605608
-0.489529
-0.379928
-0.293738
-0.228847
-0.175064
-0.0859372
-0.00592037
0.0481432
0.0774828
0.0925144
0.101853
0.104993
-0.904399
-0.927938
-0.984812
-1.0369
-1.04501
-0.999033
-0.854466
-0.667189
-0.509031
-0.388104
-0.306471
-0.256794
-0.221817
-0.142597
-0.0724486
-0.0224867
0.0112725
0.0303429
0.039174
0.0408039
-0.975717
-1.00124
-1.04412
-1.07992
-1.08518
-1.03155
-0.871335
-0.667438
-0.500324
-0.378714
-0.303869
-0.265988
-0.23849
-0.169686
-0.10573
-0.0585099
-0.0231244
-0.0039941
0.00308092
0.00384567
-0.853951
-0.875363
-0.911084
-0.945187
-0.952354
-0.898632
-0.744529
-0.582109
-0.44524
-0.343438
-0.281071
-0.250975
-0.224922
-0.16807
-0.115197
-0.0735678
-0.0423098
-0.0244279
-0.0177603
-0.0181351
-0.552992
-0.570817
-0.604414
-0.641539
-0.659143
-0.624767
-0.536141
-0.438932
-0.354139
-0.286689
-0.240122
-0.212062
-0.18751
-0.14658
-0.108427
-0.0780577
-0.0554397
-0.0421431
-0.0380098
-0.0386518
-0.200815
-0.211397
-0.233938
-0.266579
-0.296518
-0.308766
-0.30228
-0.280198
-0.251279
-0.218258
-0.188459
-0.162674
-0.139595
-0.117411
-0.0951449
-0.0760226
-0.0613302
-0.0530148
-0.0507946
-0.0520106
0.0535387
0.0483647
0.0330477
0.00405745
-0.0381871
-0.0835491
-0.120129
-0.145352
-0.155442
-0.150707
-0.136004
-0.116525
-0.0994684
-0.0900026
-0.081
-0.0723562
-0.0644384
-0.0600161
-0.0592535
-0.0607843
0.171515
0.168387
0.157158
0.132015
0.0904795
0.0380468
-0.0135778
-0.0552688
-0.082524
-0.0940985
-0.0901068
-0.0784546
-0.0701626
-0.0710699
-0.0724251
-0.0720847
-0.0718472
-0.0726449
-0.0738945
-0.0752138
0.197
0.194929
0.18674
0.16735
0.133889
0.0900646
0.042753
-0.000498174
-0.0337089
-0.0525419
-0.0553738
-0.0509522
-0.0501368
-0.058177
-0.0670897
-0.0755708
-0.0824881
-0.0888721
-0.0916623
-0.0923474
0.180137
0.178808
0.173211
0.159595
0.135586
0.102838
0.0648638
0.0278463
-0.0035178
-0.0242724
-0.0304903
-0.0283686
-0.030612
-0.0441597
-0.0603615
-0.0746446
-0.087054
-0.0959064
-0.0989376
-0.0991799
0.149327
0.148543
0.144906
0.135819
0.119404
0.0961526
0.06759
0.0379327
0.0108114
-0.00883403
-0.0155535
-0.0118772
-0.0125594
-0.0319696
-0.0520263
-0.0682326
-0.0809
-0.0884916
-0.0907371
-0.0909722
0.116539
0.116216
0.113965
0.108102
0.0971717
0.0810587
0.0602742
0.0373625
0.0145575
-0.00435194
-0.0137004
-0.0124328
-0.013199
-0.0320342
-0.049506
-0.0618212
-0.0702359
-0.074192
-0.0753244
-0.0757012
0.0866899
0.0864295
0.085064
0.0813681
0.0742163
0.0632415
0.0484053
0.0309429
0.0117852
-0.00792829
-0.0248983
-0.0360263
-0.0432949
-0.0527504
-0.0580096
-0.0605967
-0.0623012
-0.0626476
-0.0629537
-0.0634732
0.0606442
0.0605434
0.0597299
0.0575088
0.0529912
0.045686
0.0353485
0.0222509
0.00618933
-0.014303
-0.0413219
-0.075454
-0.0939113
-0.0835205
-0.07226
-0.0644031
-0.0607553
-0.0591835
-0.0588235
-0.0591954
0.0383975
0.0383725
0.037972
0.0367962
0.0342359
0.0297763
0.0230747
0.0139447
0.00159098
-0.0176917
-0.0492761
-0.0960682
-0.117513
-0.0962536
-0.0750678
-0.0647845
-0.0605543
-0.0587239
-0.057807
-0.0577467
0.0195399
0.0195668
0.0194606
0.0190375
0.0179078
0.0157914
0.0123182
0.00720765
-0.000130815
-0.0133622
-0.0382904
-0.0766773
-0.0900289
-0.0702123
-0.0553392
-0.0500198
-0.0487017
-0.0480213
-0.0468817
-0.0463892
0.00309974
0.00316126
0.0031531
0.00335515
0.00373686
0.00380756
0.00341952
0.00262595
0.00133479
-0.000735908
-0.0051816
-0.0148242
-0.0208929
-0.0192832
-0.0204281
-0.0202668
-0.0189295
-0.0166498
-0.0151099
-0.0140534
-0.0585095
0.107269
0.300462
0.468992
0.60314
0.708143
0.794606
0.868284
0.902069
0.878849
0.2407
0.360436
0.489116
0.600086
0.693336
0.770258
0.832499
0.876741
0.89889
0.91109
0.457151
0.539163
0.627068
0.704527
0.771039
0.826657
0.870911
0.903289
0.926774
0.94484
0.616377
0.675142
0.735948
0.792496
0.841579
0.883285
0.917581
0.944985
0.967635
0.985986
0.7407
0.783378
0.828952
0.87235
0.910715
0.944245
0.972976
0.996924
1.01722
1.03509
0.844323
0.876945
0.914797
0.950088
0.982508
1.01159
1.03703
1.05843
1.07623
1.09359
0.936438
0.964986
0.998783
1.03077
1.06059
1.08767
1.11133
1.131
1.14647
1.16355
1.02477
1.05388
1.08779
1.11974
1.14927
1.17579
1.19861
1.21706
1.23041
1.24744
1.11992
1.15307
1.18966
1.22318
1.25318
1.27933
1.30125
1.31851
1.33036
1.34776
1.23483
1.27262
1.31123
1.34544
1.37476
1.39948
1.41983
1.43571
1.44716
1.46523
1.37971
1.41824
1.45435
1.48502
1.51068
1.53276
1.55181
1.56732
1.57974
1.59774
1.55475
1.58637
1.61253
1.63497
1.65493
1.67364
1.69135
1.70783
1.72317
1.74123
1.74335
1.76054
1.77557
1.79179
1.80769
1.82222
1.83542
1.84935
1.86688
1.88704
1.92506
1.93459
1.94613
1.95693
1.96621
1.97579
1.98657
1.99794
2.0093
2.02465
2.13228
2.13594
2.12099
2.10619
2.09991
2.10558
2.12406
2.15436
2.18654
2.2132
2.4386
2.30374
2.2271
2.18471
2.16728
2.17125
2.19864
2.25506
2.35768
2.58204
0.756961
0.754834
0.750351
0.74173
0.72951
0.717388
0.707169
0.699288
0.693691
0.690464
0.690144
0.692914
0.698044
0.705284
0.714684
0.726232
0.738889
0.749927
0.756041
0.759097
0.681406
0.687254
0.693588
0.698085
0.70056
0.700242
0.697515
0.69372
0.690232
0.688001
0.68789
0.690121
0.69381
0.698118
0.701938
0.70383
0.7029
0.699424
0.694263
0.687642
0.672966
0.675263
0.678669
0.681668
0.683749
0.685253
0.68602
0.68572
0.684718
0.683867
0.684081
0.685545
0.687388
0.688714
0.688909
0.688029
0.686488
0.684157
0.680898
0.677979
0.667434
0.66852
0.670355
0.672738
0.674768
0.676205
0.677238
0.678009
0.678437
0.678695
0.67923
0.680078
0.680707
0.680797
0.680401
0.679565
0.678105
0.676028
0.673946
0.672565
0.662202
0.662865
0.663975
0.665685
0.667474
0.669116
0.670427
0.671464
0.672377
0.673209
0.673988
0.674587
0.674817
0.674677
0.67413
0.67309
0.671674
0.670139
0.668826
0.668048
0.65719
0.65765
0.658438
0.659742
0.661238
0.662767
0.664248
0.665571
0.666742
0.667845
0.668819
0.669442
0.66963
0.669389
0.668716
0.667745
0.666634
0.665512
0.664603
0.664087
0.652316
0.65266
0.653273
0.654348
0.655651
0.657039
0.658497
0.659971
0.661384
0.662719
0.663899
0.664655
0.664884
0.664648
0.664079
0.663325
0.662493
0.661639
0.660975
0.660598
0.647526
0.647793
0.648288
0.649204
0.650384
0.651696
0.653113
0.654633
0.65622
0.657804
0.659233
0.66018
0.660544
0.660472
0.660116
0.659586
0.65896
0.658338
0.657855
0.657568
0.642735
0.642947
0.643359
0.644165
0.645267
0.646533
0.647944
0.649515
0.65124
0.65307
0.654797
0.656019
0.656632
0.65681
0.656692
0.656388
0.655973
0.655546
0.655205
0.65498
0.637855
0.638026
0.63838
0.639113
0.64017
0.641418
0.64286
0.64452
0.646409
0.648504
0.650588
0.65218
0.653128
0.653603
0.653746
0.653678
0.653482
0.653232
0.653008
0.652829
0.632797
0.632934
0.633246
0.633936
0.634979
0.636253
0.637765
0.639558
0.641665
0.644083
0.646602
0.648655
0.650006
0.650826
0.651266
0.651453
0.651472
0.651395
0.651272
0.651128
0.627468
0.627578
0.627863
0.628534
0.629596
0.630943
0.63257
0.634549
0.636943
0.639769
0.642824
0.645431
0.647258
0.648478
0.649255
0.64972
0.649969
0.650065
0.650029
0.649912
0.62177
0.621857
0.622126
0.622803
0.623921
0.625382
0.627179
0.629414
0.632173
0.635514
0.639226
0.642498
0.644888
0.646574
0.647732
0.648523
0.649026
0.649287
0.649329
0.649234
0.615593
0.615659
0.615921
0.616626
0.617839
0.619462
0.621493
0.624062
0.627287
0.631267
0.63578
0.639852
0.642912
0.645146
0.646744
0.6479
0.648686
0.649127
0.649244
0.649165
0.608804
0.60885
0.609114
0.60987
0.611216
0.613058
0.615396
0.618392
0.622205
0.626975
0.632461
0.637494
0.64135
0.644231
0.646348
0.647914
0.649026
0.649663
0.649853
0.649787
0.601249
0.601275
0.601542
0.602371
0.603896
0.606021
0.608752
0.61229
0.616838
0.622578
0.629245
0.635429
0.640228
0.643871
0.646604
0.648662
0.650144
0.650991
0.651253
0.651197
0.592708
0.592721
0.592999
0.593929
0.595689
0.598159
0.601398
0.605621
0.611082
0.618014
0.626108
0.633666
0.639584
0.644123
0.647582
0.650231
0.652134
0.65321
0.653546
0.653497
0.582896
0.58288
0.58321
0.584284
0.586332
0.589262
0.593141
0.598224
0.604823
0.613218
0.623036
0.632226
0.639462
0.645059
0.649368
0.652704
0.655097
0.656426
0.656834
0.656787
0.571501
0.57146
0.571839
0.573105
0.575524
0.579045
0.583738
0.58991
0.597933
0.608127
0.62002
0.631138
0.639913
0.646746
0.652055
0.65618
0.659135
0.660731
0.661208
0.661159
0.558031
0.557963
0.558422
0.559942
0.562848
0.567138
0.572886
0.580454
0.590271
0.60268
0.617058
0.630439
0.640992
0.649245
0.655719
0.660754
0.664327
0.666198
0.666733
0.666676
0.541825
0.541728
0.542314
0.544189
0.547747
0.553067
0.560213
0.569602
0.581704
0.596843
0.614179
0.630179
0.642762
0.652626
0.660415
0.666476
0.670722
0.672857
0.673431
0.67336
0.52193
0.521807
0.522598
0.524991
0.529469
0.536219
0.545273
0.557088
0.572124
0.590624
0.611447
0.630433
0.645289
0.656947
0.666169
0.673378
0.678307
0.680669
0.681254
0.68116
0.496907
0.496769
0.497897
0.501095
0.506966
0.515811
0.527574
0.542688
0.561513
0.584117
0.608989
0.631305
0.648636
0.662239
0.673024
0.681427
0.686992
0.689502
0.690056
0.689932
0.464413
0.464298
0.466045
0.470639
0.478827
0.490941
0.506677
0.52632
0.549991
0.577523
0.606993
0.632927
0.652876
0.668516
0.680921
0.690516
0.696577
0.699108
0.699581
0.699422
0.420243
0.420296
0.423404
0.43091
0.443398
0.460844
0.48247
0.508219
0.537922
0.571195
0.605723
0.635451
0.658078
0.675776
0.689783
0.700439
0.706729
0.709102
0.709447
0.709255
0.356519
0.357752
0.365354
0.37936
0.399719
0.42565
0.455572
0.489098
0.525938
0.565603
0.60546
0.639019
0.664267
0.683934
0.699368
0.710753
0.71696
0.718936
0.719108
0.718898
0.281021
0.282833
0.297388
0.321448
0.352824
0.388772
0.427728
0.469519
0.51397
0.560622
0.606572
0.64476
0.673277
0.695331
0.712351
0.724369
0.730231
0.731868
0.731992
0.731865
0.203177
0.209465
0.230955
0.265348
0.307192
0.352865
0.400812
0.450908
0.50304
0.556766
0.608933
0.651838
0.683605
0.708037
0.726811
0.738876
0.743909
0.745036
0.745105
0.745052
0.139478
0.148114
0.174194
0.215661
0.265708
0.319663
0.375711
0.433577
0.493031
0.553557
0.611662
0.658975
0.693738
0.720157
0.739797
0.75178
0.756458
0.757491
0.757605
0.757612
0.0876806
0.0969169
0.126571
0.173308
0.229542
0.290171
0.353069
0.417797
0.48394
0.550838
0.614574
0.666067
0.703611
0.731882
0.752535
0.764692
0.76913
0.77009
0.770261
0.770316
0.0443756
0.0538925
0.0860066
0.136759
0.198072
0.264242
0.332954
0.403687
0.475853
0.54864
0.617702
0.673213
0.713469
0.743605
0.765317
0.777687
0.782138
0.783286
0.783483
0.783577
0.00718807
0.0168078
0.0507586
0.104725
0.170245
0.241145
0.314928
0.390988
0.468624
0.546887
0.621007
0.680397
0.723315
0.755274
0.77808
0.791069
0.795819
0.797029
0.797223
0.797323
-0.0255705
-0.0159285
0.0194258
0.0761024
0.14515
0.220133
0.298412
0.379282
0.461955
0.545347
0.624295
0.68745
0.732983
0.766796
0.790832
0.804452
0.809526
0.810831
0.811018
0.811098
-0.0552005
-0.0455359
-0.0090351
0.0499806
0.122054
0.200618
0.282907
0.36815
0.455483
0.543726
0.627332
0.694164
0.742259
0.777865
0.803012
0.817359
0.822796
0.82418
0.824352
0.824413
-0.0826058
-0.0729114
-0.0354254
0.0256449
0.100395
0.182136
0.268015
0.357246
0.448922
0.541789
0.629922
0.700362
0.750964
0.788297
0.814551
0.829495
0.835342
0.836785
0.836923
0.836952
-0.108368
-0.0986226
-0.0602255
0.00257839
0.0797453
0.164326
0.253446
0.34633
0.442059
0.539335
0.631896
0.705918
0.758982
0.797979
0.825241
0.840706
0.846824
0.848316
0.848432
0.848429
-0.132985
-0.12312
-0.0838352
-0.0195381
0.0598151
0.146935
0.23899
0.335216
0.434724
0.536214
0.633137
0.710767
0.766296
0.806885
0.835052
0.850868
0.85713
0.858647
0.858735
0.8587
-0.156747
-0.146677
-0.106677
-0.0408866
0.0404072
0.129794
0.224499
0.323782
0.426804
0.532325
0.633563
0.714861
0.772905
0.81504
0.843948
0.859994
0.866281
0.867767
0.867825
0.867764
-0.179768
-0.169509
-0.128825
-0.0616175
0.0213881
0.112811
0.209893
0.311957
0.418233
0.527581
0.633089
0.718177
0.778857
0.822571
0.852103
0.868203
0.874377
0.875785
0.875819
0.875737
-0.202247
-0.191719
-0.150292
-0.0818379
0.00269603
0.0959321
0.195139
0.299713
0.408976
0.521935
0.631648
0.720684
0.78422
0.829622
0.85968
0.875648
0.881579
0.882855
0.882841
0.88274
-0.224137
-0.213356
-0.171242
-0.101606
-0.0156902
0.0791515
0.180249
0.287064
0.399036
0.515358
0.629183
0.722333
0.789046
0.836353
0.866903
0.882511
0.88801
0.889077
0.889001
0.888881
-0.245515
-0.234453
-0.191611
-0.120921
-0.0337676
0.0624851
0.165245
0.27405
0.388446
0.507851
0.625637
0.723057
0.79334
0.842922
0.874044
0.889042
0.893788
0.894509
0.894361
0.894237
-0.266236
-0.254961
-0.211396
-0.139746
-0.0515027
0.0459911
0.150183
0.260728
0.377264
0.499454
0.620972
0.722766
0.797048
0.849432
0.881445
0.895671
0.899235
0.8993
0.899022
0.898922
-0.286439
-0.274841
-0.230599
-0.158074
-0.0688737
0.0296994
0.135144
0.247169
0.365563
0.490231
0.615179
0.721345
0.800037
0.855872
0.889421
0.903078
0.905037
0.903783
0.903108
0.903062
-0.30597
-0.294078
-0.249198
-0.175872
-0.0858091
0.0136879
0.120201
0.233484
0.353445
0.480235
0.608282
0.718672
0.802106
0.862063
0.898055
0.912037
0.912568
0.909179
0.907034
0.906409
-0.324896
-0.312721
-0.267146
-0.193096
-0.10228
-0.00197973
0.105433
0.219747
0.341014
0.469591
0.600332
0.714623
0.802996
0.867631
0.906939
0.922798
0.923479
0.918309
0.912056
0.904231
-0.343138
-0.330729
-0.284537
-0.2099
-0.118492
-0.0175673
0.0905179
0.205579
0.327846
0.457831
0.590838
0.708695
0.802283
0.872348
0.915589
0.934958
0.938401
0.932727
0.921618
0.917131
-0.360652
-0.348025
-0.301359
-0.226261
-0.134456
-0.0330713
0.0754644
0.190955
0.313888
0.444824
0.579582
0.700467
0.799134
0.875417
0.922095
0.944579
0.950131
0.947059
0.908846
0.857248
-0.377161
-0.363831
-0.317462
-0.24211
-0.150277
-0.0486567
0.0602116
0.175984
0.299186
0.430611
0.566458
0.689635
0.792348
0.876139
0.924111
0.943187
0.947768
0.926101
0.86888
0.807172
-0.392973
-0.37882
-0.332793
-0.256772
-0.165435
-0.0638581
0.044537
0.160717
0.283885
0.415358
0.551477
0.675901
0.780595
0.874789
0.919006
0.952174
0.911836
0.859248
0.786311
0.719069
-0.378856
-0.360714
-0.310155
-0.229756
-0.132013
-0.0274991
0.0863527
0.205463
0.332078
0.467991
0.599442
0.713087
0.810504
0.908773
0.937578
0.85188
0.795287
0.725166
0.650026
0.601
-0.402959
-0.386473
-0.350519
-0.279602
-0.188692
-0.0883246
0.02041
0.136042
0.258637
0.389193
0.524076
0.647744
0.751622
0.838105
0.911732
0.893047
0.763197
0.673724
0.606824
0.523056
-0.422277
-0.406673
-0.365073
-0.292786
-0.201388
-0.101436
0.00621067
0.120947
0.242641
0.371911
0.505368
0.627313
0.728244
0.803293
0.828116
0.741665
0.59544
0.495106
0.417044
0.328407
-0.442103
-0.429649
-0.38354
-0.310196
-0.218719
-0.118298
-0.010683
0.103777
0.224617
0.352461
0.483223
0.600712
0.692105
0.752962
0.727303
0.588862
0.431996
0.311047
0.210655
0.0745806
-0.465043
-0.452201
-0.404044
-0.329522
-0.237911
-0.137376
-0.0299016
0.0839972
0.20376
0.329746
0.457124
0.56895
0.650634
0.689985
0.627515
0.439786
0.25535
0.100405
-0.0413621
-0.238099
-0.48697
-0.474491
-0.425211
-0.349422
-0.257417
-0.156953
-0.0498984
0.0631469
0.181551
0.305248
0.428704
0.534003
0.608059
0.610817
0.498478
0.297768
0.083069
-0.117857
-0.293266
-0.682149
-0.509002
-0.49688
-0.447124
-0.370428
-0.278101
-0.177643
-0.0710286
0.0411251
0.158023
0.279131
0.398197
0.49598
0.558082
0.527953
0.373487
0.170972
-0.0474286
-0.259293
-0.43824
-0.710775
-0.53197
-0.519996
-0.470042
-0.392806
-0.30028
-0.199825
-0.093619
0.0176487
0.132954
0.251244
0.365549
0.455284
0.501828
0.454408
0.261709
0.0663473
-0.132172
-0.299801
-0.372547
-0.411562
-0.556361
-0.544513
-0.494349
-0.416844
-0.324322
-0.224058
-0.118426
-0.00829066
0.105071
0.220013
0.328823
0.410032
0.439314
0.356028
0.162124
-0.0210689
-0.186704
-0.293911
-0.332013
-0.341031
-0.582383
-0.570551
-0.520215
-0.442559
-0.350171
-0.250297
-0.145471
-0.0367478
0.0742769
0.185333
0.287882
0.360361
0.36229
0.249511
0.0709698
-0.098221
-0.238684
-0.294626
-0.306695
-0.311557
-0.610222
-0.598306
-0.547723
-0.46997
-0.37783
-0.278545
-0.17476
-0.0677662
0.0405368
0.147236
0.242809
0.305693
0.282644
0.150067
-0.0137542
-0.172545
-0.272486
-0.30144
-0.29761
-0.297677
-0.639591
-0.627868
-0.576846
-0.499047
-0.407268
-0.308761
-0.206282
-0.101333
0.00386703
0.105742
0.193906
0.244881
0.212746
0.058843
-0.0903704
-0.229458
-0.270558
-0.283155
-0.288178
-0.288456
-0.670336
-0.658607
-0.607371
-0.529624
-0.438354
-0.340845
-0.239948
-0.137371
-0.035667
0.0610299
0.141402
0.181093
0.14267
-0.0187977
-0.1575
-0.254028
-0.299415
-0.286428
-0.283527
-0.283232
-0.701938
-0.690193
-0.638987
-0.561382
-0.470805
-0.37455
-0.275529
-0.17567
-0.0778488
0.0134551
0.0857485
0.116757
0.057583
-0.0861885
-0.210646
-0.263485
-0.278355
-0.27937
-0.279535
-0.279309
-0.733659
-0.721973
-0.670833
-0.593774
-0.504162
-0.409464
-0.312672
-0.215876
-0.1223
-0.0365729
0.0282819
0.0448484
-0.0231726
-0.143687
-0.242103
-0.266115
-0.273003
-0.276763
-0.276826
-0.276792
-0.764274
-0.753027
-0.702105
-0.626027
-0.537739
-0.444981
-0.350809
-0.257439
-0.168383
-0.088528
-0.0292139
-0.0259783
-0.0931166
-0.194064
-0.260793
-0.312363
-0.287628
-0.277928
-0.275924
-0.275543
-0.792323
-0.781569
-0.731684
-0.656865
-0.570597
-0.480259
-0.389177
-0.299623
-0.215259
-0.141412
-0.086467
-0.0878346
-0.156762
-0.233928
-0.280581
-0.272214
-0.278301
-0.279013
-0.278343
-0.277905
-0.816111
-0.806045
-0.757665
-0.685104
-0.601498
-0.514203
-0.426781
-0.341497
-0.261951
-0.193839
-0.144119
-0.142675
-0.207178
-0.273204
-0.309035
-0.308084
-0.295702
-0.290469
-0.287763
-0.286614
-0.833291
-0.824136
-0.778106
-0.708814
-0.628928
-0.545579
-0.462445
-0.381936
-0.307406
-0.244582
-0.200335
-0.192659
-0.239811
-0.295518
-0.334669
-0.319278
-0.307421
-0.302015
-0.298979
-0.297174
-0.84183
-0.833466
-0.790922
-0.726079
-0.651112
-0.57286
-0.494907
-0.419652
-0.350483
-0.292565
-0.251633
-0.235059
-0.253093
-0.246702
-0.262348
-0.275174
-0.28598
-0.290256
-0.291746
-0.292346
-0.837304
-0.830513
-0.794453
-0.735036
-0.666382
-0.594509
-0.522737
-0.453456
-0.38994
-0.336725
-0.297488
-0.270845
-0.26105
-0.191495
-0.198332
-0.242861
-0.272747
-0.285423
-0.290747
-0.292632
-0.818576
-0.813913
-0.785701
-0.734348
-0.673454
-0.609256
-0.544677
-0.48201
-0.424473
-0.376528
-0.3409
-0.317187
-0.302214
-0.264202
-0.24473
-0.286863
-0.313138
-0.322136
-0.324725
-0.325397
-0.786121
-0.782768
-0.76369
-0.72305
-0.671808
-0.616499
-0.559888
-0.50418
-0.452662
-0.410396
-0.384424
-0.368045
-0.402954
-0.50853
-0.561239
-0.487755
-0.419826
-0.383193
-0.370628
-0.366665
-0.744596
-0.74247
-0.731653
-0.70326
-0.662529
-0.616685
-0.568254
-0.519299
-0.473189
-0.43552
-0.413204
-0.410725
-0.446559
-0.557492
-0.607695
-0.494748
-0.396535
-0.349564
-0.330185
-0.323855
-0.702561
-0.701307
-0.69594
-0.679355
-0.649226
-0.611625
-0.570642
-0.52743
-0.485087
-0.448502
-0.426478
-0.388999
-0.296508
-0.136427
-0.0349484
0.00239444
-0.0604279
-0.147262
-0.188696
-0.19483
-0.668751
-0.668095
-0.665362
-0.655835
-0.634873
-0.604669
-0.568985
-0.529682
-0.488463
-0.449541
-0.419586
-0.371235
-0.260161
-0.0924453
0.0788479
-0.0282281
-0.229903
-0.305308
-0.306895
-0.295016
-0.644643
-0.643914
-0.642435
-0.638608
-0.624218
-0.599063
-0.566005
-0.528069
-0.48632
-0.441914
-0.405137
-0.380644
-0.396357
-0.557704
-0.872416
-1.13875
-1.31067
-1.32429
-1.21302
-1.11476
-0.628307
-0.628048
-0.627451
-0.625569
-0.617601
-0.595991
-0.563735
-0.524937
-0.479905
-0.42921
-0.381016
-0.349351
-0.410676
-0.615342
-0.942029
-1.27748
-1.36656
-1.23857
-1.02363
-0.868093
-0.618161
-0.618135
-0.617882
-0.617363
-0.613465
-0.595067
-0.562415
-0.52084
-0.470693
-0.412987
-0.345453
-0.294095
-0.220987
-0.204798
-0.164009
-0.110656
0.0236909
0.246012
0.422271
0.515416
-0.610673
-0.610729
-0.610598
-0.610349
-0.608522
-0.59487
-0.562839
-0.517725
-0.462838
-0.39528
-0.311148
-0.218319
-0.0811864
0.160941
0.497649
0.872033
1.23422
1.50641
1.65749
1.7153
-0.605441
-0.605424
-0.605029
-0.604048
-0.601988
-0.595061
-0.565473
-0.517542
-0.45631
-0.380323
-0.284188
-0.170674
-0.0163468
0.285266
0.733082
1.17978
1.56771
1.83029
1.95807
1.99786
-0.604041
-0.60404
-0.603818
-0.603057
-0.602187
-0.599162
-0.572186
-0.520695
-0.455256
-0.374536
-0.273497
-0.15492
-0.0339656
0.250947
0.662806
1.04976
1.37297
1.58009
1.67685
1.70517
-0.605115
-0.605895
-0.607699
-0.612181
-0.617923
-0.615864
-0.582625
-0.52826
-0.46224
-0.3775
-0.275454
-0.165151
-0.0639199
0.154801
0.485237
0.776845
1.01365
1.15937
1.22386
1.2417
-0.610359
-0.611702
-0.613267
-0.612905
-0.612086
-0.607685
-0.582693
-0.540097
-0.475975
-0.388584
-0.289615
-0.187863
-0.093877
0.0580774
0.293078
0.493359
0.647619
0.738123
0.774736
0.784564
-0.64407
-0.644327
-0.639457
-0.610614
-0.560347
-0.535667
-0.565999
-0.558984
-0.496586
-0.405662
-0.307586
-0.216523
-0.137441
-0.026365
0.128573
0.252321
0.337212
0.382649
0.403014
0.411479
-0.705586
-0.702474
-0.69835
-0.683209
-0.659744
-0.644526
-0.654575
-0.614599
-0.52671
-0.424295
-0.326385
-0.246235
-0.180594
-0.10032
0.00414318
0.0841248
0.131644
0.154047
0.166988
0.174183
-0.830674
-0.829852
-0.860656
-0.91599
-0.950072
-0.932296
-0.865647
-0.716185
-0.568244
-0.440298
-0.339571
-0.270759
-0.22426
-0.16125
-0.0789268
-0.0161082
0.0219268
0.0444554
0.0575437
0.0631843
-0.961253
-0.969353
-1.01225
-1.06477
-1.09303
-1.0709
-0.978505
-0.776693
-0.587857
-0.442628
-0.342154
-0.284196
-0.250154
-0.196628
-0.124031
-0.0653967
-0.0226795
0.00457463
0.0170942
0.0211343
-0.939376
-0.949456
-0.980776
-1.0185
-1.04077
-1.02115
-0.917189
-0.724804
-0.551136
-0.416371
-0.325163
-0.275544
-0.250376
-0.203068
-0.14109
-0.0897804
-0.0500154
-0.0228011
-0.0102942
-0.00778335
-0.716746
-0.728363
-0.757922
-0.797455
-0.826257
-0.811729
-0.716077
-0.579623
-0.454902
-0.356477
-0.286632
-0.246318
-0.224883
-0.18355
-0.134225
-0.093175
-0.0616899
-0.0402193
-0.0303178
-0.0278694
-0.368686
-0.377311
-0.398503
-0.430853
-0.46279
-0.473112
-0.44241
-0.388643
-0.329799
-0.277438
-0.232616
-0.200675
-0.177179
-0.148395
-0.116658
-0.089619
-0.0678715
-0.0529019
-0.0462176
-0.0454258
-0.0541573
-0.0588538
-0.0713363
-0.0961546
-0.131909
-0.166425
-0.192717
-0.206029
-0.206467
-0.19367
-0.173229
-0.151224
-0.128579
-0.111439
-0.0951201
-0.0804715
-0.0678592
-0.058931
-0.0551228
-0.0555785
0.129206
0.126602
0.118882
0.0992285
0.0637923
0.0140352
-0.0370602
-0.0789753
-0.107304
-0.120282
-0.117629
-0.104115
-0.0882906
-0.0816534
-0.0778834
-0.0737173
-0.0691904
-0.0658375
-0.0650065
-0.0661418
0.193036
0.191457
0.186164
0.170778
0.14049
0.0957835
0.0450103
-0.00364299
-0.0418366
-0.0657217
-0.0730954
-0.0679158
-0.0598985
-0.0619674
-0.0672024
-0.0721716
-0.0756
-0.0792966
-0.0825243
-0.0838509
0.192005
0.191103
0.187449
0.176357
0.153907
0.11974
0.0786372
0.0359751
-0.0012659
-0.02846
-0.0409848
-0.0403754
-0.03778
-0.045399
-0.0580055
-0.069886
-0.0810652
-0.0904823
-0.0962149
-0.0973517
0.165579
0.165166
0.162787
0.155328
0.139869
0.115704
0.0849773
0.0509184
0.0190743
-0.00641346
-0.0199466
-0.0202068
-0.0174443
-0.0273767
-0.0472018
-0.064359
-0.0791537
-0.0902076
-0.0958553
-0.0966201
0.132776
0.132733
0.131244
0.126421
0.116139
0.0995605
0.077473
0.0516284
0.0256356
0.00308603
-0.0107345
-0.0118183
-0.00705109
-0.017917
-0.0401013
-0.0576291
-0.0707394
-0.0792521
-0.0827455
-0.0833712
0.101061
0.101044
0.100214
0.0972194
0.0905702
0.0794375
0.0639278
0.0448517
0.0241061
0.00373194
-0.0125769
-0.0210409
-0.0218137
-0.0315377
-0.0472013
-0.0574102
-0.0633659
-0.0668741
-0.0679877
-0.0684915
0.0730823
0.0731921
0.072647
0.0708217
0.0665917
0.0592312
0.0485118
0.0345809
0.0180922
-0.000707815
-0.0217614
-0.0447305
-0.064113
-0.0681018
-0.066904
-0.0635775
-0.061535
-0.0602296
-0.0597934
-0.0601221
0.0489676
0.0490887
0.0488093
0.0478019
0.0453263
0.0407335
0.0336574
0.0239129
0.0112599
-0.00549797
-0.0302883
-0.0682191
-0.104459
-0.104122
-0.0841881
-0.0703851
-0.0633306
-0.0600545
-0.0587556
-0.0585786
0.0285184
0.0286347
0.0285341
0.0280628
0.0268365
0.0243699
0.0202695
0.0142468
0.00587027
-0.00675217
-0.0294066
-0.0676759
-0.108553
-0.100771
-0.0772099
-0.063387
-0.0573914
-0.0559301
-0.054895
-0.0541506
0.00315372
0.0031453
0.0032137
0.00357772
0.00382642
0.00368473
0.00306017
0.00203787
0.00045907
-0.00228216
-0.00938047
-0.0197744
-0.0200218
-0.021491
-0.0202901
-0.0197894
-0.0179604
-0.0157758
-0.0145783
-0.0333649
-1.08848
-0.4141
0.0345172
0.292169
0.476832
0.617697
0.726255
0.81358
0.907989
0.999441
-0.0449801
0.148282
0.324688
0.473134
0.596895
0.697331
0.778804
0.845534
0.887027
0.890667
0.284422
0.398808
0.510869
0.610446
0.695847
0.767691
0.826494
0.871222
0.900052
0.917499
0.492651
0.570445
0.647554
0.718066
0.779424
0.8318
0.874937
0.908828
0.93467
0.953638
0.645541
0.698217
0.756697
0.809178
0.855201
0.895253
0.929294
0.957587
0.980801
0.997721
0.766583
0.807096
0.852401
0.892136
0.929028
0.961983
0.990874
1.0156
1.03631
1.0505
0.868544
0.902748
0.939457
0.97342
1.00539
1.03478
1.06094
1.0834
1.10197
1.11367
0.961219
0.992086
1.02583
1.05824
1.0888
1.117
1.14199
1.16317
1.18005
1.18955
1.05185
1.08427
1.11944
1.15331
1.1845
1.21268
1.23715
1.2574
1.27281
1.281
1.15356
1.19099
1.22919
1.26535
1.29732
1.32512
1.3485
1.36745
1.38155
1.39003
1.28034
1.32266
1.36178
1.39759
1.42794
1.45357
1.47508
1.49267
1.50615
1.51631
1.44177
1.48319
1.51686
1.54637
1.57087
1.59236
1.61192
1.62932
1.64405
1.65673
1.63212
1.6629
1.68411
1.70322
1.72126
1.73847
1.75466
1.77047
1.78697
1.80389
1.82993
1.84132
1.85235
1.86643
1.8807
1.89353
1.90488
1.91573
1.92862
1.9455
2.01571
2.02561
2.03424
2.03669
2.03755
2.0418
2.05259
2.06852
2.08614
2.09073
2.31673
2.26132
2.21049
2.17025
2.14785
2.14379
2.15729
2.19109
2.24752
2.32308
0.899178
0.840484
0.798006
0.764149
0.739496
0.721948
0.709446
0.700529
0.694434
0.690975
0.690614
0.693502
0.698962
0.706914
0.717848
0.732909
0.753925
0.783024
0.82179
0.869618
0.700723
0.709483
0.715019
0.715843
0.712363
0.706323
0.699898
0.694439
0.690619
0.688992
0.690193
0.693811
0.69911
0.7056
0.712377
0.717654
0.719285
0.716052
0.708719
0.701051
0.677747
0.679778
0.684384
0.687897
0.690412
0.691844
0.691562
0.689835
0.687659
0.686111
0.686155
0.688008
0.690752
0.693392
0.694887
0.69456
0.692713
0.68992
0.685874
0.681493
0.67082
0.671687
0.674172
0.676888
0.678902
0.680268
0.681259
0.68172
0.681593
0.681362
0.681744
0.682859
0.683978
0.684478
0.68419
0.683356
0.681957
0.679727
0.677094
0.67513
0.665146
0.665608
0.667005
0.66903
0.670973
0.672554
0.673705
0.674614
0.675351
0.675955
0.676622
0.6773
0.677652
0.677582
0.67713
0.676182
0.674688
0.672872
0.671233
0.670218
0.659933
0.66022
0.66114
0.662613
0.664243
0.665853
0.667286
0.668472
0.669515
0.670499
0.671378
0.671966
0.672157
0.671962
0.671327
0.670284
0.669011
0.667708
0.666629
0.666006
0.65493
0.655131
0.655822
0.656998
0.658387
0.659838
0.66132
0.66274
0.664037
0.665254
0.666326
0.667008
0.667208
0.666947
0.666304
0.665437
0.664476
0.663494
0.662719
0.662282
0.650063
0.650215
0.650764
0.651752
0.652988
0.654334
0.65577
0.657271
0.658779
0.660238
0.661536
0.662379
0.66266
0.66249
0.662024
0.661382
0.660654
0.659919
0.659352
0.659024
0.645251
0.645371
0.645821
0.646675
0.647812
0.649101
0.650512
0.652054
0.653709
0.655415
0.656987
0.658059
0.658534
0.65858
0.658343
0.657924
0.657401
0.656876
0.656469
0.656216
0.640403
0.640499
0.640879
0.641645
0.64272
0.643975
0.645399
0.64701
0.64881
0.650767
0.652664
0.654059
0.654831
0.655151
0.655161
0.654973
0.654665
0.654325
0.654046
0.653846
0.635425
0.635504
0.635835
0.636543
0.637588
0.638846
0.640321
0.642042
0.644031
0.646277
0.648568
0.650379
0.65152
0.65216
0.65245
0.652503
0.652414
0.652249
0.652076
0.651917
0.630226
0.630292
0.630589
0.631265
0.632312
0.633621
0.635189
0.637066
0.639307
0.641915
0.644689
0.647006
0.648584
0.649597
0.650204
0.650523
0.650657
0.65066
0.650581
0.650452
0.624712
0.624767
0.625042
0.625711
0.626796
0.628199
0.629908
0.632005
0.634569
0.637637
0.641004
0.643929
0.646023
0.647467
0.648434
0.649049
0.649422
0.649597
0.649601
0.649496
0.618777
0.618823
0.619086
0.619772
0.620932
0.622473
0.624384
0.626774
0.62975
0.633393
0.637486
0.64114
0.643848
0.645795
0.647173
0.648139
0.648771
0.649119
0.649199
0.649112
0.6123
0.612338
0.612599
0.613323
0.614595
0.616327
0.618509
0.621276
0.624777
0.62913
0.634106
0.638637
0.642076
0.644619
0.646476
0.647827
0.648758
0.649294
0.649449
0.649377
0.605136
0.605166
0.605432
0.606217
0.607644
0.609628
0.612158
0.615407
0.619565
0.624794
0.630842
0.636425
0.64073
0.643976
0.646401
0.648196
0.649472
0.650212
0.65044
0.65038
0.597103
0.597126
0.59741
0.598275
0.599902
0.602205
0.605181
0.60904
0.614017
0.620322
0.627668
0.634509
0.639842
0.643914
0.647011
0.649341
0.651011
0.651972
0.652273
0.652222
0.587965
0.587989
0.588301
0.589267
0.591152
0.593855
0.597403
0.602029
0.608025
0.61565
0.624565
0.632905
0.639453
0.6445
0.648384
0.651347
0.653471
0.654676
0.655051
0.655004
0.577411
0.577426
0.577777
0.57889
0.581104
0.58434
0.588609
0.5942
0.601468
0.610714
0.621521
0.631637
0.639612
0.645804
0.650613
0.654303
0.656958
0.658424
0.658871
0.658824
0.565054
0.565064
0.565458
0.566765
0.569412
0.573331
0.578525
0.585346
0.59421
0.605452
0.618531
0.630739
0.640373
0.64789
0.653783
0.658313
0.661561
0.663302
0.663814
0.663763
0.550329
0.550334
0.550791
0.552366
0.555589
0.560411
0.566815
0.575225
0.586111
0.599812
0.615606
0.630252
0.641791
0.650821
0.657967
0.663448
0.667349
0.669363
0.669926
0.669864
0.532459
0.53246
0.533012
0.53497
0.53899
0.545042
0.55307
0.563576
0.577048
0.593778
0.612788
0.630238
0.643932
0.65467
0.663187
0.669753
0.674342
0.676607
0.677198
0.677117
0.510262
0.510259
0.510977
0.513534
0.518726
0.526528
0.536814
0.550141
0.566948
0.587399
0.610174
0.630786
0.646861
0.659475
0.669499
0.677234
0.682493
0.684954
0.685536
0.685429
0.481964
0.48196
0.48297
0.48652
0.493575
0.504011
0.51756
0.534754
0.555854
0.580814
0.607919
0.632015
0.650649
0.665259
0.676882
0.685821
0.691666
0.694217
0.694744
0.694604
0.444477
0.44449
0.446136
0.451618
0.461981
0.476593
0.494988
0.517465
0.543998
0.574301
0.606251
0.634069
0.655362
0.672038
0.685293
0.69536
0.701604
0.704093
0.704513
0.704336
0.391892
0.392141
0.3959
0.405839
0.422364
0.443855
0.469301
0.498733
0.531878
0.56828
0.605451
0.637101
0.661065
0.679769
0.694581
0.70558
0.711929
0.714178
0.714452
0.714241
0.316511
0.318876
0.329894
0.349407
0.376236
0.407316
0.441754
0.479403
0.520001
0.563065
0.605813
0.641526
0.668328
0.689198
0.705607
0.717333
0.723573
0.725501
0.725646
0.725435
0.236309
0.242757
0.262324
0.292085
0.32973
0.370694
0.414167
0.460122
0.508421
0.558623
0.60771
0.648297
0.678496
0.701886
0.720105
0.732341
0.737961
0.739345
0.739399
0.739265
0.167524
0.174354
0.200596
0.239061
0.285903
0.33593
0.388058
0.442131
0.497983
0.555146
0.610313
0.655454
0.688761
0.714312
0.733705
0.745749
0.750712
0.75185
0.751929
0.751841
0.111309
0.118398
0.148697
0.193367
0.247064
0.304522
0.364127
0.425531
0.488408
0.552174
0.61313
0.662553
0.69873
0.726125
0.74643
0.758553
0.763258
0.764276
0.764373
0.764319
0.0646451
0.0720437
0.104846
0.154237
0.213369
0.276872
0.342771
0.410592
0.479818
0.549713
0.616144
0.669663
0.708568
0.737818
0.759162
0.771467
0.7761
0.77714
0.777246
0.777219
0.0251082
0.0326679
0.0672121
0.120148
0.183837
0.252451
0.323765
0.397229
0.472185
0.547752
0.619371
0.676837
0.718433
0.749509
0.771887
0.784713
0.789602
0.790556
0.79068
0.790667
-0.00932859
-0.0016737
0.034116
0.0899982
0.157467
0.230471
0.306556
0.385075
0.465275
0.546139
0.622695
0.683979
0.728208
0.761111
0.784648
0.798087
0.803238
0.804256
0.804382
0.804375
-0.0401687
-0.0324232
0.00437565
0.0627692
0.133444
0.210267
0.290597
0.373701
0.458745
0.544589
0.625881
0.690885
0.737706
0.772443
0.797134
0.811196
0.816667
0.817781
0.817915
0.817909
-0.0683855
-0.0605643
-0.0229089
0.0376579
0.11112
0.191312
0.275437
0.362715
0.452253
0.542833
0.628715
0.697358
0.746712
0.783197
0.808995
0.823712
0.829471
0.830748
0.83088
0.830864
-0.0947611
-0.0868424
-0.0483681
0.0140062
0.0900038
0.1732
0.260731
0.351826
0.445563
0.540658
0.631015
0.703246
0.75508
0.793258
0.820061
0.835391
0.841413
0.842806
0.842934
0.842901
-0.119771
-0.111732
-0.0724675
-0.00856083
0.0697376
0.15562
0.246238
0.340831
0.438478
0.537882
0.63263
0.70845
0.762745
0.802552
0.830307
0.846059
0.852268
0.853727
0.853829
0.85377
-0.143803
-0.135597
-0.0955281
-0.0302777
0.0500833
0.138366
0.231776
0.329564
0.430858
0.534387
0.633474
0.712926
0.769702
0.811069
0.839637
0.855652
0.861953
0.863445
0.863501
0.863421
-0.167027
-0.158642
-0.118044
-0.051301
0.0308775
0.12131
0.21723
0.317938
0.422618
0.530077
0.633456
0.716633
0.775974
0.818892
0.848137
0.86427
0.87055
0.871985
0.872027
0.871925
-0.189619
-0.18106
-0.139786
-0.0717722
0.0120257
0.104378
0.202549
0.305903
0.413708
0.524885
0.632506
0.719546
0.781622
0.826164
0.855976
0.872051
0.878168
0.879523
0.879522
0.879403
-0.21165
-0.20293
-0.160935
-0.0917681
-0.00651504
0.0875463
0.187725
0.293454
0.4041
0.518769
0.630557
0.721629
0.786712
0.833032
0.863342
0.879173
0.884941
0.886139
0.886091
0.885955
-0.233149
-0.224248
-0.181577
-0.111317
-0.0247549
0.0708195
0.172766
0.28061
0.393826
0.51173
0.627556
0.722825
0.791273
0.839665
0.870484
0.885825
0.891007
0.891934
0.891821
0.891676
-0.254092
-0.245016
-0.201634
-0.130394
-0.0426684
0.0542239
0.157729
0.267428
0.382933
0.503771
0.623453
0.723055
0.795287
0.846195
0.877709
0.892333
0.896557
0.897013
0.896811
0.896674
-0.274436
-0.265176
-0.221113
-0.148978
-0.0602257
0.0378199
0.142668
0.253979
0.371479
0.494951
0.618221
0.722213
0.798659
0.852681
0.885366
0.89925
0.902057
0.901577
0.901158
0.901075
-0.294188
-0.284731
-0.240008
-0.167046
-0.0773911
0.0216699
0.127663
0.240347
0.359554
0.485326
0.611875
0.72018
0.801217
0.859032
0.893686
0.907346
0.908508
0.906264
0.905123
0.905181
-0.313287
-0.303636
-0.258283
-0.184567
-0.0941057
0.00582045
0.11279
0.226615
0.34726
0.474988
0.604434
0.716833
0.802734
0.864968
0.902535
0.91724
0.917559
0.913156
0.909952
0.908957
-0.331761
-0.321924
-0.275929
-0.201546
-0.110399
-0.00974369
0.0980278
0.212759
0.334575
0.463909
0.595833
0.711952
0.802918
0.870145
0.911389
0.928821
0.930624
0.925289
0.917388
0.902427
-0.349641
-0.339597
-0.293047
-0.218163
-0.12651
-0.025319
0.0830074
0.198331
0.320969
0.451483
0.58544
0.704894
0.801112
0.87416
0.919285
0.940345
0.94527
0.937785
0.928704
0.884599
-0.367187
-0.356271
-0.309545
-0.234293
-0.142358
-0.040817
0.067888
0.183534
0.306646
0.437883
0.573269
0.695407
0.796333
0.876112
0.923879
0.945393
0.949826
0.943954
0.892403
0.832937
-0.385388
-0.370891
-0.325187
-0.249786
-0.158154
-0.0564725
0.0524017
0.168363
0.291584
0.42308
0.559167
0.683129
0.787191
0.875673
0.922202
0.930368
0.935401
0.899694
0.833329
0.769014
-0.403351
-0.405859
-0.345971
-0.26231
-0.170638
-0.0693544
0.0371732
0.153482
0.276527
0.407857
0.543762
0.668266
0.773192
0.874287
0.884407
0.898804
0.873395
0.807649
0.731725
0.661089
-0.379285
-0.377964
-0.319166
-0.235754
-0.139
-0.0345219
0.076907
0.195865
0.32219
0.457689
0.58863
0.701961
0.797455
0.894398
0.900434
0.797504
0.710548
0.641129
0.567021
0.424858
-0.419368
-0.393353
-0.331705
-0.247419
-0.151126
-0.0466963
0.0641681
0.182571
0.308071
0.44227
0.571087
0.681682
0.768047
0.830957
0.797311
0.662434
0.540002
0.456093
0.371183
0.209896
-0.443213
-0.412464
-0.34994
-0.266249
-0.169831
-0.0655653
0.0455246
0.163188
0.287433
0.419503
0.545143
0.650372
0.727803
0.755563
0.673606
0.507531
0.366463
0.261796
0.146062
-0.0861889
-0.466456
-0.43341
-0.369724
-0.285363
-0.188879
-0.0847167
0.0260266
0.142785
0.265527
0.395008
0.516394
0.614372
0.680095
0.672369
0.534858
0.346145
0.173926
0.0312179
-0.128847
-0.508687
-0.488736
-0.454866
-0.390159
-0.3049
-0.208336
-0.10438
0.00571145
0.12143
0.242443
0.368913
0.485148
0.574813
0.621971
0.584582
0.399715
0.19154
-0.0219039
-0.200521
-0.446772
-0.988853
-0.510822
-0.476906
-0.411523
-0.325673
-0.228957
-0.125239
-0.0157979
0.098771
0.217819
0.340877
0.45137
0.532643
0.55975
0.472266
0.275877
0.0610908
-0.155678
-0.355609
-0.522023
-1.10488
-0.53385
-0.499867
-0.434105
-0.347926
-0.251094
-0.147589
-0.0387741
0.0745991
0.191517
0.310842
0.415245
0.486743
0.488901
0.358626
0.16913
-0.0354492
-0.222642
-0.351126
-0.38461
-0.431341
-0.558242
-0.524201
-0.458217
-0.371937
-0.275177
-0.172057
-0.0640529
0.047829
0.16219
0.277086
0.374941
0.433278
0.413158
0.253996
0.0725362
-0.107217
-0.252249
-0.313941
-0.336638
-0.342359
-0.584346
-0.550088
-0.483955
-0.397693
-0.301179
-0.198641
-0.0917212
0.018336
0.129715
0.239537
0.330123
0.373149
0.337728
0.156532
-0.0156055
-0.173394
-0.283145
-0.30985
-0.310942
-0.311308
-0.612254
-0.577676
-0.511363
-0.425181
-0.329068
-0.227344
-0.121779
-0.0138836
0.0940593
0.198264
0.280488
0.310957
0.243644
0.0672383
-0.0961081
-0.235181
-0.282128
-0.296486
-0.297742
-0.297328
-0.64186
-0.606903
-0.540409
-0.454395
-0.358834
-0.258142
-0.154213
-0.0488352
0.0552528
0.153343
0.226623
0.243028
0.145367
-0.0152962
-0.164338
-0.273686
-0.287366
-0.287328
-0.288497
-0.288186
-0.672703
-0.637561
-0.57091
-0.485167
-0.390345
-0.290934
-0.188946
-0.0864565
0.0134085
0.104991
0.169495
0.168103
0.0601519
-0.088192
-0.218714
-0.25758
-0.279585
-0.282975
-0.28334
-0.283109
-0.704437
-0.668983
-0.602514
-0.5172
-0.423347
-0.325495
-0.225766
-0.126531
-0.0312362
0.053757
0.108776
0.0958118
-0.0189166
-0.148337
-0.25446
-0.295144
-0.283294
-0.279866
-0.279401
-0.279189
-0.736127
-0.700688
-0.634675
-0.550001
-0.457399
-0.361429
-0.264316
-0.168686
-0.0783184
0.000379288
0.0444541
0.0296205
-0.0897873
-0.194058
-0.272513
-0.270675
-0.275443
-0.276725
-0.276835
-0.276715
-0.766769
-0.731844
-0.666259
-0.582845
-0.49186
-0.398167
-0.304051
-0.212333
-0.127209
-0.0545644
-0.0174796
-0.0369561
-0.149303
-0.235387
-0.256448
-0.2796
-0.27823
-0.276558
-0.27568
-0.275376
-0.794779
-0.760823
-0.696422
-0.614673
-0.525837
-0.434899
-0.344229
-0.256726
-0.176921
-0.110356
-0.0740655
-0.108001
-0.198609
-0.265755
-0.271751
-0.276774
-0.279233
-0.278661
-0.278114
-0.277596
-0.818464
-0.785968
-0.723448
-0.644222
-0.558195
-0.470595
-0.383879
-0.300933
-0.226307
-0.165912
-0.130335
-0.168375
-0.239881
-0.302655
-0.329571
-0.307967
-0.29282
-0.288804
-0.287095
-0.286149
-0.835523
-0.805167
-0.745379
-0.669783
-0.587546
-0.504042
-0.421847
-0.343853
-0.27431
-0.219679
-0.187268
-0.214725
-0.260795
-0.33571
-0.338905
-0.312319
-0.30443
-0.300323
-0.297822
-0.296923
-0.843617
-0.815935
-0.760332
-0.689481
-0.612263
-0.533888
-0.456942
-0.384247
-0.319868
-0.27018
-0.236963
-0.249707
-0.244846
-0.266119
-0.268506
-0.280737
-0.288751
-0.291233
-0.292086
-0.292572
-0.839808
-0.816401
-0.766473
-0.701547
-0.630743
-0.558639
-0.487782
-0.420911
-0.361846
-0.316466
-0.277334
-0.276495
-0.229912
-0.167861
-0.214009
-0.259517
-0.280394
-0.288695
-0.292003
-0.292815
-0.820733
-0.803313
-0.761963
-0.704682
-0.641703
-0.577023
-0.513097
-0.452507
-0.399142
-0.358077
-0.321052
-0.314503
-0.284033
-0.210639
-0.263014
-0.303397
-0.318771
-0.323922
-0.325164
-0.325595
-0.787991
-0.775975
-0.745398
-0.698286
-0.644494
-0.588358
-0.531895
-0.477782
-0.430171
-0.394651
-0.365465
-0.379489
-0.449832
-0.535493
-0.527507
-0.450316
-0.397078
-0.37518
-0.367993
-0.366234
-0.746206
-0.73875
-0.71964
-0.683865
-0.640021
-0.592794
-0.543769
-0.495765
-0.452976
-0.422385
-0.400707
-0.424452
-0.488343
-0.616858
-0.563146
-0.436269
-0.369042
-0.337122
-0.326116
-0.322493
-0.703773
-0.699572
-0.689321
-0.665642
-0.631103
-0.591658
-0.549258
-0.505958
-0.465875
-0.434685
-0.411231
-0.35987
-0.213551
-0.0727541
-0.00502519
-0.0146178
-0.108122
-0.174973
-0.193782
-0.193616
-0.66946
-0.667256
-0.661849
-0.646717
-0.620777
-0.587173
-0.549766
-0.50927
-0.46848
-0.432135
-0.410077
-0.324867
-0.188577
0.0136589
0.0587924
-0.131548
-0.285827
-0.310646
-0.299032
-0.301541
-0.644338
-0.64328
-0.641238
-0.632906
-0.61275
-0.583347
-0.547803
-0.507661
-0.464104
-0.422323
-0.393386
-0.38417
-0.441029
-0.705541
-1.01991
-1.23491
-1.34079
-1.27651
-1.15565
-1.09742
-0.628234
-0.627768
-0.627012
-0.622973
-0.608375
-0.580981
-0.545019
-0.502924
-0.455769
-0.403059
-0.364671
-0.357776
-0.499584
-0.759778
-1.13571
-1.35231
-1.32772
-1.12965
-0.936144
-0.840085
-0.618167
-0.618035
-0.617605
-0.616309
-0.606347
-0.580184
-0.542472
-0.49717
-0.442981
-0.378174
-0.318712
-0.24926
-0.207997
-0.189684
-0.139124
-0.0617876
0.133752
0.343864
0.479986
0.533546
-0.610725
-0.610687
-0.610434
-0.610233
-0.603879
-0.580737
-0.541747
-0.49176
-0.43011
-0.356672
-0.263128
-0.154361
0.0231308
0.321739
0.679201
1.0599
1.38489
1.59693
1.69595
1.72426
-0.605472
-0.605278
-0.604637
-0.603631
-0.600834
-0.58296
-0.543402
-0.488278
-0.421093
-0.334448
-0.226424
-0.117678
0.112082
0.499152
0.959262
1.3855
1.71738
1.9091
1.98585
2.00345
-0.604064
-0.603957
-0.603532
-0.602125
-0.601159
-0.589702
-0.548298
-0.489718
-0.417364
-0.325038
-0.21556
-0.0991183
0.0765632
0.456469
0.859837
1.2232
1.49242
1.64043
1.69682
1.70882
-0.605493
-0.606564
-0.609569
-0.615204
-0.619724
-0.603231
-0.556908
-0.497313
-0.422136
-0.327449
-0.220838
-0.112192
0.0201824
0.321023
0.635667
0.905283
1.09835
1.19999
1.23653
1.24321
-0.611102
-0.612424
-0.613421
-0.612143
-0.611565
-0.597393
-0.563725
-0.511119
-0.434909
-0.339397
-0.238252
-0.138486
-0.0356941
0.176173
0.39862
0.57717
0.701328
0.761802
0.781713
0.785579
-0.64441
-0.643525
-0.629442
-0.587276
-0.543216
-0.550496
-0.570093
-0.532836
-0.453729
-0.355312
-0.260309
-0.17462
-0.0940456
0.0533398
0.195547
0.299459
0.364985
0.394667
0.408513
0.412426
-0.703995
-0.700693
-0.693564
-0.670044
-0.650016
-0.646997
-0.64425
-0.573525
-0.476794
-0.372235
-0.284199
-0.211352
-0.148186
-0.04646
0.0486098
0.111591
0.145019
0.160967
0.171556
0.175388
-0.827282
-0.842029
-0.885616
-0.938035
-0.946787
-0.907672
-0.795985
-0.640123
-0.501228
-0.385599
-0.301407
-0.24505
-0.20127
-0.118005
-0.0447186
0.00569434
0.0344222
0.0520786
0.0611526
0.0640743
-0.959968
-0.987594
-1.04016
-1.08299
-1.08958
-1.0407
-0.882219
-0.677937
-0.509607
-0.386217
-0.307619
-0.263559
-0.23442
-0.159585
-0.0921283
-0.0432451
-0.00626114
0.0122185
0.0199558
0.0208445
-0.94231
-0.962239
-1.00013
-1.03282
-1.0377
-0.983627
-0.822095
-0.634463
-0.478837
-0.36435
-0.295016
-0.261805
-0.23436
-0.172316
-0.113668
-0.068831
-0.0342625
-0.0150324
-0.00807134
-0.00816753
-0.720445
-0.741036
-0.777329
-0.814766
-0.826227
-0.776186
-0.647732
-0.515242
-0.402455
-0.317069
-0.262594
-0.233949
-0.209003
-0.158764
-0.112585
-0.0762032
-0.0495361
-0.0340325
-0.028417
-0.0287225
-0.372006
-0.386185
-0.413818
-0.448103
-0.471715
-0.462392
-0.417323
-0.358731
-0.303029
-0.25331
-0.21484
-0.187542
-0.163375
-0.132439
-0.10269
-0.0779933
-0.059362
-0.0485415
-0.0453176
-0.0463107
-0.0562777
-0.0637253
-0.0821696
-0.113048
-0.150159
-0.1807
-0.200907
-0.207836
-0.201336
-0.183643
-0.162136
-0.139198
-0.118365
-0.102734
-0.0876902
-0.0738395
-0.0627162
-0.0564152
-0.0549646
-0.0563738
0.127912
0.123853
0.110827
0.0835478
0.0402626
-0.0121714
-0.0592725
-0.0948835
-0.115548
-0.120658
-0.111844
-0.0958863
-0.0834229
-0.0794165
-0.0758619
-0.0716307
-0.0671395
-0.0651396
-0.0653473
-0.0668815
0.192216
0.189689
0.18004
0.157633
0.119583
0.0707266
0.0199054
-0.024215
-0.0556195
-0.071432
-0.0715163
-0.0636853
-0.0593531
-0.0646406
-0.0698389
-0.0737671
-0.0773853
-0.0811833
-0.0833474
-0.0843469
0.191585
0.189907
0.183077
0.166682
0.138087
0.0998332
0.0569898
0.0165373
-0.0163792
-0.0367599
-0.0417164
-0.0388124
-0.0406051
-0.0512117
-0.0639407
-0.0758037
-0.0860011
-0.0940851
-0.0971718
-0.0976013
0.165431
0.164401
0.159871
0.148707
0.128782
0.101086
0.0679743
0.0346235
0.00529984
-0.0150701
-0.0213377
-0.0185774
-0.0203314
-0.0375858
-0.0562023
-0.0720716
-0.0852444
-0.0938434
-0.0965417
-0.0967192
0.132803
0.132253
0.129379
0.12205
0.108609
0.0891961
0.0647517
0.038614
0.0137299
-0.00541067
-0.012744
-0.00933192
-0.00948481
-0.0291111
-0.0495893
-0.0646817
-0.0756589
-0.0815316
-0.0831946
-0.0835004
0.10114
0.100801
0.099083
0.0944218
0.0855691
0.0722456
0.0546709
0.0346664
0.0137467
-0.00537469
-0.017844
-0.0217312
-0.0245149
-0.0402117
-0.0528497
-0.0607164
-0.0656555
-0.0675724
-0.0682488
-0.0687124
0.0731932
0.0730027
0.0719712
0.0690617
0.0633248
0.0543196
0.0418663
0.0266759
0.00903935
-0.011108
-0.0335068
-0.0566957
-0.0676987
-0.0680583
-0.0653412
-0.062277
-0.060718
-0.0599021
-0.059892
-0.0603905
0.0490686
0.0490105
0.0484392
0.0467833
0.04333
0.0375351
0.0291114
0.0179855
0.00351594
-0.0166874
-0.0474679
-0.0893835
-0.110351
-0.0942524
-0.0760753
-0.0662725
-0.0613308
-0.0592215
-0.0585601
-0.0587555
0.0286071
0.0286087
0.0283673
0.0275709
0.0257805
0.0225541
0.0175082
0.0103688
0.000564895
-0.0165612
-0.0465951
-0.0919519
-0.110348
-0.088442
-0.0687766
-0.0597304
-0.056466
-0.0554463
-0.0544294
-0.0541349
0.0111848
0.0112791
0.0112433
0.0111263
0.0108777
0.0101226
0.00855173
0.00607716
0.00228531
-0.0037869
-0.0156362
-0.0388288
-0.0592977
-0.0516648
-0.0417665
-0.0360696
-0.0348507
-0.0347891
-0.0343052
-0.0332095
-0.706209
-0.144029
0.175244
0.388751
0.551268
0.67451
0.772562
0.856555
0.964458
0.963162
0.0967388
0.242953
0.402137
0.538264
0.649915
0.74003
0.814116
0.87073
0.893943
0.898273
0.357767
0.456219
0.562553
0.654889
0.733418
0.798726
0.850798
0.887477
0.910448
0.927653
0.542898
0.610687
0.684055
0.749872
0.80675
0.854537
0.893013
0.922572
0.945935
0.964707
0.681875
0.732522
0.783765
0.832972
0.875976
0.913012
0.944139
0.969729
0.991252
1.00964
0.794522
0.83146
0.872499
0.91106
0.94601
0.976933
1.00378
1.02637
1.04539
1.0632
0.891451
0.921487
0.956692
0.989689
1.02046
1.04829
1.07267
1.09313
1.10974
1.12712
0.980587
1.00896
1.04226
1.07377
1.10325
1.12993
1.1531
1.17214
1.18653
1.20366
1.07076
1.10167
1.1367
1.16924
1.19901
1.22541
1.24784
1.26573
1.27827
1.29552
1.17422
1.20991
1.24777
1.28185
1.31176
1.33737
1.35855
1.3751
1.38665
1.40448
1.30325
1.34226
1.38038
1.4134
1.4413
1.46481
1.48438
1.49985
1.51164
1.52989
1.46431
1.50032
1.53236
1.55911
1.5819
1.60237
1.62095
1.63696
1.65065
1.66852
1.64896
1.674
1.69385
1.71234
1.72998
1.74671
1.76256
1.77854
1.79566
1.81479
1.83562
1.84646
1.85917
1.87371
1.88732
1.89938
1.91028
1.92162
1.93702
1.95645
2.0175
2.03093
2.03599
2.037
2.03897
2.04632
2.06002
2.07761
2.09135
2.10269
2.28636
2.23577
2.18831
2.15672
2.14366
2.14821
2.17145
2.21651
2.2832
2.37732
0.755802
0.752794
0.746737
0.735813
0.723326
0.712022
0.702972
0.696229
0.691783
0.689915
0.691175
0.695188
0.701372
0.709671
0.720183
0.732508
0.744867
0.753582
0.758095
0.760262
0.684097
0.690745
0.695995
0.699616
0.700734
0.699105
0.695661
0.691884
0.688921
0.687638
0.688754
0.691822
0.695934
0.700176
0.703218
0.703757
0.701446
0.697073
0.69078
0.684957
0.673972
0.676935
0.680301
0.682794
0.68456
0.685752
0.68599
0.685259
0.68422
0.6838
0.6847
0.686473
0.688169
0.688978
0.688579
0.687339
0.685449
0.682587
0.679256
0.676968
0.667901
0.669326
0.671542
0.673819
0.675549
0.676753
0.677656
0.678261
0.67856
0.678909
0.679649
0.68045
0.680828
0.680653
0.680052
0.678929
0.677132
0.674918
0.673174
0.672089
0.662507
0.663326
0.664794
0.666575
0.668324
0.669811
0.670965
0.671929
0.672798
0.673612
0.674331
0.674752
0.674794
0.674465
0.673676
0.672419
0.670917
0.669411
0.668399
0.667733
0.657413
0.657968
0.659055
0.660476
0.661999
0.663517
0.664929
0.666166
0.667297
0.668369
0.66919
0.66959
0.669569
0.669105
0.668259
0.667203
0.666063
0.665003
0.66432
0.663852
0.652486
0.652902
0.653772
0.654991
0.656333
0.657759
0.659234
0.660684
0.662057
0.663353
0.664349
0.664835
0.664821
0.664397
0.66372
0.662914
0.662051
0.661267
0.660769
0.660412
0.647658
0.647985
0.648704
0.649775
0.651025
0.652389
0.653859
0.655419
0.657013
0.658568
0.659789
0.660429
0.660554
0.660323
0.65987
0.659278
0.658637
0.65807
0.657701
0.657415
0.64284
0.643105
0.643718
0.64469
0.645882
0.647217
0.648707
0.650358
0.652143
0.653985
0.655497
0.656392
0.656768
0.656782
0.656559
0.65619
0.655753
0.655361
0.655088
0.654851
0.637938
0.638159
0.638698
0.639611
0.64077
0.642111
0.643659
0.645433
0.647432
0.649592
0.651477
0.652724
0.653417
0.653709
0.653733
0.653598
0.653355
0.653116
0.652919
0.652717
0.632862
0.63305
0.63354
0.634423
0.635585
0.636975
0.638622
0.640568
0.642835
0.645381
0.647728
0.649408
0.650474
0.651086
0.651386
0.651485
0.651441
0.65134
0.651205
0.651027
0.627518
0.627682
0.628143
0.629027
0.630234
0.631716
0.633509
0.635689
0.638299
0.641328
0.644236
0.646431
0.647934
0.648913
0.649522
0.649864
0.650035
0.650063
0.649979
0.649818
0.621807
0.621953
0.622404
0.623318
0.624611
0.626231
0.628234
0.630721
0.633765
0.637395
0.640981
0.643792
0.645808
0.647208
0.648166
0.648804
0.649186
0.649335
0.649295
0.649144
0.615617
0.615749
0.616207
0.617181
0.618603
0.620417
0.622701
0.625582
0.629175
0.633542
0.637951
0.641496
0.64412
0.646011
0.647367
0.648332
0.648951
0.649223
0.649221
0.649076
0.608815
0.608938
0.609416
0.610481
0.612081
0.614153
0.6168
0.620183
0.62446
0.62973
0.635133
0.639555
0.642899
0.645371
0.647186
0.648524
0.649408
0.649808
0.649841
0.649698
0.60125
0.601359
0.601868
0.603059
0.604892
0.607296
0.610406
0.614422
0.619546
0.625918
0.632517
0.637985
0.642178
0.645334
0.647703
0.649475
0.650652
0.651185
0.651251
0.651104
0.59269
0.592808
0.593361
0.594719
0.596839
0.599668
0.603368
0.608177
0.614348
0.622063
0.6301
0.636811
0.642006
0.645966
0.649
0.651276
0.652782
0.653455
0.653551
0.653398
0.58286
0.582985
0.58363
0.585191
0.587688
0.591066
0.59551
0.60131
0.608776
0.618127
0.627885
0.636064
0.642442
0.647348
0.651157
0.65402
0.655902
0.656723
0.656844
0.656681
0.571447
0.571574
0.572337
0.574171
0.577149
0.581227
0.586612
0.593662
0.602736
0.614077
0.625886
0.635786
0.643543
0.649561
0.654258
0.657814
0.660108
0.661079
0.661221
0.661044
0.557954
0.558098
0.559023
0.56122
0.564822
0.569808
0.576411
0.58505
0.596128
0.609885
0.624122
0.63603
0.645368
0.652666
0.658408
0.662742
0.665478
0.666592
0.666745
0.666551
0.541719
0.541903
0.543061
0.545752
0.550189
0.556386
0.564591
0.575279
0.588869
0.605554
0.622637
0.636846
0.647987
0.656734
0.663648
0.668857
0.672047
0.673286
0.673438
0.673224
0.52179
0.522052
0.523562
0.526957
0.532561
0.540429
0.550796
0.56417
0.58092
0.601128
0.621504
0.638307
0.651457
0.661818
0.670011
0.67617
0.679791
0.681115
0.681248
0.681014
0.496723
0.497134
0.499202
0.503676
0.51102
0.521297
0.534672
0.551607
0.572325
0.596727
0.620844
0.6405
0.655825
0.667945
0.677513
0.684615
0.688594
0.689939
0.690033
0.689779
0.464177
0.464891
0.46794
0.474263
0.484409
0.498326
0.515978
0.537629
0.56326
0.592554
0.620819
0.643524
0.661137
0.675073
0.686086
0.694039
0.698225
0.699501
0.699533
0.699267
0.419964
0.421406
0.426556
0.436525
0.451558
0.471115
0.494805
0.522554
0.554096
0.588922
0.621633
0.647487
0.667426
0.683182
0.695581
0.704171
0.708316
0.709417
0.709374
0.709104
0.356259
0.360799
0.371564
0.388746
0.412103
0.440103
0.471849
0.50707
0.545389
0.586205
0.623492
0.652471
0.674661
0.692121
0.705646
0.714529
0.71834
0.719134
0.719015
0.718759
0.280544
0.288757
0.308401
0.336288
0.370333
0.407821
0.448194
0.491347
0.53696
0.584465
0.627148
0.659978
0.684968
0.704407
0.719126
0.728028
0.731409
0.732008
0.731934
0.731799
0.204598
0.218188
0.247057
0.285451
0.329622
0.376478
0.425489
0.476634
0.529623
0.583914
0.6321
0.668819
0.696569
0.718114
0.73383
0.742147
0.744746
0.745114
0.745076
0.745023
0.141505
0.158974
0.19356
0.239838
0.29226
0.347343
0.404302
0.463005
0.523064
0.583873
0.637263
0.677593
0.707815
0.730847
0.746862
0.754865
0.75721
0.757585
0.757608
0.757595
0.0897672
0.109308
0.148381
0.200501
0.259376
0.321251
0.385084
0.450583
0.517191
0.584152
0.642489
0.686211
0.718717
0.743184
0.759795
0.767675
0.769801
0.770216
0.770294
0.770312
0.0464353
0.0672324
0.109653
0.166416
0.230622
0.298186
0.367947
0.439478
0.512061
0.584777
0.647835
0.694839
0.729598
0.755556
0.772775
0.780626
0.782943
0.783422
0.783536
0.78359
0.00920539
0.0307923
0.0758776
0.136406
0.205099
0.277576
0.352548
0.429492
0.507567
0.585694
0.653272
0.703472
0.740449
0.767867
0.785882
0.794198
0.796675
0.797164
0.797277
0.797346
-0.0236023
-0.00147108
0.0457712
0.109466
0.181983
0.258757
0.338394
0.420272
0.503449
0.586692
0.658622
0.711943
0.75113
0.780075
0.798963
0.807757
0.810445
0.810968
0.811059
0.811132
-0.0532291
-0.0307125
0.0183575
0.0847712
0.160616
0.241191
0.325027
0.411431
0.499375
0.58751
0.663669
0.720052
0.761384
0.791793
0.811529
0.820919
0.823756
0.824317
0.824378
0.824447
-0.080679
-0.0577576
-0.00711681
0.0616928
0.140487
0.224445
0.312076
0.402649
0.495089
0.587934
0.668232
0.727615
0.771038
0.802856
0.823419
0.833312
0.836368
0.836904
0.836927
0.836986
-0.10648
-0.0831495
-0.031088
0.0397632
0.121207
0.208198
0.299275
0.393703
0.490386
0.587774
0.672162
0.734519
0.77998
0.813122
0.834441
0.844669
0.847895
0.848431
0.848419
0.848456
-0.131092
-0.107301
-0.0540868
0.0186977
0.102497
0.192219
0.286435
0.384419
0.485094
0.586904
0.675369
0.740723
0.78819
0.822557
0.844468
0.854924
0.858223
0.858754
0.858707
0.858714
-0.154812
-0.130543
-0.0763249
-0.00172184
0.0841771
0.176355
0.273413
0.374676
0.479115
0.585214
0.677788
0.74621
0.795688
0.831166
0.85352
0.864073
0.867368
0.867839
0.867782
0.867765
-0.17783
-0.153063
-0.0978153
-0.021644
0.0661339
0.160507
0.260137
0.364411
0.472379
0.582626
0.679352
0.750988
0.802563
0.839113
0.861745
0.872222
0.875419
0.875863
0.875766
0.875727
-0.200249
-0.17499
-0.11869
-0.0411436
0.0483122
0.144648
0.246586
0.353591
0.464831
0.579074
0.680008
0.755065
0.808929
0.846555
0.869294
0.879547
0.88254
0.882902
0.882777
0.882721
-0.22207
-0.196354
-0.139068
-0.060253
0.0306972
0.128767
0.232761
0.342226
0.456466
0.574515
0.679687
0.758439
0.814894
0.853699
0.876385
0.886162
0.888838
0.889081
0.888926
0.888853
-0.243346
-0.217151
-0.158939
-0.0789687
0.0133019
0.112893
0.218701
0.330351
0.447317
0.568923
0.678327
0.76107
0.820531
0.860774
0.8833
0.892277
0.894392
0.894457
0.894283
0.894205
-0.264023
-0.237352
-0.178264
-0.0972729
-0.00384435
0.0970826
0.204467
0.318031
0.437425
0.562296
0.675846
0.762869
0.825847
0.867997
0.890459
0.898285
0.899425
0.89914
0.898951
0.898896
-0.284121
-0.256925
-0.197052
-0.115125
-0.020685
0.0813913
0.190138
0.305354
0.426854
0.554673
0.672176
0.763697
0.830752
0.875498
0.898377
0.904938
0.904461
0.903321
0.903039
0.903131
-0.303553
-0.275882
-0.215263
-0.132495
-0.0371748
0.065891
0.17578
0.292388
0.415704
0.546115
0.667268
0.763375
0.83504
0.883165
0.907443
0.913368
0.910887
0.907866
0.906568
0.90662
-0.322395
-0.2942
-0.232857
-0.14934
-0.0532458
0.0506606
0.161511
0.279263
0.40409
0.5367
0.661109
0.761699
0.838396
0.890568
0.917462
0.924473
0.921237
0.915245
0.908781
0.89258
-0.340583
-0.311869
-0.249971
-0.165862
-0.0691861
0.0353833
0.146929
0.265543
0.39153
0.525945
0.653209
0.758159
0.840565
0.897405
0.927856
0.93817
0.936495
0.928675
0.914513
0.929833
-0.35824
-0.328878
-0.266545
-0.182034
-0.0849183
0.0201141
0.132037
0.251249
0.378008
0.513733
0.64333
0.752086
0.840748
0.902573
0.935608
0.948997
0.949622
0.938712
0.877846
0.862771
-0.375947
-0.345847
-0.282338
-0.197537
-0.0998621
0.00529923
0.117046
0.236637
0.363802
0.500249
0.631426
0.742981
0.837816
0.905117
0.935912
0.948741
0.939951
0.901861
0.834497
0.794221
-0.394367
-0.363741
-0.296946
-0.212109
-0.113646
-0.00892483
0.102347
0.221877
0.348983
0.485482
0.617301
0.730531
0.829203
0.903409
0.951067
0.922345
0.889771
0.822486
0.749803
0.706028
0.0308067
0.14696
0.269869
0.400958
0.536275
0.660148
0.764209
0.587465
-0.41426
-0.395438
-0.35735
-0.285917
-0.194836
-0.094882
0.0131889
0.128253
0.250391
0.380324
0.514669
0.637914
0.741121
0.822517
0.874448
0.823295
0.675281
0.583327
0.51186
-0.431073
-0.41815
-0.373826
-0.300997
-0.209509
-0.109306
-0.00173788
0.112843
0.234127
0.362719
0.494943
0.614891
0.711955
0.780466
0.775669
0.664719
0.515236
0.405668
0.314314
-0.45345
-0.440879
-0.393619
-0.319776
-0.228279
-0.127767
-0.0201682
0.0940739
0.214413
0.341391
0.470528
0.585304
0.671295
0.722533
0.68098
0.514096
0.344775
0.208742
0.0889014
-0.475971
-0.463269
-0.414484
-0.339356
-0.247565
-0.147068
-0.0397851
0.0737116
0.192814
0.317703
0.443197
0.551854
0.630435
0.65314
0.563707
0.367536
0.167459
-0.0128411
-0.180633
-0.497701
-0.485507
-0.435974
-0.359738
-0.267585
-0.167125
-0.060307
0.0522842
0.169949
0.292371
0.413666
0.515375
0.584269
0.567546
0.434467
0.231276
0.0111887
-0.196635
-0.384297
-0.520029
-0.508117
-0.458318
-0.381384
-0.288952
-0.188472
-0.0820536
0.0296772
0.145823
0.265593
0.382382
0.476243
0.530747
0.491996
0.316253
0.116887
-0.0951754
-0.293523
-0.416253
-0.456182
-0.543669
-0.531901
-0.481881
-0.404585
-0.31207
-0.211682
-0.105741
0.00499869
0.119377
0.236065
0.347731
0.433323
0.471569
0.40853
0.210516
0.0199162
-0.161152
-0.297449
-0.344015
-0.367699
-0.568755
-0.557116
-0.506931
-0.429454
-0.337012
-0.236929
-0.131658
-0.0221938
0.0900466
0.203114
0.308903
0.385969
0.402835
0.301818
0.115913
-0.0601609
-0.213415
-0.297315
-0.317662
-0.322997
-0.595604
-0.583962
-0.533587
-0.456004
-0.363764
-0.264169
-0.159826
-0.0519354
0.057782
0.166726
0.265869
0.334027
0.321299
0.199188
0.027828
-0.137527
-0.258121
-0.302793
-0.302483
-0.303584
-0.624121
-0.612575
-0.561888
-0.484243
-0.392324
-0.293401
-0.190241
-0.0842248
0.0225767
0.126926
0.21885
0.27635
0.246315
0.102787
-0.0534101
-0.206943
-0.273559
-0.291519
-0.292668
-0.292399
-0.654156
-0.642618
-0.591731
-0.514085
-0.422603
-0.324574
-0.222848
-0.119039
-0.0155421
0.0837824
0.168117
0.213312
0.179624
0.019121
-0.126982
-0.242619
-0.292458
-0.285725
-0.285566
-0.285604
-0.68522
-0.67361
-0.622852
-0.545281
-0.454415
-0.357509
-0.257506
-0.156243
-0.0564249
0.037593
0.113964
0.149696
0.101114
-0.0537977
-0.186967
-0.266903
-0.282848
-0.281212
-0.281152
-0.280882
-0.716796
-0.705123
-0.65465
-0.577419
-0.487387
-0.391876
-0.293923
-0.195552
-0.0998026
-0.0112566
0.0572054
0.0820209
0.0156718
-0.116173
-0.232564
-0.253224
-0.270506
-0.276902
-0.27764
-0.277479
-0.747905
-0.736263
-0.686294
-0.609835
-0.520954
-0.42718
-0.33164
-0.236513
-0.145164
-0.0623343
-0.00041647
0.00875082
-0.0587804
-0.171055
-0.249356
-0.299597
-0.28314
-0.277956
-0.276277
-0.275947
-0.776747
-0.765922
-0.716845
-0.641503
-0.554301
-0.462696
-0.369998
-0.278485
-0.191757
-0.114917
-0.0576644
-0.0582249
-0.12551
-0.216464
-0.277007
-0.284872
-0.280405
-0.27739
-0.276213
-0.275818
-0.802526
-0.792006
-0.744899
-0.671202
-0.58634
-0.497453
-0.408114
-0.320637
-0.238659
-0.167745
-0.115112
-0.11586
-0.183954
-0.254635
-0.290579
-0.285143
-0.285216
-0.283738
-0.282155
-0.281475
-0.822593
-0.812743
-0.768124
-0.697498
-0.61571
-0.530288
-0.444895
-0.361935
-0.284864
-0.21946
-0.172452
-0.168292
-0.225809
-0.291485
-0.337372
-0.324775
-0.305255
-0.297021
-0.293871
-0.29227
-0.834974
-0.826186
-0.784847
-0.71826
-0.640746
-0.559804
-0.47913
-0.401159
-0.329276
-0.268949
-0.226525
-0.214831
-0.248993
-0.282936
-0.302667
-0.300605
-0.299011
-0.298782
-0.297744
-0.29711
-0.837045
-0.829903
-0.793
-0.731713
-0.659684
-0.584459
-0.509442
-0.437057
-0.37071
-0.315141
-0.274833
-0.252554
-0.257147
-0.212135
-0.233049
-0.255637
-0.274867
-0.283073
-0.287205
-0.288644
-0.826982
-0.821256
-0.790209
-0.735984
-0.671056
-0.602781
-0.53447
-0.468392
-0.40786
-0.357205
-0.318851
-0.289752
-0.272619
-0.209587
-0.202269
-0.249604
-0.283314
-0.297302
-0.302608
-0.30459
-0.801571
-0.79754
-0.773942
-0.729654
-0.673828
-0.613804
-0.553121
-0.493882
-0.43939
-0.394312
-0.361297
-0.332153
-0.350981
-0.387822
-0.381873
-0.377238
-0.364977
-0.355317
-0.350972
-0.349518
-0.764123
-0.761632
-0.746268
-0.71295
-0.668076
-0.617416
-0.564869
-0.512612
-0.46395
-0.424252
-0.398779
-0.393387
-0.445592
-0.613432
-0.710453
-0.584407
-0.448261
-0.38333
-0.364016
-0.358131
-0.721328
-0.719735
-0.712131
-0.689714
-0.655995
-0.614714
-0.570107
-0.524172
-0.480344
-0.443772
-0.422894
-0.40235
-0.377821
-0.357545
-0.336412
-0.302085
-0.269004
-0.264266
-0.260077
-0.256215
-0.683056
-0.682027
-0.678506
-0.66612
-0.641451
-0.608261
-0.570191
-0.529256
-0.487742
-0.450256
-0.424693
-0.37294
-0.250862
-0.0435054
0.176092
0.225258
0.0743933
-0.0743913
-0.14389
-0.164136
-0.655505
-0.654941
-0.652574
-0.646396
-0.62888
-0.601571
-0.567648
-0.5293
-0.487974
-0.446459
-0.412316
-0.377564
-0.321307
-0.330956
-0.459796
-0.704819
-0.925511
-0.977575
-0.882373
-0.794715
-0.63512
-0.63467
-0.63374
-0.631344
-0.620405
-0.597191
-0.56492
-0.526577
-0.483528
-0.436203
-0.395604
-0.369551
-0.436884
-0.664452
-1.03932
-1.34802
-1.48495
-1.44356
-1.29683
-1.17015
-0.622839
-0.62272
-0.62235
-0.620943
-0.615422
-0.595254
-0.563025
-0.522756
-0.475094
-0.421227
-0.363216
-0.324834
-0.324423
-0.438873
-0.606464
-0.772511
-0.758387
-0.570584
-0.369938
-0.239259
-0.614148
-0.614177
-0.614024
-0.613909
-0.6112
-0.59477
-0.562327
-0.518625
-0.466501
-0.404341
-0.328115
-0.255519
-0.137739
0.0132012
0.230092
0.460548
0.724824
0.979779
1.14372
1.21797
-0.607763
-0.607809
-0.607622
-0.60718
-0.605232
-0.594804
-0.563348
-0.516911
-0.459326
-0.386957
-0.296125
-0.190479
-0.0399723
0.244947
0.662382
1.10267
1.49949
1.77489
1.91384
1.96031
-0.604159
-0.604088
-0.603563
-0.602216
-0.600619
-0.595943
-0.568052
-0.518727
-0.454834
-0.37611
-0.276662
-0.158583
-0.0166588
0.284116
0.722818
1.14719
1.50762
1.74569
1.85882
1.89276
-0.604562
-0.604875
-0.605541
-0.60677
-0.608054
-0.606158
-0.577369
-0.524467
-0.457899
-0.375177
-0.273107
-0.157801
-0.0508143
0.204351
0.578869
0.918682
1.20034
1.37601
1.45631
1.47919
-0.605539
-0.606701
-0.60884
-0.614997
-0.623249
-0.61993
-0.586409
-0.534059
-0.468155
-0.381846
-0.281324
-0.175757
-0.0775213
0.104936
0.388932
0.633847
0.827081
0.944112
0.993995
1.00692
-0.62295
-0.623942
-0.622607
-0.609517
-0.587927
-0.574368
-0.573497
-0.548073
-0.48536
-0.396838
-0.298429
-0.201185
-0.114366
0.0151071
0.204569
0.363371
0.481229
0.547263
0.574283
0.584123
-0.670919
-0.669804
-0.662104
-0.62915
-0.576353
-0.553792
-0.583937
-0.578676
-0.510145
-0.41491
-0.317175
-0.232131
-0.159439
-0.0653546
0.062545
0.160502
0.221346
0.25242
0.266906
0.27474
-0.757851
-0.75326
-0.765368
-0.787032
-0.807131
-0.789554
-0.75963
-0.663901
-0.547144
-0.433115
-0.33403
-0.259122
-0.202914
-0.132239
-0.0434593
0.0245526
0.065826
0.0856583
0.0980197
0.104049
-0.907736
-0.911421
-0.952174
-1.01526
-1.04837
-1.02803
-0.943727
-0.757844
-0.583561
-0.444063
-0.342637
-0.279887
-0.240644
-0.183183
-0.10538
-0.0450795
-0.00345285
0.0224061
0.0357984
0.0406506
-0.974408
-0.985356
-1.02239
-1.06453
-1.08865
-1.06764
-0.968756
-0.765767
-0.577651
-0.433988
-0.336654
-0.282984
-0.253297
-0.201828
-0.135616
-0.0802466
-0.0389934
-0.0118249
0.00062027
0.0041444
-0.852236
-0.861067
-0.892234
-0.929811
-0.954258
-0.936591
-0.829433
-0.660466
-0.509004
-0.389865
-0.308245
-0.263448
-0.24137
-0.196455
-0.140138
-0.0930114
-0.0566336
-0.0315609
-0.0199063
-0.0175502
-0.54855
-0.559867
-0.586068
-0.624154
-0.654901
-0.6505
-0.583722
-0.487031
-0.393767
-0.318464
-0.26099
-0.224777
-0.202382
-0.166899
-0.12623
-0.0923183
-0.0658047
-0.0475016
-0.0392487
-0.0377781
-0.198117
-0.204674
-0.221169
-0.24936
-0.283401
-0.305406
-0.307665
-0.292572
-0.266406
-0.235101
-0.20291
-0.175592
-0.152184
-0.129645
-0.105651
-0.085014
-0.0680451
-0.0563336
-0.0512817
-0.0511832
0.0552034
0.0518969
0.042302
0.0203866
-0.0157834
-0.061636
-0.103391
-0.134499
-0.152614
-0.154929
-0.144427
-0.126427
-0.107132
-0.0951923
-0.0859267
-0.0766957
-0.068121
-0.0617329
-0.0591896
-0.0600017
0.172631
0.170549
0.164219
0.146659
0.113194
0.0647577
0.0114094
-0.0362648
-0.0709082
-0.090503
-0.0937277
-0.0845587
-0.0727346
-0.0706885
-0.0716049
-0.0723753
-0.0719415
-0.0721012
-0.0732979
-0.0745862
0.197605
0.19639
0.191964
0.178765
0.152349
0.112685
0.0664181
0.0200561
-0.0187916
-0.0452012
-0.0555837
-0.0533221
-0.0489097
-0.0540172
-0.0627554
-0.0716246
-0.0790301
-0.0859184
-0.0907073
-0.0919811
0.180404
0.17977
0.176805
0.16765
0.148903
0.120011
0.0842186
0.0457782
0.0110982
-0.0156603
-0.0290497
-0.0297339
-0.0273559
-0.0361807
-0.0527489
-0.0675019
-0.0812084
-0.0920696
-0.0981005
-0.0990293
0.149383
0.149137
0.147255
0.141219
0.128568
0.108496
0.0823619
0.0525534
0.0236633
-0.000326534
-0.0138506
-0.0142902
-0.0101184
-0.0209927
-0.0424291
-0.0605675
-0.0751055
-0.0853944
-0.0901592
-0.0908667
0.116518
0.116525
0.115425
0.111612
0.103319
0.0897095
0.0711586
0.0488884
0.0256473
0.00434522
-0.0104966
-0.0141188
-0.0109427
-0.0215902
-0.0413873
-0.0561833
-0.0664949
-0.0727394
-0.0749752
-0.0755337
0.0865812
0.0866401
0.0859711
0.0835956
0.0782701
0.0691978
0.0562709
0.0399318
0.0214212
0.00185306
-0.0167182
-0.0314113
-0.0397775
-0.0478507
-0.0557281
-0.0593602
-0.061717
-0.0625177
-0.0627658
-0.0632141
0.0605391
0.0606594
0.0602588
0.0588534
0.0555881
0.0496926
0.040897
0.0291403
0.0146243
-0.00334572
-0.0265648
-0.0572553
-0.0876857
-0.0872602
-0.0776583
-0.0677003
-0.0622395
-0.0598173
-0.0588734
-0.0589611
0.0383037
0.0384209
0.0382427
0.0375192
0.0357241
0.0322594
0.0267104
0.0188613
0.00832443
-0.00694399
-0.0313794
-0.0703534
-0.11445
-0.108694
-0.0844645
-0.0688789
-0.0621579
-0.0594555
-0.058175
-0.057666
0.0194648
0.0195698
0.0195385
0.019323
0.0185769
0.0169995
0.0142326
0.0100158
0.00384994
-0.00550704
-0.0238381
-0.0564621
-0.0901999
-0.0800455
-0.0618004
-0.0519764
-0.0491094
-0.0485263
-0.047448
-0.0464909
0.0112596
0.011266
0.0112071
0.0110264
0.0105892
0.00945908
0.00743233
0.00437143
-0.000411321
-0.00851848
-0.0259132
-0.0522026
-0.0582297
-0.047684
-0.0377726
-0.0350254
-0.034788
-0.0346905
-0.0337882
-0.0142071
-0.354806
-0.0150543
0.201181
0.388449
0.539223
0.658573
0.753126
0.833379
0.892134
0.887451
0.137568
0.287586
0.426971
0.546843
0.64891
0.733659
0.803233
0.857372
0.890303
0.902381
0.396527
0.491628
0.584078
0.667196
0.739144
0.80021
0.850264
0.888531
0.915727
0.934454
0.573753
0.637165
0.703954
0.76526
0.817953
0.863355
0.901348
0.932063
0.95679
0.97461
0.7089
0.75464
0.806
0.851276
0.892147
0.928077
0.959205
0.985527
1.00749
1.0229
0.819074
0.856164
0.896274
0.932759
0.966693
0.997485
1.02479
1.04824
1.06782
1.08059
0.915626
0.947677
0.982088
1.01503
1.04598
1.07451
1.09997
1.12169
1.13938
1.14978
1.00599
1.03705
1.071
1.10406
1.13484
1.16295
1.1877
1.20842
1.22455
1.2331
1.10034
1.13499
1.17161
1.20688
1.23864
1.26676
1.29084
1.31051
1.32525
1.33318
1.2129
1.25315
1.29228
1.32899
1.36068
1.38768
1.41018
1.42837
1.44201
1.45106
1.35658
1.39921
1.4368
1.47042
1.49837
1.5221
1.54268
1.56005
1.57387
1.58499
1.53433
1.57189
1.59987
1.62417
1.64516
1.66441
1.68263
1.69977
1.71564
1.73015
1.73196
1.75297
1.76785
1.78362
1.79988
1.81516
1.82886
1.84211
1.8576
1.87595
1.92253
1.9297
1.94023
1.95177
1.96167
1.97086
1.9811
1.99219
2.00379
2.01265
2.13554
2.13731
2.12938
2.11286
2.10171
2.10113
2.11328
2.13788
2.172
2.19653
2.55519
2.3613
2.26024
2.20236
2.17322
2.16658
2.18178
2.2226
2.29845
2.4414
-0.378625
-0.383121
-0.343509
-0.270861
-0.179002
-0.0781243
0.8597
0.92431
0.909676
0.822811
0.744844
0.669076
0.441579
0.221517
-0.0466178
-0.401014
-0.747486
)
;

boundaryField
{
    wall-4
    {
        type            zeroGradient;
    }
    pressure-outlet-7
    {
        type            fixedValue;
        value           uniform 0;
    }
    velocity-inlet-6
    {
        type            zeroGradient;
    }
    velocity-inlet-5
    {
        type            zeroGradient;
    }
    frontAndBackPlanes
    {
        type            empty;
    }
}


// ************************************************************************* //
