/*--------------------------------*- C++ -*----------------------------------*\
  =========                 |
  \\      /  F ield         | OpenFOAM: The Open Source CFD Toolbox
   \\    /   O peration     | Website:  https://openfoam.org
    \\  /    A nd           | Version:  10
     \\/     M anipulation  |
\*---------------------------------------------------------------------------*/
FoamFile
{
    format      ascii;
    class       volScalarField;
    location    "48";
    object      p;
}
// * * * * * * * * * * * * * * * * * * * * * * * * * * * * * * * * * * * * * //

dimensions      [0 2 -2 0 0 0 0];

internalField   nonuniform List<scalar> 
8800
(
0.894493
0.846705
0.808013
0.779016
0.758148
0.743311
0.732708
0.725219
0.720387
0.718313
0.719563
0.723738
0.730371
0.739679
0.752451
0.77018
0.794954
0.828892
0.871439
0.930141
0.725748
0.733426
0.740897
0.744203
0.742696
0.737614
0.731122
0.725036
0.720301
0.717443
0.717145
0.719633
0.724107
0.73004
0.7368
0.743074
0.74671
0.745972
0.740548
0.731855
0.70416
0.710318
0.714443
0.717383
0.719427
0.720025
0.71891
0.716794
0.714764
0.713838
0.71478
0.717143
0.719927
0.722096
0.722694
0.721488
0.71914
0.715743
0.711183
0.707422
0.698368
0.701017
0.703765
0.706163
0.707792
0.708945
0.709675
0.709779
0.709467
0.709397
0.710126
0.711274
0.712096
0.712146
0.711525
0.710425
0.708602
0.706026
0.703619
0.702115
0.693011
0.694435
0.696209
0.698235
0.700011
0.701342
0.702319
0.7031
0.703695
0.704234
0.704857
0.705327
0.705404
0.705097
0.704385
0.703125
0.701419
0.699564
0.698253
0.697421
0.687966
0.688885
0.690122
0.69168
0.693303
0.694816
0.696085
0.697132
0.698072
0.698936
0.699591
0.699886
0.699816
0.699352
0.698452
0.697236
0.695895
0.694625
0.693798
0.693247
0.683099
0.683768
0.684725
0.686018
0.687415
0.688858
0.690279
0.691578
0.692747
0.693817
0.694595
0.694921
0.6948
0.69426
0.693427
0.692458
0.691428
0.690492
0.689901
0.689497
0.678364
0.67888
0.679658
0.680778
0.682041
0.683398
0.684821
0.686265
0.687657
0.688946
0.689898
0.690315
0.690242
0.689814
0.689177
0.688423
0.687625
0.686926
0.686486
0.68617
0.673694
0.674104
0.674754
0.675748
0.676937
0.678243
0.679661
0.681183
0.68276
0.684299
0.685475
0.686063
0.686164
0.68594
0.685511
0.684958
0.684356
0.683843
0.683513
0.683257
0.669003
0.669337
0.669897
0.670811
0.671949
0.673237
0.674684
0.676294
0.678045
0.679854
0.681323
0.68218
0.682535
0.682544
0.682328
0.681983
0.681564
0.681204
0.680958
0.680744
0.664208
0.664484
0.664983
0.665849
0.666967
0.668274
0.669788
0.671526
0.673487
0.675605
0.677446
0.678654
0.679314
0.679588
0.679602
0.679464
0.679224
0.678997
0.678818
0.678634
0.659223
0.659455
0.659914
0.660764
0.6619
0.663271
0.664892
0.66681
0.669046
0.671551
0.673847
0.675475
0.676491
0.677066
0.677334
0.677406
0.677342
0.677235
0.677109
0.676947
0.653963
0.65416
0.654599
0.655461
0.656659
0.658136
0.65992
0.662087
0.664676
0.66767
0.67052
0.672645
0.674074
0.674988
0.675538
0.675825
0.675946
0.675952
0.675873
0.675727
0.648334
0.648502
0.648939
0.649843
0.651142
0.652777
0.65479
0.657284
0.660328
0.663934
0.667456
0.670173
0.672084
0.673386
0.674254
0.674804
0.675106
0.675214
0.675174
0.675038
0.642226
0.64237
0.642818
0.643793
0.64524
0.647091
0.649408
0.652318
0.655929
0.660286
0.664628
0.66806
0.670548
0.672308
0.673533
0.674364
0.67487
0.675089
0.675085
0.674956
0.635511
0.635628
0.636102
0.63718
0.638827
0.640964
0.643672
0.647113
0.651436
0.656715
0.662052
0.666343
0.669515
0.671812
0.673457
0.674607
0.675342
0.675674
0.675705
0.675579
0.628024
0.628117
0.628633
0.629847
0.631748
0.634249
0.637457
0.641572
0.646786
0.6532
0.659744
0.665062
0.669044
0.671975
0.674121
0.675641
0.676631
0.677082
0.677147
0.67702
0.619538
0.619635
0.620202
0.621572
0.623802
0.626775
0.630624
0.635594
0.641922
0.649737
0.657736
0.664272
0.669208
0.672883
0.675631
0.677584
0.678858
0.679437
0.679535
0.679404
0.609773
0.609849
0.610503
0.612092
0.614746
0.618325
0.622982
0.629021
0.636729
0.646259
0.656015
0.66401
0.670083
0.674643
0.678087
0.680557
0.682161
0.68288
0.683009
0.682872
0.598361
0.598419
0.599169
0.601068
0.604269
0.608625
0.614322
0.621724
0.631161
0.642786
0.654655
0.664373
0.67178
0.677381
0.681626
0.684705
0.686681
0.68755
0.687709
0.687561
0.58477
0.584815
0.585709
0.588013
0.591933
0.597315
0.604368
0.61353
0.625155
0.639359
0.653736
0.665459
0.674399
0.681212
0.686401
0.690174
0.692558
0.693583
0.693768
0.693605
0.568241
0.568273
0.569381
0.572262
0.577174
0.583947
0.592814
0.604268
0.618642
0.635973
0.653308
0.667357
0.678062
0.686251
0.69253
0.69709
0.699918
0.701095
0.701298
0.701116
0.547675
0.547704
0.549145
0.552881
0.559212
0.567939
0.57929
0.593771
0.611623
0.632733
0.653502
0.670175
0.682871
0.692609
0.700089
0.705549
0.708838
0.710153
0.710358
0.710154
0.521316
0.521365
0.523385
0.528516
0.537052
0.548667
0.563538
0.582066
0.604292
0.629886
0.65454
0.674092
0.688943
0.700397
0.709174
0.715588
0.71932
0.720733
0.720919
0.720688
0.486138
0.486287
0.489501
0.497212
0.509495
0.525516
0.545393
0.569219
0.596785
0.627559
0.656521
0.679181
0.696316
0.70956
0.719778
0.72713
0.73123
0.732667
0.732801
0.732542
0.436386
0.437344
0.44376
0.45679
0.4756
0.498457
0.525255
0.555804
0.589695
0.626253
0.659766
0.685605
0.705052
0.720105
0.731756
0.739945
0.744256
0.74561
0.745662
0.745373
0.363154
0.370344
0.385247
0.408254
0.436806
0.468822
0.504088
0.542384
0.583312
0.626187
0.664663
0.693995
0.716013
0.733124
0.746324
0.755329
0.759823
0.761118
0.761127
0.760873
0.284177
0.301234
0.325427
0.359053
0.397762
0.439099
0.482945
0.529244
0.577685
0.627667
0.672139
0.705942
0.731315
0.75101
0.76619
0.776072
0.780568
0.781701
0.781742
0.781607
0.21841
0.238538
0.270448
0.313034
0.36072
0.410848
0.463016
0.517159
0.57296
0.62984
0.68004
0.718027
0.746502
0.768526
0.785194
0.79554
0.799918
0.801101
0.801249
0.801185
0.164528
0.186322
0.223736
0.272725
0.327483
0.385011
0.444544
0.50589
0.568611
0.632057
0.687687
0.729584
0.760877
0.784927
0.802926
0.814036
0.819039
0.820198
0.820329
0.820311
0.119571
0.142557
0.183763
0.237837
0.298297
0.361936
0.427785
0.495525
0.564566
0.634128
0.694846
0.740397
0.774308
0.800325
0.819719
0.831788
0.837205
0.838409
0.838596
0.838614
0.081279
0.104955
0.149015
0.207141
0.272382
0.341219
0.41255
0.485965
0.560743
0.635949
0.701406
0.750345
0.786685
0.814485
0.835096
0.848013
0.853877
0.855299
0.855551
0.855585
0.047651
0.071801
0.118135
0.179572
0.248854
0.322202
0.398393
0.476916
0.55695
0.637405
0.707292
0.759372
0.797906
0.82723
0.848889
0.86242
0.868667
0.870417
0.870746
0.870795
0.0172175
0.0417888
0.08999
0.154256
0.227018
0.304312
0.384852
0.46803
0.552933
0.638324
0.712403
0.767413
0.807923
0.838604
0.861106
0.875121
0.881676
0.883661
0.884026
0.884062
-0.0109561
0.0140081
0.0638354
0.130507
0.206335
0.287123
0.371568
0.459007
0.54846
0.638547
0.716656
0.774461
0.816813
0.848708
0.87183
0.886146
0.892925
0.895049
0.895425
0.895437
-0.0376449
-0.0122442
0.0390886
0.10786
0.186409
0.270313
0.358286
0.449642
0.543361
0.637949
0.719993
0.780554
0.824701
0.857654
0.881211
0.895684
0.90257
0.904816
0.90518
0.905162
-0.063176
-0.0373335
0.0151524
0.0859974
0.166961
0.253662
0.344831
0.439793
0.537518
0.636444
0.722394
0.785761
0.83172
0.86566
0.889587
0.904166
0.911124
0.913396
0.913752
0.913705
-0.0879471
-0.061529
-0.00797113
0.064691
0.147812
0.237023
0.331093
0.429371
0.530849
0.633964
0.723854
0.790147
0.837995
0.87292
0.897184
0.911839
0.918797
0.921017
0.921367
0.9213
-0.112073
-0.085206
-0.0304571
0.0438054
0.128858
0.220322
0.317014
0.418333
0.523315
0.630479
0.724369
0.793765
0.843632
0.87958
0.90419
0.918886
0.925792
0.927943
0.928213
0.928104
-0.135656
-0.108238
-0.0524469
0.0232709
0.110059
0.203536
0.302583
0.406667
0.514903
0.62596
0.723913
0.79663
0.848712
0.885794
0.910777
0.92546
0.932186
0.934191
0.934378
0.934224
-0.158809
-0.130791
-0.0739937
0.00306422
0.091401
0.186676
0.28783
0.394406
0.505629
0.620395
0.722444
0.79872
0.853301
0.891707
0.91709
0.931643
0.938067
0.939832
0.939924
0.939741
-0.181533
-0.152833
-0.0950893
-0.016804
0.0729231
0.169777
0.272805
0.381601
0.495533
0.613775
0.719906
0.799974
0.857414
0.897463
0.923319
0.937556
0.943463
0.944901
0.944893
0.944693
-0.203665
-0.174324
-0.115674
-0.0362961
0.0546644
0.152913
0.257576
0.368334
0.484682
0.606134
0.716237
0.800292
0.861007
0.903186
0.929737
0.943449
0.94848
0.949422
0.949305
0.949104
-0.225181
-0.195231
-0.135728
-0.0553568
0.0366874
0.136147
0.242236
0.354686
0.473161
0.597504
0.711388
0.799542
0.863966
0.908918
0.936696
0.949826
0.953442
0.953479
0.953179
0.95303
-0.246146
-0.215515
-0.155223
-0.0739511
0.0190577
0.119565
0.226876
0.340764
0.461064
0.587952
0.705314
0.797579
0.866088
0.914522
0.944468
0.957537
0.95931
0.957514
0.956625
0.956735
-0.266383
-0.23515
-0.174098
-0.0920137
0.00183577
0.10325
0.211591
0.326681
0.448512
0.577576
0.698008
0.794244
0.867092
0.919602
0.952907
0.967498
0.968185
0.963735
0.960696
0.96009
-0.285987
-0.254129
-0.192371
-0.109572
-0.0150108
0.0871571
0.196325
0.312378
0.435432
0.5663
0.689334
0.789263
0.866653
0.923571
0.961211
0.979775
0.982306
0.976645
0.967771
0.953022
-0.30488
-0.272437
-0.21016
-0.126824
-0.0317725
0.0709508
0.180658
0.297367
0.421285
0.553479
0.678635
0.781835
0.864152
0.925566
0.967382
0.99158
0.996901
0.985175
0.965805
0.952942
-0.322886
-0.29021
-0.227272
-0.143546
-0.0481174
0.0549791
0.164819
0.281978
0.406381
0.539379
0.666004
0.771537
0.858874
0.924458
0.966901
0.99069
0.999379
0.977385
0.909179
0.878285
-0.339336
-0.308682
-0.24337
-0.159176
-0.0632958
0.0397478
0.149115
0.266437
0.390936
0.524128
0.651391
0.758107
0.849544
0.919666
0.955038
0.972395
0.965566
0.912982
0.843802
0.80112
-0.395782
-0.324968
-0.258081
-0.174791
-0.0788808
0.0238107
0.133482
0.250467
0.374589
0.507279
0.634211
0.740986
0.83249
0.909344
0.915289
0.921548
0.876438
0.808119
0.73203
0.689591
-0.357076
-0.34083
-0.279956
-0.196291
-0.101681
0.000885927
0.109581
0.225927
0.349064
0.480259
0.604983
0.709698
0.793004
0.873197
0.86338
0.753973
0.650613
0.578643
0.505855
0.537503
-0.388638
-0.358954
-0.29706
-0.214155
-0.119498
-0.0171434
0.0918333
0.207561
0.329659
0.459061
0.580892
0.681323
0.756212
0.798521
0.751562
0.605954
0.480021
0.389736
0.291398
0.342512
-0.413019
-0.380384
-0.317191
-0.234041
-0.139285
-0.0370072
0.0719207
0.186849
0.307597
0.434628
0.552716
0.647144
0.713079
0.722062
0.617509
0.446309
0.294879
0.177
0.0462221
0.0795906
-0.436929
-0.40272
-0.338316
-0.254248
-0.15931
-0.0571278
0.0513311
0.165347
0.28457
0.408879
0.522358
0.609746
0.660374
0.638349
0.481851
0.286759
0.0971712
-0.0703474
-0.259041
-0.276554
-0.460235
-0.425579
-0.360257
-0.275395
-0.180219
-0.0781901
0.0296835
0.142682
0.260144
0.381374
0.489587
0.569589
0.601616
0.543905
0.352823
0.143318
-0.0735364
-0.262727
-0.505123
-0.806067
-0.483861
-0.449201
-0.383307
-0.297909
-0.202475
-0.10054
0.00682996
0.118796
0.23441
0.352334
0.455043
0.526719
0.539052
0.430488
0.240705
0.031733
-0.172113
-0.344219
-0.412715
-0.493073
-0.50875
-0.474042
-0.407826
-0.322142
-0.226584
-0.124826
-0.0180407
0.0927393
0.206214
0.320341
0.417186
0.478183
0.466023
0.323877
0.141292
-0.0487101
-0.210804
-0.303166
-0.327067
-0.343094
-0.535229
-0.500424
-0.433991
-0.348186
-0.252683
-0.151261
-0.0452867
0.0640267
0.174973
0.284688
0.375159
0.422562
0.392828
0.224995
0.0513086
-0.113617
-0.239456
-0.278144
-0.291175
-0.292481
-0.563508
-0.528521
-0.461871
-0.376037
-0.280722
-0.179852
-0.0749271
0.0326087
0.140621
0.245379
0.328617
0.361832
0.313701
0.133538
-0.0310712
-0.178764
-0.254616
-0.271433
-0.272784
-0.272592
-0.593649
-0.558374
-0.491489
-0.40569
-0.310716
-0.210588
-0.106966
-0.00153032
0.103168
0.202487
0.277641
0.299532
0.215549
0.0499307
-0.10651
-0.228376
-0.264487
-0.262862
-0.261795
-0.261184
-0.625367
-0.589861
-0.522745
-0.43706
-0.342579
-0.243416
-0.141375
-0.0383659
0.0626514
0.156124
0.223015
0.228325
0.125239
-0.0279568
-0.166186
-0.241862
-0.25175
-0.254039
-0.254593
-0.254193
-0.6581
-0.622466
-0.555388
-0.469929
-0.376128
-0.278185
-0.178005
-0.0777711
0.019241
0.106648
0.165294
0.155589
0.0434997
-0.0947123
-0.209599
-0.239818
-0.248559
-0.250291
-0.249987
-0.249555
-0.691397
-0.655668
-0.588952
-0.503904
-0.411023
-0.31458
-0.216589
-0.119467
-0.0268103
0.054745
0.103546
0.0870072
-0.0329421
-0.151623
-0.239704
-0.255868
-0.247736
-0.246283
-0.246061
-0.245793
-0.724381
-0.688814
-0.622586
-0.538375
-0.446729
-0.352137
-0.256694
-0.162999
-0.0750525
0.00106174
0.0406979
0.026024
-0.0997465
-0.204063
-0.246547
-0.254877
-0.248865
-0.243519
-0.241434
-0.24093
-0.755463
-0.720691
-0.655352
-0.572427
-0.482492
-0.390166
-0.297682
-0.207734
-0.124698
-0.0539244
-0.0168701
-0.039677
-0.149405
-0.261821
-0.26283
-0.265301
-0.252146
-0.239591
-0.23434
-0.232512
-0.783107
-0.749371
-0.686147
-0.604925
-0.51728
-0.427739
-0.338703
-0.252884
-0.17471
-0.109444
-0.0712182
-0.100028
-0.173261
-0.294845
-0.342951
-0.294457
-0.257856
-0.241567
-0.234524
-0.231615
-0.805198
-0.773261
-0.712745
-0.634463
-0.549805
-0.46372
-0.378671
-0.29746
-0.224154
-0.164435
-0.127126
-0.142633
-0.153493
-0.208811
-0.313835
-0.272379
-0.275237
-0.276633
-0.272262
-0.268318
-0.819544
-0.790333
-0.733504
-0.659106
-0.578531
-0.496768
-0.416414
-0.340246
-0.272167
-0.218221
-0.179687
-0.190157
-0.095577
0.0428697
-0.0437509
-0.21954
-0.328517
-0.357566
-0.356873
-0.357051
-0.823482
-0.798349
-0.74637
-0.677044
-0.601716
-0.525353
-0.450456
-0.379941
-0.317788
-0.270575
-0.228182
-0.276989
-0.231302
0.00179085
-0.134764
-0.319268
-0.40817
-0.427941
-0.431723
-0.435318
-0.815001
-0.79467
-0.749148
-0.686617
-0.617799
-0.547824
-0.479179
-0.414925
-0.359634
-0.319887
-0.285373
-0.448647
-0.749621
-1.00592
-0.974152
-0.783442
-0.641133
-0.58044
-0.562055
-0.559521
-0.791932
-0.776452
-0.74
-0.686501
-0.625605
-0.562884
-0.501007
-0.443002
-0.394817
-0.363691
-0.363007
-0.594931
-1.09728
-1.80396
-1.83913
-1.11604
-0.699025
-0.584022
-0.555297
-0.546952
-0.756355
-0.746272
-0.719428
-0.676632
-0.624795
-0.569929
-0.514547
-0.46225
-0.418678
-0.393463
-0.392018
-0.467089
-0.404861
-0.368318
-0.339215
-0.257523
-0.281043
-0.295602
-0.279432
-0.266921
-0.714325
-0.70863
-0.691857
-0.659507
-0.617041
-0.569259
-0.519601
-0.47086
-0.428245
-0.398919
-0.389781
-0.246782
0.105112
0.645219
0.839962
0.507613
0.160888
-0.0362822
-0.0559227
-0.070806
-0.674845
-0.671527
-0.663047
-0.640137
-0.605088
-0.562941
-0.517028
-0.469559
-0.424787
-0.390867
-0.386143
-0.332037
-0.33121
-0.543221
-0.897334
-1.25746
-1.31597
-1.14391
-0.918964
-0.818125
-0.644678
-0.642656
-0.638353
-0.622996
-0.593624
-0.554256
-0.509442
-0.45997
-0.409828
-0.368361
-0.355644
-0.402757
-0.534565
-0.791521
-1.03215
-1.14054
-1.10961
-0.981585
-0.831155
-0.768979
-0.619928
-0.619133
-0.617821
-0.609584
-0.585107
-0.546797
-0.499313
-0.445135
-0.386666
-0.322538
-0.274382
-0.222203
-0.235028
-0.225046
-0.235548
-0.17073
-0.016535
0.177201
0.32028
0.376419
-0.604132
-0.60367
-0.603178
-0.599543
-0.58012
-0.541103
-0.48913
-0.427407
-0.354952
-0.271314
-0.177052
-0.0262906
0.160789
0.383787
0.617802
0.865437
1.15048
1.3753
1.50315
1.5469
-0.593742
-0.593504
-0.593101
-0.59222
-0.577616
-0.538258
-0.481269
-0.410711
-0.325926
-0.224292
-0.0982042
0.0367063
0.299278
0.638715
1.05629
1.47921
1.8217
2.04303
2.15112
2.183
-0.586645
-0.586166
-0.584871
-0.584053
-0.575449
-0.539629
-0.478178
-0.399379
-0.304413
-0.193879
-0.0660489
0.0716372
0.279656
0.666159
1.1208
1.53816
1.86349
2.05505
2.14152
2.16437
-0.58968
-0.587024
-0.580917
-0.577943
-0.578653
-0.549371
-0.481373
-0.393091
-0.291777
-0.176746
-0.052641
0.081392
0.238115
0.546213
0.938368
1.28358
1.54909
1.69862
1.76273
1.77812
-0.621412
-0.618052
-0.614535
-0.616537
-0.618724
-0.577032
-0.490349
-0.387786
-0.280623
-0.165773
-0.0516144
0.0604925
0.166167
0.374173
0.672173
0.929063
1.12594
1.23447
1.27971
1.28882
-0.679762
-0.684446
-0.699436
-0.707822
-0.692775
-0.614294
-0.495114
-0.376118
-0.265911
-0.157148
-0.0593176
0.0280807
0.102959
0.243679
0.444635
0.619789
0.75093
0.822252
0.851041
0.856632
-0.692302
-0.707218
-0.729257
-0.737431
-0.706413
-0.602379
-0.468156
-0.347251
-0.243458
-0.148604
-0.0693924
-0.00520265
0.0470289
0.140807
0.275101
0.38825
0.470738
0.511335
0.526522
0.529055
-0.560361
-0.574307
-0.593704
-0.59962
-0.568762
-0.484318
-0.385173
-0.290943
-0.20786
-0.133797
-0.0744047
-0.0293695
0.00893854
0.0717659
0.15359
0.22125
0.267029
0.290841
0.299911
0.300245
-0.318272
-0.326191
-0.337831
-0.34583
-0.336504
-0.303906
-0.259485
-0.210067
-0.160082
-0.110704
-0.0724996
-0.0469578
-0.0247949
0.0250782
0.0756233
0.113416
0.136893
0.146916
0.150444
0.150164
-0.0903108
-0.0937305
-0.102083
-0.115855
-0.130663
-0.139501
-0.138468
-0.127407
-0.108326
-0.0844646
-0.0671196
-0.0614274
-0.0560309
-0.0209282
0.0153433
0.0407715
0.05329
0.0583055
0.0597203
0.0593767
0.0515574
0.0495321
0.0421076
0.0251948
-0.00114452
-0.0285375
-0.0493325
-0.060439
-0.0618184
-0.0564115
-0.0540681
-0.0619432
-0.0663158
-0.0393253
-0.0122824
0.00290437
0.0100545
0.0122206
0.0127717
0.0123264
0.114324
0.112871
0.106479
0.0906399
0.0646978
0.035148
0.0084285
-0.0116127
-0.0232196
-0.0281648
-0.0338131
-0.0456057
-0.0517879
-0.0296084
-0.0101959
-0.00219391
-0.00141098
-0.00245275
-0.00304199
-0.00344363
0.130811
0.129704
0.124831
0.112543
0.0919894
0.0671683
0.042533
0.0216744
0.00687729
-0.00155677
-0.00717551
-0.0151727
-0.0174055
-0.0020618
0.00740241
0.0101546
0.00874467
0.00731823
0.00675511
0.00632033
0.126297
0.125552
0.122217
0.113633
0.0989162
0.0802967
0.0606714
0.0430547
0.0299328
0.0233262
0.0233171
0.0253401
0.0308236
0.0432762
0.0437891
0.0401055
0.0353911
0.0327158
0.0317793
0.0313221
0.113949
0.113514
0.111409
0.105801
0.0958841
0.0828591
0.0685464
0.0554137
0.0460699
0.043708
0.0514413
0.0668067
0.0859327
0.0918763
0.0836635
0.07508
0.069732
0.0679522
0.0670655
0.0663329
0.0992936
0.0990778
0.097849
0.0943826
0.0880124
0.0793719
0.0696618
0.0608173
0.0553397
0.05735
0.0721772
0.0978804
0.123323
0.124563
0.112937
0.104323
0.101034
0.100334
0.0998335
0.0987591
0.084266
0.0842135
0.0835746
0.081586
0.0777282
0.072306
0.0661447
0.0607151
0.058243
0.0630152
0.0808532
0.109385
0.135432
0.133717
0.122815
0.117911
0.117591
0.118894
0.118761
0.117428
0.0697753
0.0697556
0.0694635
0.0684351
0.0662716
0.0630878
0.0593932
0.0562319
0.0554117
0.0605303
0.076582
0.101099
0.120348
0.117145
0.11015
0.109687
0.113026
0.115855
0.115774
0.114445
0.0560256
0.0560366
0.055924
0.0555019
0.0544623
0.0527431
0.0505908
0.048648
0.0480703
0.051224
0.0612838
0.076381
0.086481
0.0819189
0.0796529
0.0849711
0.0902455
0.092955
0.0928762
0.0917708
0.0434256
0.0434245
0.0434022
0.0432988
0.0429342
0.0420914
0.0407736
0.0392097
0.0378445
0.0373758
0.0387404
0.0404796
0.0394545
0.0350096
0.0378739
0.0473143
0.0551556
0.0584983
0.0586344
0.0577616
0.0322566
0.0322339
0.032237
0.032289
0.0322439
0.0318474
0.0309079
0.0293233
0.0267079
0.0221839
0.0138483
0.00138207
-0.0144861
-0.0196305
-0.00711939
0.00703368
0.0157913
0.0187465
0.0192707
0.0188521
0.0226377
0.0225885
0.0225714
0.0226535
0.0227354
0.0225785
0.0218949
0.0200293
0.016365
0.00888051
-0.00723816
-0.0332526
-0.0559813
-0.0558254
-0.0391956
-0.0241313
-0.0169412
-0.0142225
-0.013536
-0.0136611
0.0144714
0.0144273
0.0143859
0.0144332
0.0145208
0.0144161
0.0137866
0.012317
0.0088223
0.00033801
-0.0186723
-0.0492743
-0.0738586
-0.0681303
-0.0505911
-0.0385089
-0.034112
-0.0327546
-0.0318458
-0.0316832
0.00750258
0.00744313
0.00739827
0.00743954
0.00751991
0.00750979
0.00715904
0.0061403
0.00376409
-0.00238107
-0.0173456
-0.0426783
-0.0604264
-0.0513791
-0.0388063
-0.0330282
-0.031206
-0.031015
-0.0302001
-0.0299714
0.00162694
0.00160288
0.00158558
0.00152186
0.00145567
0.00154678
0.00161412
0.00157125
0.00122363
0.000319863
-0.00174646
-0.00750611
-0.0163136
-0.0150576
-0.0137566
-0.0153565
-0.0164478
-0.0148454
-0.0120403
-0.0106882
-0.0283502
0.139523
0.335825
0.507055
0.644198
0.752601
0.842449
0.918808
0.953401
0.930101
0.277006
0.398501
0.529257
0.642401
0.737916
0.817082
0.881181
0.926643
0.949407
0.961451
0.497585
0.580979
0.670359
0.749406
0.817438
0.87437
0.919634
0.95269
0.976556
0.994513
0.659467
0.719055
0.781313
0.838783
0.888811
0.931294
0.966177
0.993992
1.01687
1.03516
0.785674
0.829095
0.875332
0.919403
0.958336
0.992334
1.02143
1.04563
1.06607
1.0839
0.890469
0.923527
0.961822
0.99754
1.03032
1.05969
1.08535
1.10692
1.12481
1.14215
0.983315
1.01211
1.04621
1.07845
1.10849
1.13575
1.15956
1.17933
1.19486
1.21193
1.07209
1.10136
1.13544
1.16755
1.19721
1.22385
1.24676
1.26528
1.27867
1.2957
1.16751
1.20076
1.23745
1.27107
1.30115
1.32737
1.34935
1.36665
1.37853
1.39593
1.28257
1.32043
1.3591
1.39337
1.42274
1.44751
1.4679
1.4838
1.49528
1.51335
1.42756
1.46612
1.50228
1.53298
1.55867
1.58078
1.59984
1.61538
1.62782
1.64581
1.60267
1.63429
1.66048
1.68294
1.70292
1.72165
1.73938
1.75586
1.77121
1.78928
1.79129
1.8085
1.82354
1.83978
1.85569
1.87023
1.88343
1.89736
1.91491
1.93506
1.97302
1.98256
1.99411
2.00492
2.01421
2.02379
2.03458
2.04595
2.05731
2.07266
2.18027
2.18393
2.16898
2.15417
2.1479
2.15358
2.17206
2.20237
2.23455
2.2612
2.48658
2.35172
2.27508
2.23271
2.21529
2.21925
2.24665
2.30306
2.40568
2.63005
0.785093
0.782963
0.778479
0.769852
0.757624
0.745489
0.735252
0.727346
0.721713
0.718438
0.718058
0.72077
0.725854
0.73306
0.742435
0.753967
0.766612
0.777642
0.783752
0.786804
0.709553
0.715399
0.721731
0.72622
0.728685
0.728354
0.725609
0.721787
0.718261
0.715979
0.715805
0.717974
0.721614
0.725885
0.729678
0.731552
0.730608
0.727121
0.721955
0.715333
0.701139
0.703435
0.706837
0.709829
0.711898
0.713386
0.714131
0.713801
0.712758
0.711851
0.711995
0.713391
0.71518
0.716465
0.716629
0.715726
0.714168
0.711825
0.708557
0.705634
0.695645
0.696731
0.698561
0.700934
0.702951
0.704369
0.705377
0.706113
0.706494
0.706689
0.707144
0.707915
0.708482
0.708523
0.70809
0.707226
0.705745
0.703652
0.701559
0.700174
0.690463
0.691126
0.692231
0.69393
0.695703
0.697324
0.698606
0.699602
0.70046
0.701217
0.701904
0.702412
0.702567
0.70237
0.701778
0.700703
0.699259
0.697704
0.696378
0.695596
0.685515
0.685976
0.686759
0.68805
0.689527
0.691031
0.692479
0.693754
0.69486
0.695876
0.69674
0.697254
0.697352
0.697039
0.69631
0.695295
0.694149
0.693001
0.692077
0.691557
0.680721
0.681066
0.681674
0.682734
0.684016
0.685375
0.686793
0.688213
0.68955
0.690782
0.69183
0.692454
0.692572
0.692246
0.691607
0.690797
0.689919
0.689034
0.688349
0.687969
0.676029
0.676297
0.676787
0.677687
0.678843
0.680122
0.681493
0.682949
0.684447
0.685909
0.68718
0.687966
0.688193
0.688009
0.687564
0.686961
0.686278
0.685613
0.685108
0.684818
0.671359
0.671572
0.671979
0.672768
0.673842
0.675069
0.676426
0.677923
0.679543
0.681228
0.682767
0.683791
0.684235
0.684273
0.684042
0.683647
0.683159
0.682679
0.68231
0.682083
0.666626
0.666798
0.667146
0.667861
0.668888
0.67009
0.671469
0.673042
0.674806
0.676727
0.678584
0.679936
0.680678
0.68098
0.680982
0.680798
0.680507
0.68019
0.679934
0.679753
0.661747
0.661886
0.662193
0.662863
0.66387
0.665093
0.666532
0.668221
0.670179
0.672388
0.674634
0.676398
0.677497
0.678105
0.678368
0.678408
0.678309
0.678147
0.677985
0.67784
0.656637
0.656749
0.657027
0.657676
0.658699
0.659988
0.661532
0.663391
0.665611
0.66819
0.670917
0.673176
0.674694
0.675651
0.676206
0.676482
0.676578
0.67657
0.676491
0.676373
0.651205
0.651293
0.651555
0.652209
0.653285
0.654682
0.656385
0.65848
0.661041
0.664092
0.667415
0.670266
0.672276
0.673635
0.674517
0.675069
0.675377
0.675509
0.675501
0.675405
0.645351
0.645419
0.645673
0.646354
0.647521
0.649072
0.650997
0.653408
0.656402
0.660046
0.664098
0.667663
0.670261
0.672092
0.673346
0.674202
0.674742
0.675027
0.675086
0.675008
0.638955
0.639002
0.639258
0.639989
0.641285
0.643045
0.645264
0.648078
0.651621
0.655997
0.660942
0.665373
0.668673
0.671063
0.672754
0.673949
0.674756
0.675202
0.675328
0.675266
0.631874
0.631903
0.632162
0.632965
0.634436
0.63647
0.639066
0.642396
0.646631
0.651911
0.657943
0.663422
0.667564
0.670615
0.672817
0.674409
0.67552
0.676142
0.676335
0.676286
0.623927
0.623943
0.624203
0.625103
0.626801
0.629174
0.632257
0.636246
0.641357
0.647769
0.655133
0.661859
0.666991
0.670817
0.673628
0.675696
0.677152
0.677963
0.678225
0.678187
0.614813
0.614797
0.615117
0.616151
0.618133
0.620953
0.624659
0.629478
0.63568
0.643483
0.652465
0.660694
0.667008
0.671754
0.675284
0.677922
0.679773
0.680798
0.681132
0.681103
0.604266
0.604224
0.604588
0.605811
0.608154
0.611549
0.616047
0.621921
0.629495
0.639022
0.649971
0.659995
0.667703
0.673534
0.677914
0.68121
0.683523
0.684786
0.685196
0.685173
0.591812
0.591743
0.592183
0.593651
0.59647
0.600617
0.606142
0.613373
0.622689
0.634352
0.647677
0.659837
0.669176
0.676273
0.681648
0.685705
0.688547
0.69007
0.690556
0.690535
0.57682
0.576722
0.577282
0.579095
0.582552
0.587704
0.594597
0.603614
0.615169
0.629502
0.645685
0.660318
0.671539
0.680089
0.68662
0.69155
0.694983
0.696782
0.697338
0.697314
0.55837
0.558243
0.558996
0.561312
0.565667
0.572217
0.580978
0.592364
0.606783
0.62439
0.643971
0.661494
0.674871
0.685082
0.692923
0.698849
0.702941
0.705019
0.705634
0.7056
0.535075
0.534931
0.536012
0.539108
0.544811
0.553408
0.564821
0.579454
0.597613
0.619276
0.642836
0.663587
0.679334
0.691366
0.700647
0.707694
0.712473
0.714816
0.715465
0.715411
0.504614
0.504489
0.506175
0.51063
0.518602
0.530391
0.545703
0.564788
0.587717
0.61424
0.642351
0.666693
0.685013
0.699015
0.709841
0.718093
0.723536
0.726088
0.726731
0.726644
0.462856
0.462892
0.465919
0.473225
0.485391
0.5024
0.523487
0.548577
0.577465
0.60969
0.642847
0.670995
0.691985
0.70802
0.720478
0.729942
0.735938
0.738569
0.739146
0.739015
0.40211
0.403288
0.410722
0.424382
0.444245
0.469575
0.498805
0.531551
0.567498
0.606087
0.644605
0.676644
0.700308
0.718336
0.732354
0.742865
0.749242
0.751737
0.752141
0.75197
0.329711
0.331453
0.345717
0.36927
0.399939
0.435102
0.473239
0.514186
0.557751
0.603433
0.648263
0.685232
0.712493
0.733221
0.74923
0.761035
0.767791
0.770264
0.77068
0.770611
0.254854
0.260988
0.282084
0.31578
0.356757
0.401489
0.448519
0.49774
0.549036
0.601949
0.653302
0.695401
0.726382
0.750028
0.768305
0.781285
0.788138
0.790325
0.790576
0.790577
0.193652
0.20207
0.227757
0.268454
0.317451
0.370337
0.425383
0.482342
0.541008
0.600882
0.658478
0.705413
0.739832
0.766004
0.786057
0.800042
0.806988
0.809137
0.809697
0.809779
0.143816
0.152828
0.182065
0.227986
0.283087
0.342546
0.404367
0.468159
0.53355
0.599927
0.663416
0.714894
0.7525
0.78102
0.802751
0.817787
0.825343
0.828019
0.828702
0.828818
0.101977
0.111275
0.142975
0.1929
0.252996
0.317913
0.385473
0.455228
0.526652
0.598997
0.667967
0.723681
0.764253
0.794958
0.818364
0.834466
0.842858
0.845959
0.846746
0.846866
0.0657871
0.0752124
0.108776
0.161907
0.226116
0.295685
0.368244
0.443275
0.520144
0.59797
0.672041
0.731697
0.775006
0.807665
0.832473
0.849552
0.858665
0.862072
0.862961
0.863074
0.0336003
0.0430824
0.0780833
0.133921
0.201581
0.275148
0.352125
0.431899
0.513747
0.596661
0.675524
0.738871
0.784677
0.819072
0.845061
0.862907
0.872574
0.876326
0.877267
0.877385
0.0041646
0.0137086
0.0498863
0.108059
0.178698
0.255758
0.336657
0.420725
0.507163
0.594858
0.678279
0.745135
0.793263
0.829228
0.856226
0.874634
0.884701
0.888666
0.889648
0.889751
-0.0233564
-0.0137515
0.0234935
0.0836557
0.156953
0.237103
0.321506
0.409476
0.500171
0.592389
0.680202
0.750461
0.80083
0.838244
0.866072
0.884818
0.895061
0.899159
0.900225
0.90031
-0.0495147
-0.0398147
-0.00157503
0.0602819
0.135976
0.218878
0.306436
0.397965
0.492611
0.589124
0.681212
0.75486
0.807474
0.84628
0.874777
0.893759
0.904086
0.908299
0.90935
0.909427
-0.0747661
-0.0648729
-0.0257803
0.037709
0.115516
0.20088
0.291286
0.386062
0.484383
0.584974
0.681259
0.758362
0.813301
0.853503
0.882623
0.901811
0.91221
0.916409
0.917421
0.917426
-0.0993278
-0.0891991
-0.0493227
0.0157445
0.0954205
0.182985
0.275959
0.3737
0.475418
0.579886
0.680318
0.760993
0.8184
0.860052
0.889791
0.909151
0.919564
0.923706
0.924662
0.92466
-0.123285
-0.112931
-0.0722004
-0.00576045
0.075601
0.165142
0.260418
0.360846
0.465694
0.573822
0.678359
0.762767
0.822831
0.866049
0.896451
0.915976
0.926349
0.930359
0.93122
0.93118
-0.146763
-0.136089
-0.0946
-0.0268564
0.0560252
0.147332
0.244663
0.347513
0.455222
0.566783
0.675353
0.763658
0.826631
0.871613
0.902768
0.922412
0.932623
0.936422
0.93714
0.937049
-0.169729
-0.158761
-0.116506
-0.0475635
0.0366983
0.129575
0.228737
0.333747
0.444037
0.558778
0.67127
0.763606
0.829796
0.876841
0.908904
0.928598
0.938461
0.941903
0.942449
0.942315
-0.192222
-0.180931
-0.137863
-0.0678483
0.0176515
0.111913
0.212691
0.319614
0.432203
0.549842
0.666083
0.762535
0.832259
0.881796
0.915061
0.934744
0.94398
0.946855
0.947184
0.947014
-0.214056
-0.202515
-0.158662
-0.0876619
-0.00105898
0.0944248
0.196597
0.305194
0.419802
0.540042
0.659778
0.760353
0.833914
0.886471
0.921454
0.941225
0.94946
0.951374
0.951364
0.951168
-0.23537
-0.223469
-0.178879
-0.106979
-0.0193961
0.0771552
0.180552
0.290571
0.406927
0.529465
0.652367
0.756955
0.834599
0.890741
0.928211
0.948592
0.955579
0.955831
0.955057
0.954812
-0.255994
-0.243767
-0.198479
-0.125747
-0.0372775
0.0601919
0.164641
0.275871
0.393693
0.518181
0.643894
0.752245
0.834113
0.894334
0.935192
0.957379
0.96367
0.961573
0.95884
0.957728
-0.275987
-0.263448
-0.217407
-0.143912
-0.0546628
0.0436064
0.148947
0.261174
0.380213
0.506329
0.634434
0.746138
0.832239
0.896837
0.941795
0.96745
0.975207
0.971935
0.965202
0.956331
-0.295263
-0.282469
-0.235758
-0.161628
-0.0717621
0.0271171
0.133132
0.246074
0.366029
0.493394
0.623438
0.738047
0.828432
0.897778
0.947157
0.977771
0.990257
0.988161
0.978025
0.971695
-0.31377
-0.300749
-0.253525
-0.178859
-0.0885708
0.0107244
0.117214
0.230553
0.351099
0.479263
0.610719
0.727609
0.821962
0.896374
0.949139
0.983492
0.99854
1.00121
0.963694
0.911433
-0.331216
-0.3175
-0.270582
-0.195526
-0.105193
-0.00571892
0.101145
0.214729
0.335485
0.463998
0.596213
0.714622
0.811789
0.892108
0.945565
0.974718
0.990015
0.974169
0.917735
0.85505
-0.347928
-0.333292
-0.286795
-0.210924
-0.121222
-0.021737
0.0846945
0.198657
0.319332
0.447769
0.579938
0.698875
0.796761
0.885807
0.934094
0.98156
0.944223
0.898317
0.828007
0.760956
-0.334017
-0.315604
-0.265359
-0.18495
-0.0897825
0.0129773
0.124656
0.241438
0.365269
0.497547
0.624026
0.730553
0.820477
0.914931
0.955679
0.874611
0.825038
0.759774
0.68675
0.638803
-0.358525
-0.342133
-0.305749
-0.235327
-0.146007
-0.0472526
0.059455
0.172896
0.29295
0.42035
0.550903
0.668301
0.76385
0.845425
0.918851
0.912772
0.789161
0.704234
0.640568
0.558106
-0.378956
-0.363133
-0.321058
-0.249252
-0.159508
-0.0611126
0.0444681
0.157032
0.276175
0.402256
0.5312
0.646473
0.73891
0.809047
0.835016
0.758565
0.619148
0.523186
0.447727
0.360134
-0.399814
-0.38711
-0.340492
-0.267366
-0.17751
-0.0787949
0.0267912
0.139092
0.257404
0.382063
0.508234
0.61895
0.702774
0.758692
0.735503
0.604811
0.453628
0.336625
0.238806
0.102995
-0.423918
-0.410774
-0.362007
-0.287667
-0.197512
-0.098702
0.00681693
0.118597
0.235884
0.358738
0.481545
0.586868
0.662404
0.697082
0.638572
0.456709
0.2764
0.124454
-0.0153819
-0.211262
-0.447059
-0.434237
-0.384242
-0.308647
-0.21795
-0.119144
-0.0139582
0.097039
0.213055
0.333726
0.452731
0.551963
0.619533
0.620898
0.512757
0.316295
0.104662
-0.0943449
-0.268524
-0.660484
-0.470297
-0.457824
-0.407291
-0.330754
-0.23961
-0.140732
-0.0358863
0.0743144
0.188945
0.307185
0.422017
0.514318
0.570494
0.539822
0.390145
0.191375
-0.024478
-0.234782
-0.412863
-0.688689
-0.494508
-0.482175
-0.431406
-0.354262
-0.262796
-0.163836
-0.0592838
0.0501489
0.16334
0.278968
0.389354
0.474323
0.516246
0.468717
0.280479
0.0888822
-0.107026
-0.272527
-0.343608
-0.381864
-0.520195
-0.507991
-0.456978
-0.379491
-0.287904
-0.189031
-0.084923
0.0235218
0.134959
0.247497
0.352783
0.429743
0.455877
0.374383
0.182987
0.00352899
-0.159182
-0.26426
-0.301639
-0.310888
-0.547547
-0.535383
-0.484181
-0.406465
-0.314885
-0.216274
-0.112823
-0.00561949
0.103708
0.212665
0.312143
0.380915
0.381166
0.270176
0.0940928
-0.0717376
-0.209409
-0.264063
-0.276069
-0.28103
-0.576788
-0.564591
-0.513096
-0.435202
-0.343736
-0.245569
-0.142993
-0.0373193
0.0695525
0.174504
0.267499
0.327285
0.302875
0.172695
0.0113186
-0.14462
-0.242443
-0.270986
-0.266977
-0.267009
-0.607646
-0.595642
-0.543698
-0.46567
-0.374425
-0.276875
-0.17542
-0.0715653
0.0325037
0.133033
0.219139
0.267814
0.234038
0.0827522
-0.0638343
-0.200568
-0.240567
-0.252695
-0.257406
-0.257465
-0.639945
-0.627893
-0.575778
-0.497705
-0.406821
-0.310091
-0.210017
-0.108283
-0.00738505
0.0884239
0.167268
0.205306
0.165422
0.00539375
-0.129804
-0.223868
-0.268963
-0.255671
-0.252384
-0.25201
-0.673167
-0.661115
-0.609067
-0.530993
-0.44064
-0.344973
-0.246559
-0.147269
-0.0499139
0.0410042
0.112318
0.142229
0.0812566
-0.0628108
-0.18294
-0.231506
-0.246289
-0.247981
-0.248517
-0.248188
-0.706548
-0.69462
-0.642551
-0.564989
-0.475422
-0.381111
-0.284699
-0.188184
-0.0947137
-0.00888771
0.0556533
0.0718834
0.0017561
-0.125068
-0.218574
-0.237156
-0.242895
-0.245317
-0.244464
-0.244058
-0.738914
-0.727419
-0.67558
-0.598881
-0.510477
-0.417905
-0.323873
-0.2305
-0.141165
-0.0607919
-0.000843412
0.00301801
-0.0641017
-0.182841
-0.2579
-0.293117
-0.26409
-0.246363
-0.239178
-0.2374
-0.768785
-0.757781
-0.707012
-0.63144
-0.544868
-0.454506
-0.363321
-0.273507
-0.188494
-0.113724
-0.0570978
-0.0559291
-0.11688
-0.221586
-0.314837
-0.282627
-0.263593
-0.245917
-0.235792
-0.231925
-0.794484
-0.784191
-0.734918
-0.661488
-0.577375
-0.489806
-0.402044
-0.316283
-0.235832
-0.16636
-0.113856
-0.10623
-0.152238
-0.208821
-0.345599
-0.308704
-0.276737
-0.255563
-0.246771
-0.242837
-0.813694
-0.804327
-0.757388
-0.687065
-0.606441
-0.52254
-0.438842
-0.35771
-0.282216
-0.217891
-0.169253
-0.154879
-0.157025
-0.0929308
-0.0502508
-0.192548
-0.272945
-0.312298
-0.31675
-0.311898
-0.824376
-0.815844
-0.772352
-0.706273
-0.630245
-0.551128
-0.472388
-0.396355
-0.326518
-0.267588
-0.222404
-0.208825
-0.204822
0.0175679
0.0818299
-0.141941
-0.314718
-0.381099
-0.390471
-0.390476
-0.822317
-0.81527
-0.778103
-0.717182
-0.647047
-0.57391
-0.50105
-0.430917
-0.367252
-0.31466
-0.279766
-0.290041
-0.411795
-0.466036
-0.405842
-0.46539
-0.500746
-0.49837
-0.492965
-0.492597
-0.806034
-0.801236
-0.771742
-0.718421
-0.655432
-0.589434
-0.52329
-0.459556
-0.402425
-0.357727
-0.337719
-0.409173
-0.727509
-1.32573
-1.70127
-1.36024
-0.89791
-0.675228
-0.612034
-0.596644
-0.775885
-0.772405
-0.751981
-0.708855
-0.654782
-0.596817
-0.537829
-0.480589
-0.429232
-0.391725
-0.381935
-0.457959
-0.701411
-1.06638
-1.23467
-0.983422
-0.664044
-0.498645
-0.444319
-0.433201
-0.735975
-0.733779
-0.721753
-0.69032
-0.645892
-0.596224
-0.544212
-0.49231
-0.445061
-0.409683
-0.398662
-0.372242
-0.212336
0.173364
0.581831
0.592668
0.239465
-0.0677103
-0.161029
-0.166874
-0.693994
-0.692734
-0.686573
-0.666873
-0.632114
-0.589133
-0.543044
-0.494954
-0.448481
-0.409952
-0.390234
-0.338426
-0.129072
0.100058
0.166305
-0.158895
-0.409128
-0.434216
-0.31539
-0.243077
-0.65853
-0.657874
-0.654991
-0.64277
-0.616418
-0.579411
-0.536699
-0.489705
-0.441798
-0.397721
-0.372868
-0.383384
-0.452346
-0.700484
-1.07445
-1.39371
-1.5124
-1.43557
-1.22986
-1.12842
-0.631631
-0.630855
-0.629352
-0.624055
-0.604254
-0.570869
-0.528062
-0.479435
-0.426025
-0.371598
-0.330446
-0.308697
-0.356364
-0.448358
-0.578223
-0.662039
-0.617405
-0.483005
-0.325531
-0.22151
-0.611226
-0.610873
-0.61017
-0.608194
-0.595696
-0.564569
-0.519945
-0.466156
-0.40427
-0.336414
-0.25775
-0.186158
-0.0718928
0.033027
0.152906
0.282602
0.472797
0.712061
0.890504
0.979963
-0.598558
-0.598362
-0.597926
-0.597132
-0.590445
-0.561368
-0.51357
-0.453094
-0.380899
-0.295778
-0.190904
-0.0759217
0.140443
0.407931
0.724678
1.07106
1.42277
1.70202
1.87179
1.94479
-0.589708
-0.589674
-0.5893
-0.589081
-0.585652
-0.560795
-0.510687
-0.443485
-0.360981
-0.262397
-0.146382
-0.0129472
0.163017
0.463214
0.898948
1.35658
1.74931
2.02649
2.17541
2.23172
-0.585786
-0.58538
-0.583038
-0.579901
-0.579214
-0.564146
-0.513899
-0.439087
-0.348562
-0.242889
-0.12399
0.0136928
0.150961
0.43018
0.839301
1.24923
1.60034
1.83302
1.9513
1.99336
-0.60189
-0.599917
-0.594219
-0.588752
-0.590634
-0.582751
-0.526451
-0.439541
-0.339391
-0.229984
-0.111988
0.0107672
0.133781
0.30444
0.637013
0.963469
1.23519
1.41406
1.50053
1.52984
-0.650848
-0.648304
-0.648308
-0.654703
-0.659421
-0.635852
-0.5483
-0.439017
-0.327983
-0.218391
-0.107384
-0.00439708
0.0911288
0.201196
0.428187
0.662644
0.854355
0.980698
1.04031
1.06058
-0.700099
-0.702605
-0.721636
-0.739407
-0.735528
-0.677167
-0.552962
-0.42427
-0.308674
-0.20439
-0.107312
-0.0249237
0.0457256
0.118389
0.273866
0.429949
0.551974
0.632221
0.668502
0.678794
-0.644736
-0.651088
-0.672974
-0.689355
-0.680112
-0.614286
-0.494561
-0.376556
-0.273188
-0.184178
-0.105455
-0.0442849
0.00605303
0.0536752
0.154465
0.256347
0.331561
0.376789
0.39759
0.403979
-0.443124
-0.450014
-0.464736
-0.478011
-0.47322
-0.430018
-0.360987
-0.287923
-0.217936
-0.153359
-0.0968781
-0.0549532
-0.0215147
0.0146667
0.0811892
0.137743
0.179689
0.204429
0.214739
0.217457
-0.193607
-0.197197
-0.20398
-0.215546
-0.22456
-0.221042
-0.207342
-0.182521
-0.151287
-0.115837
-0.083042
-0.0616113
-0.0470258
-0.0232077
0.0218776
0.0605224
0.0838072
0.0941828
0.097952
0.0987287
-0.00672105
-0.00867033
-0.0133556
-0.0249834
-0.0447486
-0.0681088
-0.0847129
-0.0918704
-0.089018
-0.0779732
-0.0653283
-0.060129
-0.0649694
-0.0495633
-0.0179617
0.00819501
0.0226939
0.029299
0.0315096
0.0319631
0.0916038
0.0902395
0.0866381
0.0751433
0.0527001
0.0229277
-0.00525976
-0.026718
-0.0389362
-0.0426194
-0.0427862
-0.0495575
-0.0619737
-0.0504224
-0.0234735
-0.00683204
0.000151514
0.00132514
0.00112329
0.000954347
0.126978
0.126074
0.123215
0.113696
0.0945135
0.0680344
0.0405204
0.0164286
-0.00125212
-0.0117024
-0.0174629
-0.0263517
-0.037743
-0.0289761
-0.00894693
-0.000117137
0.00175945
0.000727302
-0.000240468
-0.000592674
0.130401
0.129834
0.127773
0.120878
0.106737
0.0865962
0.0641567
0.0428312
0.0255944
0.014304
0.00926205
0.00612662
0.00279471
0.0100681
0.0224323
0.024854
0.0219669
0.0191144
0.0177638
0.0173461
0.120767
0.120469
0.119134
0.114555
0.1049
0.090685
0.0740389
0.0575075
0.0438691
0.0355963
0.0353871
0.0422236
0.0524514
0.0629378
0.0657537
0.061212
0.0547846
0.0506833
0.049234
0.0485484
0.106772
0.10666
0.105878
0.103029
0.0967823
0.0872754
0.0757623
0.0640339
0.0545108
0.0501114
0.0555891
0.0733156
0.096943
0.114248
0.105345
0.0950839
0.0883797
0.0862976
0.0851299
0.0841514
0.0917431
0.0917603
0.0913464
0.0896961
0.0858627
0.0798051
0.0722901
0.0646186
0.0588579
0.057974
0.0678515
0.0913838
0.121335
0.13982
0.12781
0.115989
0.111741
0.111221
0.111621
0.110678
0.0768987
0.0769341
0.0767767
0.075908
0.0737354
0.0701286
0.0655139
0.0608078
0.0576846
0.0588051
0.0698202
0.0934048
0.121194
0.134452
0.123096
0.117038
0.117162
0.119692
0.120874
0.119716
0.0627342
0.0628013
0.062727
0.0623409
0.0612557
0.0592797
0.0565999
0.0538225
0.052087
0.0534477
0.062008
0.0806529
0.0997698
0.105492
0.0985088
0.0977689
0.101217
0.105007
0.106205
0.105431
0.0495238
0.049575
0.0495589
0.0494223
0.0490207
0.048088
0.0466118
0.0448698
0.043438
0.0434882
0.0470545
0.0553381
0.0633004
0.0634777
0.058533
0.06331
0.0707278
0.0759612
0.0771762
0.0764389
0.0376273
0.0376496
0.0376159
0.0376451
0.037583
0.0372305
0.0364028
0.035079
0.0333172
0.0311296
0.0282178
0.0238482
0.0163257
0.00729752
0.00973653
0.0205835
0.0314514
0.0372866
0.0389808
0.0387373
0.0272564
0.0272524
0.0272127
0.0272446
0.0273256
0.0272574
0.0267583
0.0255779
0.0232253
0.0189531
0.00986909
-0.00705063
-0.0284525
-0.0415927
-0.0332376
-0.0174072
-0.00534684
-7.59789e-05
0.00134784
0.00159162
0.0184128
0.0183885
0.0183275
0.0183281
0.0184288
0.0184478
0.0180485
0.0169354
0.0144751
0.00913299
-0.003587
-0.0290044
-0.059528
-0.0702939
-0.057073
-0.0395452
-0.0302727
-0.0263907
-0.0253581
-0.0247417
0.0108632
0.0108203
0.0107579
0.0107462
0.0108308
0.0108848
0.0106389
0.00980495
0.0077889
0.00304309
-0.00881092
-0.0336558
-0.0638444
-0.0702288
-0.0555984
-0.0418168
-0.0360701
-0.0343641
-0.0337499
-0.0330922
0.00161112
0.00159732
0.00156229
0.00147158
0.00149465
0.00158702
0.0016082
0.0014626
0.000841317
-0.000536389
-0.00401141
-0.0123412
-0.0169776
-0.0130167
-0.0138176
-0.0164719
-0.0160461
-0.0132755
-0.0111763
-0.0214262
-1.06912
-0.38577
0.0653278
0.325803
0.513704
0.658084
0.770615
0.862363
0.959997
1.0516
-0.0139156
0.182384
0.361424
0.512302
0.638604
0.741809
0.826032
0.894973
0.937721
0.941754
0.321774
0.438034
0.55187
0.653262
0.74057
0.814243
0.874607
0.920465
0.949989
0.967716
0.533881
0.61293
0.691334
0.763102
0.825735
0.879227
0.92325
0.957785
0.984049
1.00319
0.689154
0.742872
0.802034
0.855515
0.902307
0.943033
0.977603
1.00629
1.02975
1.04679
0.811932
0.85288
0.89884
0.939156
0.976546
1.00991
1.03912
1.06409
1.08496
1.09924
0.914882
0.949392
0.986535
1.02084
1.05312
1.08276
1.10912
1.13174
1.15041
1.16217
1.00822
1.03928
1.07327
1.1059
1.13665
1.165
1.19012
1.2114
1.22835
1.23789
1.09926
1.13179
1.1671
1.20111
1.23241
1.26069
1.28524
1.30555
1.32101
1.32922
1.20121
1.23871
1.27699
1.31323
1.34527
1.37312
1.39656
1.41555
1.42968
1.43817
1.32812
1.37048
1.40966
1.44551
1.47591
1.50157
1.52311
1.54073
1.55423
1.5644
1.48964
1.53109
1.56478
1.59433
1.61885
1.64036
1.65994
1.67736
1.6921
1.70479
1.68005
1.71084
1.73206
1.75119
1.76924
1.78647
1.80267
1.81849
1.835
1.85193
1.87789
1.88928
1.90032
1.91441
1.92869
1.94153
1.95289
1.96374
1.97664
1.99352
2.06369
2.07359
2.08223
2.08467
2.08553
2.08979
2.10058
2.11653
2.13415
2.13874
2.36472
2.30932
2.25849
2.21824
2.19584
2.19179
2.20529
2.23909
2.29553
2.37109
0.927306
0.868612
0.826129
0.792267
0.767606
0.750046
0.737526
0.728584
0.722454
0.718948
0.718528
0.721358
0.726774
0.734694
0.745603
0.760647
0.781651
0.810742
0.849502
0.897326
0.728862
0.737618
0.743146
0.743965
0.740475
0.734421
0.727975
0.722484
0.718621
0.716937
0.718076
0.721641
0.726899
0.733358
0.740114
0.745377
0.746998
0.74376
0.736414
0.728745
0.705904
0.707934
0.712537
0.716043
0.718547
0.719965
0.719663
0.717908
0.715693
0.714092
0.714069
0.715858
0.71855
0.721153
0.722619
0.722271
0.720408
0.717603
0.71355
0.709167
0.69901
0.699876
0.702356
0.705064
0.707066
0.708415
0.709384
0.709812
0.709641
0.709351
0.709658
0.7107
0.711762
0.712218
0.711896
0.711037
0.709619
0.707374
0.704731
0.702764
0.69338
0.693842
0.695234
0.697248
0.699177
0.700739
0.701864
0.702735
0.703421
0.703956
0.704537
0.705131
0.705416
0.705292
0.704799
0.70382
0.702302
0.700468
0.698816
0.697798
0.688225
0.688512
0.689426
0.690887
0.6925
0.694087
0.695489
0.696631
0.697614
0.698517
0.699296
0.699784
0.699894
0.699635
0.698949
0.697867
0.696563
0.695236
0.694142
0.693516
0.683293
0.683495
0.684179
0.685343
0.686712
0.688136
0.689582
0.690951
0.692178
0.693299
0.694251
0.694813
0.694914
0.694574
0.693866
0.69295
0.691949
0.690937
0.690144
0.689704
0.678515
0.678667
0.679211
0.680184
0.681396
0.682712
0.684106
0.685548
0.686974
0.688321
0.689475
0.690172
0.69033
0.69006
0.689513
0.688808
0.688029
0.687255
0.686667
0.686336
0.673813
0.673932
0.674377
0.675215
0.676326
0.677579
0.678941
0.680414
0.681972
0.683546
0.684945
0.685839
0.686161
0.686082
0.685743
0.685244
0.684657
0.684083
0.68365
0.683394
0.669098
0.669194
0.669569
0.670316
0.671362
0.672576
0.673942
0.675472
0.677158
0.678957
0.680646
0.681824
0.682408
0.682573
0.682456
0.682165
0.681774
0.681372
0.681063
0.680861
0.664283
0.664362
0.664687
0.665374
0.666387
0.667598
0.669006
0.67063
0.672483
0.674539
0.676579
0.678128
0.67904
0.679489
0.67962
0.679543
0.679349
0.679106
0.678898
0.678736
0.659282
0.659348
0.659637
0.660292
0.661304
0.662559
0.664049
0.665814
0.667893
0.670275
0.672748
0.674748
0.676048
0.676823
0.677231
0.677384
0.677385
0.677291
0.67717
0.677039
0.654008
0.654063
0.654331
0.654978
0.656023
0.657366
0.658987
0.660954
0.663332
0.666131
0.66914
0.671681
0.673434
0.674584
0.675301
0.675708
0.675904
0.675961
0.675918
0.675812
0.648366
0.648412
0.648668
0.649331
0.650447
0.651921
0.653731
0.655974
0.658737
0.662069
0.665738
0.668928
0.671217
0.672799
0.673865
0.674568
0.674983
0.675181
0.675205
0.675119
0.642246
0.642284
0.642537
0.643236
0.64446
0.646117
0.648185
0.650784
0.654034
0.658022
0.662498
0.666476
0.669409
0.671506
0.672977
0.673999
0.674655
0.675011
0.675105
0.675036
0.635515
0.635544
0.635801
0.63656
0.637935
0.639835
0.642238
0.645293
0.64916
0.653963
0.659424
0.664353
0.668055
0.670758
0.672705
0.67409
0.675026
0.675553
0.675713
0.675659
0.628022
0.628037
0.628303
0.629143
0.630715
0.632924
0.635754
0.639391
0.644036
0.649849
0.656514
0.662589
0.667204
0.670623
0.673135
0.674951
0.676204
0.676916
0.677145
0.677102
0.619514
0.619539
0.619836
0.620768
0.622592
0.625194
0.628578
0.632956
0.638581
0.645651
0.653784
0.661227
0.666922
0.671182
0.674358
0.676695
0.67831
0.679223
0.679523
0.679491
0.609731
0.609744
0.610082
0.611156
0.613302
0.616419
0.620503
0.625813
0.632658
0.641276
0.651193
0.660281
0.667264
0.672527
0.676488
0.679431
0.681473
0.682614
0.682989
0.682965
0.598298
0.598306
0.598677
0.599947
0.60252
0.606302
0.611287
0.617791
0.62618
0.636713
0.648792
0.659841
0.668337
0.674777
0.679658
0.683298
0.685838
0.68723
0.687682
0.687662
0.584682
0.584684
0.585119
0.58665
0.589783
0.594443
0.600609
0.608665
0.619029
0.631956
0.646647
0.659994
0.670239
0.678035
0.684003
0.688449
0.691548
0.693209
0.693736
0.693716
0.568119
0.568116
0.568649
0.570558
0.574473
0.580334
0.588091
0.5982
0.611091
0.626972
0.64478
0.66081
0.67308
0.682425
0.689639
0.695006
0.698729
0.70067
0.701265
0.701239
0.547507
0.5475
0.548192
0.550676
0.555726
0.563291
0.573256
0.586128
0.602291
0.621822
0.643319
0.662415
0.676958
0.688055
0.696631
0.703067
0.70747
0.709686
0.710331
0.71029
0.521084
0.521077
0.522051
0.525505
0.532362
0.542503
0.555671
0.572351
0.592754
0.616741
0.642505
0.665008
0.682024
0.695034
0.705109
0.712691
0.717786
0.720244
0.720904
0.720837
0.485801
0.48581
0.487406
0.492749
0.502839
0.51706
0.534977
0.556847
0.582597
0.611867
0.642448
0.668677
0.688332
0.703351
0.715035
0.723839
0.729573
0.732189
0.732811
0.732702
0.435873
0.43611
0.439774
0.449489
0.4656
0.486565
0.511404
0.540123
0.572419
0.607758
0.643569
0.673655
0.695992
0.713049
0.726352
0.736318
0.742554
0.745186
0.745706
0.745544
0.363679
0.365978
0.376756
0.395874
0.422078
0.45245
0.486123
0.522947
0.562636
0.604652
0.646141
0.680442
0.705751
0.725087
0.740226
0.751386
0.758082
0.76073
0.761186
0.761018
0.286579
0.292879
0.312064
0.341281
0.378102
0.418189
0.460794
0.505889
0.553329
0.60264
0.650758
0.690328
0.71949
0.741766
0.7592
0.771826
0.778887
0.781379
0.781771
0.781688
0.220523
0.227183
0.252973
0.290756
0.3366
0.385616
0.436785
0.489965
0.545004
0.601436
0.655944
0.700494
0.733232
0.758213
0.777577
0.791178
0.798328
0.800711
0.801253
0.801253
0.16652
0.173454
0.203245
0.247183
0.299763
0.356092
0.414658
0.475142
0.537252
0.600437
0.661024
0.710265
0.746306
0.77369
0.794717
0.809341
0.817154
0.819909
0.820307
0.820331
0.121558
0.128813
0.16109
0.209709
0.267663
0.329947
0.394732
0.461596
0.530079
0.599501
0.665779
0.719411
0.758528
0.788177
0.810833
0.826677
0.835213
0.838078
0.838547
0.838607
0.0832394
0.090674
0.124719
0.176888
0.239291
0.306607
0.376733
0.449195
0.523402
0.598538
0.670098
0.727816
0.769786
0.801507
0.825715
0.842526
0.851679
0.854893
0.855487
0.855567
0.0495775
0.0571317
0.0924694
0.147567
0.213669
0.285294
0.360118
0.437577
0.516982
0.597393
0.673891
0.735419
0.780003
0.81356
0.839032
0.856664
0.866276
0.869867
0.870671
0.870771
0.019114
0.0267864
0.0631791
0.120787
0.190027
0.265384
0.34437
0.426338
0.510523
0.595859
0.677022
0.742142
0.789123
0.824326
0.850878
0.869156
0.879141
0.883017
0.883941
0.884046
-0.00907147
-0.00129528
0.0360574
0.0957267
0.167758
0.246398
0.32909
0.41515
0.503754
0.593738
0.679371
0.747936
0.797188
0.833891
0.861345
0.880056
0.890295
0.894357
0.895335
0.895435
-0.0357135
-0.0278003
0.0104409
0.0718747
0.146428
0.227985
0.313998
0.403786
0.496491
0.590882
0.680844
0.752793
0.804278
0.842393
0.87058
0.889499
0.899895
0.904071
0.905104
0.905178
-0.0612364
-0.0531518
-0.0140041
0.0489255
0.125728
0.209889
0.298901
0.392091
0.488604
0.58718
0.681374
0.756736
0.8105
0.850001
0.878822
0.89795
0.908414
0.912643
0.91369
0.913742
-0.0859764
-0.0776874
-0.0378682
0.0266804
0.105458
0.191948
0.283668
0.37996
0.480011
0.582565
0.680929
0.759801
0.815952
0.856871
0.886305
0.905604
0.91609
0.920289
0.921289
0.921361
-0.110067
-0.101554
-0.061032
0.00495652
0.085503
0.174081
0.268232
0.367351
0.470666
0.576989
0.67948
0.762002
0.82071
0.863127
0.893195
0.912655
0.923112
0.927245
0.92818
0.928178
-0.1336
-0.124944
-0.0836046
-0.016343
0.0658051
0.15625
0.252579
0.354252
0.460566
0.570436
0.677002
0.763337
0.824821
0.868894
0.899662
0.919266
0.929599
0.933561
0.934378
0.934315
-0.156644
-0.147798
-0.105717
-0.0372499
0.0463481
0.138461
0.236733
0.340696
0.449724
0.562905
0.673457
0.763763
0.828308
0.874278
0.905863
0.925553
0.935637
0.939302
0.939954
0.939845
-0.179231
-0.170188
-0.127329
-0.0577548
0.0271498
0.120745
0.220733
0.326732
0.438202
0.554433
0.668824
0.763212
0.831131
0.879365
0.911982
0.931681
0.941288
0.944498
0.944956
0.944801
-0.201281
-0.19203
-0.14839
-0.0778124
0.00826152
0.103153
0.204656
0.31244
0.426075
0.545055
0.663078
0.761599
0.833208
0.884186
0.918231
0.937934
0.94673
0.949204
0.949395
0.949207
-0.222727
-0.213267
-0.168887
-0.097387
-0.0102677
0.0857615
0.188575
0.297907
0.413424
0.534854
0.656214
0.75882
0.834402
0.888683
0.924801
0.944778
0.952405
0.953604
0.953307
0.953097
-0.243572
-0.233891
-0.188791
-0.116437
-0.0283898
0.0686454
0.172582
0.283235
0.400352
0.523906
0.648269
0.754776
0.834527
0.892659
0.931712
0.952808
0.959304
0.958425
0.956895
0.956606
-0.263741
-0.253846
-0.208058
-0.134915
-0.0460354
0.0518604
0.156761
0.268515
0.386975
0.512319
0.639282
0.749377
0.833375
0.895765
0.938613
0.962325
0.968997
0.965989
0.961886
0.96009
-0.283257
-0.27316
-0.226674
-0.152821
-0.0632276
0.0353899
0.14109
0.253718
0.373262
0.500056
0.629185
0.742402
0.830649
0.897569
0.944749
0.972738
0.982506
0.979963
0.972146
0.955926
-0.302151
-0.291832
-0.244745
-0.170331
-0.0802077
0.0189186
0.125184
0.238372
0.358659
0.486476
0.617302
0.73314
0.825602
0.897437
0.948741
0.981487
0.996216
0.992805
0.984951
0.940175
-0.320692
-0.309473
-0.262192
-0.187305
-0.0968725
0.00254298
0.109223
0.222699
0.343393
0.471787
0.603706
0.72146
0.817441
0.894632
0.948219
0.980928
0.996099
0.996014
0.944673
0.884098
-0.339919
-0.324992
-0.278797
-0.203592
-0.113476
-0.0139451
0.0929441
0.2067
0.32745
0.45597
0.588267
0.707092
0.804929
0.889116
0.940629
0.959016
0.972566
0.943201
0.878456
0.813806
-0.358942
-0.360505
-0.299958
-0.216672
-0.126975
-0.0276602
0.076944
0.191034
0.311563
0.439801
0.571603
0.690301
0.787819
0.882822
0.901053
0.910601
0.902179
0.843285
0.770404
0.700385
-0.334475
-0.333204
-0.2745
-0.191859
-0.0971386
0.00554889
0.114884
0.231507
0.355031
0.486824
0.612611
0.718569
0.805901
0.898403
0.915921
0.820373
0.738802
0.673534
0.60159
0.459188
-0.376066
-0.349412
-0.287883
-0.204559
-0.109931
-0.00747189
0.101319
0.217379
0.340054
0.470442
0.593809
0.696633
0.77523
0.836156
0.807987
0.68311
0.566146
0.485705
0.402495
0.240743
-0.401025
-0.369585
-0.30697
-0.22408
-0.129365
-0.027075
0.0819526
0.197295
0.318743
0.446995
0.567071
0.6646
0.735488
0.761769
0.686207
0.52651
0.390233
0.288859
0.174718
-0.0582583
-0.425435
-0.391618
-0.327709
-0.244093
-0.149251
-0.0470107
0.0617256
0.17621
0.296214
0.421921
0.537795
0.62876
0.68766
0.680569
0.549281
0.365352
0.196549
0.0563931
-0.102387
-0.483748
-0.448916
-0.414206
-0.349202
-0.264665
-0.169612
-0.0674975
0.0406652
0.154183
0.272555
0.395365
0.506271
0.589961
0.631423
0.59499
0.41616
0.211855
0.000778987
-0.17637
-0.422347
-0.973486
-0.47221
-0.437434
-0.371683
-0.286489
-0.191174
-0.0892028
0.0184034
0.130877
0.24742
0.367002
0.472457
0.54836
0.571416
0.487089
0.294328
0.0830064
-0.131737
-0.330705
-0.496533
-1.09439
-0.496479
-0.461621
-0.395429
-0.309813
-0.214282
-0.112415
-0.00532378
0.106087
0.220677
0.336779
0.43659
0.503081
0.503052
0.375802
0.189715
-0.0115649
-0.196332
-0.322983
-0.354969
-0.402124
-0.522152
-0.487239
-0.420772
-0.334958
-0.239389
-0.13778
-0.0313675
0.0787177
0.190969
0.302964
0.396681
0.450966
0.42919
0.273543
0.0953333
-0.0811433
-0.223486
-0.283734
-0.306474
-0.312228
-0.549606
-0.514485
-0.447809
-0.361914
-0.266467
-0.165293
-0.0598116
0.0486468
0.158178
0.265469
0.352432
0.392321
0.356228
0.178198
0.00930659
-0.14546
-0.252955
-0.2794
-0.280424
-0.28078
-0.578925
-0.543491
-0.47659
-0.390666
-0.295484
-0.194961
-0.0906577
0.015869
0.122269
0.224353
0.303561
0.33128
0.265175
0.0908303
-0.0695257
-0.206026
-0.251717
-0.265866
-0.267067
-0.266661
-0.610014
-0.574196
-0.507077
-0.421205
-0.326427
-0.226757
-0.123891
-0.0196235
0.0832718
0.179703
0.250586
0.265063
0.168303
0.00974449
-0.136571
-0.244017
-0.257125
-0.256746
-0.257574
-0.257173
-0.642398
-0.606472
-0.539092
-0.453366
-0.359165
-0.260583
-0.159438
-0.0577744
0.0412853
0.131722
0.19436
0.191534
0.0835303
-0.0619799
-0.189733
-0.226741
-0.248469
-0.252024
-0.252196
-0.251809
-0.675739
-0.639456
-0.572276
-0.486855
-0.393445
-0.296216
-0.197092
-0.0983734
-0.00348779
0.0809366
0.134586
0.12056
0.00391748
-0.12309
-0.224413
-0.26366
-0.251792
-0.248845
-0.248342
-0.248034
-0.709096
-0.67288
-0.606082
-0.521173
-0.428826
-0.333265
-0.236506
-0.141061
-0.050725
0.0280776
0.0713613
0.0565455
-0.0681815
-0.174965
-0.244287
-0.240893
-0.244749
-0.24486
-0.244196
-0.243999
-0.741465
-0.705823
-0.639381
-0.555579
-0.464671
-0.371163
-0.277145
-0.18528
-0.0997966
-0.026372
0.0106653
-0.00636834
-0.127262
-0.232104
-0.246745
-0.263441
-0.251244
-0.241708
-0.237969
-0.236982
-0.771298
-0.736626
-0.671365
-0.589035
-0.500087
-0.409098
-0.318277
-0.230334
-0.149752
-0.0817529
-0.0443363
-0.0718205
-0.165267
-0.282072
-0.298793
-0.275693
-0.253863
-0.239896
-0.233336
-0.230759
-0.796879
-0.763708
-0.700252
-0.6203
-0.533926
-0.446033
-0.358926
-0.275339
-0.199562
-0.137133
-0.0993342
-0.122938
-0.167923
-0.277386
-0.36779
-0.298855
-0.263148
-0.250438
-0.244442
-0.24125
-0.815956
-0.784966
-0.724123
-0.647624
-0.564775
-0.480728
-0.397905
-0.319197
-0.248411
-0.191475
-0.155185
-0.162552
-0.118616
-0.0944306
-0.147516
-0.236205
-0.298921
-0.317473
-0.313844
-0.311354
-0.826202
-0.797934
-0.741142
-0.669111
-0.590938
-0.511763
-0.434037
-0.360598
-0.295392
-0.244561
-0.204194
-0.225998
-0.121602
0.147948
-0.0173495
-0.239733
-0.360498
-0.388577
-0.39066
-0.391433
-0.824835
-0.800695
-0.749387
-0.682929
-0.610741
-0.53748
-0.465624
-0.398178
-0.339412
-0.295691
-0.254985
-0.351712
-0.46742
-0.401686
-0.437259
-0.489521
-0.500613
-0.494803
-0.492352
-0.493757
-0.808211
-0.790133
-0.747065
-0.687702
-0.622762
-0.556375
-0.491095
-0.429997
-0.378321
-0.343398
-0.328863
-0.551318
-0.982853
-1.63033
-1.60976
-1.09537
-0.756225
-0.632404
-0.601518
-0.595255
-0.777743
-0.765169
-0.73251
-0.682706
-0.626132
-0.567452
-0.50891
-0.453896
-0.408451
-0.381181
-0.388249
-0.568107
-0.866157
-1.20866
-1.16699
-0.794761
-0.567607
-0.460459
-0.43715
-0.429692
-0.737569
-0.729661
-0.708366
-0.669145
-0.621428
-0.570504
-0.518106
-0.468029
-0.425377
-0.398603
-0.390899
-0.334077
-0.0421062
0.426579
0.646945
0.457963
0.0614869
-0.135108
-0.167703
-0.162627
-0.695217
-0.690842
-0.6787
-0.65094
-0.611315
-0.566618
-0.519197
-0.471201
-0.428124
-0.395869
-0.387338
-0.252209
-0.00924932
0.156661
0.0290117
-0.311535
-0.455339
-0.378685
-0.265485
-0.248529
-0.65928
-0.657073
-0.650522
-0.631173
-0.599047
-0.558589
-0.513695
-0.465889
-0.418586
-0.383011
-0.378325
-0.405944
-0.548445
-0.887481
-1.23835
-1.48565
-1.49695
-1.33118
-1.16697
-1.10933
-0.631268
-0.630262
-0.627871
-0.616096
-0.588986
-0.550314
-0.504547
-0.452899
-0.399427
-0.347245
-0.319121
-0.326637
-0.39555
-0.510721
-0.635416
-0.654938
-0.559573
-0.401564
-0.265218
-0.193616
-0.611119
-0.610511
-0.609731
-0.604016
-0.582183
-0.543698
-0.494138
-0.436565
-0.371153
-0.296184
-0.225657
-0.117935
-0.0304728
0.0939483
0.214168
0.366977
0.593636
0.812354
0.947133
0.996743
-0.598496
-0.598152
-0.597708
-0.59583
-0.578736
-0.539344
-0.484743
-0.418489
-0.339772
-0.247168
-0.131566
0.027315
0.264397
0.563966
0.893071
1.24869
1.57606
1.80062
1.91909
1.95698
-0.589726
-0.589517
-0.589019
-0.588534
-0.576663
-0.538232
-0.478966
-0.404315
-0.313842
-0.206363
-0.0786143
0.048938
0.295619
0.664849
1.13081
1.56416
1.90504
2.11549
2.21299
2.24009
-0.585779
-0.584474
-0.581204
-0.579438
-0.575443
-0.542864
-0.478889
-0.395802
-0.297448
-0.184374
-0.0573002
0.0822358
0.263778
0.626145
1.04761
1.43634
1.73315
1.90442
1.97979
1.99905
-0.601285
-0.597623
-0.59076
-0.588946
-0.59121
-0.560147
-0.485449
-0.390675
-0.286377
-0.170781
-0.0509991
0.0735881
0.203476
0.456225
0.807648
1.1065
1.3387
1.46673
1.52068
1.53326
-0.649173
-0.647909
-0.651777
-0.657577
-0.655104
-0.597631
-0.494672
-0.383291
-0.273994
-0.161233
-0.0546123
0.0445105
0.13267
0.303931
0.549422
0.764495
0.927548
1.01717
1.0542
1.06063
-0.699244
-0.710308
-0.731971
-0.741146
-0.716366
-0.618981
-0.487212
-0.364691
-0.255969
-0.153195
-0.064549
0.0112999
0.073812
0.189759
0.354629
0.495374
0.599208
0.654156
0.676299
0.679016
-0.646526
-0.659006
-0.682703
-0.68939
-0.656129
-0.556524
-0.434439
-0.322873
-0.227455
-0.142392
-0.0730095
-0.0189162
0.0258691
0.100728
0.207124
0.297507
0.358303
0.389716
0.402066
0.403234
-0.445599
-0.45675
-0.472217
-0.479018
-0.457306
-0.396714
-0.324553
-0.252357
-0.185185
-0.122972
-0.0738831
-0.0382549
-0.00752492
0.0488037
0.110954
0.16066
0.194461
0.210676
0.216883
0.216821
-0.19529
-0.200121
-0.209545
-0.221012
-0.224115
-0.215667
-0.195965
-0.1675
-0.133936
-0.097799
-0.0704776
-0.0550718
-0.0412533
-0.000462165
0.0431105
0.0738855
0.0901959
0.0966465
0.0985858
0.0982287
-0.00786516
-0.0103508
-0.0181722
-0.0339319
-0.0567235
-0.0774104
-0.0895107
-0.0915068
-0.084176
-0.070636
-0.0614631
-0.0651814
-0.0642774
-0.0342644
-0.00331903
0.0165028
0.0268136
0.0307464
0.0319141
0.0315279
0.0907561
0.0890991
0.0821228
0.0652667
0.0381668
0.0083355
-0.0169796
-0.0339329
-0.0414613
-0.0421571
-0.0447407
-0.0556919
-0.0617179
-0.0370625
-0.0135503
-0.00232873
0.0011358
0.00125636
0.00104925
0.000627585
0.126465
0.125182
0.119516
0.105321
0.0817986
0.0541617
0.0279004
0.0067635
-0.00717585
-0.0146445
-0.021237
-0.032126
-0.0369656
-0.0180436
-0.00368627
0.00159715
0.0013496
0.00015073
-0.000444313
-0.000877733
0.130111
0.129186
0.125107
0.114737
0.0971942
0.0754884
0.0532056
0.0336341
0.0191907
0.0111426
0.00791707
0.00434406
0.00560774
0.0189276
0.0239617
0.0236398
0.0204056
0.0182606
0.0175144
0.0170958
0.120633
0.120053
0.117379
0.110395
0.098239
0.0825459
0.0656192
0.0502333
0.0389583
0.0342988
0.038071
0.0466983
0.059201
0.06838
0.0642384
0.0577377
0.052411
0.0497383
0.0488216
0.0482585
0.106733
0.106425
0.104803
0.100365
0.0923648
0.0816904
0.0698051
0.0588682
0.0514824
0.0514042
0.0631078
0.0848422
0.106836
0.110571
0.10032
0.0912515
0.086771
0.0857392
0.0846811
0.0837326
0.0917618
0.0916394
0.0907406
0.0880819
0.0830721
0.0761746
0.0683742
0.0613804
0.0575754
0.0612476
0.0781037
0.106077
0.133047
0.132776
0.119834
0.113205
0.111305
0.111476
0.111301
0.110177
0.076941
0.0769012
0.0764689
0.0750105
0.0720906
0.0679038
0.0630995
0.0589353
0.0574821
0.0627346
0.0803095
0.107467
0.130821
0.12834
0.119113
0.116479
0.118327
0.1206
0.120505
0.119053
0.0627809
0.0627808
0.0625976
0.0619076
0.0603722
0.0579996
0.0551705
0.0527489
0.0522137
0.0565826
0.0698193
0.0906671
0.105319
0.101096
0.0970433
0.0991568
0.103409
0.106018
0.106014
0.104862
0.0495625
0.0495726
0.0495129
0.049277
0.0486278
0.0474051
0.0457455
0.0440835
0.0431926
0.0446856
0.0506941
0.0598501
0.0649839
0.0599384
0.0601417
0.0670305
0.0738184
0.0768463
0.0769022
0.0758975
0.0376515
0.0376332
0.0376204
0.0376387
0.0374545
0.03688
0.0357963
0.0342387
0.0322791
0.0297416
0.0262345
0.0207928
0.0120869
0.0070547
0.0148107
0.0265881
0.0350574
0.0385333
0.0389479
0.0382908
0.0272653
0.0272293
0.0272171
0.0272888
0.027326
0.0270784
0.0262655
0.0245494
0.0214245
0.0150846
0.00240832
-0.0182364
-0.0370712
-0.0400211
-0.0252134
-0.0105273
-0.0020741
0.00102386
0.00157345
0.00129701
0.0184096
0.0183585
0.0183113
0.0183731
0.0184687
0.0183171
0.0175942
0.0159262
0.012285
0.00395386
-0.0146721
-0.044466
-0.0686651
-0.0654962
-0.047776
-0.033724
-0.0279525
-0.0257688
-0.0249331
-0.0248878
0.0108497
0.0107868
0.0107424
0.0107779
0.0108814
0.0108091
0.0103222
0.00898827
0.00591429
-0.00168345
-0.0197251
-0.0492949
-0.0710931
-0.063809
-0.0475463
-0.0384283
-0.0347156
-0.0341254
-0.033328
-0.0331429
0.00440862
0.00436218
0.00432282
0.00430825
0.0043667
0.00444726
0.00441771
0.00407382
0.0030502
0.000603679
-0.00577641
-0.0203768
-0.0390661
-0.0392512
-0.0309535
-0.0249889
-0.0234997
-0.0234162
-0.0222535
-0.0214153
-0.680817
-0.114118
0.207389
0.424017
0.589754
0.716817
0.819104
0.90724
1.01666
1.01425
0.130094
0.278407
0.440096
0.578677
0.692983
0.785919
0.862544
0.920938
0.944879
0.949066
0.396382
0.496344
0.604433
0.698663
0.779075
0.846103
0.899535
0.937111
0.960575
0.977647
0.584794
0.653699
0.728461
0.79556
0.853645
0.902436
0.941675
0.971767
0.995422
1.01411
0.725985
0.777499
0.829725
0.879699
0.923436
0.961074
0.992658
1.01858
1.04028
1.05862
0.840187
0.877671
0.919225
0.958343
0.993743
1.02503
1.05216
1.07496
1.09409
1.11188
0.938015
0.968368
1.00394
1.03727
1.06832
1.09638
1.12093
1.14153
1.15822
1.17559
1.02772
1.05628
1.08981
1.12153
1.15117
1.178
1.20128
1.22041
1.23485
1.25198
1.11824
1.14927
1.18443
1.2171
1.24697
1.27346
1.29596
1.31391
1.32648
1.34373
1.2219
1.25767
1.29561
1.32976
1.35974
1.3854
1.40662
1.42322
1.43479
1.45263
1.35106
1.39011
1.42828
1.46135
1.48928
1.51283
1.53243
1.54792
1.55973
1.57798
1.51219
1.54822
1.5803
1.60707
1.62989
1.65038
1.66898
1.68501
1.69871
1.71658
1.6969
1.72194
1.74181
1.76032
1.77797
1.79471
1.81058
1.82657
1.84369
1.86283
1.88358
1.89443
1.90714
1.92169
1.93531
1.94738
1.95828
1.96963
1.98503
2.00447
2.06548
2.07891
2.08397
2.08499
2.08695
2.09432
2.10802
2.12562
2.13936
2.1507
2.33435
2.28377
2.2363
2.20471
2.19166
2.19621
2.21946
2.26451
2.33121
2.42533
0.783933
0.780923
0.774862
0.763932
0.751434
0.740116
0.731044
0.724271
0.719783
0.717858
0.719058
0.72302
0.729163
0.737434
0.747924
0.760237
0.772586
0.781294
0.785805
0.787969
0.712244
0.71889
0.724134
0.727746
0.728853
0.727209
0.723743
0.719934
0.716926
0.715585
0.716636
0.719649
0.723717
0.727929
0.730948
0.731472
0.729148
0.724766
0.718473
0.712647
0.702145
0.705106
0.708466
0.71095
0.712702
0.713875
0.714087
0.713321
0.712234
0.71175
0.712578
0.71429
0.715939
0.716713
0.716287
0.715027
0.713123
0.71025
0.706912
0.704624
0.696113
0.697535
0.699743
0.702009
0.703723
0.704906
0.70578
0.706344
0.706588
0.706864
0.707522
0.708254
0.708576
0.708359
0.707726
0.706579
0.704764
0.702536
0.700784
0.6997
0.690769
0.691586
0.693045
0.694813
0.696543
0.698006
0.699125
0.700042
0.700846
0.701574
0.702199
0.702538
0.702514
0.702134
0.701305
0.700017
0.698492
0.696968
0.695948
0.695282
0.685739
0.686292
0.68737
0.688775
0.690276
0.691766
0.693138
0.69432
0.695375
0.696345
0.697054
0.697354
0.697252
0.696725
0.69583
0.694735
0.693564
0.692483
0.691791
0.691323
0.680892
0.681306
0.682166
0.683367
0.684684
0.686076
0.687505
0.688892
0.690176
0.691351
0.692211
0.692576
0.692461
0.691959
0.691218
0.690362
0.68946
0.68865
0.688141
0.687785
0.676163
0.676488
0.677196
0.678247
0.679469
0.680793
0.682209
0.683694
0.685184
0.686596
0.687653
0.688144
0.688144
0.687813
0.68728
0.686623
0.685932
0.685331
0.684951
0.684667
0.671465
0.671728
0.67233
0.67328
0.674439
0.675728
0.677155
0.678717
0.68038
0.682051
0.683365
0.684076
0.684297
0.684186
0.683862
0.68341
0.68291
0.682476
0.68219
0.681956
0.666711
0.66693
0.667457
0.668345
0.669466
0.670755
0.672229
0.673898
0.675748
0.677705
0.67935
0.680373
0.680876
0.681012
0.680908
0.680667
0.680343
0.680053
0.679842
0.679644
0.661814
0.662001
0.662479
0.663334
0.664453
0.665782
0.667342
0.669163
0.671253
0.673554
0.675611
0.677021
0.677854
0.678273
0.678411
0.678374
0.67823
0.678066
0.677915
0.677743
0.656688
0.656851
0.657299
0.658152
0.659311
0.660723
0.662417
0.664452
0.666855
0.66959
0.67215
0.674017
0.675232
0.675971
0.676375
0.676543
0.676585
0.67654
0.676438
0.676285
0.651243
0.651387
0.651824
0.652705
0.653946
0.655488
0.657376
0.659698
0.662502
0.665786
0.668956
0.671364
0.673026
0.674126
0.674828
0.675246
0.675463
0.675523
0.675463
0.675322
0.645377
0.645507
0.645949
0.646888
0.648253
0.649979
0.652133
0.654824
0.658138
0.6621
0.666012
0.66907
0.671259
0.672779
0.673815
0.674502
0.674917
0.675082
0.67506
0.674928
0.638968
0.639088
0.63955
0.640578
0.642113
0.644087
0.646586
0.649747
0.653698
0.658493
0.663309
0.667151
0.669968
0.671983
0.673402
0.674395
0.675025
0.675301
0.675314
0.675186
0.631874
0.631986
0.632479
0.633629
0.63539
0.637686
0.640626
0.644387
0.64913
0.654947
0.66086
0.665644
0.669209
0.671807
0.673675
0.675022
0.675894
0.676284
0.676331
0.676205
0.623912
0.624023
0.62455
0.625863
0.627908
0.630613
0.634123
0.638645
0.644388
0.65147
0.658707
0.664605
0.669046
0.672331
0.674741
0.676499
0.67764
0.678152
0.678231
0.678103
0.614779
0.6149
0.61552
0.61703
0.619441
0.622681
0.62691
0.632386
0.639366
0.647995
0.656832
0.664069
0.669551
0.673648
0.676706
0.678946
0.68039
0.681036
0.681147
0.681014
0.604214
0.604331
0.605069
0.606844
0.609722
0.613643
0.618788
0.625471
0.633997
0.644525
0.655289
0.664109
0.670821
0.675878
0.679687
0.682493
0.684287
0.685076
0.685218
0.685077
0.591736
0.591873
0.592761
0.59489
0.59838
0.603187
0.609515
0.617743
0.628209
0.641057
0.654131
0.66482
0.672965
0.679143
0.683826
0.687288
0.689472
0.690414
0.690584
0.69043
0.576716
0.576889
0.578002
0.580612
0.584919
0.590909
0.598807
0.609044
0.621972
0.63767
0.653463
0.666305
0.676098
0.683565
0.689266
0.69347
0.696082
0.697178
0.697369
0.697198
0.55823
0.558474
0.559926
0.563223
0.56867
0.576295
0.586306
0.599166
0.615173
0.634305
0.653303
0.668632
0.680311
0.689254
0.696099
0.701152
0.70422
0.705462
0.705663
0.705472
0.534891
0.535277
0.537273
0.541616
0.548751
0.558734
0.571698
0.588067
0.607997
0.631265
0.653918
0.671992
0.685738
0.696308
0.704419
0.710402
0.713927
0.715292
0.715485
0.715271
0.504377
0.505059
0.508012
0.514157
0.524033
0.537579
0.554745
0.575753
0.600523
0.628622
0.65539
0.676479
0.692459
0.70478
0.714265
0.721204
0.72514
0.726573
0.726733
0.726493
0.462575
0.463971
0.46899
0.47869
0.493346
0.512416
0.535509
0.562529
0.593151
0.626759
0.657975
0.682219
0.700503
0.714642
0.725581
0.733412
0.737619
0.739025
0.739119
0.738857
0.401843
0.406266
0.416787
0.433533
0.456341
0.483694
0.514705
0.549095
0.586442
0.626041
0.661884
0.689315
0.709883
0.725796
0.738056
0.746615
0.750897
0.75209
0.752083
0.751818
0.32923
0.337248
0.356511
0.383771
0.417064
0.453746
0.493289
0.535579
0.580273
0.626726
0.668231
0.699833
0.723521
0.741746
0.755704
0.765077
0.76945
0.770608
0.770663
0.770544
0.25623
0.269545
0.297866
0.335477
0.378721
0.42464
0.472755
0.523045
0.575213
0.628684
0.676061
0.711991
0.738945
0.75978
0.775523
0.785479
0.789672
0.790535
0.790582
0.79057
0.195611
0.21276
0.246773
0.292128
0.343467
0.397509
0.45351
0.511362
0.5707
0.63092
0.683878
0.723856
0.753757
0.776743
0.793886
0.804381
0.808385
0.809548
0.809757
0.80981
0.145835
0.165033
0.203503
0.254647
0.312333
0.373075
0.435897
0.500546
0.566511
0.633081
0.691304
0.735061
0.767685
0.792677
0.81121
0.822433
0.827024
0.82852
0.82878
0.828875
0.103972
0.124426
0.166234
0.221989
0.284915
0.351268
0.419954
0.490618
0.5626
0.635043
0.698175
0.745455
0.780603
0.807523
0.827414
0.839633
0.84483
0.846535
0.846817
0.846924
0.0677457
0.0890192
0.133497
0.192973
0.260302
0.331488
0.405325
0.481362
0.558826
0.636704
0.704413
0.754953
0.79242
0.820984
0.842012
0.855113
0.860834
0.862734
0.863037
0.863122
0.0355188
0.0573837
0.104034
0.166632
0.237705
0.313103
0.391534
0.472441
0.554958
0.637917
0.709926
0.763495
0.803038
0.833045
0.855074
0.868726
0.874967
0.87703
0.877354
0.877427
0.00609456
0.0284023
0.0768914
0.142178
0.216512
0.295616
0.378163
0.463522
0.55074
0.638508
0.71462
0.77104
0.812481
0.843781
0.86657
0.880616
0.887238
0.889393
0.889733
0.889774
-0.0214665
0.00131398
0.051466
0.119032
0.196256
0.278654
0.36491
0.454353
0.545974
0.638338
0.718423
0.777604
0.820854
0.853289
0.876608
0.890896
0.897744
0.899938
0.900305
0.900313
-0.0476608
-0.0243607
0.0271064
0.0968161
0.176604
0.26195
0.351563
0.444763
0.54052
0.637296
0.721295
0.783247
0.828294
0.861736
0.885464
0.899902
0.906784
0.909058
0.909431
0.909405
-0.0728832
-0.0490346
0.0035618
0.0752601
0.157327
0.245321
0.337982
0.434639
0.534272
0.635314
0.723226
0.788037
0.834927
0.869354
0.893437
0.908004
0.914912
0.917156
0.917461
0.91738
-0.0973902
-0.0730474
-0.0192472
0.05418
0.138289
0.228663
0.324079
0.423915
0.527175
0.632337
0.724217
0.792038
0.840873
0.876297
0.900721
0.915364
0.92224
0.924418
0.924705
0.924591
-0.121327
-0.0964285
-0.0414937
0.0334785
0.119419
0.211921
0.309824
0.412564
0.519208
0.628338
0.724252
0.79528
0.846222
0.882717
0.907503
0.922185
0.928958
0.931019
0.931237
0.931094
-0.14474
-0.11927
-0.0632735
0.0131137
0.100692
0.195098
0.295231
0.400598
0.510362
0.623296
0.723298
0.797761
0.851052
0.888763
0.913937
0.928558
0.935128
0.936998
0.937123
0.936952
-0.167606
-0.141634
-0.0846033
-0.00692631
0.0821227
0.178214
0.280334
0.388059
0.500668
0.617206
0.721299
0.799444
0.855406
0.89458
0.920181
0.934591
0.940771
0.942367
0.942402
0.94221
-0.189985
-0.163458
-0.105448
-0.0266076
0.0637492
0.161322
0.265199
0.37501
0.490189
0.610075
0.718207
0.800247
0.859268
0.900309
0.926468
0.940453
0.945964
0.947171
0.947109
0.946907
-0.211765
-0.184701
-0.125768
-0.0458904
0.0456226
0.144501
0.249905
0.361539
0.478995
0.60193
0.713956
0.800049
0.862564
0.90604
0.933111
0.946505
0.950893
0.951451
0.95126
0.951072
-0.232959
-0.205319
-0.14555
-0.0647196
0.0278139
0.12782
0.234546
0.347751
0.467169
0.59283
0.708498
0.798714
0.865136
0.91174
0.940461
0.953422
0.956126
0.955391
0.954877
0.954774
-0.253474
-0.225307
-0.16474
-0.0830486
0.0103789
0.111361
0.219202
0.333727
0.454827
0.582857
0.701807
0.796083
0.866737
0.917151
0.94863
0.962169
0.963162
0.960005
0.95809
0.957761
-0.273372
-0.244636
-0.183288
-0.10082
-0.00660552
0.0952097
0.203996
0.319604
0.442095
0.572106
0.693896
0.792002
0.867063
0.921734
0.957106
0.973298
0.974405
0.968831
0.961383
0.944319
-0.292588
-0.263295
-0.201336
-0.118237
-0.0234377
0.079032
0.188506
0.304917
0.428453
0.560041
0.68421
0.78586
0.865682
0.924883
0.964823
0.986072
0.990611
0.984768
0.969682
0.983706
-0.311245
-0.281265
-0.21882
-0.135256
-0.0400475
0.062887
0.172739
0.289694
0.413894
0.546562
0.67255
0.777054
0.861884
0.925421
0.968247
0.993204
1.00202
0.993506
0.932444
0.916091
-0.329953
-0.299132
-0.23548
-0.151505
-0.0559038
0.047227
0.156905
0.274196
0.398706
0.531873
0.658934
0.765195
0.854815
0.92253
0.962258
0.986085
0.98609
0.950786
0.882915
0.842014
-0.349423
-0.31785
-0.2509
-0.166612
-0.0706354
0.0322058
0.141388
0.258598
0.382971
0.515991
0.643227
0.750123
0.842367
0.915332
0.966346
0.950824
0.925864
0.863396
0.791789
0.748307
0.0701577
0.184104
0.304478
0.432424
0.563485
0.681253
0.777335
0.623991
-0.370388
-0.351488
-0.312914
-0.242097
-0.152583
-0.0541619
0.051852
0.164737
0.284325
0.411084
0.540997
0.657753
0.752469
0.828901
0.881134
0.841491
0.700295
0.612688
0.544062
-0.388261
-0.375085
-0.330287
-0.257777
-0.167957
-0.0693937
0.0361204
0.148534
0.267275
0.392674
0.520332
0.633522
0.722087
0.786048
0.783525
0.680712
0.537743
0.432422
0.343556
-0.411725
-0.398886
-0.351073
-0.277412
-0.187455
-0.0886755
0.0169293
0.129028
0.246861
0.370674
0.495218
0.603321
0.682827
0.728824
0.69003
0.530447
0.365937
0.233417
0.116004
-0.435445
-0.422423
-0.372973
-0.298037
-0.207623
-0.108822
-0.00345213
0.107958
0.224623
0.346427
0.467398
0.569787
0.641931
0.661497
0.576775
0.385195
0.188666
0.010836
-0.155678
-0.458393
-0.445848
-0.395567
-0.319514
-0.228603
-0.129763
-0.0247651
0.0858226
0.201154
0.320622
0.437564
0.53341
0.595953
0.578754
0.449898
0.250731
0.0333491
-0.172853
-0.359438
-0.481934
-0.469669
-0.419077
-0.34227
-0.250958
-0.152016
-0.0473111
0.0625228
0.176472
0.293469
0.40617
0.494943
0.544148
0.504519
0.333995
0.138321
-0.0711911
-0.26783
-0.38899
-0.427501
-0.506844
-0.494722
-0.44387
-0.36663
-0.275111
-0.176168
-0.0718182
0.0371548
0.149509
0.263656
0.371591
0.452701
0.486993
0.425007
0.230319
0.04351
-0.134788
-0.268802
-0.314123
-0.337954
-0.533234
-0.52126
-0.470219
-0.392724
-0.301153
-0.202399
-0.0985794
0.00927659
0.119702
0.230512
0.33299
0.40608
0.420736
0.32139
0.137905
-0.0346003
-0.184888
-0.267226
-0.287124
-0.292597
-0.561449
-0.549506
-0.498251
-0.420568
-0.329068
-0.230664
-0.127615
-0.0211474
0.0870009
0.194018
0.290326
0.355063
0.340923
0.220902
0.051993
-0.110263
-0.228367
-0.271976
-0.271823
-0.272972
-0.591416
-0.579582
-0.527994
-0.450165
-0.358849
-0.260965
-0.158922
-0.0541167
0.0513979
0.154199
0.243799
0.298604
0.267151
0.126184
-0.0275696
-0.178524
-0.243573
-0.261294
-0.261963
-0.261584
-0.622968
-0.611117
-0.559354
-0.481431
-0.390408
-0.293249
-0.192446
-0.0896086
0.0129125
0.111116
0.19364
0.236837
0.201724
0.0432925
-0.0998489
-0.213256
-0.262138
-0.25508
-0.254525
-0.254453
-0.655619
-0.64368
-0.592091
-0.514122
-0.423559
-0.327338
-0.22805
-0.127494
-0.0283194
0.0650542
0.140185
0.174465
0.124472
-0.0295542
-0.159214
-0.2359
-0.251453
-0.250055
-0.250187
-0.249783
-0.688832
-0.676866
-0.625538
-0.547831
-0.457929
-0.362905
-0.265445
-0.167497
-0.0720417
0.0163595
0.0841886
0.108212
0.0397319
-0.0944181
-0.206129
-0.22138
-0.238461
-0.24521
-0.246187
-0.245923
-0.721588
-0.709765
-0.658876
-0.581867
-0.492947
-0.39946
-0.30418
-0.209187
-0.117755
-0.0346013
0.0274808
0.0367856
-0.0322696
-0.156292
-0.234322
-0.273205
-0.2546
-0.246302
-0.242204
-0.241102
-0.752248
-0.741157
-0.691235
-0.615208
-0.527801
-0.436278
-0.343597
-0.251947
-0.164754
-0.0871745
-0.0287366
-0.0279466
-0.091596
-0.207869
-0.287645
-0.281219
-0.261836
-0.244875
-0.236204
-0.23337
-0.779893
-0.769141
-0.721185
-0.646664
-0.56141
-0.472376
-0.382817
-0.294961
-0.212204
-0.1401
-0.0852585
-0.0820252
-0.137519
-0.227164
-0.34162
-0.306365
-0.271678
-0.248338
-0.237299
-0.232976
-0.801931
-0.791886
-0.746391
-0.674803
-0.592408
-0.506575
-0.42073
-0.337207
-0.259187
-0.192294
-0.141675
-0.130003
-0.160855
-0.169789
-0.242237
-0.270553
-0.272844
-0.277026
-0.274891
-0.269925
-0.81641
-0.80743
-0.765203
-0.697478
-0.619076
-0.537429
-0.456099
-0.377406
-0.304661
-0.243033
-0.195718
-0.180426
-0.170105
-0.00157898
0.0460641
-0.13889
-0.28484
-0.349874
-0.35737
-0.356617
-0.820653
-0.813339
-0.775537
-0.712889
-0.6396
-0.563323
-0.487388
-0.414225
-0.347387
-0.291438
-0.250098
-0.243282
-0.276009
-0.128616
-0.0503804
-0.234742
-0.375766
-0.422977
-0.430097
-0.433173
-0.813082
-0.807172
-0.775076
-0.719106
-0.652418
-0.582628
-0.513017
-0.446065
-0.385642
-0.336738
-0.310109
-0.345191
-0.57817
-0.925931
-1.01958
-0.875806
-0.704856
-0.602813
-0.568199
-0.559624
-0.790154
-0.785944
-0.761137
-0.714659
-0.656383
-0.59415
-0.531519
-0.471092
-0.417083
-0.376463
-0.361225
-0.447923
-0.798628
-1.48214
-1.88568
-1.49714
-0.880035
-0.617017
-0.565853
-0.549943
-0.754764
-0.752186
-0.735438
-0.699536
-0.651357
-0.597468
-0.541991
-0.487631
-0.438528
-0.403025
-0.394923
-0.421177
-0.452974
-0.382939
-0.369047
-0.297223
-0.259465
-0.294582
-0.286966
-0.272852
-0.712895
-0.711299
-0.702628
-0.677196
-0.639331
-0.593385
-0.54445
-0.494641
-0.448358
-0.411358
-0.394646
-0.336943
-0.0911405
0.347924
0.871027
0.703697
0.321593
0.033217
-0.0545296
-0.0639538
-0.673814
-0.672788
-0.668858
-0.653546
-0.623891
-0.584316
-0.540333
-0.493191
-0.44608
-0.40578
-0.382582
-0.362206
-0.305967
-0.407585
-0.711793
-1.10995
-1.32402
-1.23911
-1.03451
-0.835551
-0.644006
-0.643445
-0.641074
-0.632747
-0.609757
-0.574874
-0.532488
-0.484957
-0.43499
-0.385801
-0.357437
-0.366194
-0.455071
-0.651149
-0.926415
-1.10565
-1.13764
-1.05499
-0.906039
-0.786093
-0.62012
-0.619606
-0.618645
-0.615531
-0.599471
-0.567404
-0.523773
-0.473024
-0.415629
-0.35555
-0.295296
-0.245159
-0.227557
-0.228299
-0.230993
-0.215728
-0.103271
0.0824606
0.258567
0.357843
-0.604215
-0.603947
-0.6034
-0.602064
-0.592786
-0.562558
-0.516395
-0.459335
-0.392513
-0.315833
-0.223006
-0.131947
0.074091
0.269377
0.498223
0.737386
1.00917
1.27453
1.45105
1.53293
-0.593765
-0.593663
-0.593312
-0.593037
-0.588117
-0.560697
-0.51156
-0.447786
-0.370161
-0.277456
-0.164454
-0.0369599
0.154083
0.456497
0.84289
1.27375
1.66472
1.94766
2.10892
2.17291
-0.586587
-0.586516
-0.585602
-0.584468
-0.582389
-0.561559
-0.511476
-0.440568
-0.353871
-0.251281
-0.133816
0.00458402
0.160268
0.460259
0.895291
1.33796
1.71713
1.97467
2.10854
2.1575
-0.589893
-0.588799
-0.584271
-0.57846
-0.578874
-0.570152
-0.518846
-0.438893
-0.344002
-0.235964
-0.11675
0.014336
0.145215
0.369993
0.748008
1.11775
1.42997
1.63683
1.73868
1.77386
-0.622556
-0.619929
-0.615735
-0.61496
-0.619339
-0.606143
-0.536782
-0.440017
-0.334243
-0.224362
-0.108928
0.00435133
0.11397
0.248231
0.526013
0.806765
1.03798
1.18999
1.26296
1.28732
-0.681468
-0.680819
-0.690951
-0.705915
-0.70552
-0.663193
-0.555724
-0.434591
-0.319777
-0.211829
-0.107094
-0.0142748
0.0685333
0.158729
0.345599
0.537414
0.691761
0.793339
0.840426
0.855436
-0.691488
-0.697986
-0.718664
-0.73658
-0.729684
-0.663798
-0.53419
-0.405402
-0.293527
-0.195447
-0.107071
-0.035479
0.0239396
0.0819904
0.209239
0.336363
0.431557
0.494854
0.521368
0.529684
-0.559048
-0.565417
-0.584477
-0.599678
-0.590839
-0.531483
-0.43447
-0.336749
-0.247811
-0.170041
-0.102058
-0.0505028
-0.00833351
0.0332155
0.112441
0.190223
0.246933
0.281334
0.296403
0.300949
-0.316105
-0.321434
-0.332254
-0.343081
-0.344282
-0.32227
-0.282807
-0.234927
-0.185021
-0.135008
-0.0903849
-0.0587528
-0.0346049
-0.00548597
0.0513749
0.0965986
0.126763
0.142868
0.149296
0.150739
-0.0889306
-0.0915582
-0.0971637
-0.10839
-0.123765
-0.136094
-0.140389
-0.134149
-0.118839
-0.096679
-0.0748283
-0.0625754
-0.0577636
-0.0383055
-0.00239099
0.0298867
0.0482976
0.0564804
0.0592343
0.059819
0.0525131
0.0508584
0.0468378
0.0350024
0.012908
-0.0154788
-0.040083
-0.0562509
-0.0623677
-0.0598888
-0.0545489
-0.056779
-0.0661802
-0.0535637
-0.0244225
-0.00339234
0.00736933
0.0114556
0.0125908
0.0127331
0.114967
0.113881
0.110644
0.0999635
0.0786714
0.0498042
0.0210776
-0.00268487
-0.0185772
-0.0264748
-0.0303643
-0.0392556
-0.0521518
-0.0420983
-0.0178355
-0.00510791
-0.00131593
-0.00191244
-0.00284428
-0.00316881
0.131204
0.130476
0.128014
0.119805
0.103132
0.0797608
0.0545247
0.031374
0.0133586
0.00188559
-0.00429265
-0.0109807
-0.0190988
-0.0107561
0.00431773
0.00975724
0.00954054
0.00793315
0.00693896
0.00660123
0.1265
0.126079
0.124401
0.11873
0.10695
0.0898941
0.0703804
0.0513721
0.0357407
0.0256059
0.0228111
0.0242493
0.026702
0.0333577
0.0435413
0.0427037
0.0375648
0.0337505
0.0321316
0.031569
0.114029
0.113833
0.112796
0.109152
0.101338
0.0896478
0.0756992
0.0616228
0.0500477
0.0436777
0.0463471
0.0588697
0.0770568
0.0923715
0.0871643
0.0789814
0.0720667
0.0685053
0.0674887
0.0666835
0.0993005
0.0992465
0.0986703
0.0964726
0.0915453
0.0839079
0.0745341
0.0649642
0.0574331
0.0549189
0.0629547
0.084312
0.111954
0.130636
0.119242
0.107799
0.102112
0.100489
0.10023
0.0992218
0.0842439
0.0842721
0.0840103
0.0828017
0.0798894
0.0751721
0.0692388
0.0631875
0.0589022
0.059245
0.070135
0.0944916
0.124381
0.140682
0.128132
0.119583
0.117376
0.118257
0.119105
0.118022
0.0697257
0.06979
0.0696699
0.0690748
0.0675005
0.0647878
0.0612508
0.0576454
0.0553449
0.0568163
0.0670323
0.0886625
0.112621
0.122188
0.112917
0.109373
0.111123
0.114719
0.11608
0.11507
0.0559821
0.056043
0.055997
0.0557747
0.0550749
0.0536824
0.051693
0.0495344
0.0480599
0.0489312
0.0552606
0.0689463
0.0829422
0.0864492
0.080043
0.0828291
0.0876938
0.091972
0.0931628
0.0923243
0.0433939
0.0434314
0.0434198
0.043367
0.0431676
0.0425792
0.0414801
0.0400026
0.0384464
0.0374374
0.0378536
0.0397469
0.0403359
0.0362299
0.0337091
0.0423245
0.0517442
0.0576265
0.0588722
0.0582746
0.0322398
0.0322497
0.0322253
0.0322619
0.0322938
0.0321064
0.0314587
0.0301998
0.0281846
0.0248674
0.0187289
0.00780528
-0.00660566
-0.0190345
-0.0142743
0.000283935
0.0120931
0.017418
0.0191484
0.0192061
0.0226357
0.0226182
0.0225654
0.0226019
0.0227077
0.0227003
0.0223378
0.0211909
0.0184994
0.0136005
0.00231114
-0.0191175
-0.0472988
-0.0590292
-0.0479927
-0.0309383
-0.0194729
-0.0150148
-0.0138593
-0.0134374
0.0144801
0.0144532
0.0144012
0.0143955
0.0144861
0.0145106
0.0141923
0.0132017
0.010974
0.00559333
-0.00730504
-0.0331442
-0.0643939
-0.0740574
-0.0596282
-0.0430918
-0.0358897
-0.0331654
-0.0323147
-0.0316085
0.00752023
0.00747561
0.00741229
0.00740421
0.00748404
0.00754191
0.00738698
0.00677743
0.00520858
0.00148405
-0.0082777
-0.0291804
-0.0550245
-0.0577149
-0.0445899
-0.0349912
-0.0317539
-0.0311571
-0.0306345
-0.029967
0.00438501
0.00434066
0.0043123
0.00431945
0.00441851
0.00446111
0.00428833
0.00367632
0.00208057
-0.00192122
-0.0118833
-0.0305244
-0.0426396
-0.0350939
-0.0268537
-0.0242257
-0.0234073
-0.0229339
-0.0217046
-0.0107314
-0.328184
0.015343
0.235088
0.425127
0.578734
0.701275
0.799309
0.882723
0.943296
0.938913
0.172013
0.324573
0.466075
0.588061
0.692346
0.779382
0.851055
0.906746
0.940585
0.953012
0.435971
0.532624
0.626654
0.711275
0.784802
0.847297
0.898524
0.937631
0.965362
0.984306
0.616285
0.680971
0.74864
0.811029
0.864731
0.910998
0.949673
0.980886
1.00594
1.0239
0.753474
0.799887
0.851963
0.898011
0.939495
0.975946
1.00749
1.03412
1.05629
1.07179
0.864979
0.902419
0.94308
0.980005
1.01433
1.04545
1.07301
1.09665
1.11636
1.12919
0.96234
0.994632
1.02937
1.06259
1.09378
1.12251
1.14813
1.16997
1.18775
1.19819
1.05322
1.08443
1.11857
1.15179
1.18272
1.21095
1.23581
1.2566
1.27279
1.28137
1.14788
1.18262
1.21935
1.25472
1.28657
1.31477
1.33891
1.35863
1.3734
1.38136
1.26062
1.30092
1.34012
1.37689
1.40864
1.43568
1.45823
1.47645
1.49011
1.49918
1.40441
1.44707
1.4847
1.51836
1.54634
1.57011
1.59071
1.6081
1.62194
1.63306
1.58224
1.61981
1.6478
1.67213
1.69314
1.71241
1.73065
1.74779
1.76368
1.7782
1.7799
1.80092
1.81581
1.8316
1.84787
1.86316
1.87687
1.89013
1.90562
1.92398
1.97049
1.97767
1.98821
1.99975
2.00966
2.01886
2.0291
2.04019
2.0518
2.06066
2.18353
2.1853
2.17737
2.16085
2.1497
2.14913
2.16128
2.18588
2.22
2.24454
2.60317
2.40928
2.30823
2.25036
2.22122
2.21459
2.22978
2.2706
2.34646
2.48941
-0.333856
-0.338289
-0.298454
-0.22555
-0.135912
-0.0367825
0.8667
0.934504
0.93058
0.849444
0.777183
0.70459
0.475134
0.251645
-0.0189367
-0.376061
-0.72657
)
;

boundaryField
{
    wall-4
    {
        type            zeroGradient;
    }
    pressure-outlet-7
    {
        type            fixedValue;
        value           uniform 0;
    }
    velocity-inlet-6
    {
        type            zeroGradient;
    }
    velocity-inlet-5
    {
        type            zeroGradient;
    }
    frontAndBackPlanes
    {
        type            empty;
    }
}


// ************************************************************************* //
