/*--------------------------------*- C++ -*----------------------------------*\
  =========                 |
  \\      /  F ield         | OpenFOAM: The Open Source CFD Toolbox
   \\    /   O peration     | Website:  https://openfoam.org
    \\  /    A nd           | Version:  10
     \\/     M anipulation  |
\*---------------------------------------------------------------------------*/
FoamFile
{
    format      ascii;
    class       volScalarField;
    location    "65";
    object      p;
}
// * * * * * * * * * * * * * * * * * * * * * * * * * * * * * * * * * * * * * //

dimensions      [0 2 -2 0 0 0 0];

internalField   nonuniform List<scalar> 
8800
(
0.806509
0.758723
0.720036
0.691044
0.670185
0.655362
0.644777
0.637313
0.632516
0.630491
0.631794
0.636013
0.64268
0.652012
0.664803
0.682545
0.707327
0.741271
0.783824
0.842526
0.637754
0.645433
0.652912
0.656222
0.654722
0.64965
0.643173
0.637109
0.632407
0.629592
0.629348
0.631888
0.636404
0.642369
0.649151
0.65544
0.659087
0.658354
0.652939
0.644252
0.616151
0.622311
0.62644
0.629388
0.631443
0.632055
0.63096
0.628873
0.626883
0.626011
0.627012
0.629427
0.63225
0.634448
0.635068
0.633878
0.631542
0.628154
0.623598
0.619837
0.61033
0.612981
0.615735
0.618142
0.619783
0.620953
0.621707
0.621844
0.621578
0.621567
0.622363
0.623568
0.624435
0.624519
0.623924
0.622843
0.621034
0.618469
0.616069
0.614565
0.604935
0.60636
0.608142
0.610178
0.611968
0.613319
0.614323
0.615142
0.615789
0.616398
0.617098
0.617634
0.617764
0.617499
0.616818
0.615582
0.613895
0.612053
0.61075
0.609918
0.59984
0.60076
0.602004
0.603576
0.605215
0.606751
0.608052
0.609144
0.610146
0.61109
0.611836
0.612211
0.612204
0.611791
0.61093
0.609744
0.608428
0.607176
0.606357
0.605805
0.59491
0.59558
0.596545
0.597852
0.599269
0.600739
0.602197
0.603548
0.604788
0.605955
0.606842
0.607265
0.607222
0.606745
0.605962
0.605032
0.604034
0.603119
0.602538
0.602132
0.590098
0.590614
0.591401
0.592537
0.593823
0.59521
0.596677
0.598181
0.599656
0.601061
0.602143
0.602679
0.602704
0.602357
0.601783
0.601079
0.600322
0.599649
0.599219
0.598902
0.585331
0.585742
0.586401
0.587414
0.588629
0.589971
0.591439
0.593031
0.594706
0.596382
0.597717
0.598451
0.598674
0.59855
0.598202
0.597712
0.597162
0.596683
0.596365
0.596106
0.580524
0.580858
0.581428
0.582362
0.58353
0.584859
0.586366
0.588059
0.589927
0.591898
0.593559
0.594595
0.595102
0.595236
0.595121
0.594858
0.594505
0.594187
0.593954
0.593736
0.575586
0.575863
0.576372
0.57726
0.578412
0.579767
0.58135
0.583187
0.585289
0.587603
0.589675
0.5911
0.591946
0.592374
0.592517
0.592483
0.592326
0.592151
0.591985
0.591796
0.570427
0.57066
0.57113
0.572003
0.573178
0.574603
0.576305
0.57834
0.580742
0.583482
0.586057
0.587948
0.589191
0.589959
0.590389
0.590592
0.590635
0.59059
0.59048
0.590312
0.564955
0.565153
0.565604
0.566492
0.567731
0.56927
0.571146
0.573447
0.576231
0.579504
0.582687
0.585134
0.586842
0.587998
0.588751
0.589208
0.589466
0.589546
0.589483
0.589328
0.559068
0.559237
0.559686
0.560617
0.561962
0.563667
0.565784
0.56843
0.571698
0.575629
0.579551
0.58266
0.584917
0.58652
0.587641
0.588406
0.588878
0.589077
0.589054
0.588908
0.552645
0.55279
0.553251
0.554256
0.555753
0.557682
0.560118
0.563206
0.567081
0.57182
0.576635
0.580536
0.583444
0.585573
0.587115
0.588214
0.588931
0.589255
0.58927
0.589127
0.545547
0.545667
0.546155
0.547264
0.548965
0.55119
0.554033
0.55768
0.56231
0.568037
0.573931
0.578777
0.582453
0.585204
0.587243
0.588728
0.589719
0.590172
0.59022
0.590077
0.537585
0.537686
0.538219
0.539467
0.541431
0.544029
0.547392
0.551743
0.557307
0.56424
0.571432
0.577404
0.581988
0.585469
0.588104
0.590042
0.591338
0.591926
0.592006
0.591859
0.528539
0.528639
0.529226
0.530634
0.532929
0.536014
0.540036
0.545268
0.551988
0.560391
0.569141
0.576449
0.582105
0.586442
0.589783
0.592247
0.59389
0.594622
0.594731
0.594576
0.518089
0.51817
0.518847
0.52048
0.523211
0.526917
0.531771
0.53811
0.546265
0.556459
0.567071
0.575951
0.582866
0.588214
0.592359
0.595449
0.597481
0.598362
0.598495
0.598329
0.505859
0.505926
0.506703
0.508648
0.511936
0.516441
0.52236
0.530099
0.540039
0.552412
0.565238
0.575959
0.584333
0.590856
0.595941
0.599751
0.602205
0.603235
0.603387
0.603205
0.491289
0.491345
0.492265
0.494627
0.498654
0.504209
0.511516
0.52105
0.533222
0.54824
0.563677
0.57653
0.586572
0.594441
0.600611
0.605228
0.60813
0.609299
0.609459
0.609259
0.473611
0.473656
0.474789
0.477736
0.482776
0.489751
0.498905
0.510774
0.525751
0.543969
0.562452
0.577733
0.589656
0.599042
0.606403
0.611927
0.615277
0.616561
0.616715
0.616494
0.451657
0.451699
0.453181
0.457011
0.46351
0.472485
0.484172
0.499121
0.517632
0.539684
0.561664
0.579651
0.593649
0.604705
0.613372
0.619834
0.623595
0.624946
0.625075
0.624833
0.423671
0.423734
0.425808
0.431063
0.439832
0.451743
0.467
0.486043
0.508968
0.535547
0.561459
0.582382
0.598599
0.611424
0.621488
0.628863
0.632934
0.63428
0.634361
0.634101
0.386605
0.38677
0.39006
0.397945
0.410539
0.426941
0.447289
0.471705
0.500028
0.531816
0.562027
0.586041
0.604557
0.619207
0.630669
0.63882
0.643031
0.64427
0.644283
0.644009
0.334614
0.335605
0.342147
0.355436
0.374682
0.398031
0.4254
0.456609
0.491292
0.528861
0.563591
0.590743
0.611547
0.62795
0.640713
0.649395
0.653498
0.654529
0.654465
0.654185
0.25873
0.266065
0.2812
0.304618
0.333774
0.36643
0.402379
0.441405
0.483138
0.526963
0.566524
0.597012
0.620267
0.638558
0.652534
0.661524
0.665368
0.666178
0.666066
0.665821
0.177197
0.194541
0.219061
0.253239
0.292696
0.33479
0.379375
0.426399
0.475557
0.526288
0.571536
0.606116
0.6323
0.652804
0.66811
0.676999
0.680197
0.680728
0.680647
0.680486
0.109228
0.129654
0.161924
0.205251
0.253799
0.304777
0.357737
0.412598
0.469034
0.526471
0.577128
0.615514
0.644384
0.66668
0.682617
0.691065
0.693807
0.69428
0.694263
0.694146
0.0535598
0.0756484
0.113453
0.16324
0.218974
0.27744
0.337817
0.399885
0.463173
0.527
0.582798
0.624753
0.656061
0.679885
0.696456
0.704856
0.707386
0.707835
0.707846
0.707759
0.00724019
0.0305059
0.072108
0.127025
0.188537
0.253194
0.319942
0.388413
0.457973
0.527795
0.588494
0.633862
0.667515
0.692916
0.710245
0.71879
0.72141
0.7218
0.721827
0.721765
-0.0320051
-0.00808413
0.0363944
0.0953669
0.161738
0.231661
0.303947
0.378127
0.453431
0.528866
0.594234
0.642898
0.678848
0.705779
0.724005
0.732994
0.735727
0.736138
0.736175
0.736134
-0.066213
-0.0418714
0.00487077
0.0671935
0.137673
0.212184
0.289394
0.36874
0.449336
0.530042
0.599873
0.651737
0.689951
0.718396
0.737602
0.7471
0.750051
0.750485
0.750529
0.750508
-0.096891
-0.072184
-0.0235985
0.0415858
0.115615
0.194154
0.275782
0.359842
0.445364
0.53108
0.605213
0.660186
0.70059
0.730595
0.750643
0.760666
0.763887
0.764397
0.764457
0.76444
-0.125018
-0.0999862
-0.0498255
0.0178314
0.0949788
0.177091
0.262699
0.351095
0.441248
0.531756
0.610064
0.668056
0.710573
0.741988
0.762931
0.773442
0.776905
0.777509
0.777538
0.777526
-0.151406
-0.126005
-0.074419
-0.00461046
0.0753237
0.160629
0.249845
0.342241
0.436744
0.53186
0.614264
0.675222
0.71978
0.752565
0.774268
0.785182
0.788837
0.789492
0.7895
0.789477
-0.176441
-0.150668
-0.0978046
-0.0260916
0.0563322
0.144507
0.236994
0.333077
0.431681
0.531264
0.617729
0.681643
0.728192
0.762227
0.784523
0.795747
0.799529
0.80021
0.800191
0.800149
-0.200562
-0.174335
-0.120434
-0.0468581
0.0377784
0.128528
0.223991
0.323475
0.425941
0.529853
0.620384
0.687304
0.735836
0.771015
0.793823
0.805204
0.808993
0.809679
0.809637
0.809581
-0.223908
-0.197217
-0.14231
-0.0670909
0.0195221
0.112583
0.210741
0.313354
0.419441
0.527548
0.622183
0.692222
0.742796
0.779076
0.802242
0.813587
0.817353
0.817997
0.817929
0.81785
-0.246623
-0.219481
-0.163543
-0.0868915
0.00149496
0.0966212
0.197201
0.302663
0.412129
0.524286
0.623075
0.696416
0.749181
0.786558
0.809935
0.821125
0.824739
0.825317
0.825224
0.825128
-0.268843
-0.241181
-0.184258
-0.106303
-0.0163442
0.080622
0.183367
0.291407
0.40399
0.520018
0.623003
0.699888
0.755103
0.793656
0.817112
0.827942
0.831285
0.831758
0.831628
0.831518
-0.290617
-0.262334
-0.20451
-0.125338
-0.0339788
0.0646009
0.16927
0.279613
0.395035
0.514706
0.621903
0.702615
0.760651
0.800572
0.823987
0.834202
0.837079
0.837379
0.837212
0.837091
-0.311793
-0.282924
-0.224235
-0.143981
-0.0513884
0.0486123
0.154958
0.267339
0.385304
0.508359
0.6197
0.704533
0.765849
0.807521
0.830903
0.840169
0.842271
0.842293
0.842099
0.841985
-0.33236
-0.302929
-0.243428
-0.162193
-0.0685257
0.0327051
0.14051
0.254652
0.374866
0.500989
0.616334
0.705523
0.770651
0.814668
0.838316
0.846392
0.847192
0.84661
0.846364
0.846313
-0.352386
-0.32232
-0.262074
-0.179951
-0.0853347
0.0169548
0.126005
0.241647
0.363799
0.492647
0.611745
0.705433
0.7749
0.822003
0.846679
0.853797
0.852709
0.850743
0.850209
0.85047
-0.371709
-0.341083
-0.28012
-0.197205
-0.101763
0.00143877
0.111533
0.228428
0.352213
0.483417
0.605908
0.704072
0.778329
0.829234
0.856095
0.863486
0.860842
0.856474
0.854248
0.854119
-0.390426
-0.35921
-0.297588
-0.213988
-0.117844
-0.0138858
0.0970386
0.214942
0.340043
0.473228
0.598689
0.701166
0.780646
0.835897
0.866043
0.875889
0.873995
0.866953
0.859368
0.845683
-0.408465
-0.376688
-0.314594
-0.230498
-0.133857
-0.029341
0.082119
0.200722
0.326776
0.461473
0.589477
0.695983
0.781361
0.841396
0.875002
0.889107
0.88848
0.875203
0.854765
0.844052
-0.425658
-0.393666
-0.33095
-0.246545
-0.14945
-0.0445893
0.0669941
0.186084
0.312703
0.448389
0.578296
0.687989
0.779553
0.844527
0.878907
0.892924
0.894321
0.869814
0.802478
0.772413
-0.441345
-0.411408
-0.346346
-0.261651
-0.163824
-0.0591312
0.0519812
0.171255
0.298038
0.434088
0.565051
0.676823
0.77367
0.844516
0.872481
0.881473
0.867617
0.811913
0.742708
0.700241
-0.496233
-0.427054
-0.360273
-0.276947
-0.17863
-0.0744491
0.0370083
0.155946
0.282398
0.418091
0.549094
0.661749
0.759667
0.837282
0.839223
0.839148
0.78584
0.713387
0.636013
0.592976
-0.457928
-0.441991
-0.381063
-0.296641
-0.200553
-0.0964134
0.0140163
0.132321
0.257825
0.3922
0.521477
0.632811
0.723476
0.806604
0.789916
0.672377
0.564562
0.489583
0.415212
0.444509
-0.488368
-0.459285
-0.39747
-0.313892
-0.217839
-0.113819
-0.00311584
0.114555
0.239004
0.371612
0.498164
0.605353
0.686306
0.730444
0.679353
0.526566
0.396254
0.303183
0.203597
0.252484
-0.511816
-0.479813
-0.416849
-0.333142
-0.236972
-0.133061
-0.0224447
0.0943895
0.217439
0.347655
0.470495
0.571457
0.643396
0.652693
0.543063
0.367576
0.212848
0.0924768
-0.039549
-0.00736643
-0.534729
-0.501229
-0.437125
-0.352512
-0.256271
-0.15252
-0.0424405
0.073421
0.194867
0.322292
0.440427
0.533443
0.589832
0.567417
0.405912
0.207505
0.0157416
-0.15323
-0.342342
-0.361683
-0.55705
-0.523123
-0.458152
-0.372778
-0.276414
-0.1729
-0.0634866
0.0512705
0.170844
0.295061
0.407739
0.492683
0.52928
0.470034
0.275296
0.0630644
-0.155255
-0.345182
-0.587408
-0.88422
-0.579669
-0.545747
-0.480257
-0.394417
-0.297885
-0.194558
-0.0857443
0.0278662
0.145446
0.266166
0.373043
0.44944
0.464454
0.353786
0.161561
-0.0498834
-0.255193
-0.428118
-0.498006
-0.576626
-0.603534
-0.569558
-0.503786
-0.41774
-0.321177
-0.218133
-0.110016
0.00226646
0.117524
0.234194
0.334854
0.40002
0.389782
0.245372
0.0603855
-0.131983
-0.295943
-0.389536
-0.413753
-0.429601
-0.62895
-0.594856
-0.528908
-0.442822
-0.346417
-0.243834
-0.13666
-0.0260152
0.0864891
0.198447
0.292372
0.343084
0.315048
0.144626
-0.0313523
-0.19856
-0.326133
-0.365543
-0.378386
-0.379697
-0.656115
-0.621813
-0.555688
-0.469658
-0.373555
-0.271665
-0.165695
-0.0570286
0.0522749
0.158934
0.245172
0.281352
0.233242
0.0515446
-0.115305
-0.265006
-0.341817
-0.358918
-0.360296
-0.360116
-0.68509
-0.650494
-0.584151
-0.498249
-0.40261
-0.301617
-0.197124
-0.0907883
0.0148915
0.115726
0.193368
0.21769
0.13316
-0.0334604
-0.19194
-0.3152
-0.352064
-0.35049
-0.349635
-0.349051
-0.715591
-0.68072
-0.614197
-0.528507
-0.433495
-0.333635
-0.230918
-0.127268
-0.0256218
0.0689282
0.137838
0.145082
0.0421474
-0.112418
-0.252714
-0.329071
-0.339466
-0.342185
-0.342885
-0.342629
-0.747071
-0.712048
-0.645569
-0.560207
-0.466025
-0.367563
-0.266924
-0.166335
-0.0690799
0.0189011
0.0790645
0.0712474
-0.0393734
-0.179442
-0.297293
-0.328788
-0.337233
-0.33861
-0.33837
-0.338084
-0.779065
-0.743928
-0.677819
-0.592955
-0.499856
-0.403082
-0.304862
-0.207703
-0.115196
-0.0336708
0.0160704
0.00131151
-0.113927
-0.233974
-0.328302
-0.344854
-0.336145
-0.335106
-0.335001
-0.334747
-0.810671
-0.775637
-0.710079
-0.626159
-0.534448
-0.439719
-0.344284
-0.250892
-0.163497
-0.0881704
-0.0483148
-0.0629249
-0.178583
-0.275514
-0.331382
-0.34003
-0.335982
-0.334044
-0.333221
-0.332906
-0.840347
-0.806004
-0.741374
-0.658897
-0.569037
-0.47678
-0.384537
-0.29522
-0.213183
-0.144005
-0.107669
-0.133847
-0.229545
-0.310328
-0.318324
-0.333169
-0.335319
-0.332854
-0.331927
-0.331421
-0.866472
-0.83321
-0.770575
-0.689988
-0.602588
-0.513332
-0.42476
-0.339827
-0.263132
-0.200321
-0.163997
-0.202692
-0.273162
-0.319879
-0.348116
-0.340803
-0.337704
-0.336979
-0.336741
-0.336255
-0.886931
-0.855379
-0.795634
-0.718017
-0.633823
-0.548233
-0.463869
-0.38368
-0.312213
-0.255754
-0.22204
-0.260489
-0.310747
-0.341454
-0.370533
-0.359954
-0.355432
-0.355797
-0.355155
-0.354348
-0.899477
-0.870619
-0.814634
-0.741109
-0.661247
-0.580167
-0.500647
-0.425569
-0.359325
-0.308658
-0.278356
-0.312951
-0.352674
-0.37244
-0.361726
-0.37412
-0.38194
-0.382219
-0.379789
-0.379481
-0.901485
-0.876668
-0.825624
-0.757453
-0.683167
-0.607725
-0.533755
-0.46419
-0.403243
-0.357576
-0.325595
-0.358662
-0.413331
-0.467204
-0.434978
-0.406024
-0.387802
-0.380068
-0.378094
-0.377685
-0.890755
-0.870772
-0.826432
-0.765454
-0.698112
-0.629426
-0.561856
-0.498184
-0.442546
-0.400964
-0.364801
-0.382226
-0.415408
-0.549451
-0.475777
-0.403115
-0.367262
-0.35731
-0.354151
-0.352455
-0.86528
-0.850256
-0.815241
-0.76387
-0.705095
-0.644277
-0.583777
-0.526221
-0.475618
-0.437424
-0.391199
-0.350484
-0.2735
-0.25292
-0.262634
-0.280901
-0.301697
-0.311155
-0.313594
-0.313082
-0.82761
-0.81792
-0.792857
-0.752855
-0.704109
-0.652034
-0.598931
-0.547287
-0.501196
-0.465379
-0.426011
-0.315073
-0.122776
0.103999
0.00306674
-0.168596
-0.271446
-0.314633
-0.329293
-0.333807
-0.784474
-0.778963
-0.764149
-0.735228
-0.697116
-0.653533
-0.607505
-0.561287
-0.518594
-0.484579
-0.452749
-0.405268
-0.359303
-0.359202
-0.443473
-0.498588
-0.518353
-0.527768
-0.535188
-0.539584
-0.74575
-0.742411
-0.735381
-0.716485
-0.687074
-0.65073
-0.610592
-0.568576
-0.527619
-0.496281
-0.475608
-0.56377
-0.838831
-1.14947
-1.20392
-1.11221
-1.01327
-0.925035
-0.862138
-0.856992
-0.718223
-0.716155
-0.712601
-0.701034
-0.677923
-0.646511
-0.610075
-0.569661
-0.52815
-0.489093
-0.472172
-0.50965
-0.716709
-1.01833
-1.32205
-1.39855
-1.34112
-1.20835
-1.08387
-1.01211
-0.697554
-0.69682
-0.695687
-0.689913
-0.67225
-0.643726
-0.607763
-0.566526
-0.519851
-0.468322
-0.432931
-0.409272
-0.41727
-0.391507
-0.346793
-0.261544
-0.192833
-0.139711
-0.0767433
-0.0354365
-0.685437
-0.685157
-0.68456
-0.681864
-0.669394
-0.642458
-0.605185
-0.561177
-0.508912
-0.450761
-0.393632
-0.341594
-0.198135
0.0930794
0.383555
0.651802
0.810763
0.88409
0.917434
0.928775
-0.677304
-0.67712
-0.676529
-0.675455
-0.667867
-0.643164
-0.604496
-0.555309
-0.497794
-0.426412
-0.344887
-0.259046
-0.0317147
0.352272
0.748264
1.10701
1.30547
1.38219
1.39394
1.39037
-0.672785
-0.672526
-0.671769
-0.671204
-0.667349
-0.646915
-0.605948
-0.551919
-0.486095
-0.405334
-0.310237
-0.209563
0.0212899
0.367601
0.702484
0.99355
1.17432
1.25875
1.29276
1.30191
-0.672554
-0.672423
-0.672014
-0.671226
-0.67115
-0.654724
-0.610467
-0.551591
-0.479692
-0.393349
-0.290467
-0.192707
0.00688912
0.312155
0.591924
0.821426
0.97244
1.06163
1.11669
1.13844
-0.673629
-0.674717
-0.677719
-0.682739
-0.685528
-0.666399
-0.617597
-0.555756
-0.479991
-0.387128
-0.287076
-0.19367
-0.0296204
0.237737
0.499317
0.719845
0.887257
0.991829
1.04665
1.06442
-0.67535
-0.676559
-0.67717
-0.676123
-0.676094
-0.660657
-0.623734
-0.566875
-0.487176
-0.390545
-0.293164
-0.20343
-0.0792801
0.168405
0.403303
0.601043
0.763595
0.864565
0.911111
0.923509
-0.702871
-0.70128
-0.68394
-0.645406
-0.613073
-0.627218
-0.634908
-0.584629
-0.498668
-0.397473
-0.303411
-0.217929
-0.118543
0.0764298
0.278018
0.44727
0.581461
0.662026
0.69678
0.704705
-0.763737
-0.760008
-0.752184
-0.733252
-0.719707
-0.722465
-0.700078
-0.61764
-0.514474
-0.406013
-0.311112
-0.230091
-0.15222
-0.00660704
0.156704
0.287957
0.391229
0.450543
0.475158
0.479743
-0.887992
-0.903162
-0.944632
-0.988317
-0.989261
-0.946535
-0.823877
-0.668797
-0.529873
-0.4104
-0.316341
-0.243016
-0.179797
-0.0723871
0.0508428
0.150711
0.228241
0.270364
0.287098
0.28836
-1.00342
-1.0287
-1.07606
-1.11237
-1.1117
-1.05401
-0.887973
-0.691186
-0.530267
-0.405809
-0.315142
-0.252528
-0.201811
-0.126315
-0.033679
0.0418198
0.0974505
0.127062
0.137887
0.138321
-0.957811
-0.978761
-1.01482
-1.04545
-1.04539
-0.982805
-0.816341
-0.640663
-0.494458
-0.381842
-0.304326
-0.253213
-0.21707
-0.163725
-0.101607
-0.0482038
-0.00940425
0.0107201
0.0176006
0.0163543
-0.71132
-0.731546
-0.767381
-0.803851
-0.813195
-0.75804
-0.639392
-0.520484
-0.419126
-0.338739
-0.280356
-0.241815
-0.217082
-0.18467
-0.146482
-0.116614
-0.0968326
-0.0888332
-0.0866793
-0.0880143
-0.35912
-0.371651
-0.396677
-0.428703
-0.451285
-0.445793
-0.41547
-0.370843
-0.325903
-0.283003
-0.247835
-0.221434
-0.203257
-0.188456
-0.176384
-0.169165
-0.167114
-0.169359
-0.17065
-0.171252
-0.0687407
-0.0748382
-0.0913585
-0.120376
-0.159104
-0.195328
-0.220474
-0.234456
-0.235782
-0.226704
-0.213555
-0.198482
-0.185303
-0.184964
-0.190489
-0.19901
-0.210392
-0.218183
-0.220338
-0.220445
0.0856932
0.0821529
0.0701165
0.0439179
0.00154417
-0.0507905
-0.099519
-0.138112
-0.164008
-0.178834
-0.184596
-0.183687
-0.179375
-0.186197
-0.197377
-0.21087
-0.223811
-0.231072
-0.232492
-0.232477
0.133409
0.131155
0.122178
0.10095
0.0645566
0.017566
-0.0319971
-0.0774733
-0.114485
-0.143099
-0.165424
-0.184547
-0.194979
-0.197847
-0.20074
-0.20773
-0.214589
-0.21736
-0.217684
-0.217905
0.129006
0.127456
0.121098
0.105682
0.0787218
0.0423363
0.000586275
-0.0411734
-0.0798757
-0.115394
-0.150868
-0.189978
-0.21505
-0.204966
-0.197649
-0.192864
-0.192533
-0.192263
-0.192039
-0.19234
0.106963
0.105965
0.101741
0.0912867
0.0725697
0.046229
0.0139623
-0.0206103
-0.0555431
-0.0909606
-0.129612
-0.176084
-0.200669
-0.184762
-0.169909
-0.164582
-0.162365
-0.161852
-0.161976
-0.162394
0.0826112
0.082037
0.0793909
0.0726292
0.0601326
0.0418143
0.0182761
-0.00840179
-0.036644
-0.0658152
-0.0963124
-0.129131
-0.141081
-0.133169
-0.128058
-0.128269
-0.129329
-0.130306
-0.130841
-0.131231
0.0611626
0.0608292
0.0592843
0.0551057
0.0470793
0.0348182
0.0184992
-0.000608659
-0.0209851
-0.040796
-0.0571183
-0.067316
-0.0680302
-0.0699435
-0.0791103
-0.0885116
-0.0949341
-0.0981488
-0.0993335
-0.0997287
0.0438162
0.0436412
0.0427568
0.040286
0.035326
0.0274638
0.0167207
0.00396274
-0.00910669
-0.0197623
-0.0214388
-0.0113477
0.00292108
-0.0151352
-0.0352811
-0.0514245
-0.0616081
-0.0665594
-0.0684119
-0.0687488
0.0297778
0.0297271
0.0292953
0.0279866
0.0251948
0.0205085
0.0139313
0.00617427
-0.00105086
-0.00437797
0.00277847
0.0211816
0.0360715
0.0170338
-0.00583125
-0.0219596
-0.0317411
-0.0365016
-0.0386208
-0.0390039
0.0185142
0.0185284
0.0183584
0.0178105
0.0164028
0.0139322
0.0102991
0.00607787
0.00280902
0.00362524
0.0142167
0.0320167
0.0420665
0.0260348
0.00879136
-0.00288489
-0.00931773
-0.012992
-0.0148956
-0.0152979
0.0092684
0.00931816
0.00930581
0.00914557
0.00865834
0.00762635
0.00602497
0.00419066
0.00309129
0.00506147
0.0140756
0.027858
0.0328375
0.0223698
0.0121767
0.00580571
0.00268639
0.000957363
-0.000307088
-0.000763032
0.00121001
0.00126415
0.00126565
0.00143743
0.00164806
0.0016918
0.00142909
0.00106477
0.000857402
0.00123067
0.00273029
0.00727999
0.0101384
0.00848225
0.00619904
0.0060155
0.005214
0.00324002
0.00163698
0.00150808
-0.116168
0.0497932
0.243307
0.412142
0.546666
0.652133
0.739083
0.813174
0.847094
0.823855
0.183749
0.303671
0.432592
0.543833
0.637384
0.714621
0.777132
0.821556
0.843793
0.855969
0.400701
0.482881
0.570972
0.648637
0.715359
0.771162
0.81556
0.848035
0.871573
0.889625
0.560266
0.619138
0.680133
0.736806
0.786021
0.827837
0.862215
0.889677
0.91236
0.930702
0.684837
0.727615
0.773278
0.81677
0.855214
0.888809
0.917591
0.941575
0.961893
0.979754
0.788619
0.821301
0.859213
0.894564
0.927034
0.956159
0.981628
1.00305
1.02086
1.03822
0.880834
0.909417
0.943255
0.975278
1.00513
1.03223
1.05592
1.0756
1.09108
1.10816
0.969224
0.998359
1.03229
1.06426
1.09381
1.12035
1.14318
1.16164
1.175
1.19203
1.06442
1.09758
1.13418
1.16772
1.19773
1.22389
1.24582
1.26308
1.27494
1.29233
1.17935
1.21715
1.25576
1.28998
1.31931
1.34404
1.3644
1.38028
1.39173
1.4098
1.32424
1.36277
1.3989
1.42957
1.45523
1.47732
1.49636
1.51189
1.52431
1.5423
1.49929
1.53091
1.55708
1.57952
1.59948
1.6182
1.63591
1.65238
1.66773
1.6858
1.68789
1.70509
1.72012
1.73634
1.75225
1.76678
1.77998
1.7939
1.81144
1.83159
1.8696
1.87914
1.89068
1.90148
1.91077
1.92035
1.93113
1.94249
1.95385
1.96921
2.07683
2.08049
2.06555
2.05074
2.04446
2.05013
2.06861
2.09892
2.13109
2.15775
2.38315
2.24829
2.17165
2.12926
2.11184
2.1158
2.1432
2.19961
2.30223
2.5266
0.697106
0.694979
0.690496
0.681873
0.669652
0.657529
0.647307
0.639423
0.633821
0.630589
0.630261
0.633025
0.638148
0.645385
0.654782
0.666328
0.678983
0.690021
0.696134
0.69919
0.621553
0.6274
0.633735
0.63823
0.640703
0.640384
0.637655
0.633856
0.630363
0.628126
0.628007
0.630231
0.633914
0.638218
0.642035
0.643925
0.642993
0.639515
0.634354
0.627733
0.613116
0.615413
0.618818
0.621817
0.623896
0.625398
0.626162
0.625858
0.624851
0.623993
0.624198
0.625654
0.627491
0.628812
0.629003
0.628121
0.626577
0.624245
0.620985
0.618065
0.607589
0.608675
0.610509
0.612891
0.614919
0.616353
0.617383
0.618149
0.618571
0.618822
0.619347
0.620186
0.620807
0.620892
0.620492
0.619652
0.618189
0.61611
0.614028
0.612646
0.602363
0.603026
0.604135
0.605844
0.607631
0.60927
0.610577
0.611608
0.612515
0.613337
0.614105
0.614693
0.614914
0.614767
0.614215
0.613171
0.611752
0.610214
0.608901
0.608122
0.597359
0.597819
0.598607
0.599909
0.601402
0.602927
0.604404
0.605721
0.606883
0.607976
0.608936
0.609546
0.609723
0.609474
0.608794
0.607818
0.606703
0.605578
0.604668
0.604152
0.592495
0.592839
0.593452
0.594524
0.595825
0.597208
0.598661
0.600127
0.60153
0.602853
0.604016
0.604757
0.604972
0.604726
0.604149
0.603389
0.602551
0.601694
0.601028
0.60065
0.587717
0.587984
0.588479
0.589392
0.590569
0.591876
0.593286
0.594798
0.596373
0.597941
0.599351
0.600279
0.600626
0.600542
0.600176
0.599637
0.599005
0.598378
0.597893
0.597606
0.582941
0.583153
0.583565
0.584368
0.585465
0.586726
0.588129
0.589691
0.591401
0.593213
0.594917
0.596114
0.596708
0.59687
0.596739
0.596425
0.596002
0.595569
0.595225
0.595
0.578079
0.57825
0.578603
0.579334
0.580386
0.581627
0.58306
0.584708
0.58658
0.588653
0.590709
0.592272
0.593197
0.593652
0.593778
0.593698
0.593491
0.593234
0.593006
0.592827
0.573042
0.57318
0.573492
0.574178
0.575215
0.576481
0.577983
0.579762
0.58185
0.584241
0.586726
0.588744
0.590066
0.590862
0.591281
0.591451
0.591459
0.591372
0.591244
0.591101
0.56774
0.56785
0.568134
0.568801
0.569857
0.571195
0.57281
0.574773
0.577143
0.579938
0.582953
0.585518
0.587307
0.588498
0.58925
0.589694
0.589925
0.590011
0.58997
0.589853
0.562073
0.562161
0.562429
0.563102
0.564213
0.565664
0.567447
0.569662
0.572395
0.575698
0.579362
0.582583
0.584928
0.586577
0.587704
0.588468
0.58895
0.589198
0.589234
0.589139
0.555934
0.556001
0.556262
0.556963
0.558167
0.559779
0.561795
0.564341
0.567535
0.571471
0.575927
0.579938
0.582943
0.58513
0.586689
0.587812
0.588571
0.588996
0.589106
0.589027
0.549191
0.549237
0.5495
0.550252
0.551589
0.553418
0.555739
0.558709
0.562487
0.567205
0.572623
0.577582
0.581372
0.584196
0.586264
0.587788
0.588868
0.589484
0.589667
0.589601
0.541687
0.541715
0.541983
0.542808
0.544323
0.546433
0.549145
0.552655
0.557161
0.562842
0.569428
0.575524
0.580243
0.583817
0.586488
0.588496
0.589938
0.590759
0.591014
0.590958
0.533219
0.533233
0.533507
0.534431
0.536181
0.538637
0.541853
0.546044
0.551457
0.55832
0.566321
0.573775
0.579596
0.584052
0.587436
0.590019
0.591873
0.592921
0.593249
0.5932
0.523485
0.52347
0.5238
0.524867
0.526903
0.529817
0.533672
0.538718
0.545264
0.55358
0.56329
0.572357
0.579479
0.584973
0.589193
0.592448
0.594782
0.596077
0.596477
0.596431
0.512186
0.512146
0.512523
0.513783
0.516191
0.519695
0.524362
0.530493
0.538456
0.548561
0.560328
0.571305
0.579944
0.586655
0.591853
0.595883
0.598764
0.600323
0.600792
0.600746
0.498833
0.498767
0.499223
0.500737
0.503632
0.507904
0.513623
0.521147
0.530897
0.543205
0.557439
0.570655
0.581052
0.589161
0.5955
0.60042
0.60391
0.605742
0.606271
0.606217
0.482771
0.482676
0.483258
0.485126
0.488674
0.493974
0.501088
0.510427
0.522453
0.537478
0.554652
0.570466
0.582868
0.592565
0.600196
0.606123
0.610275
0.612372
0.612944
0.612877
0.463054
0.462932
0.463718
0.466103
0.470569
0.477298
0.486318
0.498077
0.513029
0.531401
0.552044
0.570819
0.585468
0.596933
0.605976
0.613032
0.61786
0.62019
0.620778
0.62069
0.438251
0.438113
0.439235
0.442423
0.44828
0.4571
0.468823
0.483874
0.502604
0.525067
0.549739
0.571821
0.588924
0.602306
0.612886
0.621118
0.626589
0.629081
0.629646
0.629528
0.406036
0.40592
0.407658
0.412238
0.420405
0.432487
0.448174
0.467744
0.491307
0.518682
0.547935
0.573612
0.593308
0.60871
0.620887
0.630298
0.63628
0.638814
0.639307
0.639155
0.362227
0.362277
0.365368
0.372847
0.385302
0.402699
0.424259
0.449917
0.479496
0.512599
0.546894
0.576351
0.598704
0.616139
0.629896
0.640376
0.64662
0.649024
0.649397
0.649211
0.298998
0.300217
0.307773
0.321722
0.342015
0.367872
0.397703
0.431117
0.467817
0.507298
0.546913
0.580189
0.605146
0.624526
0.639701
0.650929
0.657134
0.659169
0.659372
0.659166
0.224072
0.22586
0.240322
0.264275
0.29554
0.331386
0.37023
0.411896
0.456204
0.502681
0.548406
0.586337
0.614575
0.636346
0.653131
0.665036
0.670967
0.672691
0.67285
0.672733
0.146797
0.153037
0.174389
0.208632
0.250333
0.295874
0.343692
0.393657
0.445648
0.499218
0.551204
0.593906
0.625462
0.649674
0.668244
0.680359
0.685561
0.686787
0.686886
0.686843
0.0835714
0.0921378
0.118067
0.159353
0.209236
0.26304
0.318945
0.376675
0.436003
0.49641
0.55439
0.601572
0.636199
0.662485
0.682081
0.694272
0.699211
0.700334
0.700453
0.700468
0.0321521
0.0413165
0.0708058
0.117345
0.1734
0.233869
0.29662
0.361216
0.427244
0.494047
0.557715
0.609162
0.64666
0.674923
0.69571
0.708216
0.712926
0.714039
0.714242
0.714305
-0.0108534
-0.00140886
0.0305334
0.0810796
0.142205
0.208205
0.276763
0.347359
0.419418
0.492144
0.561193
0.616724
0.657011
0.687209
0.709151
0.722069
0.726973
0.728304
0.728531
0.728622
-0.0478154
-0.0382658
-0.00448808
0.0492659
0.114586
0.185305
0.258929
0.334856
0.412401
0.49062
0.564757
0.624214
0.667214
0.69932
0.722553
0.736152
0.741409
0.742846
0.743073
0.743162
-0.0804169
-0.07084
-0.0356579
0.0208035
0.0896398
0.164436
0.242552
0.323285
0.405859
0.489211
0.568197
0.631449
0.677095
0.711091
0.735508
0.749928
0.755588
0.757143
0.757364
0.757433
-0.109952
-0.100346
-0.0640128
-0.00521457
0.0666387
0.145007
0.227119
0.312215
0.399447
0.487658
0.571306
0.638238
0.686452
0.722239
0.747866
0.762947
0.769075
0.770745
0.770963
0.771015
-0.137314
-0.127672
-0.0903434
-0.0295064
0.045023
0.126556
0.212249
0.301327
0.392898
0.485719
0.573883
0.64441
0.695111
0.732617
0.759323
0.775074
0.781619
0.783362
0.783563
0.783584
-0.163077
-0.153381
-0.115124
-0.0525682
0.0243761
0.108739
0.197662
0.29038
0.385984
0.483199
0.575778
0.64987
0.703014
0.742161
0.769881
0.7861
0.792923
0.79474
0.794927
0.794915
-0.18774
-0.17791
-0.138783
-0.0746985
0.00441546
0.0913052
0.183148
0.279191
0.37856
0.479972
0.576892
0.654568
0.710152
0.750867
0.779463
0.796048
0.803002
0.804832
0.805005
0.80495
-0.211578
-0.20154
-0.161685
-0.0960954
-0.015054
0.0740897
0.168569
0.267656
0.370521
0.47594
0.577145
0.658473
0.716558
0.758817
0.788163
0.804974
0.811911
0.813718
0.813869
0.813799
-0.234701
-0.224468
-0.183887
-0.116906
-0.0341571
0.0570118
0.153856
0.255707
0.361804
0.471022
0.576471
0.661569
0.72229
0.766144
0.796127
0.81299
0.819824
0.821547
0.821656
0.821558
-0.257299
-0.246783
-0.205462
-0.137224
-0.0529504
0.0400209
0.138977
0.24332
0.352383
0.465184
0.574807
0.663832
0.727415
0.772991
0.803555
0.820306
0.826884
0.828459
0.828517
0.828398
-0.279325
-0.26855
-0.226528
-0.157103
-0.071453
0.0231144
0.123948
0.230517
0.342268
0.458401
0.572098
0.665212
0.731982
0.77952
0.810655
0.82708
0.833215
0.834557
0.834536
0.834397
-0.300853
-0.289789
-0.247022
-0.176538
-0.0896564
0.00631403
0.108801
0.217343
0.331496
0.450681
0.568295
0.665643
0.73599
0.785868
0.817685
0.833564
0.838931
0.839891
0.839782
0.839644
-0.321728
-0.310443
-0.266942
-0.195492
-0.107523
-0.0103177
0.0935908
0.203859
0.32013
0.442067
0.563365
0.665038
0.739374
0.792122
0.824973
0.840181
0.844369
0.844624
0.844352
0.84423
-0.342091
-0.330476
-0.286285
-0.213954
-0.125028
-0.0267488
0.0784032
0.190138
0.308247
0.432629
0.557303
0.663286
0.741997
0.798252
0.832793
0.847575
0.850197
0.849086
0.84835
0.848262
-0.361785
-0.349868
-0.305026
-0.231888
-0.1421
-0.0428995
0.0633135
0.176295
0.295951
0.422422
0.550139
0.66027
0.74366
0.80406
0.841184
0.856466
0.857762
0.854495
0.852215
0.851469
-0.380873
-0.368666
-0.323117
-0.249248
-0.158705
-0.0587043
0.0484019
0.162405
0.283348
0.411575
0.54193
0.655874
0.74411
0.809164
0.849694
0.867041
0.868689
0.863743
0.857388
0.84935
-0.399275
-0.386828
-0.340651
-0.266188
-0.175051
-0.0744287
0.0333442
0.148084
0.27001
0.399612
0.532175
0.64958
0.742907
0.813298
0.857776
0.87879
0.883463
0.878245
0.867347
0.862639
-0.416946
-0.404279
-0.357614
-0.282683
-0.191148
-0.090068
0.0181502
0.13331
0.255885
0.386407
0.520662
0.640979
0.73923
0.815668
0.863502
0.887635
0.894508
0.892362
0.854272
0.802595
-0.433603
-0.42024
-0.373857
-0.298665
-0.207097
-0.105784
0.00276126
0.118193
0.24102
0.372002
0.507292
0.629783
0.731905
0.815606
0.864553
0.885
0.891031
0.87031
0.813387
0.751563
-0.449562
-0.435351
-0.389302
-0.313452
-0.222384
-0.121114
-0.0130451
0.102784
0.225563
0.356565
0.49208
0.615711
0.719624
0.813461
0.858305
0.892898
0.853795
0.80218
0.729725
0.662601
-0.435515
-0.417378
-0.366896
-0.286679
-0.189233
-0.0850377
0.0284657
0.147201
0.273376
0.408717
0.539428
0.652125
0.74876
0.846741
0.877075
0.792422
0.73692
0.667579
0.592811
0.543997
-0.459677
-0.443254
-0.407264
-0.336478
-0.245827
-0.145765
-0.037363
0.0779102
0.200096
0.33015
0.46437
0.587148
0.689975
0.776068
0.84981
0.832843
0.704226
0.615546
0.549193
0.465688
-0.479165
-0.463568
-0.421952
-0.34981
-0.258662
-0.159011
-0.051699
0.0626734
0.183949
0.312701
0.445457
0.566487
0.666331
0.740906
0.766074
0.681326
0.53623
0.436662
0.359069
0.270667
-0.499167
-0.486684
-0.440567
-0.367364
-0.276135
-0.176015
-0.0687341
0.045357
0.165771
0.293088
0.423136
0.539721
0.630092
0.690592
0.665442
0.528453
0.372619
0.252375
0.152446
0.0165116
-0.522297
-0.509427
-0.461234
-0.38684
-0.29547
-0.195234
-0.0880936
0.0254345
0.144768
0.270225
0.396894
0.50787
0.588688
0.627775
0.566144
0.379602
0.196036
0.0417119
-0.0996637
-0.296186
-0.544434
-0.531909
-0.482578
-0.406905
-0.315132
-0.214963
-0.108238
0.00443793
0.122414
0.245587
0.368354
0.472886
0.546163
0.549016
0.437669
0.237951
0.0240062
-0.176383
-0.351428
-0.740568
-0.566681
-0.554504
-0.504682
-0.428091
-0.335984
-0.235814
-0.129522
-0.0177334
0.098742
0.219338
0.337751
0.434873
0.496302
0.466469
0.313144
0.111583
-0.106076
-0.317403
-0.49593
-0.76859
-0.589875
-0.577842
-0.527805
-0.450662
-0.358342
-0.258165
-0.152272
-0.0413624
0.073528
0.191325
0.305035
0.394279
0.440348
0.393359
0.201791
0.00741839
-0.190302
-0.357271
-0.42952
-0.468365
-0.614505
-0.602596
-0.552332
-0.474905
-0.382575
-0.282576
-0.177248
-0.0674615
0.0454954
0.15997
0.268255
0.349104
0.378195
0.295649
0.102624
-0.0795635
-0.244339
-0.350893
-0.388779
-0.397826
-0.640783
-0.628885
-0.578434
-0.500839
-0.408628
-0.309005
-0.20447
-0.096085
0.0145478
0.125168
0.227262
0.299518
0.30154
0.189561
0.0118966
-0.156345
-0.295976
-0.351454
-0.363508
-0.368402
-0.668895
-0.656904
-0.606196
-0.528485
-0.436504
-0.337453
-0.233946
-0.127277
-0.0193519
0.0869422
0.182141
0.244923
0.22217
0.0904756
-0.0724449
-0.230411
-0.329649
-0.358359
-0.354569
-0.354645
-0.698554
-0.686751
-0.635589
-0.55781
-0.46617
-0.367879
-0.265663
-0.161025
-0.056189
0.0453067
0.13319
0.184286
0.152425
-0.000488748
-0.148831
-0.287144
-0.327783
-0.340291
-0.34531
-0.345593
-0.729604
-0.717801
-0.666397
-0.588648
-0.497495
-0.400182
-0.29953
-0.197253
-0.0958996
0.000437019
0.0805727
0.120451
0.0826565
-0.078023
-0.215894
-0.311596
-0.35656
-0.343642
-0.340818
-0.340529
-0.761528
-0.749703
-0.698304
-0.620674
-0.530194
-0.434112
-0.335317
-0.235749
-0.138269
-0.0473231
0.0247793
0.0561028
-0.00199042
-0.145286
-0.269387
-0.320795
-0.335813
-0.33679
-0.336934
-0.336703
-0.793592
-0.781808
-0.730478
-0.653336
-0.563807
-0.469255
-0.372667
-0.276155
-0.182919
-0.0975807
-0.0328939
-0.01619
-0.0821309
-0.202538
-0.301758
-0.325517
-0.331249
-0.334495
-0.334267
-0.334126
-0.824547
-0.81321
-0.762057
-0.685897
-0.597641
-0.504999
-0.411008
-0.317915
-0.229217
-0.149812
-0.0906877
-0.087737
-0.151319
-0.25053
-0.322255
-0.372702
-0.346175
-0.335363
-0.332748
-0.332173
-0.852938
-0.842097
-0.79196
-0.717025
-0.630749
-0.540495
-0.449572
-0.360282
-0.276319
-0.203005
-0.148395
-0.150468
-0.215097
-0.282505
-0.336229
-0.329444
-0.333869
-0.334076
-0.333445
-0.333099
-0.877062
-0.866905
-0.818264
-0.745537
-0.661882
-0.57464
-0.487348
-0.402311
-0.323224
-0.255768
-0.206696
-0.206692
-0.269135
-0.31059
-0.324787
-0.342883
-0.345233
-0.344352
-0.344014
-0.343668
-0.894554
-0.885312
-0.838999
-0.769503
-0.689529
-0.606184
-0.523143
-0.442855
-0.368837
-0.306879
-0.263922
-0.260035
-0.31495
-0.341078
-0.333654
-0.35845
-0.367465
-0.371285
-0.370503
-0.368832
-0.90335
-0.894916
-0.852068
-0.786994
-0.711905
-0.633596
-0.555669
-0.480592
-0.411949
-0.355166
-0.316693
-0.309466
-0.36299
-0.396986
-0.401141
-0.390788
-0.391239
-0.38641
-0.383271
-0.38205
-0.899088
-0.892205
-0.8558
-0.796133
-0.727309
-0.655327
-0.583492
-0.514274
-0.451168
-0.399256
-0.364035
-0.351274
-0.396656
-0.47712
-0.51564
-0.439801
-0.395973
-0.377613
-0.372071
-0.370041
-0.880482
-0.875758
-0.847241
-0.795568
-0.734459
-0.670097
-0.605351
-0.542555
-0.485064
-0.437904
-0.405157
-0.384195
-0.361553
-0.391476
-0.434973
-0.374161
-0.348213
-0.339346
-0.335756
-0.333964
-0.848026
-0.844621
-0.825287
-0.784335
-0.732864
-0.677333
-0.620453
-0.56432
-0.512374
-0.469301
-0.440602
-0.379022
-0.252473
-0.054655
-0.0325691
-0.137281
-0.237524
-0.285841
-0.302501
-0.306944
-0.806397
-0.804229
-0.793243
-0.764574
-0.72363
-0.677566
-0.628781
-0.579255
-0.532062
-0.492251
-0.462593
-0.402028
-0.263097
-0.0745007
-0.011626
-0.171871
-0.303417
-0.367455
-0.393932
-0.403332
-0.764212
-0.762932
-0.757483
-0.740769
-0.710444
-0.672686
-0.631347
-0.587682
-0.544364
-0.506273
-0.478116
-0.475193
-0.545389
-0.74054
-0.820486
-0.795572
-0.744257
-0.721667
-0.703724
-0.699204
-0.730557
-0.729881
-0.727141
-0.717573
-0.696453
-0.666033
-0.630168
-0.590472
-0.549251
-0.5101
-0.488563
-0.489827
-0.711153
-1.02823
-1.3816
-1.49896
-1.43589
-1.31813
-1.15571
-1.06479
-0.707051
-0.706321
-0.7049
-0.701048
-0.686297
-0.660749
-0.627587
-0.589342
-0.546394
-0.501805
-0.462994
-0.425259
-0.487877
-0.609114
-0.756957
-0.820471
-0.792225
-0.747989
-0.647765
-0.547085
-0.690897
-0.690648
-0.690073
-0.688187
-0.679934
-0.65795
-0.625585
-0.585732
-0.539965
-0.48825
-0.432515
-0.405279
-0.355564
-0.221345
-0.0318794
0.156772
0.298635
0.377928
0.434031
0.469432
-0.680929
-0.680875
-0.680499
-0.679709
-0.675603
-0.657153
-0.624668
-0.582062
-0.532029
-0.471819
-0.404959
-0.341875
-0.225
0.07095
0.435969
0.801736
1.07667
1.19674
1.24348
1.24803
-0.67452
-0.674495
-0.674102
-0.673422
-0.671598
-0.658469
-0.626123
-0.57993
-0.523284
-0.455854
-0.372252
-0.278197
-0.132556
0.188443
0.572258
0.93656
1.2065
1.33658
1.37967
1.38796
-0.672136
-0.672012
-0.671433
-0.67022
-0.66867
-0.662768
-0.631111
-0.580845
-0.518434
-0.443062
-0.350499
-0.247104
-0.107532
0.181233
0.494831
0.77719
0.986221
1.10384
1.16812
1.19955
-0.673341
-0.67356
-0.674309
-0.675753
-0.677897
-0.673123
-0.639963
-0.585286
-0.518346
-0.435316
-0.33937
-0.237441
-0.123307
0.129485
0.416684
0.663382
0.85592
0.979244
1.05542
1.09273
-0.672595
-0.673719
-0.675889
-0.681514
-0.688004
-0.682608
-0.647172
-0.593109
-0.523836
-0.436934
-0.340765
-0.239592
-0.142326
0.0717013
0.334232
0.564687
0.757852
0.896178
0.972784
1.00286
-0.683567
-0.684462
-0.682211
-0.669505
-0.651197
-0.644261
-0.639479
-0.605807
-0.536127
-0.444572
-0.345275
-0.251159
-0.175567
0.00727096
0.237865
0.438723
0.608325
0.730176
0.793956
0.816492
-0.728599
-0.727455
-0.717448
-0.685998
-0.64387
-0.633413
-0.657504
-0.633373
-0.554793
-0.454574
-0.352922
-0.264109
-0.190977
-0.0569728
0.128625
0.294719
0.42985
0.524788
0.572191
0.588162
-0.819659
-0.815592
-0.827584
-0.850146
-0.86488
-0.846851
-0.810434
-0.70278
-0.582562
-0.464558
-0.358909
-0.275016
-0.207316
-0.113236
0.0343945
0.161436
0.265306
0.335063
0.368454
0.379027
-0.961133
-0.965345
-1.00351
-1.05842
-1.08299
-1.05688
-0.959526
-0.775537
-0.605919
-0.468305
-0.360546
-0.281928
-0.218014
-0.155657
-0.0447789
0.0516286
0.129843
0.180658
0.204256
0.209905
-1.0041
-1.01469
-1.04956
-1.08743
-1.10691
-1.08018
-0.968506
-0.769196
-0.591597
-0.453293
-0.350895
-0.280001
-0.229497
-0.185101
-0.107644
-0.0350117
0.0203668
0.0559275
0.0718878
0.0751214
-0.85526
-0.864485
-0.895285
-0.932839
-0.955401
-0.930722
-0.816256
-0.659063
-0.519712
-0.408319
-0.325325
-0.268983
-0.231918
-0.200865
-0.151062
-0.10468
-0.0682704
-0.046412
-0.0376638
-0.0364038
-0.533312
-0.543447
-0.568059
-0.603357
-0.631704
-0.628915
-0.569325
-0.487348
-0.40791
-0.341389
-0.286437
-0.246585
-0.22018
-0.201009
-0.175165
-0.15288
-0.138696
-0.13327
-0.132349
-0.132656
-0.195976
-0.201556
-0.215768
-0.241527
-0.275011
-0.298455
-0.309515
-0.305377
-0.290143
-0.267112
-0.2422
-0.219566
-0.200462
-0.189868
-0.185654
-0.185277
-0.189507
-0.195512
-0.199801
-0.200271
0.0266998
0.023778
0.0152876
-0.00519699
-0.0404062
-0.0882333
-0.133283
-0.168005
-0.19054
-0.200337
-0.200432
-0.193935
-0.183301
-0.180212
-0.188906
-0.200538
-0.213761
-0.225151
-0.230193
-0.230521
0.119934
0.118251
0.112554
0.0960034
0.0637949
0.0167487
-0.0351586
-0.0837789
-0.122078
-0.149537
-0.167533
-0.178631
-0.183635
-0.187538
-0.195455
-0.205223
-0.216549
-0.224971
-0.227384
-0.227406
0.135532
0.134471
0.130401
0.118008
0.0930443
0.0553309
0.0108009
-0.0354044
-0.0771481
-0.112761
-0.143475
-0.172982
-0.200406
-0.206123
-0.200873
-0.201687
-0.203483
-0.205471
-0.205626
-0.205664
0.119115
0.118533
0.115764
0.107201
0.0895979
0.0623172
0.0279731
-0.0104332
-0.0483952
-0.0848914
-0.121432
-0.163808
-0.206962
-0.208319
-0.193073
-0.181088
-0.178469
-0.177596
-0.177214
-0.177432
0.0946951
0.0944316
0.0926561
0.0870579
0.0752567
0.0563705
0.0312976
0.00164662
-0.0297297
-0.061833
-0.0959725
-0.135376
-0.171402
-0.167749
-0.155627
-0.148695
-0.146318
-0.146133
-0.146332
-0.146737
0.0713297
0.0712599
0.0702345
0.0667687
0.0591821
0.046578
0.0291001
0.007616
-0.0161388
-0.0408016
-0.0642889
-0.0882203
-0.104151
-0.100601
-0.101627
-0.105697
-0.11012
-0.113242
-0.114639
-0.115252
0.0519708
0.0519892
0.0513524
0.0492973
0.0446011
0.0364929
0.0248158
0.0100906
-0.00634728
-0.02262
-0.0352426
-0.0387134
-0.034017
-0.034417
-0.0483277
-0.0629975
-0.0742281
-0.0806531
-0.0833421
-0.0841432
0.0363389
0.0364195
0.0360934
0.0349541
0.0322431
0.0272941
0.0199267
0.0105343
0.000198868
-0.0087656
-0.010889
-0.00057763
0.0169848
0.0139502
-0.00831824
-0.0280031
-0.0415413
-0.0490291
-0.0523906
-0.0533827
0.0237834
0.0238802
0.0237627
0.0232014
0.0218056
0.0190672
0.0148223
0.00936057
0.00361896
-7.18922e-05
0.00390018
0.0191539
0.0374633
0.0342363
0.0130643
-0.00476859
-0.0160252
-0.0218336
-0.0250525
-0.0260934
0.0136398
0.0137444
0.0137386
0.0135542
0.0129298
0.0116423
0.00951133
0.00673373
0.00407684
0.00339476
0.009147
0.0235603
0.0380543
0.034211
0.0179624
0.00685309
0.000112895
-0.00331488
-0.005725
-0.00665628
0.00125478
0.00125622
0.00131902
0.00158022
0.00171098
0.00159188
0.0012344
0.000934745
0.000971444
0.0018087
0.00470813
0.00918338
0.00920691
0.00561534
0.0059944
0.00583843
0.00442361
0.00205702
0.00153026
0.00253699
-1.14727
-0.471959
-0.0231688
0.234752
0.419785
0.561094
0.670199
0.758168
0.853088
0.944591
-0.102521
0.0910552
0.267738
0.41646
0.540539
0.641347
0.723211
0.79027
0.831957
0.835649
0.227602
0.3422
0.454473
0.554275
0.639929
0.712025
0.771051
0.815944
0.844873
0.862358
0.436307
0.514253
0.591531
0.662205
0.723735
0.776268
0.81953
0.853512
0.879413
0.898406
0.589501
0.642317
0.70088
0.753501
0.799627
0.839773
0.873889
0.902236
0.925487
0.942424
0.710773
0.751344
0.796737
0.836552
0.873513
0.906525
0.935461
0.96022
0.980951
0.995157
0.812867
0.847112
0.883881
0.917891
0.949908
0.97933
1.00551
1.028
1.04659
1.05829
0.905632
0.936526
0.970305
1.00274
1.03333
1.06155
1.08656
1.10775
1.12465
1.13415
0.996316
1.02875
1.06394
1.09784
1.12904
1.15723
1.18172
1.20197
1.21739
1.22558
1.09807
1.1355
1.17371
1.20989
1.24187
1.26967
1.29306
1.31202
1.32613
1.3346
1.22486
1.26718
1.30632
1.34213
1.37249
1.39812
1.41964
1.43723
1.45072
1.46087
1.3863
1.42773
1.4614
1.49092
1.51542
1.53691
1.55648
1.57388
1.58861
1.6013
1.57666
1.60744
1.62866
1.64777
1.66581
1.68302
1.69922
1.71503
1.73153
1.74845
1.77448
1.78586
1.7969
1.81098
1.82525
1.83808
1.84944
1.86028
1.87318
1.89006
1.96026
1.97016
1.97879
1.98124
1.9821
1.98635
1.99714
2.01308
2.03069
2.03529
2.26129
2.20588
2.15505
2.1148
2.0924
2.08835
2.10185
2.13564
2.19208
2.26763
0.839322
0.780628
0.73815
0.704292
0.679638
0.662088
0.649585
0.640664
0.634565
0.6311
0.630732
0.633612
0.639067
0.647016
0.657946
0.673005
0.69402
0.723118
0.761884
0.809711
0.640869
0.649628
0.655163
0.655987
0.652506
0.646464
0.640036
0.634572
0.630747
0.629113
0.630307
0.633919
0.639213
0.645699
0.652473
0.657749
0.659378
0.656145
0.64881
0.641142
0.617895
0.619926
0.624531
0.628044
0.630557
0.631987
0.631703
0.629972
0.627791
0.626237
0.626272
0.628118
0.630855
0.633491
0.634983
0.634653
0.632804
0.63001
0.625963
0.621582
0.610972
0.611839
0.614323
0.617038
0.619051
0.620414
0.621403
0.62186
0.621726
0.621489
0.621861
0.622967
0.62408
0.624574
0.624282
0.623446
0.622044
0.619812
0.617179
0.615214
0.605304
0.605765
0.607162
0.609185
0.611127
0.612705
0.613853
0.614757
0.615488
0.616083
0.616739
0.617407
0.617751
0.617674
0.617217
0.616266
0.614769
0.612951
0.611311
0.610296
0.600098
0.600385
0.601304
0.602775
0.604403
0.60601
0.607439
0.608619
0.609654
0.610628
0.611495
0.612071
0.612252
0.61205
0.611409
0.610361
0.609085
0.607779
0.606698
0.606075
0.595104
0.595305
0.595994
0.597169
0.598555
0.600003
0.60148
0.602893
0.604181
0.605386
0.606443
0.607111
0.607299
0.607029
0.606378
0.605506
0.60454
0.603555
0.602778
0.60234
0.590248
0.5904
0.590948
0.591934
0.593166
0.594508
0.595938
0.597432
0.598929
0.600373
0.601654
0.602479
0.602745
0.602564
0.602089
0.60144
0.600706
0.599967
0.599397
0.599069
0.58545
0.585569
0.586018
0.58687
0.588003
0.589287
0.590691
0.592224
0.593866
0.595555
0.597106
0.598156
0.598614
0.598645
0.598397
0.597969
0.597439
0.596908
0.596499
0.596245
0.580617
0.580714
0.581093
0.581856
0.582927
0.584176
0.585592
0.587191
0.588976
0.590913
0.592784
0.594153
0.594903
0.595205
0.595201
0.595001
0.594684
0.594338
0.594056
0.593856
0.57566
0.575739
0.576069
0.576773
0.577814
0.579065
0.58053
0.582237
0.584209
0.586431
0.58869
0.59047
0.591584
0.592202
0.592474
0.592513
0.592412
0.592238
0.592062
0.591902
0.570485
0.570551
0.570846
0.571519
0.57256
0.573861
0.575417
0.577279
0.579499
0.582079
0.584815
0.587094
0.588639
0.589624
0.590209
0.590509
0.590628
0.590621
0.590538
0.590409
0.564999
0.565054
0.565328
0.565994
0.567072
0.568466
0.570162
0.57224
0.57478
0.577813
0.581136
0.584014
0.586068
0.587478
0.588418
0.589009
0.589363
0.589526
0.589525
0.589419
0.559099
0.559145
0.559407
0.560089
0.561241
0.562772
0.564668
0.567037
0.569984
0.573587
0.577626
0.581224
0.583884
0.585788
0.587131
0.588068
0.588678
0.589008
0.589082
0.588996
0.552663
0.552702
0.552962
0.553682
0.554945
0.556665
0.558829
0.561574
0.565041
0.569347
0.57426
0.578724
0.582102
0.584593
0.586407
0.58772
0.588621
0.589139
0.589287
0.589216
0.54555
0.54558
0.545845
0.546626
0.548043
0.550013
0.552524
0.555746
0.559866
0.56504
0.571013
0.576516
0.580748
0.583931
0.586301
0.58805
0.58929
0.590007
0.590227
0.590168
0.53758
0.5376
0.53788
0.538742
0.540361
0.542648
0.545603
0.549432
0.554365
0.560605
0.567864
0.57461
0.579855
0.58385
0.58688
0.589154
0.590777
0.591711
0.592004
0.591953
0.528514
0.528538
0.528848
0.529808
0.531682
0.53437
0.537894
0.542486
0.548431
0.555982
0.564796
0.573023
0.579467
0.58442
0.588222
0.591114
0.593183
0.594356
0.594722
0.594676
0.518046
0.518061
0.518411
0.519519
0.521722
0.52494
0.529184
0.534737
0.541948
0.55111
0.561801
0.571784
0.579636
0.585714
0.590425
0.594027
0.596613
0.598044
0.598482
0.598438
0.505795
0.505805
0.506198
0.507499
0.510136
0.514036
0.519202
0.525981
0.534781
0.545928
0.558873
0.570928
0.580416
0.5878
0.59357
0.597998
0.601165
0.602867
0.603372
0.603323
0.4912
0.491205
0.49166
0.49323
0.496442
0.501244
0.507618
0.515982
0.526796
0.540389
0.556029
0.5705
0.581872
0.590745
0.597746
0.603105
0.606913
0.608888
0.609446
0.609388
0.473489
0.473491
0.474041
0.475992
0.48
0.48603
0.494025
0.504478
0.517871
0.534481
0.553319
0.570571
0.584071
0.594628
0.602978
0.609402
0.613889
0.616119
0.616709
0.616634
0.451489
0.451486
0.452202
0.45475
0.459928
0.467706
0.477956
0.491225
0.507942
0.528258
0.550843
0.571232
0.587091
0.599497
0.609334
0.616901
0.622061
0.624494
0.625083
0.624983
0.423438
0.423435
0.42444
0.427978
0.435014
0.445421
0.458927
0.476053
0.497053
0.521865
0.548761
0.572611
0.591002
0.605382
0.616791
0.625552
0.631305
0.633847
0.63439
0.634257
0.386266
0.386279
0.387916
0.393378
0.403715
0.418286
0.436625
0.459021
0.485437
0.515576
0.5473
0.574854
0.595885
0.612308
0.625329
0.635212
0.641387
0.643894
0.644338
0.644167
0.334099
0.334345
0.338082
0.347981
0.364455
0.385885
0.411254
0.440586
0.4736
0.509825
0.546758
0.578129
0.601809
0.620236
0.634795
0.645627
0.651947
0.654243
0.654547
0.654341
0.259281
0.261627
0.272579
0.292004
0.318737
0.349734
0.384069
0.421597
0.462049
0.504928
0.547439
0.582873
0.609382
0.62996
0.646117
0.657706
0.663971
0.665977
0.666159
0.665953
0.179665
0.186068
0.205519
0.235146
0.27266
0.313505
0.356858
0.402685
0.450844
0.50088
0.54976
0.590116
0.620057
0.64318
0.6612
0.673378
0.679121
0.680615
0.680707
0.680581
0.111395
0.11817
0.144259
0.182556
0.229243
0.279129
0.33112
0.385057
0.440773
0.497798
0.552813
0.597783
0.630916
0.656268
0.675554
0.687729
0.692907
0.694169
0.694287
0.694213
0.055599
0.0626353
0.0927589
0.13724
0.190763
0.248065
0.307525
0.368795
0.431555
0.495216
0.556073
0.605409
0.641491
0.668818
0.689173
0.701591
0.706583
0.70772
0.707856
0.70781
0.00927181
0.0166176
0.0492337
0.0984228
0.157372
0.220711
0.286461
0.354146
0.423259
0.493074
0.559468
0.612976
0.651879
0.681155
0.702681
0.715464
0.720514
0.72171
0.721824
0.721804
-0.0300056
-0.0224966
0.0118585
0.064587
0.128081
0.196521
0.267676
0.341004
0.415863
0.491382
0.563006
0.620517
0.662169
0.693345
0.71603
0.729478
0.734898
0.736026
0.73617
0.73616
-0.0642532
-0.056646
-0.0210437
0.0346271
0.101888
0.174709
0.250634
0.329021
0.409126
0.489948
0.566531
0.627901
0.672234
0.705309
0.729314
0.743373
0.749136
0.750362
0.750523
0.750518
-0.0949687
-0.0872666
-0.0506507
0.00753105
0.0779885
0.15462
0.234782
0.317741
0.402684
0.488493
0.569829
0.634934
0.681873
0.716787
0.741908
0.756738
0.762858
0.764254
0.764445
0.764446
-0.123118
-0.115335
-0.0778517
-0.0175066
0.0557321
0.135722
0.219665
0.306792
0.39623
0.486773
0.572693
0.64143
0.690895
0.727556
0.753804
0.769325
0.775764
0.777349
0.777544
0.777529
-0.149474
-0.141589
-0.103275
-0.0411425
0.0346371
0.117621
0.204962
0.295898
0.38952
0.48456
0.574942
0.647252
0.699177
0.73752
0.764769
0.780894
0.787609
0.789326
0.789518
0.789484
-0.174509
-0.166493
-0.127365
-0.0637112
0.0143572
0.100016
0.19043
0.284847
0.382362
0.481697
0.576455
0.652332
0.706694
0.746636
0.774831
0.791344
0.798249
0.800045
0.800224
0.800165
-0.1986
-0.190416
-0.150522
-0.0854575
-0.0053439
0.0827016
0.175893
0.273491
0.374639
0.478078
0.577146
0.656637
0.713459
0.754948
0.783944
0.800723
0.807702
0.809525
0.809674
0.809614
-0.221914
-0.213539
-0.173073
-0.106548
-0.0246234
0.0655607
0.161249
0.261752
0.366265
0.473608
0.576941
0.660138
0.719519
0.762567
0.792253
0.809137
0.816084
0.81786
0.817983
0.81789
-0.244614
-0.236067
-0.194897
-0.127108
-0.0435681
0.0485245
0.146451
0.249583
0.357198
0.468232
0.575779
0.662819
0.724938
0.769634
0.799918
0.816766
0.823536
0.825203
0.825286
0.825181
-0.266766
-0.258053
-0.216162
-0.147208
-0.0622182
0.0315734
0.131494
0.236985
0.34742
0.461917
0.573596
0.664645
0.72978
0.776301
0.807153
0.823779
0.830188
0.831681
0.831703
0.831586
-0.288407
-0.279512
-0.236925
-0.166873
-0.08058
0.014716
0.116394
0.223984
0.336967
0.454667
0.570344
0.66556
0.73407
0.782725
0.814179
0.830365
0.836174
0.83736
0.837299
0.837151
-0.309501
-0.300424
-0.257112
-0.186075
-0.0986228
-0.00201572
0.101211
0.210641
0.325891
0.446492
0.56598
0.665487
0.73778
0.789019
0.821295
0.836846
0.84169
0.842363
0.842187
0.84204
-0.330001
-0.320733
-0.276728
-0.204789
-0.116313
-0.0185586
0.0860012
0.197029
0.314254
0.437456
0.560479
0.664321
0.740806
0.795224
0.828823
0.843756
0.847201
0.846884
0.846447
0.846341
-0.349912
-0.340443
-0.295764
-0.222993
-0.133614
-0.0348482
0.0708484
0.183237
0.302148
0.427617
0.553865
0.661951
0.742978
0.801231
0.836949
0.851819
0.853681
0.851562
0.850321
0.850303
-0.369171
-0.359503
-0.314183
-0.24065
-0.150464
-0.050836
0.0558299
0.169349
0.28968
0.417072
0.546161
0.658257
0.744071
0.806744
0.845494
0.861593
0.862781
0.858506
0.855083
0.853908
-0.387805
-0.377946
-0.331971
-0.257765
-0.166892
-0.0665367
0.0409255
0.155341
0.276824
0.405792
0.537301
0.653022
0.743793
0.811405
0.853888
0.872895
0.875779
0.870791
0.862849
0.847787
-0.405842
-0.395773
-0.349232
-0.274517
-0.183137
-0.0822485
0.025763
0.14076
0.263048
0.393165
0.526648
0.645592
0.741474
0.814775
0.861107
0.883836
0.890157
0.883217
0.874364
0.830213
-0.423545
-0.412602
-0.365871
-0.290781
-0.199115
-0.0978795
0.0105052
0.125815
0.248561
0.379369
0.514225
0.635734
0.736157
0.815981
0.864823
0.887866
0.893651
0.888951
0.837443
0.777828
-0.441911
-0.42737
-0.381649
-0.306405
-0.215037
-0.113663
-0.00511454
0.110501
0.23334
0.364378
0.499884
0.623102
0.726476
0.814739
0.862097
0.871796
0.877989
0.843199
0.77725
0.712964
-0.460045
-0.462354
-0.402472
-0.319037
-0.22766
-0.126682
-0.0204746
0.0954803
0.218128
0.348975
0.484253
0.607919
0.711971
0.812578
0.823858
0.838679
0.814835
0.750146
0.674735
0.604263
-0.435958
-0.434668
-0.375949
-0.292755
-0.196287
-0.0921303
0.0189592
0.137537
0.263415
0.398329
0.528511
0.64084
0.735417
0.832042
0.839641
0.737938
0.651987
0.583267
0.509546
0.367453
-0.476271
-0.450182
-0.388641
-0.304567
-0.208554
-0.104448
0.00607365
0.124088
0.249127
0.382718
0.510738
0.620303
0.705719
0.768599
0.735941
0.602717
0.481217
0.397919
0.313341
0.152109
-0.500298
-0.469465
-0.407017
-0.323532
-0.22739
-0.123445
-0.0127055
0.104564
0.228341
0.359795
0.484626
0.588874
0.665454
0.693286
0.612561
0.447672
0.307472
0.203388
0.0879743
-0.14422
-0.523732
-0.490592
-0.426954
-0.342791
-0.246582
-0.142737
-0.032344
0.084019
0.206289
0.335155
0.455747
0.552826
0.617849
0.610393
0.474151
0.286434
0.114946
-0.0272495
-0.187029
-0.56687
-0.546219
-0.512237
-0.447559
-0.362489
-0.266193
-0.162551
-0.0528061
0.0625168
0.18306
0.308929
0.424407
0.513334
0.559987
0.523009
0.339417
0.132145
-0.0806789
-0.258839
-0.504909
-1.04783
-0.568517
-0.53448
-0.469111
-0.383436
-0.286978
-0.183567
-0.0744672
0.0397103
0.158296
0.280776
0.390564
0.471285
0.498021
0.411425
0.216005
0.00211229
-0.214017
-0.413519
-0.579543
-1.16411
-0.591771
-0.557656
-0.491892
-0.405873
-0.309288
-0.20608
-0.0975991
0.0153893
0.131857
0.250634
0.354433
0.425434
0.427576
0.298236
0.109697
-0.0939661
-0.280418
-0.408325
-0.441435
-0.48821
-0.616403
-0.582217
-0.516219
-0.430082
-0.333557
-0.230722
-0.123042
-0.0115361
0.102391
0.216779
0.314141
0.372152
0.352214
0.194062
0.0135387
-0.165266
-0.309509
-0.370764
-0.393424
-0.39916
-0.642761
-0.608348
-0.542186
-0.456049
-0.359755
-0.257489
-0.150883
-0.0411897
0.0697733
0.179139
0.269333
0.312252
0.277225
0.0970039
-0.0741884
-0.231083
-0.340131
-0.366639
-0.367777
-0.368162
-0.670942
-0.636197
-0.569839
-0.483763
-0.387852
-0.286385
-0.181121
-0.0735763
0.0339682
0.137772
0.219706
0.250155
0.183658
0.00806246
-0.154361
-0.292656
-0.339143
-0.353447
-0.354705
-0.354299
-0.700839
-0.665705
-0.599144
-0.513215
-0.417837
-0.317385
-0.213743
-0.108702
-0.00499676
0.0927444
0.165856
0.182613
0.0856056
-0.0742047
-0.222404
-0.33107
-0.344465
-0.344455
-0.345632
-0.345324
-0.731991
-0.696649
-0.629918
-0.544236
-0.449577
-0.350386
-0.248672
-0.146506
-0.0470121
0.0442581
0.108652
0.107755
0.000594886
-0.146972
-0.276684
-0.314902
-0.336873
-0.340261
-0.340633
-0.340411
-0.76405
-0.728398
-0.661812
-0.576527
-0.482816
-0.385161
-0.285693
-0.186772
-0.0918462
-0.0071326
0.0478168
0.0356254
-0.0781235
-0.207347
-0.312649
-0.352646
-0.340762
-0.3373
-0.336798
-0.336587
-0.796079
-0.76042
-0.694277
-0.609596
-0.517109
-0.421312
-0.324444
-0.229127
-0.139138
-0.060732
-0.0168103
-0.030605
-0.148127
-0.253635
-0.332177
-0.329273
-0.333394
-0.334268
-0.334206
-0.334035
-0.827065
-0.791903
-0.726152
-0.642715
-0.551811
-0.458266
-0.364375
-0.272982
-0.188256
-0.11599
-0.0791375
-0.0975186
-0.205632
-0.293944
-0.319581
-0.339426
-0.336169
-0.333608
-0.332377
-0.331965
-0.855414
-0.821223
-0.756607
-0.674818
-0.586022
-0.495205
-0.404739
-0.317573
-0.238216
-0.172201
-0.136196
-0.169632
-0.251595
-0.314881
-0.330165
-0.332973
-0.334414
-0.333711
-0.333274
-0.332769
-0.879437
-0.846695
-0.783946
-0.704613
-0.618597
-0.531088
-0.444552
-0.361948
-0.287872
-0.22828
-0.193137
-0.232918
-0.292248
-0.325456
-0.363476
-0.352409
-0.344551
-0.344147
-0.343887
-0.343246
-0.896803
-0.866202
-0.806162
-0.730411
-0.648143
-0.564677
-0.482643
-0.404981
-0.336125
-0.282641
-0.251531
-0.287042
-0.32873
-0.35246
-0.356181
-0.363509
-0.370354
-0.371246
-0.369443
-0.368671
-0.905165
-0.877245
-0.821351
-0.750322
-0.673019
-0.594623
-0.517765
-0.44539
-0.381823
-0.333808
-0.303866
-0.337107
-0.38083
-0.405978
-0.391033
-0.389709
-0.388743
-0.384647
-0.382366
-0.382299
-0.901608
-0.877931
-0.827676
-0.762552
-0.691607
-0.619421
-0.54854
-0.48187
-0.423602
-0.380165
-0.3461
-0.37601
-0.427132
-0.525783
-0.471012
-0.414011
-0.383711
-0.374222
-0.370761
-0.369624
-0.882658
-0.865025
-0.823332
-0.765788
-0.702623
-0.637786
-0.573686
-0.513058
-0.459972
-0.420119
-0.388723
-0.374267
-0.366645
-0.437761
-0.399316
-0.35697
-0.342514
-0.337206
-0.334756
-0.333113
-0.849909
-0.837727
-0.806829
-0.759452
-0.705449
-0.649072
-0.592252
-0.537747
-0.489467
-0.452823
-0.414318
-0.325713
-0.160485
-0.0130241
-0.0749387
-0.190787
-0.267449
-0.296686
-0.30563
-0.307076
-0.808017
-0.800437
-0.781091
-0.745066
-0.701019
-0.653515
-0.604061
-0.555208
-0.511088
-0.47647
-0.439864
-0.342738
-0.178261
0.0239336
-0.0868391
-0.245078
-0.34283
-0.383551
-0.400207
-0.405159
-0.765441
-0.761162
-0.75081
-0.726957
-0.692248
-0.652584
-0.609734
-0.565875
-0.524111
-0.491447
-0.467135
-0.494832
-0.628735
-0.816527
-0.819939
-0.76794
-0.732928
-0.710439
-0.699764
-0.699817
-0.731296
-0.729032
-0.723619
-0.708394
-0.68223
-0.648465
-0.610786
-0.569936
-0.529052
-0.495855
-0.480358
-0.577287
-0.85775
-1.21847
-1.47544
-1.47218
-1.38573
-1.23655
-1.09541
-1.06231
-0.706738
-0.705713
-0.703728
-0.695205
-0.674636
-0.644924
-0.609168
-0.568373
-0.524601
-0.47856
-0.451047
-0.442419
-0.546784
-0.682567
-0.808212
-0.809875
-0.774435
-0.705423
-0.580856
-0.541827
-0.690828
-0.690375
-0.689643
-0.68548
-0.670521
-0.642924
-0.606383
-0.563875
-0.514262
-0.459662
-0.415778
-0.379708
-0.305991
-0.128561
0.065559
0.23529
0.344287
0.407152
0.455689
0.479391
-0.680929
-0.680726
-0.680119
-0.67854
-0.668439
-0.642312
-0.60449
-0.557879
-0.503509
-0.439491
-0.368766
-0.299001
-0.101822
0.256008
0.618199
0.961756
1.15026
1.2276
1.24882
1.24878
-0.67455
-0.674347
-0.67372
-0.673103
-0.667225
-0.644386
-0.604436
-0.553138
-0.491797
-0.414198
-0.325073
-0.229493
0.00779207
0.380541
0.759238
1.08979
1.28652
1.36559
1.38591
1.38823
-0.672113
-0.67179
-0.670915
-0.669795
-0.668264
-0.649881
-0.60774
-0.551452
-0.482086
-0.399102
-0.298889
-0.197871
0.0209125
0.340956
0.64121
0.894704
1.05459
1.14061
1.18776
1.20567
-0.673422
-0.673829
-0.674983
-0.676342
-0.677425
-0.660163
-0.61469
-0.553185
-0.478928
-0.388757
-0.286659
-0.192475
-0.0140528
0.276336
0.545412
0.768223
0.925202
1.02218
1.07896
1.09979
-0.673165
-0.674554
-0.678185
-0.684882
-0.688634
-0.668308
-0.621898
-0.560502
-0.482862
-0.388142
-0.289364
-0.196198
-0.0502166
0.203818
0.454491
0.66558
0.835428
0.941468
0.992721
1.00763
-0.68421
-0.684155
-0.677158
-0.659878
-0.645487
-0.643757
-0.627194
-0.57464
-0.49246
-0.393649
-0.298247
-0.212063
-0.102446
0.124126
0.342172
0.527386
0.677084
0.768612
0.809221
0.819229
-0.728109
-0.7245
-0.704636
-0.663638
-0.634005
-0.646244
-0.654387
-0.598321
-0.506011
-0.401876
-0.307688
-0.223327
-0.135246
0.0325205
0.215948
0.365586
0.483989
0.553606
0.583332
0.589269
-0.816785
-0.819628
-0.837087
-0.862103
-0.857807
-0.833865
-0.762412
-0.642782
-0.522943
-0.408962
-0.313998
-0.236893
-0.166788
-0.0411433
0.101257
0.216108
0.305471
0.355643
0.375674
0.378538
-0.958187
-0.98114
-1.03254
-1.0757
-1.07538
-1.02321
-0.86985
-0.687392
-0.533343
-0.409899
-0.317119
-0.248168
-0.191284
-0.101175
0.00605005
0.0930818
0.15964
0.194926
0.209163
0.209447
-1.00604
-1.02962
-1.06919
-1.10121
-1.10027
-1.03915
-0.870414
-0.676112
-0.518048
-0.396498
-0.311212
-0.253797
-0.210422
-0.146809
-0.0699564
-0.0056085
0.0409505
0.066137
0.0741037
0.0737075
-0.857266
-0.878104
-0.914149
-0.947641
-0.950697
-0.887531
-0.736703
-0.587093
-0.460539
-0.362457
-0.294047
-0.249147
-0.219169
-0.176791
-0.126834
-0.0848946
-0.0552071
-0.0408146
-0.0360539
-0.0375025
-0.537079
-0.553892
-0.585166
-0.619535
-0.635788
-0.604996
-0.529288
-0.446473
-0.373256
-0.311725
-0.26452
-0.232309
-0.211312
-0.188236
-0.163082
-0.145056
-0.13484
-0.132487
-0.132374
-0.133305
-0.198379
-0.207261
-0.227146
-0.257985
-0.289053
-0.305131
-0.309346
-0.298802
-0.279425
-0.254237
-0.230576
-0.209767
-0.194232
-0.186991
-0.185025
-0.186914
-0.192658
-0.198277
-0.200259
-0.200586
0.0252652
0.020687
0.0067637
-0.0209492
-0.0631657
-0.111945
-0.151806
-0.180864
-0.196844
-0.201223
-0.197893
-0.189037
-0.179623
-0.184118
-0.194403
-0.207108
-0.220117
-0.228558
-0.230615
-0.23064
0.11905
0.116357
0.10595
0.0819766
0.0417446
-0.00911381
-0.0602612
-0.104212
-0.136991
-0.159531
-0.173851
-0.182353
-0.185013
-0.191369
-0.199583
-0.210948
-0.221664
-0.226701
-0.227466
-0.227522
0.135019
0.133139
0.125516
0.10723
0.0755402
0.0336587
-0.012473
-0.0568324
-0.095632
-0.128618
-0.158117
-0.188991
-0.206606
-0.2033
-0.200964
-0.20212
-0.204807
-0.205662
-0.205585
-0.205865
0.118886
0.117629
0.112411
0.0996418
0.0770594
0.0459353
0.00893852
-0.0294321
-0.066736
-0.103197
-0.141664
-0.187508
-0.214228
-0.200344
-0.185648
-0.179403
-0.177899
-0.177328
-0.177261
-0.177641
0.0946381
0.0938571
0.0904809
0.0820289
0.0666668
0.0445859
0.0168329
-0.0138217
-0.0456379
-0.0786844
-0.114689
-0.156372
-0.17518
-0.162178
-0.15087
-0.147145
-0.146108
-0.146197
-0.146521
-0.146922
0.0713268
0.0709424
0.0689074
0.0635684
0.0535107
0.0384555
0.0187382
-0.00402339
-0.0283758
-0.0530017
-0.0766458
-0.0983962
-0.104669
-0.101404
-0.10335
-0.108021
-0.111925
-0.114127
-0.114999
-0.115405
0.0520434
0.0517731
0.0505724
0.0473436
0.0409916
0.0311111
0.0177564
0.00198904
-0.0146065
-0.0299493
-0.0381365
-0.0369993
-0.0287419
-0.0412319
-0.0561275
-0.0692446
-0.0780016
-0.0823449
-0.083896
-0.0842482
0.0364134
0.0363231
0.0356677
0.0338423
0.0300692
0.023925
0.0154359
0.00535942
-0.00459781
-0.0111095
-0.00740222
0.00873346
0.0236649
0.00404236
-0.0189417
-0.0357969
-0.0459179
-0.0510854
-0.0530993
-0.05346
0.023857
0.0238517
0.0235604
0.0226395
0.0206371
0.0171468
0.0122014
0.00640356
0.0013791
0.000597745
0.0102945
0.0290358
0.0414515
0.0242798
0.00366105
-0.0112328
-0.0193397
-0.0238279
-0.0257866
-0.0261844
0.0137101
0.0137515
0.0136764
0.0133143
0.0123886
0.0106913
0.00815299
0.00530942
0.00339219
0.00519812
0.015516
0.0312779
0.039067
0.0256967
0.0116296
0.00312249
-0.00187785
-0.00473679
-0.00633783
-0.00674142
0.00519492
0.00528322
0.00528326
0.00527147
0.00523199
0.00490486
0.00420623
0.00320809
0.00233865
0.00236469
0.00592503
0.0142907
0.0251769
0.0204538
0.0121465
0.00766571
0.00520254
0.00412256
0.00315246
0.00240577
-0.764376
-0.201767
0.117677
0.331518
0.494417
0.618167
0.716819
0.801437
0.909623
0.90814
0.0394447
0.185865
0.345322
0.481742
0.593739
0.684244
0.758699
0.815585
0.838907
0.843212
0.301092
0.399718
0.506264
0.598843
0.677627
0.743177
0.795445
0.832254
0.855295
0.872481
0.486632
0.554562
0.628112
0.694098
0.751143
0.799071
0.837656
0.86729
0.890694
0.909455
0.625897
0.676658
0.728031
0.777346
0.820451
0.857572
0.888763
0.914399
0.935948
0.954334
0.738753
0.775765
0.816874
0.855513
0.890525
0.921499
0.948383
0.971006
0.990041
1.00785
0.835804
0.865884
0.90114
0.934183
0.96499
0.992856
1.01726
1.03773
1.05436
1.07174
0.925018
0.953414
0.986752
1.01829
1.04779
1.07449
1.09768
1.11673
1.13113
1.14826
1.01524
1.04617
1.08121
1.11378
1.14356
1.16997
1.19241
1.21031
1.22285
1.2401
1.11873
1.15443
1.1923
1.22639
1.25631
1.28193
1.30311
1.31967
1.33122
1.34906
1.24778
1.28679
1.32491
1.35795
1.38585
1.40937
1.42894
1.44441
1.45621
1.47446
1.40884
1.44486
1.47691
1.50366
1.52645
1.54692
1.56551
1.58152
1.59521
1.61308
1.5935
1.61854
1.6384
1.65689
1.67453
1.69126
1.70712
1.7231
1.74022
1.75935
1.78017
1.79101
1.80372
1.81826
1.83187
1.84393
1.85483
1.86617
1.88157
1.901
1.96205
1.97548
1.98054
1.98155
1.98352
1.99088
2.00457
2.02217
2.03591
2.04725
2.23091
2.18032
2.13286
2.10127
2.08822
2.09276
2.11601
2.16106
2.22775
2.32187
0.695947
0.692939
0.686881
0.675956
0.663468
0.652162
0.643109
0.636363
0.631911
0.630036
0.631289
0.635296
0.641475
0.649771
0.66028
0.672604
0.684961
0.693675
0.698189
0.700355
0.624244
0.630892
0.636141
0.63976
0.640877
0.639246
0.635799
0.632018
0.629049
0.62776
0.628867
0.631929
0.636035
0.640274
0.643314
0.643851
0.641538
0.637164
0.630871
0.625048
0.614122
0.617085
0.62045
0.622942
0.624706
0.625895
0.62613
0.625395
0.624349
0.623922
0.624813
0.626579
0.628269
0.629074
0.628672
0.62743
0.625538
0.622674
0.619342
0.617055
0.608056
0.60948
0.611695
0.613971
0.615698
0.6169
0.6178
0.618399
0.618691
0.619031
0.619761
0.620554
0.620925
0.620745
0.62014
0.619015
0.617215
0.615
0.613255
0.612171
0.602668
0.603487
0.604954
0.606733
0.608479
0.609963
0.611112
0.612071
0.612931
0.613735
0.614442
0.614853
0.614888
0.614553
0.613758
0.612498
0.610994
0.609486
0.608473
0.607806
0.597582
0.598136
0.599222
0.600641
0.602161
0.603676
0.605082
0.606312
0.607434
0.608492
0.609301
0.609688
0.609657
0.609186
0.608335
0.607275
0.606131
0.605068
0.604385
0.603916
0.592665
0.593081
0.593949
0.595165
0.596504
0.597925
0.599394
0.600836
0.602198
0.603479
0.604458
0.604929
0.604903
0.604471
0.603787
0.602975
0.602108
0.601321
0.600822
0.600464
0.58785
0.588176
0.588893
0.589961
0.591208
0.592566
0.594028
0.595579
0.597159
0.598696
0.599897
0.600519
0.60063
0.600388
0.599925
0.599327
0.59868
0.598109
0.597739
0.597453
0.583046
0.583311
0.583922
0.584891
0.586078
0.587406
0.588887
0.590526
0.592296
0.594116
0.595604
0.596477
0.596836
0.596835
0.596601
0.596223
0.595779
0.595382
0.595108
0.594872
0.578163
0.578383
0.578921
0.579829
0.580982
0.582315
0.583854
0.585614
0.587593
0.589727
0.591583
0.592804
0.593475
0.593749
0.593758
0.593612
0.59336
0.593115
0.592917
0.592715
0.573108
0.573296
0.573784
0.574662
0.575818
0.577199
0.578833
0.580763
0.583007
0.585523
0.587834
0.589482
0.59052
0.59111
0.591392
0.591476
0.591421
0.591314
0.591177
0.591
0.56779
0.567954
0.568413
0.569292
0.570491
0.571962
0.573742
0.575902
0.578485
0.581478
0.584342
0.586498
0.587968
0.58892
0.589506
0.589828
0.589985
0.590006
0.589921
0.58976
0.562111
0.562256
0.562705
0.563614
0.564898
0.566507
0.568493
0.570957
0.57397
0.577556
0.581091
0.583854
0.585828
0.587194
0.588124
0.588738
0.589103
0.589242
0.589199
0.58905
0.555959
0.556091
0.556546
0.557513
0.558926
0.560727
0.562992
0.565847
0.569403
0.573718
0.578066
0.581553
0.584127
0.585975
0.587295
0.58823
0.588827
0.589087
0.589083
0.588939
0.549202
0.549325
0.549801
0.550859
0.552448
0.554505
0.557131
0.560485
0.564718
0.569928
0.575257
0.579609
0.582891
0.58531
0.587081
0.58838
0.589238
0.589624
0.589655
0.589513
0.541686
0.541802
0.542308
0.543491
0.545312
0.5477
0.550786
0.554768
0.559842
0.566143
0.572656
0.578039
0.582157
0.585249
0.587561
0.589288
0.59043
0.590947
0.591011
0.590866
0.533202
0.533318
0.533866
0.535217
0.537325
0.540136
0.543809
0.548578
0.554691
0.562324
0.57026
0.576871
0.581975
0.585857
0.58882
0.591037
0.592504
0.59316
0.593254
0.593103
0.523451
0.523576
0.524217
0.525769
0.528253
0.531611
0.536024
0.541781
0.549182
0.558438
0.568077
0.576137
0.582406
0.587216
0.590936
0.593734
0.595566
0.596367
0.596487
0.596327
0.512132
0.512259
0.513018
0.514844
0.517809
0.521865
0.527218
0.534219
0.543219
0.554451
0.566122
0.575884
0.583512
0.589412
0.594008
0.597476
0.599714
0.600665
0.600806
0.600632
0.498757
0.498901
0.499821
0.502009
0.505598
0.510561
0.517128
0.525712
0.536708
0.550342
0.564421
0.576167
0.585355
0.592514
0.598128
0.602362
0.605035
0.60613
0.606284
0.606094
0.482667
0.48285
0.484002
0.486684
0.491106
0.497279
0.505444
0.516071
0.529567
0.546112
0.563017
0.577043
0.588007
0.596594
0.603357
0.608451
0.611575
0.612797
0.612953
0.612743
0.462914
0.463175
0.464678
0.468064
0.473652
0.481493
0.491815
0.505121
0.521767
0.54182
0.561996
0.578591
0.591537
0.601714
0.609738
0.615763
0.619321
0.620636
0.620776
0.620546
0.438067
0.438475
0.440535
0.444998
0.452323
0.462569
0.475893
0.49275
0.513352
0.537582
0.561477
0.580902
0.596002
0.607906
0.617284
0.624249
0.628174
0.629522
0.629626
0.629376
0.4058
0.406509
0.409547
0.415852
0.425972
0.43985
0.457442
0.479003
0.504505
0.533609
0.561632
0.584083
0.601447
0.615152
0.625949
0.633768
0.637922
0.639218
0.639265
0.638999
0.361949
0.36338
0.368507
0.378446
0.393439
0.412939
0.436552
0.464195
0.495591
0.530214
0.562671
0.58825
0.607917
0.623419
0.63559
0.644069
0.648217
0.649356
0.649329
0.649058
0.298738
0.303244
0.313956
0.331077
0.354362
0.382283
0.413927
0.449024
0.487182
0.527784
0.564806
0.593497
0.615392
0.63258
0.645879
0.654687
0.658543
0.659388
0.659283
0.659025
0.223593
0.231742
0.251282
0.279058
0.313
0.350381
0.390636
0.433655
0.479112
0.526416
0.568856
0.601418
0.626124
0.645294
0.659817
0.668718
0.672196
0.672854
0.672799
0.672665
0.148205
0.1617
0.190415
0.228661
0.272697
0.319423
0.368305
0.419314
0.472156
0.526277
0.57427
0.610786
0.638313
0.659653
0.675251
0.683712
0.686458
0.686886
0.686864
0.686818
0.0855787
0.102931
0.137343
0.183443
0.235712
0.290648
0.347467
0.406038
0.465977
0.526663
0.579926
0.620121
0.650209
0.673118
0.689229
0.69749
0.700036
0.70043
0.700457
0.700456
0.0342191
0.0536341
0.0925189
0.144445
0.203152
0.264874
0.328568
0.393943
0.460446
0.527324
0.585605
0.629283
0.661754
0.686262
0.703126
0.711361
0.713691
0.714189
0.714275
0.714309
-0.00881257
0.0118537
0.0540787
0.110638
0.174669
0.242071
0.311684
0.383092
0.45559
0.528269
0.591333
0.638365
0.673163
0.69924
0.716863
0.725273
0.727897
0.728461
0.728576
0.72864
-0.0458159
-0.0243586
0.0205265
0.0808417
0.149347
0.221655
0.296479
0.373309
0.451315
0.529428
0.597051
0.647327
0.684411
0.712063
0.730626
0.739587
0.742408
0.743008
0.743115
0.743194
-0.078465
-0.0564588
-0.00941905
0.0540564
0.126376
0.202977
0.282462
0.36422
0.447324
0.530566
0.602567
0.655999
0.695314
0.724534
0.743987
0.753589
0.756656
0.757315
0.757391
0.757472
-0.107996
-0.0855951
-0.0367296
0.0294619
0.105101
0.18549
0.269161
0.355438
0.443315
0.531454
0.60769
0.664183
0.705652
0.736352
0.756737
0.766907
0.770221
0.770923
0.770982
0.771054
-0.1354
-0.112586
-0.0621416
0.00642804
0.0850092
0.16877
0.256229
0.346671
0.439034
0.531869
0.612233
0.671711
0.715254
0.74735
0.768581
0.779287
0.782838
0.783534
0.783567
0.783618
-0.161204
-0.137967
-0.0861151
-0.0154924
0.0657265
0.152511
0.243405
0.337685
0.434271
0.531637
0.616076
0.67851
0.724067
0.757482
0.779439
0.790455
0.794202
0.794913
0.794916
0.794939
-0.185858
-0.162134
-0.109146
-0.0365808
0.0469804
0.136481
0.230498
0.328318
0.428883
0.530651
0.619144
0.68455
0.732089
0.766697
0.789234
0.80049
0.804292
0.805008
0.804976
0.804967
-0.209651
-0.185455
-0.131417
-0.0570575
0.0285933
0.120536
0.217381
0.318467
0.422774
0.528803
0.62138
0.689842
0.739378
0.775105
0.798099
0.809411
0.8132
0.813878
0.813835
0.813799
-0.232771
-0.208068
-0.152978
-0.0770604
0.0104609
0.104587
0.20399
0.308067
0.415878
0.526027
0.622733
0.694396
0.746039
0.782858
0.806133
0.817381
0.821064
0.821683
0.821604
0.821549
-0.255305
-0.230091
-0.173957
-0.0966571
-0.00746717
0.0886097
0.190305
0.297094
0.408153
0.522267
0.623152
0.698228
0.752179
0.790123
0.813552
0.824569
0.828032
0.828559
0.828452
0.828376
-0.277257
-0.251579
-0.194449
-0.115879
-0.025203
0.0725976
0.176335
0.285565
0.3996
0.517484
0.622572
0.701333
0.757908
0.797106
0.820546
0.831096
0.834222
0.834605
0.83446
0.834368
-0.298681
-0.272508
-0.214443
-0.134716
-0.0427282
0.0565845
0.162124
0.273521
0.390254
0.511657
0.620933
0.703669
0.763282
0.804013
0.827393
0.837166
0.839694
0.839872
0.839701
0.839606
-0.319511
-0.292848
-0.233899
-0.153149
-0.0600088
0.040632
0.147736
0.261029
0.380164
0.504791
0.618159
0.705141
0.768294
0.811048
0.834497
0.843173
0.844695
0.844477
0.844271
0.844199
-0.339766
-0.312567
-0.252824
-0.171134
-0.076986
0.0247972
0.133252
0.248181
0.369396
0.496928
0.614188
0.705614
0.772846
0.818306
0.842341
0.849846
0.849751
0.848598
0.848263
0.848321
-0.359358
-0.331673
-0.271173
-0.188639
-0.0936126
0.00915425
0.118743
0.235048
0.358053
0.488134
0.608976
0.704912
0.776724
0.825647
0.851261
0.858274
0.856225
0.853121
0.85168
0.851643
-0.378359
-0.35014
-0.288906
-0.205619
-0.109819
-0.00621592
0.104326
0.221762
0.346254
0.478491
0.602518
0.702839
0.779615
0.832614
0.860997
0.869277
0.866614
0.860654
0.854003
0.837638
-0.396706
-0.367958
-0.306159
-0.222274
-0.125894
-0.0216326
0.0895976
0.207882
0.33351
0.467508
0.594312
0.698871
0.781236
0.838862
0.870874
0.882688
0.881817
0.874332
0.860082
0.875261
-0.414519
-0.385113
-0.322872
-0.238579
-0.14176
-0.0370399
0.0745604
0.193429
0.319807
0.455072
0.584127
0.692349
0.780801
0.84328
0.877829
0.892753
0.894706
0.884119
0.823261
0.808007
-0.432386
-0.402213
-0.338798
-0.254212
-0.15684
-0.0519925
0.059428
0.178663
0.305425
0.441369
0.571928
0.682793
0.777221
0.84495
0.877026
0.891387
0.883714
0.846313
0.778963
0.738612
-0.450973
-0.420232
-0.353529
-0.268907
-0.170757
-0.0663509
0.0445887
0.163753
0.290436
0.426394
0.557526
0.669917
0.768001
0.842336
0.890655
0.863671
0.83228
0.765727
0.693311
0.649644
-0.0269127
0.0888841
0.21139
0.341983
0.476651
0.599652
0.702737
0.530271
-0.471062
-0.45228
-0.414161
-0.342868
-0.252038
-0.152387
-0.0446501
0.0700532
0.191776
0.321199
0.45486
0.5772
0.679327
0.760248
0.812417
0.763044
0.6162
0.525021
0.454056
-0.488049
-0.475106
-0.430777
-0.358094
-0.266856
-0.166953
-0.0597189
0.0544959
0.175357
0.303425
0.434939
0.553974
0.649955
0.718055
0.713739
0.604292
0.455918
0.347091
0.256192
-0.510606
-0.498006
-0.450726
-0.377017
-0.285765
-0.185554
-0.0782893
0.0355825
0.155494
0.281941
0.410365
0.52426
0.609319
0.660227
0.619285
0.453778
0.2854
0.150034
0.0306382
-0.53333
-0.520589
-0.47176
-0.396754
-0.305201
-0.205001
-0.09805
0.0150763
0.133749
0.258111
0.382903
0.49075
0.568515
0.591097
0.502666
0.307521
0.10825
-0.0714686
-0.238922
-0.555271
-0.543026
-0.493435
-0.41731
-0.325383
-0.225215
-0.118723
-0.00649948
0.110739
0.232643
0.353264
0.454237
0.522391
0.505919
0.373887
0.17167
-0.0476823
-0.254979
-0.442251
-0.577818
-0.56585
-0.515977
-0.439142
-0.346923
-0.246726
-0.140626
-0.0292565
0.0864699
0.205737
0.3219
0.41519
0.469108
0.430651
0.256126
0.0577229
-0.153569
-0.351331
-0.47354
-0.513077
-0.60169
-0.589864
-0.539752
-0.462542
-0.370227
-0.270109
-0.164477
-0.0540913
0.0598769
0.176084
0.28719
0.372366
0.410297
0.347833
0.150808
-0.0387904
-0.219018
-0.35463
-0.400837
-0.424514
-0.627024
-0.615322
-0.56503
-0.487624
-0.395366
-0.295541
-0.190567
-0.0814464
0.0303948
0.143011
0.248309
0.325077
0.341923
0.241665
0.0566244
-0.11846
-0.270851
-0.354181
-0.374434
-0.379803
-0.654138
-0.642425
-0.591932
-0.514401
-0.422329
-0.322975
-0.218917
-0.111357
-0.00202655
0.106497
0.205225
0.273246
0.260671
0.139427
-0.0310469
-0.195503
-0.315316
-0.359653
-0.359361
-0.360484
-0.682934
-0.671314
-0.620494
-0.54288
-0.451111
-0.352413
-0.249522
-0.143824
-0.0373951
0.0665612
0.158157
0.215702
0.185877
0.0433345
-0.11197
-0.264717
-0.330674
-0.348561
-0.349718
-0.349447
-0.713266
-0.701658
-0.650613
-0.572977
-0.481624
-0.3838
-0.282327
-0.178822
-0.0756857
0.0232697
0.107355
0.152694
0.119396
-0.040144
-0.185408
-0.300216
-0.349796
-0.342932
-0.342787
-0.342823
-0.744642
-0.732963
-0.682021
-0.60444
-0.51368
-0.416958
-0.317189
-0.216219
-0.116751
-0.0230899
0.0530791
0.0890426
0.041326
-0.11296
-0.245491
-0.324269
-0.340093
-0.338567
-0.338504
-0.33824
-0.776551
-0.764798
-0.714132
-0.636846
-0.546904
-0.451553
-0.353813
-0.255726
-0.160322
-0.0721467
-0.00385084
0.021205
-0.0435792
-0.175157
-0.291763
-0.311216
-0.328142
-0.334479
-0.335107
-0.33489
-0.808016
-0.796264
-0.746092
-0.669552
-0.580728
-0.487086
-0.391739
-0.296888
-0.205889
-0.123478
-0.061724
-0.0526046
-0.117284
-0.229096
-0.311243
-0.359924
-0.341728
-0.335681
-0.33354
-0.33304
-0.837183
-0.826284
-0.776959
-0.701519
-0.614332
-0.522827
-0.430301
-0.339054
-0.252706
-0.176355
-0.119323
-0.120335
-0.183538
-0.269673
-0.3377
-0.345987
-0.338237
-0.33384
-0.332242
-0.331717
-0.863298
-0.852697
-0.805346
-0.731505
-0.646612
-0.557795
-0.468608
-0.381383
-0.299835
-0.229507
-0.177304
-0.179022
-0.243477
-0.29759
-0.331746
-0.333085
-0.337333
-0.337295
-0.336817
-0.336592
-0.883696
-0.873758
-0.828883
-0.758059
-0.676202
-0.590816
-0.505546
-0.422828
-0.346232
-0.281571
-0.235423
-0.233721
-0.291923
-0.328026
-0.325179
-0.352177
-0.355678
-0.355875
-0.355523
-0.354736
-0.896359
-0.887482
-0.845877
-0.779065
-0.701448
-0.620481
-0.539882
-0.462136
-0.390756
-0.331415
-0.290687
-0.285463
-0.338494
-0.364119
-0.361303
-0.369291
-0.378935
-0.382676
-0.380807
-0.379341
-0.898669
-0.891439
-0.854257
-0.792724
-0.720548
-0.64524
-0.570219
-0.498002
-0.432113
-0.377768
-0.3406
-0.331467
-0.385477
-0.446049
-0.461314
-0.419824
-0.39554
-0.383074
-0.378821
-0.377752
-0.888816
-0.883015
-0.851679
-0.797157
-0.732023
-0.663609
-0.595192
-0.529143
-0.468824
-0.41933
-0.385149
-0.366898
-0.390726
-0.465915
-0.559633
-0.437139
-0.380971
-0.360761
-0.355374
-0.353305
-0.863474
-0.859381
-0.83552
-0.790934
-0.734857
-0.674625
-0.613717
-0.554264
-0.499535
-0.454592
-0.421223
-0.371961
-0.30924
-0.250632
-0.257113
-0.271017
-0.292548
-0.307736
-0.312833
-0.313632
-0.825973
-0.823437
-0.807845
-0.774269
-0.729164
-0.678231
-0.625357
-0.57257
-0.523156
-0.481707
-0.451245
-0.38702
-0.22259
-0.000325698
0.0804703
-0.0933826
-0.229609
-0.298012
-0.324049
-0.332489
-0.783026
-0.781404
-0.773668
-0.751063
-0.717169
-0.675621
-0.630615
-0.58412
-0.539001
-0.500452
-0.471101
-0.431832
-0.376794
-0.363006
-0.396544
-0.47924
-0.507258
-0.524392
-0.532014
-0.537509
-0.744728
-0.743676
-0.740114
-0.727644
-0.702835
-0.669414
-0.631001
-0.589549
-0.547684
-0.509563
-0.485019
-0.495368
-0.689359
-1.00503
-1.20403
-1.15973
-1.0645
-0.966361
-0.888461
-0.853058
-0.717593
-0.717014
-0.714675
-0.708466
-0.690713
-0.663047
-0.628806
-0.590186
-0.548768
-0.507281
-0.480047
-0.455279
-0.606823
-0.852623
-1.19081
-1.3853
-1.3796
-1.28238
-1.14201
-1.03382
-0.697701
-0.697266
-0.696403
-0.694021
-0.682771
-0.65913
-0.626295
-0.587811
-0.543504
-0.495559
-0.446755
-0.413768
-0.413678
-0.405184
-0.376643
-0.303777
-0.224396
-0.1658
-0.108357
-0.0489316
-0.685467
-0.685339
-0.684921
-0.683393
-0.677686
-0.657467
-0.624825
-0.584033
-0.536341
-0.4802
-0.419233
-0.380938
-0.291935
-0.0561182
0.23882
0.526133
0.74726
0.852728
0.904591
0.924485
-0.677276
-0.677256
-0.676912
-0.676443
-0.673624
-0.657715
-0.625259
-0.581108
-0.527519
-0.463607
-0.388367
-0.304454
-0.170767
0.152541
0.550685
0.94149
1.22667
1.35434
1.39279
1.3913
-0.672778
-0.67271
-0.672211
-0.671265
-0.669534
-0.660391
-0.628442
-0.580113
-0.519967
-0.448869
-0.359931
-0.260379
-0.111038
0.191729
0.538237
0.858064
1.09891
1.22489
1.2802
1.29833
-0.67258
-0.672514
-0.672266
-0.671635
-0.671237
-0.666919
-0.635153
-0.582292
-0.517862
-0.438341
-0.34308
-0.239117
-0.114076
0.159479
0.4576
0.714574
0.906632
1.02216
1.09326
1.13104
-0.673315
-0.674026
-0.675869
-0.680131
-0.685475
-0.680661
-0.644289
-0.588153
-0.520171
-0.434924
-0.339405
-0.238313
-0.1313
0.100675
0.373158
0.61525
0.812068
0.946429
1.02473
1.05855
-0.674634
-0.675929
-0.677153
-0.676739
-0.676736
-0.671307
-0.644672
-0.598332
-0.529314
-0.440388
-0.342576
-0.244034
-0.160482
0.0398446
0.291523
0.50614
0.688776
0.821843
0.89331
0.919775
-0.702517
-0.702605
-0.696478
-0.667285
-0.625184
-0.611739
-0.637928
-0.616228
-0.544479
-0.449324
-0.348915
-0.258063
-0.183422
-0.0246902
0.181063
0.366995
0.51998
0.628436
0.683847
0.702692
-0.765485
-0.761948
-0.757149
-0.742725
-0.725721
-0.716425
-0.722181
-0.662591
-0.567575
-0.459913
-0.356404
-0.269852
-0.199689
-0.0873669
0.0798845
0.225481
0.344324
0.426157
0.466009
0.479772
-0.891318
-0.891157
-0.921093
-0.970474
-0.996334
-0.973782
-0.896953
-0.744582
-0.596939
-0.467684
-0.360488
-0.279302
-0.213141
-0.136003
-0.00693141
0.10309
0.193552
0.253173
0.281252
0.28836
-1.00396
-1.0123
-1.05143
-1.0974
-1.11895
-1.0917
-0.985336
-0.785862
-0.605145
-0.464428
-0.357633
-0.282061
-0.222818
-0.172351
-0.0785603
0.00659461
0.0723803
0.115106
0.134293
0.139675
-0.955108
-0.965614
-0.996352
-1.03234
-1.05132
-1.0254
-0.908595
-0.724772
-0.562863
-0.434225
-0.339942
-0.275941
-0.232631
-0.194859
-0.131999
-0.0730488
-0.0267297
0.00259818
0.0153197
0.0177013
-0.707319
-0.719107
-0.748153
-0.787168
-0.814472
-0.79613
-0.701317
-0.578213
-0.466453
-0.37687
-0.307129
-0.258846
-0.227531
-0.203058
-0.164788
-0.130485
-0.104906
-0.0918247
-0.0871422
-0.087141
-0.356055
-0.363797
-0.382728
-0.412413
-0.442941
-0.452598
-0.433053
-0.393732
-0.34806
-0.304093
-0.264515
-0.233324
-0.210964
-0.195891
-0.182111
-0.17176
-0.167741
-0.167975
-0.170343
-0.170782
-0.066893
-0.0707805
-0.0815099
-0.104315
-0.139132
-0.178638
-0.209508
-0.228969
-0.236798
-0.23211
-0.22066
-0.206068
-0.190595
-0.183668
-0.187393
-0.194335
-0.204609
-0.214854
-0.219867
-0.220262
0.0869876
0.0845485
0.0776391
0.0590849
0.0246365
-0.0244906
-0.0761927
-0.120596
-0.152641
-0.172776
-0.182699
-0.184768
-0.18079
-0.18129
-0.191546
-0.204062
-0.217524
-0.228369
-0.232262
-0.232386
0.134111
0.132743
0.127912
0.113432
0.0845998
0.0416485
-0.00727648
-0.0558528
-0.0972358
-0.12981
-0.154731
-0.175445
-0.190803
-0.196758
-0.199144
-0.203979
-0.211342
-0.216469
-0.217655
-0.217722
0.12936
0.128561
0.12518
0.114788
0.0936472
0.0613367
0.0218673
-0.0207428
-0.0610949
-0.0979515
-0.132548
-0.169902
-0.208155
-0.211701
-0.200143
-0.194794
-0.192592
-0.192469
-0.192086
-0.192144
0.107098
0.106695
0.104458
0.0974906
0.0829951
0.0601947
0.030687
-0.00331368
-0.0382011
-0.0729391
-0.109461
-0.152152
-0.194612
-0.192864
-0.17686
-0.16658
-0.163129
-0.162043
-0.161844
-0.162187
0.0826126
0.0825003
0.0811034
0.0766684
0.0671449
0.0516476
0.0305961
0.00517498
-0.0224754
-0.0511397
-0.08057
-0.112936
-0.139518
-0.135331
-0.129554
-0.128094
-0.128717
-0.129884
-0.130593
-0.131066
0.0611172
0.0610502
0.0603104
0.0576166
0.0516267
0.0414642
0.0271
0.00919997
-0.0107854
-0.0310376
-0.0492509
-0.0629309
-0.0692463
-0.067125
-0.0740235
-0.0839915
-0.0921723
-0.0968677
-0.0988798
-0.0995949
0.0437411
0.043805
0.0433376
0.0417806
0.0381627
0.0317631
0.0224053
0.0105126
-0.00268711
-0.0150972
-0.022078
-0.0180087
-0.00426361
-0.00597572
-0.0254777
-0.0437955
-0.0572772
-0.0645912
-0.0677779
-0.0686647
0.0297051
0.0297902
0.0295685
0.0287987
0.0268175
0.0230892
0.0174211
0.0101375
0.00233898
-0.00371614
-0.00239471
0.0109214
0.0303619
0.0274355
0.0044133
-0.0146735
-0.0274809
-0.0344707
-0.0378541
-0.038916
0.0184449
0.0185405
0.0184778
0.0181686
0.0172327
0.0153105
0.0122297
0.00822023
0.00416692
0.00219418
0.00749606
0.0229809
0.0397358
0.0364882
0.0167176
0.00211754
-0.00664648
-0.011494
-0.0141726
-0.0151904
0.00920597
0.00930253
0.00932666
0.00924093
0.00897098
0.00820899
0.00688011
0.00510441
0.00343212
0.00329708
0.00858738
0.0210266
0.0327936
0.0287425
0.0164728
0.00847739
0.00407063
0.00179692
0.000253968
-0.000657688
0.0052589
0.00528436
0.00528777
0.00525625
0.00510975
0.0046027
0.00373434
0.00268855
0.00224753
0.00350895
0.00974822
0.0196496
0.0247946
0.0150448
0.00978934
0.00621495
0.00453598
0.00369523
0.00277831
0.00151072
-0.41282
-0.0727134
0.143873
0.331438
0.482551
0.602319
0.697361
0.778083
0.837131
0.832489
0.0804066
0.230702
0.370324
0.49045
0.592804
0.677866
0.74774
0.802108
0.835173
0.847298
0.33996
0.435243
0.527894
0.611201
0.683361
0.744626
0.794847
0.833234
0.860506
0.879263
0.517573
0.581154
0.648048
0.709505
0.762331
0.807855
0.845944
0.876729
0.901502
0.919342
0.652987
0.698818
0.750269
0.795652
0.836608
0.87261
0.903796
0.930162
0.952156
0.967575
0.763338
0.800475
0.84066
0.877207
0.911196
0.942033
0.969376
0.99285
1.01244
1.02523
0.86
0.892084
0.926541
0.959521
0.990507
1.01906
1.04454
1.06628
1.08399
1.0944
0.950435
0.981513
1.01549
1.04857
1.07937
1.1075
1.13227
1.153
1.16914
1.17769
1.04483
1.07949
1.11613
1.15141
1.18318
1.21132
1.2354
1.25508
1.26982
1.27776
1.15741
1.19767
1.23681
1.27353
1.30523
1.33223
1.35474
1.37293
1.38658
1.39563
1.30111
1.34374
1.38134
1.41496
1.44292
1.46666
1.48723
1.50461
1.51843
1.52955
1.47887
1.51643
1.54441
1.56872
1.58971
1.60897
1.62719
1.64432
1.6602
1.67471
1.6765
1.69751
1.71239
1.72817
1.74443
1.75971
1.77342
1.78667
1.80216
1.82051
1.86708
1.87425
1.88478
1.89632
1.90623
1.91541
1.92565
1.93674
1.94835
1.95721
2.08009
2.08186
2.07393
2.05742
2.04626
2.04569
2.05784
2.08244
2.11655
2.14108
2.49974
2.30585
2.20479
2.14691
2.11777
2.11114
2.12633
2.16715
2.243
2.38595
-0.435293
-0.439792
-0.400177
-0.327666
-0.236084
-0.135514
0.797774
0.8628
0.849689
0.76397
0.686902
0.611666
0.384041
0.163604
-0.104708
-0.45922
-0.805769
)
;

boundaryField
{
    wall-4
    {
        type            zeroGradient;
    }
    pressure-outlet-7
    {
        type            fixedValue;
        value           uniform 0;
    }
    velocity-inlet-6
    {
        type            zeroGradient;
    }
    velocity-inlet-5
    {
        type            zeroGradient;
    }
    frontAndBackPlanes
    {
        type            empty;
    }
}


// ************************************************************************* //
