/*--------------------------------*- C++ -*----------------------------------*\
  =========                 |
  \\      /  F ield         | OpenFOAM: The Open Source CFD Toolbox
   \\    /   O peration     | Website:  https://openfoam.org
    \\  /    A nd           | Version:  10
     \\/     M anipulation  |
\*---------------------------------------------------------------------------*/
FoamFile
{
    format      ascii;
    class       volScalarField;
    location    "12";
    object      p;
}
// * * * * * * * * * * * * * * * * * * * * * * * * * * * * * * * * * * * * * //

dimensions      [0 2 -2 0 0 0 0];

internalField   nonuniform List<scalar> 
8800
(
0.439192
0.391448
0.352848
0.323937
0.303176
0.288471
0.278022
0.270675
0.265931
0.263818
0.26484
0.268684
0.274968
0.283953
0.296465
0.313993
0.338618
0.372443
0.414859
0.473556
0.27026
0.277949
0.285598
0.289007
0.287628
0.282727
0.276436
0.270517
0.26589
0.263036
0.262593
0.264796
0.268931
0.274523
0.280952
0.286923
0.290333
0.289464
0.283826
0.275019
0.248562
0.254789
0.259034
0.262179
0.264419
0.265203
0.264279
0.262352
0.260429
0.259434
0.260137
0.262133
0.264504
0.26629
0.266561
0.265061
0.262438
0.258809
0.254139
0.250344
0.242366
0.245097
0.248179
0.250934
0.252888
0.254314
0.255278
0.255563
0.255331
0.2552
0.255649
0.256404
0.256806
0.256421
0.255382
0.25386
0.251601
0.248594
0.245905
0.24441
0.236956
0.238443
0.240644
0.243188
0.245437
0.247147
0.248366
0.249282
0.249951
0.250416
0.250719
0.250744
0.250375
0.249634
0.248409
0.246574
0.244239
0.24179
0.240148
0.239355
0.232074
0.232951
0.234893
0.237281
0.239617
0.241788
0.243574
0.244859
0.245746
0.24637
0.246728
0.24668
0.246126
0.244959
0.243203
0.241113
0.238856
0.236635
0.235351
0.23496
0.229347
0.2298
0.231164
0.232944
0.234666
0.236229
0.237731
0.239177
0.240411
0.24132
0.241688
0.241464
0.240753
0.239739
0.238544
0.237108
0.235457
0.233875
0.233046
0.232887
0.22794
0.228185
0.228962
0.230072
0.231336
0.232767
0.234208
0.235539
0.236737
0.23772
0.238237
0.238196
0.237725
0.236891
0.235794
0.234695
0.233715
0.232847
0.232408
0.232325
0.22612
0.22626
0.226672
0.22733
0.22808
0.228989
0.230141
0.2314
0.232663
0.233784
0.234458
0.23457
0.234273
0.23376
0.233255
0.232792
0.232277
0.231864
0.231651
0.231597
0.223412
0.223493
0.223788
0.2243
0.224948
0.225621
0.226615
0.227742
0.228964
0.230189
0.231095
0.231519
0.231578
0.231414
0.231248
0.230962
0.230667
0.230411
0.230297
0.230268
0.220208
0.220248
0.220476
0.220918
0.221436
0.222302
0.223167
0.224269
0.225572
0.226984
0.228171
0.228893
0.22924
0.229351
0.229258
0.2292
0.229026
0.228872
0.228823
0.228809
0.216745
0.21677
0.216954
0.21734
0.217872
0.218569
0.219468
0.220622
0.222049
0.223711
0.225252
0.22634
0.227022
0.227419
0.227599
0.227645
0.227598
0.227547
0.227542
0.227533
0.212945
0.212971
0.213129
0.213466
0.213977
0.21469
0.215662
0.216955
0.218612
0.220632
0.222606
0.224091
0.225096
0.225744
0.226128
0.226337
0.226432
0.226477
0.226503
0.226494
0.208684
0.208708
0.20887
0.209202
0.209728
0.2105
0.211595
0.213099
0.215087
0.217577
0.220091
0.222057
0.223424
0.224356
0.224959
0.225332
0.225552
0.225676
0.225727
0.225717
0.203862
0.203886
0.204071
0.204437
0.205032
0.205925
0.20722
0.209033
0.211469
0.214569
0.217745
0.220257
0.22209
0.223335
0.224167
0.224704
0.225037
0.225227
0.225302
0.22529
0.198373
0.198403
0.198622
0.199061
0.199771
0.200852
0.202434
0.204669
0.207697
0.211581
0.215597
0.218821
0.22114
0.222754
0.223841
0.224552
0.225
0.225256
0.225355
0.225341
0.192062
0.192099
0.192376
0.19292
0.193801
0.195147
0.197121
0.199918
0.203717
0.208599
0.213658
0.217719
0.220659
0.222709
0.224095
0.225005
0.225581
0.225909
0.226035
0.226018
0.184712
0.184758
0.185108
0.185801
0.186937
0.188651
0.191147
0.194676
0.199471
0.205619
0.211974
0.217068
0.220756
0.223331
0.225074
0.226219
0.226942
0.227354
0.227512
0.227491
0.176035
0.176095
0.176547
0.177449
0.178912
0.181106
0.184301
0.188812
0.194891
0.20264
0.210606
0.216968
0.221566
0.224776
0.226951
0.228379
0.229279
0.22979
0.229985
0.229959
0.165631
0.165711
0.166304
0.167486
0.169399
0.172251
0.176394
0.182178
0.189907
0.199674
0.209631
0.217541
0.223248
0.22723
0.229931
0.231707
0.232824
0.233457
0.233694
0.23366
0.152957
0.153069
0.153855
0.15543
0.157963
0.161726
0.167119
0.17458
0.184448
0.196751
0.20915
0.218938
0.225984
0.230904
0.234249
0.236456
0.237846
0.238629
0.238924
0.238876
0.13723
0.13739
0.138454
0.140599
0.14402
0.14903
0.156148
0.165871
0.178491
0.193942
0.209296
0.221331
0.229985
0.23604
0.240175
0.242919
0.244652
0.245613
0.245974
0.245914
0.117265
0.117495
0.119001
0.122032
0.126778
0.13363
0.143195
0.155939
0.17207
0.191375
0.210237
0.224912
0.23547
0.242896
0.248003
0.251426
0.253617
0.254839
0.255276
0.255196
0.0911721
0.0915267
0.0938057
0.0983378
0.105204
0.114867
0.127918
0.144714
0.165291
0.189222
0.212152
0.229857
0.242631
0.2517
0.25802
0.262319
0.265114
0.266693
0.267258
0.267151
0.0557991
0.0564541
0.0602957
0.0676201
0.0780759
0.0921168
0.110158
0.132318
0.158374
0.187698
0.215198
0.236279
0.251566
0.262579
0.270423
0.275904
0.279567
0.281666
0.282407
0.282258
0.00491058
0.00687441
0.0147508
0.0278091
0.0445864
0.0653779
0.0903122
0.119241
0.151746
0.187089
0.219515
0.244204
0.26223
0.275458
0.285168
0.292245
0.297223
0.300254
0.301349
0.301139
-0.0716873
-0.0614122
-0.0433516
-0.0200246
0.00629398
0.0360795
0.0694121
0.106113
0.145771
0.18769
0.225507
0.254247
0.275492
0.291478
0.30369
0.313153
0.32041
0.325353
0.327514
0.327724
-0.153251
-0.130532
-0.101809
-0.068187
-0.0321619
0.00668052
0.0484496
0.0930762
0.140263
0.189468
0.23369
0.267539
0.292989
0.312643
0.328206
0.340799
0.350995
0.359722
0.364102
0.364464
-0.21643
-0.191487
-0.154494
-0.11271
-0.068209
-0.0210714
0.0286607
0.08086
0.135236
0.19128
0.2413
0.279531
0.308344
0.330702
0.348472
0.362859
0.374473
0.383861
0.387869
0.388496
-0.267418
-0.24036
-0.198797
-0.151157
-0.100211
-0.0463284
0.010257
0.0692227
0.13014
0.192407
0.247523
0.289274
0.320437
0.344329
0.363046
0.377997
0.389994
0.399224
0.403519
0.404139
-0.308602
-0.28095
-0.23598
-0.184
-0.128117
-0.0688605
-0.00659383
0.058203
0.124919
0.192722
0.252244
0.296877
0.329787
0.354694
0.373949
0.389103
0.401093
0.410116
0.414617
0.415243
-0.343478
-0.315563
-0.26821
-0.212792
-0.152899
-0.0891637
-0.0220621
0.047812
0.119696
0.192567
0.256171
0.303381
0.337761
0.363429
0.382981
0.398144
0.410014
0.418814
0.423329
0.423964
-0.373957
-0.34599
-0.296888
-0.238674
-0.175428
-0.107869
-0.036552
0.0378606
0.11448
0.192047
0.259421
0.309014
0.344747
0.371103
0.390943
0.406152
0.417941
0.426522
0.431011
0.431666
-0.401612
-0.373595
-0.323017
-0.262517
-0.19645
-0.125595
-0.0505421
0.0279565
0.108898
0.190889
0.261991
0.314031
0.351192
0.378315
0.398507
0.413818
0.42556
0.434044
0.438435
0.439106
-0.427237
-0.399114
-0.347368
-0.284891
-0.216394
-0.142677
-0.0643547
0.0178178
0.10283
0.189152
0.264037
0.318658
0.35739
0.385404
0.406045
0.421534
0.433286
0.44167
0.445937
0.44668
-0.451491
-0.423181
-0.370411
-0.306226
-0.235631
-0.159415
-0.0781555
0.00740027
0.0962327
0.186765
0.265514
0.322934
0.363467
0.392559
0.41379
0.42955
0.441374
0.449696
0.453825
0.454586
-0.474642
-0.446119
-0.392417
-0.326843
-0.254376
-0.175937
-0.0920644
-0.0034486
0.0889455
0.183604
0.266356
0.326843
0.369473
0.399882
0.42188
0.438034
0.450001
0.458298
0.462285
0.46301
-0.497038
-0.468192
-0.413684
-0.346883
-0.272786
-0.192413
-0.106219
-0.0148303
0.0808997
0.179567
0.266447
0.330297
0.375371
0.407406
0.430393
0.447092
0.459305
0.467631
0.471463
0.472104
-0.518702
-0.489558
-0.434471
-0.366447
-0.290943
-0.208883
-0.120639
-0.0267487
0.0720512
0.174569
0.265643
0.333158
0.381059
0.415085
0.439343
0.456779
0.469351
0.477749
0.481466
0.481942
-0.539712
-0.510236
-0.454618
-0.385559
-0.308847
-0.225323
-0.135299
-0.0392064
0.0623843
0.168548
0.263811
0.335239
0.386347
0.422776
0.448648
0.467069
0.480152
0.488692
0.492317
0.49259
-0.560132
-0.530333
-0.47416
-0.404232
-0.326497
-0.241719
-0.150169
-0.0521607
0.0519192
0.161451
0.260816
0.336314
0.390982
0.430266
0.458185
0.477896
0.491679
0.500413
0.503937
0.504004
-0.580013
-0.549841
-0.493126
-0.422447
-0.34384
-0.258016
-0.16518
-0.0655472
0.0406965
0.153267
0.256528
0.33614
0.394693
0.437341
0.467838
0.489196
0.503842
0.512782
0.5161
0.515989
-0.599182
-0.568673
-0.511466
-0.440163
-0.36082
-0.274134
-0.180252
-0.0792708
0.0288
0.144039
0.250872
0.334499
0.397149
0.443657
0.477363
0.500916
0.516615
0.525679
0.528671
0.528343
-0.617642
-0.586807
-0.529162
-0.45732
-0.377376
-0.290006
-0.19529
-0.0932358
0.0163331
0.133819
0.243823
0.331208
0.397922
0.448662
0.486368
0.513012
0.530138
0.538963
0.541249
0.540683
-0.635416
-0.604195
-0.546195
-0.473883
-0.39345
-0.305548
-0.2102
-0.107332
0.00341067
0.12271
0.235376
0.326147
0.396663
0.451697
0.494178
0.525313
0.545026
0.553158
0.55345
0.552505
-0.652373
-0.620864
-0.562503
-0.489795
-0.408986
-0.320686
-0.224888
-0.121441
-0.0098385
0.110852
0.225618
0.319233
0.393117
0.452034
0.499674
0.537021
0.562037
0.570831
0.566567
0.563741
-0.668611
-0.63678
-0.578114
-0.505077
-0.424017
-0.335468
-0.239411
-0.135621
-0.0234738
0.0981804
0.214465
0.310258
0.387021
0.448941
0.501076
0.545847
0.58008
0.59702
0.591258
0.567758
-0.684083
-0.651966
-0.593135
-0.519896
-0.438807
-0.350196
-0.254157
-0.150337
-0.0380311
0.0840439
0.201211
0.298384
0.377476
0.441192
0.495162
0.545874
0.587778
0.606507
0.593464
0.56563
-0.698666
-0.666612
-0.607404
-0.534005
-0.453085
-0.364545
-0.268903
-0.165261
-0.0531778
0.0687795
0.186093
0.283561
0.364118
0.428697
0.478181
0.527132
0.562456
0.568547
0.50193
0.456779
-0.711764
-0.681385
-0.620505
-0.546847
-0.466224
-0.378089
-0.283377
-0.180186
-0.0686937
0.0525765
0.169183
0.265811
0.346437
0.412322
0.452201
0.479128
0.49966
0.459825
0.38299
0.332111
-0.763995
-0.692994
-0.632299
-0.559906
-0.479575
-0.392117
-0.297667
-0.195355
-0.0848731
0.0350979
0.150116
0.244909
0.322747
0.392939
0.407261
0.408671
0.380795
0.31329
0.224364
0.175032
-0.720719
-0.706927
-0.648693
-0.578467
-0.498485
-0.411882
-0.318964
-0.218102
-0.109543
0.00778696
0.118948
0.209076
0.279173
0.33498
0.340951
0.214794
0.093505
0.0100684
-0.0775694
-0.0294576
-0.747564
-0.720606
-0.663179
-0.592547
-0.513327
-0.427396
-0.334789
-0.235128
-0.128222
-0.0133151
0.0942322
0.17943
0.24199
0.270123
0.211821
0.03581
-0.126551
-0.240237
-0.363599
-0.288332
-0.767368
-0.736781
-0.679415
-0.608315
-0.529517
-0.444124
-0.352183
-0.253936
-0.149014
-0.0370617
0.0662395
0.145342
0.197706
0.198604
0.0702161
-0.166283
-0.370075
-0.525764
-0.703731
-0.634856
-0.785884
-0.753909
-0.69572
-0.624151
-0.545562
-0.460715
-0.369811
-0.273114
-0.170347
-0.0616621
0.0368276
0.109457
0.149406
0.110316
-0.0971004
-0.375216
-0.640217
-0.876088
-1.13936
-1.11453
-0.802903
-0.770989
-0.712253
-0.640394
-0.562017
-0.477803
-0.388061
-0.293017
-0.192591
-0.0874665
0.00580454
0.0718338
0.0954688
0.00947032
-0.259873
-0.571098
-0.893785
-1.18725
-1.53955
-1.91413
-0.819488
-0.788013
-0.729193
-0.657306
-0.579168
-0.495598
-0.407008
-0.31365
-0.215668
-0.114234
-0.0263692
0.0325525
0.0399511
-0.0974408
-0.407153
-0.728873
-1.05856
-1.34179
-1.46878
-1.66663
-0.836253
-0.805223
-0.74672
-0.675027
-0.597277
-0.514488
-0.427188
-0.335748
-0.240577
-0.14333
-0.0614701
-0.0105131
-0.021838
-0.223108
-0.53819
-0.850221
-1.12453
-1.30166
-1.34061
-1.37445
-0.85344
-0.822854
-0.764724
-0.693483
-0.616286
-0.534477
-0.448736
-0.359581
-0.267615
-0.175167
-0.099889
-0.0576624
-0.0988364
-0.34611
-0.654321
-0.954747
-1.18083
-1.26277
-1.29152
-1.29808
-0.871175
-0.840932
-0.783141
-0.712464
-0.635963
-0.555374
-0.471493
-0.384997
-0.29673
-0.209702
-0.141506
-0.109406
-0.181278
-0.462057
-0.757545
-1.06026
-1.27123
-1.29114
-1.28557
-1.28357
-0.889216
-0.859303
-0.801869
-0.731735
-0.65608
-0.576935
-0.495193
-0.411752
-0.327722
-0.246656
-0.186457
-0.166877
-0.271444
-0.5723
-0.84208
-1.14189
-1.36595
-1.32026
-1.2891
-1.27645
-0.907225
-0.877619
-0.82057
-0.750986
-0.676332
-0.598789
-0.51959
-0.439696
-0.360442
-0.28588
-0.234729
-0.226462
-0.36747
-0.677469
-0.890531
-1.09706
-1.25158
-1.25013
-1.23497
-1.22769
-0.924516
-0.895213
-0.838746
-0.769705
-0.696178
-0.620526
-0.544163
-0.46838
-0.394477
-0.326631
-0.285961
-0.285878
-0.483084
-0.794347
-0.910934
-0.867097
-1.00942
-1.13998
-1.20673
-1.21823
-0.940449
-0.91151
-0.855608
-0.787227
-0.714874
-0.641329
-0.568223
-0.497123
-0.428971
-0.36835
-0.338994
-0.349661
-0.625294
-1.00022
-1.14494
-0.907117
-1.06116
-1.26518
-1.38255
-1.41072
-0.954261
-0.925734
-0.870299
-0.802507
-0.731487
-0.660296
-0.590937
-0.5251
-0.463278
-0.410087
-0.390514
-0.422718
-0.800951
-1.37341
-1.92727
-1.96464
-1.86797
-1.84019
-1.856
-1.87618
-0.964558
-0.936576
-0.881655
-0.814449
-0.744894
-0.676344
-0.611282
-0.55142
-0.497029
-0.450765
-0.438856
-0.494623
-0.957709
-1.77185
-2.77006
-3.35633
-3.18272
-2.84304
-2.6008
-2.54553
-0.969872
-0.942569
-0.888221
-0.82171
-0.753757
-0.688133
-0.627915
-0.575649
-0.531282
-0.491479
-0.478276
-0.563491
-0.999227
-1.80896
-2.83356
-3.65327
-3.77167
-3.53028
-3.16257
-2.96654
-0.968595
-0.942038
-0.888398
-0.822751
-0.756579
-0.694141
-0.63945
-0.596788
-0.567318
-0.53929
-0.518795
-0.595294
-0.891769
-1.43925
-2.02286
-2.51301
-2.69649
-2.65826
-2.46185
-2.33141
-0.959133
-0.933273
-0.880545
-0.816042
-0.751855
-0.692894
-0.644894
-0.615103
-0.609952
-0.613971
-0.594329
-0.587938
-0.694095
-0.799621
-0.856761
-0.87656
-0.831624
-0.744166
-0.614443
-0.525148
-0.939732
-0.914645
-0.863166
-0.800243
-0.738233
-0.683005
-0.642589
-0.63012
-0.666434
-0.760564
-0.808821
-0.678157
-0.475457
-0.184703
0.228414
0.642755
0.962415
1.1612
1.27073
1.31728
-0.909065
-0.885041
-0.835097
-0.774316
-0.714681
-0.663049
-0.630547
-0.640388
-0.745984
-1.04348
-1.28592
-0.930295
-0.431659
0.194992
0.89162
1.46542
1.90534
2.14233
2.24043
2.27164
-0.866761
-0.843011
-0.795086
-0.73751
-0.680354
-0.631587
-0.605423
-0.637018
-0.833702
-1.44869
-2.06575
-1.38466
-0.528582
0.293518
1.04789
1.61852
2.0096
2.19685
2.26962
2.28855
-0.811084
-0.789071
-0.744524
-0.689566
-0.63472
-0.587279
-0.562073
-0.599298
-0.823085
-1.60231
-2.44714
-1.57305
-0.613107
0.27484
0.953819
1.39945
1.67087
1.79999
1.86028
1.87266
-0.741983
-0.721949
-0.681457
-0.630435
-0.57789
-0.529959
-0.499141
-0.518581
-0.690562
-1.22408
-1.63237
-1.01222
-0.278478
0.389413
0.845453
1.12587
1.28929
1.38238
1.42678
1.43209
-0.660799
-0.642606
-0.60717
-0.560869
-0.511014
-0.462027
-0.421416
-0.406915
-0.461361
-0.633872
-0.656465
-0.273811
0.167812
0.524059
0.761183
0.914291
1.01388
1.07815
1.11361
1.12474
-0.570807
-0.557969
-0.525382
-0.483633
-0.437266
-0.388304
-0.339657
-0.29683
-0.267237
-0.237759
-0.12876
0.117681
0.354583
0.522442
0.64301
0.728655
0.791079
0.834002
0.857315
0.863817
-0.460944
-0.454237
-0.431222
-0.397767
-0.358599
-0.314552
-0.266088
-0.214097
-0.157302
-0.0818538
0.0392056
0.205298
0.354402
0.460602
0.537919
0.592863
0.631874
0.659531
0.676321
0.67908
-0.356335
-0.353129
-0.337047
-0.311979
-0.281361
-0.245019
-0.202239
-0.151969
-0.09095
-0.00921483
0.0986418
0.216918
0.318096
0.391809
0.444246
0.480437
0.504743
0.519742
0.52684
0.528328
-0.259855
-0.258186
-0.248384
-0.230885
-0.208427
-0.18043
-0.145544
-0.101919
-0.0460653
0.0287513
0.118753
0.206033
0.277241
0.329145
0.365165
0.38895
0.403719
0.412116
0.415835
0.416062
-0.171842
-0.171526
-0.166306
-0.155972
-0.141452
-0.121785
-0.0953847
-0.0601624
-0.0132214
0.0496979
0.122235
0.188053
0.239791
0.276929
0.301973
0.317799
0.326935
0.331558
0.333246
0.333062
-0.0962789
-0.0967886
-0.0957097
-0.091786
-0.0840828
-0.0716099
-0.0529385
-0.0261294
0.011237
0.0619096
0.119104
0.16898
0.206962
0.233654
0.251109
0.261586
0.267212
0.269718
0.270457
0.270182
-0.0393479
-0.0402076
-0.0415194
-0.0416529
-0.0389158
-0.031955
-0.0193797
0.000350352
0.029067
0.0685832
0.112711
0.150337
0.178384
0.197601
0.209822
0.216959
0.220521
0.221861
0.222147
0.221865
-0.000938681
-0.00178998
-0.00383401
-0.00562024
-0.00545803
-0.0021331
0.00578986
0.0197912
0.0413212
0.0715909
0.105291
0.133526
0.154153
0.16812
0.176826
0.181624
0.183794
0.184428
0.184456
0.184201
0.0228697
0.0221961
0.0203187
0.0183488
0.0177101
0.0193629
0.0243601
0.0340447
0.0498
0.0725453
0.0979815
0.119155
0.134431
0.144477
0.150467
0.153628
0.154894
0.15506
0.154927
0.15471
0.0368497
0.0363819
0.0349826
0.0333595
0.0325718
0.0334401
0.036861
0.0437885
0.0552882
0.0721919
0.0912092
0.106871
0.11792
0.125078
0.129293
0.13137
0.132028
0.131923
0.131719
0.131545
0.0447833
0.0444719
0.0435292
0.0423751
0.041736
0.04218
0.0444305
0.0493632
0.0578114
0.0703162
0.0843689
0.0959223
0.104054
0.109242
0.112158
0.113492
0.113804
0.113592
0.113383
0.113248
0.0491142
0.0489023
0.0482676
0.0474695
0.0470203
0.0473386
0.0489254
0.0524099
0.0585061
0.0677136
0.0781331
0.0866416
0.0925185
0.0961728
0.0981737
0.0990257
0.0991375
0.0988954
0.0987077
0.0986013
0.0510652
0.0509135
0.0504504
0.0498541
0.0494989
0.0496907
0.0508183
0.0533578
0.0578084
0.0645311
0.0721355
0.0783158
0.0825614
0.085174
0.0865578
0.0870971
0.0871049
0.0868754
0.0867157
0.0866314
0.05123
0.0511192
0.0507676
0.0503025
0.0500106
0.0501124
0.050884
0.0526814
0.0559001
0.0608105
0.066376
0.0708804
0.0739398
0.0757816
0.0767236
0.0770551
0.0770071
0.0768007
0.0766674
0.0766008
0.0500221
0.0499406
0.0496742
0.0493119
0.0490731
0.0491217
0.049661
0.0509485
0.0532689
0.0568275
0.0608633
0.0641131
0.0662968
0.0675888
0.0682248
0.0684181
0.0683399
0.0681576
0.0680471
0.0679948
0.0477901
0.0477288
0.0475284
0.0472494
0.0470559
0.0470681
0.0474346
0.0483451
0.0500129
0.0525839
0.0555007
0.0578381
0.0593923
0.0602933
0.0607162
0.0608194
0.0607298
0.060574
0.0604838
0.0604427
0.0448208
0.0447739
0.0446244
0.0444135
0.0442616
0.0442561
0.0445048
0.0451473
0.0463381
0.048186
0.0502828
0.0519529
0.0530494
0.0536707
0.0539462
0.0539924
0.0539024
0.0537712
0.0536976
0.0536651
0.0413306
0.0412941
0.0411814
0.041022
0.0409029
0.0408875
0.0410539
0.0415037
0.0423497
0.0436706
0.045168
0.0463531
0.0471211
0.0475445
0.0477192
0.0477306
0.047647
0.0475387
0.0474789
0.0474532
0.0374705
0.0374417
0.0373556
0.0372338
0.0371395
0.0371183
0.0372269
0.0375386
0.0381349
0.0390719
0.0401348
0.0409696
0.0415021
0.0417868
0.0418932
0.041884
0.0418086
0.0417192
0.0416707
0.0416504
0.0333454
0.0333225
0.0332558
0.0331615
0.0330856
0.0330613
0.0331289
0.0333411
0.0337566
0.0344156
0.0351635
0.0357465
0.036112
0.036299
0.0363594
0.0363383
0.0362719
0.0361987
0.0361595
0.0361436
0.0290286
0.0290106
0.0289582
0.0288839
0.0288216
0.0287953
0.0288339
0.028975
0.0292612
0.0297202
0.0302405
0.0306424
0.0308891
0.0310089
0.0310389
0.0310121
0.0309544
0.0308944
0.0308628
0.0308503
0.0245721
0.0245578
0.0245165
0.0244577
0.0244062
0.0243795
0.0243981
0.0244891
0.0246822
0.0249968
0.025354
0.0256267
0.0257891
0.0258621
0.0258725
0.0258438
0.0257944
0.0257454
0.02572
0.0257103
0.0200146
0.0200033
0.0199708
0.019924
0.0198814
0.0198558
0.0198616
0.0199178
0.0200447
0.0202552
0.0204949
0.0206756
0.0207793
0.0208208
0.0208191
0.0207906
0.0207488
0.0207094
0.0206892
0.0206817
0.0153833
0.0153748
0.0153494
0.0153123
0.0152774
0.015254
0.0152518
0.0152835
0.0153632
0.0154996
0.0156551
0.0157707
0.0158342
0.0158553
0.0158469
0.0158205
0.0157856
0.0157538
0.0157379
0.0157324
0.0106973
0.0106911
0.0106716
0.0106428
0.0106158
0.0105965
0.0105909
0.0106071
0.0106535
0.0107357
0.0108299
0.0108983
0.0109336
0.0109419
0.0109316
0.0109099
0.0108824
0.0108575
0.0108455
0.0108417
0.00596905
0.00596494
0.00595169
0.00593271
0.00591511
0.00590233
0.00589727
0.00590396
0.00592681
0.00596768
0.00601448
0.00604764
0.00606344
0.00606535
0.0060574
0.00604264
0.00602411
0.00600711
0.00599887
0.00599631
0.00120855
0.00120836
0.00120766
0.00120212
0.00119586
0.00119083
0.00118729
0.00118585
0.00118679
0.0011905
0.00119679
0.00120257
0.00120576
0.00120634
0.00120432
0.00120016
0.0011947
0.00118843
0.00118499
0.00118495
-0.814341
-0.565075
-0.285574
-0.0602279
0.122365
0.270317
0.396208
0.502823
0.552883
0.530257
-0.368018
-0.199918
-0.025787
0.123439
0.250149
0.356781
0.444034
0.506824
0.53974
0.550594
-0.0674287
0.0430055
0.158554
0.261255
0.349952
0.424514
0.483905
0.527318
0.557449
0.574209
0.139945
0.215247
0.29604
0.368709
0.432015
0.485617
0.529291
0.563498
0.590124
0.607648
0.294931
0.349
0.405847
0.459671
0.507076
0.548107
0.58273
0.610976
0.633723
0.651096
0.417683
0.457136
0.50162
0.54379
0.581956
0.615756
0.644918
0.669024
0.688414
0.705542
0.520996
0.553495
0.592063
0.628169
0.66161
0.691671
0.7177
0.739083
0.75563
0.772643
0.616387
0.647962
0.684816
0.719345
0.751099
0.779503
0.803827
0.823383
0.837477
0.854533
0.715921
0.750586
0.788958
0.824068
0.855454
0.882769
0.905648
0.923609
0.935993
0.953455
0.833484
0.872232
0.911879
0.947038
0.977204
1.00267
1.02363
1.03998
1.05181
1.06996
0.979951
1.01903
1.05579
1.08705
1.11324
1.13579
1.15522
1.17105
1.18371
1.20177
1.15601
1.18794
1.21449
1.23728
1.25757
1.27656
1.29449
1.31114
1.32665
1.34478
1.3452
1.36256
1.37781
1.39428
1.41036
1.42503
1.43838
1.45242
1.47004
1.49024
1.52722
1.53686
1.54852
1.55941
1.56876
1.57846
1.58939
1.60084
1.61227
1.62765
1.73474
1.73842
1.72349
1.7087
1.70257
1.70833
1.72685
1.7572
1.78941
1.81609
2.04103
1.90618
1.82967
1.78748
1.77003
1.77401
1.80146
1.85787
1.96051
2.18488
0.329781
0.327705
0.323213
0.31466
0.302554
0.290572
0.280498
0.272748
0.267235
0.263987
0.263474
0.265885
0.27062
0.277487
0.286562
0.297837
0.31027
0.321145
0.327221
0.330201
0.254005
0.259875
0.266334
0.270982
0.273616
0.273462
0.270912
0.26729
0.263905
0.26164
0.261309
0.263183
0.266451
0.270337
0.273778
0.27536
0.27417
0.270455
0.265086
0.258387
0.245339
0.247652
0.251215
0.25446
0.256795
0.258541
0.259534
0.259407
0.258483
0.25757
0.257542
0.25863
0.260047
0.260929
0.260689
0.259403
0.257486
0.254806
0.251274
0.248233
0.239595
0.240654
0.242736
0.245519
0.247925
0.249662
0.250908
0.251835
0.252387
0.252666
0.252958
0.253286
0.253364
0.252954
0.252105
0.250807
0.248852
0.246259
0.24374
0.242231
0.234366
0.234949
0.23643
0.238838
0.241313
0.243577
0.245359
0.246598
0.247473
0.248091
0.248527
0.248731
0.24853
0.247885
0.246666
0.244806
0.242539
0.240146
0.238146
0.23723
0.2304
0.230642
0.231747
0.233789
0.235909
0.237865
0.239701
0.241349
0.242662
0.243625
0.24421
0.244285
0.243825
0.242823
0.241412
0.239762
0.237876
0.235842
0.234206
0.233681
0.228622
0.228733
0.229391
0.230697
0.232181
0.233646
0.235085
0.236456
0.23773
0.238817
0.23953
0.239679
0.239313
0.238586
0.237607
0.236448
0.235155
0.233858
0.232882
0.232599
0.227137
0.227197
0.227544
0.228251
0.229114
0.230364
0.231626
0.232971
0.23428
0.235455
0.236309
0.236598
0.236368
0.235786
0.235006
0.234024
0.233332
0.232674
0.232205
0.23206
0.224859
0.224895
0.225102
0.22555
0.226165
0.226839
0.227736
0.228817
0.230023
0.231236
0.232249
0.232775
0.232839
0.232631
0.232316
0.232028
0.231664
0.231317
0.23108
0.231004
0.221847
0.221861
0.222007
0.222394
0.222952
0.223622
0.224427
0.225492
0.226691
0.227994
0.22921
0.23002
0.230376
0.23041
0.230319
0.230223
0.229981
0.229723
0.229573
0.229539
0.218509
0.218508
0.218614
0.21893
0.219423
0.220044
0.220847
0.221842
0.223079
0.224535
0.226022
0.227169
0.227862
0.22825
0.228401
0.22838
0.228334
0.228216
0.228156
0.228149
0.214898
0.2149
0.214979
0.215246
0.215687
0.21629
0.2171
0.218167
0.219539
0.221225
0.223073
0.224617
0.225662
0.226324
0.226715
0.226909
0.226977
0.22698
0.226988
0.226992
0.210879
0.210873
0.210963
0.211205
0.211624
0.212239
0.21311
0.214307
0.215901
0.217932
0.220237
0.222255
0.223694
0.22466
0.225284
0.225667
0.225885
0.226001
0.226065
0.226079
0.206352
0.206344
0.206443
0.206697
0.207142
0.207821
0.208813
0.210215
0.212127
0.214617
0.217509
0.220107
0.221972
0.223307
0.224193
0.224765
0.225122
0.225334
0.225443
0.225466
0.201213
0.201203
0.201315
0.201615
0.202131
0.202928
0.204113
0.205814
0.208162
0.211254
0.214889
0.218182
0.220639
0.222343
0.223512
0.224285
0.224781
0.225082
0.225233
0.225264
0.195335
0.19532
0.195461
0.195823
0.196455
0.197433
0.198893
0.201001
0.203929
0.207803
0.212377
0.216548
0.219643
0.221833
0.223335
0.224336
0.224983
0.225379
0.225576
0.225616
0.188532
0.188514
0.188694
0.189159
0.189953
0.191172
0.193003
0.195659
0.199349
0.204226
0.209983
0.21523
0.219123
0.221885
0.223783
0.225052
0.225877
0.226383
0.226633
0.226683
0.18056
0.180538
0.180773
0.181368
0.182375
0.183936
0.186281
0.189664
0.194332
0.20049
0.20773
0.214308
0.219177
0.222632
0.225007
0.226598
0.227637
0.228277
0.228591
0.228653
0.171082
0.171054
0.171366
0.17214
0.173447
0.175468
0.178493
0.182818
0.188772
0.196568
0.205662
0.213876
0.219937
0.224233
0.227187
0.229168
0.230467
0.231273
0.231668
0.231743
0.159625
0.159591
0.160014
0.161046
0.162765
0.165412
0.16934
0.174938
0.182573
0.192449
0.203845
0.214057
0.221565
0.226881
0.230537
0.23299
0.234601
0.235607
0.236095
0.236191
0.14551
0.145469
0.146061
0.147465
0.149773
0.1533
0.158501
0.165817
0.175631
0.18814
0.202368
0.214996
0.224243
0.230792
0.235302
0.238333
0.240325
0.241574
0.242185
0.242302
0.12776
0.127718
0.128581
0.130541
0.133716
0.13853
0.145516
0.155149
0.167833
0.183669
0.201344
0.216849
0.228165
0.236194
0.24175
0.245502
0.247977
0.249537
0.250316
0.250461
0.104914
0.104897
0.106209
0.109036
0.113549
0.120292
0.129851
0.14271
0.159163
0.179133
0.200918
0.219781
0.233513
0.243305
0.250144
0.254812
0.257921
0.259891
0.260876
0.261063
0.0745339
0.0746053
0.0767425
0.0811092
0.0878974
0.0977395
0.111158
0.128477
0.149773
0.174752
0.201298
0.223967
0.240447
0.252296
0.260696
0.266541
0.270511
0.273066
0.274341
0.274578
0.03214
0.0324945
0.0365358
0.044131
0.0551647
0.0701773
0.0893375
0.112673
0.140009
0.170852
0.202717
0.229541
0.249039
0.26322
0.273492
0.280851
0.286018
0.289472
0.291214
0.291512
-0.0303784
-0.0284067
-0.0189239
-0.00445209
0.0144918
0.0377228
0.0649125
0.0959099
0.130395
0.167783
0.205329
0.236495
0.259165
0.275872
0.288282
0.297527
0.304349
0.309112
0.311694
0.312027
-0.105028
-0.101779
-0.0842852
-0.0586053
-0.0290807
0.00363388
0.0395813
0.0787466
0.120889
0.165525
0.209734
0.246406
0.273438
0.293854
0.309567
0.321827
0.331525
0.338566
0.341358
0.342624
-0.181742
-0.172026
-0.146054
-0.110278
-0.0712344
-0.0293721
0.0151717
0.0623808
0.112111
0.163972
0.214866
0.257025
0.288289
0.312218
0.331018
0.346069
0.358215
0.367521
0.372599
0.374674
-0.239592
-0.228692
-0.197693
-0.155487
-0.109102
-0.0597315
-0.00768123
0.0468857
0.103686
0.16227
0.219249
0.26615
0.300767
0.327138
0.347707
0.364002
0.377001
0.386989
0.392895
0.39517
-0.286123
-0.274784
-0.24042
-0.193551
-0.141793
-0.0865895
-0.0283864
0.0324502
0.0954799
0.16011
0.22248
0.273315
0.310424
0.338337
0.359827
0.376659
0.389933
0.400068
0.406043
0.408297
-0.324328
-0.313042
-0.276657
-0.226216
-0.170265
-0.110427
-0.0471641
0.0190351
0.0875415
0.157558
0.224763
0.279093
0.318303
0.347421
0.369537
0.386613
0.399897
0.409975
0.415936
0.418118
-0.357257
-0.346103
-0.30827
-0.255094
-0.195694
-0.131929
-0.0643439
0.00649741
0.0798839
0.154858
0.226575
0.284097
0.325161
0.355274
0.377845
0.395061
0.408317
0.418327
0.424311
0.42636
-0.386497
-0.375469
-0.3366
-0.281212
-0.218988
-0.151915
-0.0805599
-0.00556135
0.0722709
0.151799
0.227731
0.288331
0.331231
0.362359
0.385428
0.402835
0.416117
0.426046
0.432067
0.434012
-0.413309
-0.402366
-0.362679
-0.305398
-0.240778
-0.170857
-0.0962122
-0.0175296
0.064322
0.148158
0.228273
0.292041
0.33689
0.369135
0.392788
0.410452
0.423815
0.433729
0.439765
0.441605
-0.438377
-0.427476
-0.387043
-0.328159
-0.261499
-0.189116
-0.111603
-0.0296084
0.0559918
0.143957
0.228234
0.295297
0.34228
0.375819
0.400192
0.418213
0.431713
0.44162
0.447685
0.449409
-0.462162
-0.451264
-0.41019
-0.349941
-0.281502
-0.20695
-0.126869
-0.0418796
0.0471715
0.139058
0.227498
0.298069
0.347455
0.382535
0.407817
0.426323
0.440043
0.450018
0.456031
0.457697
-0.485034
-0.474085
-0.432398
-0.37098
-0.300973
-0.22451
-0.142166
-0.0545006
0.0377192
0.13336
0.225968
0.300287
0.352396
0.389313
0.415742
0.434898
0.44894
0.459018
0.464991
0.466627
-0.50718
-0.49609
-0.45379
-0.391448
-0.320031
-0.24193
-0.157596
-0.0675286
0.0276012
0.126797
0.223554
0.301822
0.357002
0.396102
0.423967
0.44399
0.458506
0.468781
0.474703
0.476322
-0.528613
-0.517367
-0.474591
-0.41137
-0.338736
-0.259207
-0.173138
-0.0809531
0.0167933
0.119298
0.22013
0.302516
0.361111
0.402794
0.432448
0.453601
0.468767
0.479336
0.485244
0.486811
-0.549468
-0.538008
-0.494827
-0.430743
-0.357096
-0.276337
-0.188776
-0.0947539
0.00531444
0.110854
0.215586
0.302181
0.36451
0.409244
0.441108
0.463697
0.479701
0.490667
0.496597
0.498041
-0.569671
-0.558025
-0.514445
-0.449611
-0.375091
-0.293291
-0.204462
-0.108873
-0.00678303
0.10147
0.209862
0.30064
0.366941
0.415178
0.449738
0.474165
0.491252
0.502718
0.508681
0.509942
-0.589273
-0.577402
-0.533403
-0.467943
-0.392677
-0.310004
-0.220126
-0.123225
-0.0194267
0.0911914
0.202915
0.297734
0.368094
0.42017
0.458024
0.484844
0.503344
0.515358
0.521262
0.522296
-0.608101
-0.596107
-0.55167
-0.485689
-0.409791
-0.3264
-0.235687
-0.137726
-0.0325238
0.0800963
0.194738
0.293314
0.367688
0.423832
0.465614
0.49561
0.516021
0.528576
0.53414
0.534818
-0.626283
-0.614088
-0.569246
-0.502818
-0.426394
-0.342432
-0.251054
-0.152281
-0.0459655
0.0682935
0.185397
0.287296
0.365478
0.425752
0.471958
0.506157
0.529481
0.542645
0.547115
0.547041
-0.643679
-0.631278
-0.586115
-0.519283
-0.442416
-0.35802
-0.266145
-0.166766
-0.0596254
0.0558833
0.174981
0.279685
0.361261
0.425397
0.476202
0.515731
0.543889
0.558859
0.560863
0.558345
-0.660343
-0.64778
-0.602225
-0.535033
-0.457819
-0.373101
-0.280879
-0.181099
-0.0733842
0.0430302
0.163621
0.270493
0.354947
0.422331
0.477205
0.522725
0.558302
0.579184
0.580508
0.569011
-0.676214
-0.663513
-0.617676
-0.550201
-0.472789
-0.38794
-0.295576
-0.195675
-0.0877003
0.0292031
0.150728
0.259073
0.345803
0.41581
0.473332
0.524239
0.568841
0.600026
0.605388
0.597872
-0.691273
-0.678332
-0.632481
-0.564751
-0.487323
-0.402541
-0.310211
-0.210495
-0.10259
0.0143382
0.136191
0.245226
0.333343
0.405318
0.462667
0.514426
0.561411
0.594381
0.583965
0.51699
-0.705348
-0.691699
-0.646571
-0.578715
-0.501564
-0.417035
-0.324825
-0.225436
-0.117966
-0.0014549
0.120055
0.228972
0.317097
0.390676
0.445415
0.485944
0.526032
0.536134
0.486666
0.4138
-0.718481
-0.705384
-0.659753
-0.591674
-0.5152
-0.430944
-0.339581
-0.240423
-0.133655
-0.0179644
0.102444
0.210242
0.296636
0.372342
0.424429
0.46627
0.451583
0.423129
0.34963
0.26992
-0.700933
-0.684122
-0.638721
-0.568989
-0.488739
-0.40145
-0.305569
-0.20373
-0.0938646
0.0252936
0.139257
0.232963
0.308713
0.382349
0.454269
0.364854
0.313422
0.246588
0.161647
0.104696
-0.723957
-0.705737
-0.673902
-0.611806
-0.536173
-0.452813
-0.361924
-0.264051
-0.158814
-0.0452099
0.0722404
0.17627
0.257683
0.325602
0.387914
0.386353
0.264968
0.167535
0.0958141
-0.00521603
-0.740242
-0.72454
-0.685615
-0.622659
-0.547058
-0.464547
-0.375124
-0.278574
-0.174819
-0.0631515
0.0519287
0.152662
0.229942
0.285808
0.302463
0.224861
0.0501093
-0.067179
-0.158219
-0.26809
-0.756815
-0.744765
-0.700915
-0.637016
-0.561467
-0.479233
-0.390338
-0.294664
-0.192324
-0.0826635
0.0290717
0.124652
0.194512
0.236402
0.203489
0.0415451
-0.160732
-0.313744
-0.440221
-0.609424
-0.775802
-0.763212
-0.717867
-0.652926
-0.577453
-0.495545
-0.407254
-0.312718
-0.212026
-0.104808
0.0030559
0.0931082
0.154853
0.178708
0.0945138
-0.143948
-0.393646
-0.600658
-0.791422
-1.04369
-0.793234
-0.781058
-0.734958
-0.668994
-0.593518
-0.512003
-0.424573
-0.331404
-0.232628
-0.128224
-0.0245404
0.05972
0.113199
0.113214
-0.035404
-0.326872
-0.628282
-0.922601
-1.17016
-1.70608
-0.809822
-0.798303
-0.75209
-0.685586
-0.61018
-0.529073
-0.442549
-0.350794
-0.254065
-0.152602
-0.0532842
0.0247118
0.069379
0.0304825
-0.182375
-0.49301
-0.822441
-1.14938
-1.43841
-1.95879
-0.826403
-0.815323
-0.769443
-0.702805
-0.62759
-0.546944
-0.46134
-0.371061
-0.276464
-0.178089
-0.0834592
-0.0120894
0.0232135
-0.0562663
-0.31876
-0.632835
-0.950431
-1.23299
-1.36953
-1.41209
-0.843423
-0.832718
-0.787174
-0.720721
-0.645911
-0.565912
-0.481428
-0.392907
-0.300804
-0.206134
-0.116917
-0.0529304
-0.0297289
-0.14395
-0.446036
-0.753307
-1.03319
-1.23138
-1.29573
-1.31763
-0.8609
-0.850573
-0.805328
-0.739267
-0.664928
-0.585765
-0.502659
-0.416215
-0.327087
-0.236593
-0.153257
-0.0971521
-0.0872552
-0.242333
-0.559528
-0.86296
-1.12971
-1.26087
-1.27501
-1.28488
-0.878878
-0.86875
-0.82385
-0.758133
-0.684425
-0.606301
-0.524816
-0.440828
-0.355106
-0.269195
-0.192555
-0.144854
-0.152166
-0.356049
-0.662025
-0.955195
-1.24275
-1.3183
-1.29481
-1.28541
-0.896933
-0.887128
-0.842489
-0.777158
-0.704127
-0.627231
-0.547631
-0.466464
-0.384561
-0.303826
-0.234682
-0.195941
-0.232045
-0.469474
-0.754695
-1.00081
-1.27621
-1.37237
-1.28543
-1.26192
-0.914657
-0.905126
-0.860829
-0.795911
-0.723658
-0.648119
-0.570689
-0.492714
-0.415185
-0.340175
-0.279126
-0.250144
-0.316965
-0.587557
-0.834434
-0.939774
-1.03216
-1.15853
-1.1982
-1.20792
-0.931507
-0.922201
-0.878228
-0.813769
-0.742369
-0.668365
-0.593477
-0.519079
-0.446427
-0.377669
-0.325044
-0.308811
-0.405736
-0.734167
-0.959932
-0.889837
-0.826756
-1.065
-1.22649
-1.2784
-0.946621
-0.937589
-0.89394
-0.829923
-0.759437
-0.68713
-0.615071
-0.544889
-0.477823
-0.415851
-0.370649
-0.37202
-0.499183
-0.950966
-1.34549
-1.42518
-1.31284
-1.42655
-1.54219
-1.60191
-0.95902
-0.95032
-0.907007
-0.843295
-0.773778
-0.703386
-0.6345
-0.569089
-0.508713
-0.454161
-0.415714
-0.435422
-0.592733
-1.24325
-1.9893
-2.64867
-2.59479
-2.39725
-2.2442
-2.1872
-0.967182
-0.9588
-0.915905
-0.85268
-0.784208
-0.715898
-0.650563
-0.590941
-0.538849
-0.492217
-0.458018
-0.490944
-0.671656
-1.4044
-2.37147
-3.46924
-3.69971
-3.50746
-3.12446
-2.87455
-0.969665
-0.961635
-0.91925
-0.856553
-0.789266
-0.723228
-0.661944
-0.609044
-0.566619
-0.53143
-0.501832
-0.524697
-0.707171
-1.29687
-2.07608
-2.93565
-3.3626
-3.35429
-3.13555
-2.90796
-0.964621
-0.956943
-0.915282
-0.853333
-0.787438
-0.723877
-0.667139
-0.622238
-0.593484
-0.577532
-0.560176
-0.556604
-0.625844
-0.972882
-1.29618
-1.58092
-1.78949
-1.82382
-1.71402
-1.54742
-0.950582
-0.943275
-0.902346
-0.841515
-0.777271
-0.716404
-0.664678
-0.63007
-0.623609
-0.648201
-0.684176
-0.643827
-0.622088
-0.526492
-0.38194
-0.164742
0.0637245
0.232763
0.351475
0.444868
-0.925889
-0.918955
-0.879041
-0.819835
-0.757571
-0.699503
-0.653046
-0.631012
-0.658325
-0.77315
-0.966644
-0.936954
-0.60302
-0.230048
0.347955
0.905812
1.37424
1.69663
1.85272
1.91635
-0.889795
-0.883013
-0.844503
-0.787392
-0.727487
-0.672083
-0.630333
-0.621067
-0.692169
-0.975281
-1.50077
-1.4813
-0.779024
-0.115889
0.66916
1.33513
1.85755
2.18465
2.32103
2.3635
-0.84139
-0.835262
-0.798213
-0.743755
-0.686444
-0.633214
-0.594015
-0.592235
-0.697072
-1.15
-2.16775
-2.13957
-1.02916
-0.164393
0.671845
1.30104
1.72683
1.96533
2.06656
2.10325
-0.780437
-0.774948
-0.739998
-0.688587
-0.634197
-0.582414
-0.542485
-0.536208
-0.632608
-1.05787
-1.97306
-1.85455
-0.912223
-0.0710595
0.628608
1.09529
1.38118
1.53592
1.61564
1.64878
-0.706039
-0.701226
-0.669396
-0.622064
-0.571111
-0.520418
-0.476468
-0.455094
-0.498846
-0.716178
-1.10055
-0.891526
-0.331746
0.238524
0.657457
0.921842
1.08647
1.18883
1.251
1.28887
-0.619301
-0.614649
-0.586739
-0.545692
-0.499149
-0.449964
-0.401803
-0.361994
-0.345946
-0.377005
-0.401597
-0.194183
0.141872
0.427488
0.630143
0.768741
0.864548
0.934952
0.987045
1.0099
-0.51849
-0.514706
-0.496008
-0.461764
-0.420676
-0.375242
-0.326493
-0.276459
-0.227809
-0.177506
-0.0898937
0.0743314
0.278609
0.433119
0.543076
0.622339
0.679349
0.720056
0.748146
0.763176
-0.407514
-0.406292
-0.395026
-0.369717
-0.337427
-0.299982
-0.256789
-0.207871
-0.152298
-0.0841269
0.0134025
0.144999
0.281163
0.385735
0.460839
0.514171
0.551387
0.577181
0.592617
0.597967
-0.3069
-0.306892
-0.300162
-0.282204
-0.258179
-0.228927
-0.193462
-0.150567
-0.0979651
-0.0301851
0.0599401
0.163616
0.25825
0.330994
0.382912
0.418724
0.442432
0.457142
0.465202
0.468087
-0.214203
-0.214757
-0.210998
-0.199992
-0.183822
-0.16289
-0.135877
-0.101119
-0.0560096
0.00349729
0.0802127
0.161234
0.22988
0.281812
0.318332
0.342619
0.357789
0.366499
0.370732
0.371849
-0.131485
-0.132338
-0.131252
-0.126191
-0.117273
-0.104059
-0.0851853
-0.058845
-0.0227415
0.02616
0.0884311
0.151398
0.202399
0.240034
0.265894
0.282488
0.29222
0.297272
0.299389
0.299776
-0.064892
-0.0657062
-0.0663971
-0.066013
-0.0629434
-0.0558905
-0.0435953
-0.0245564
0.00316238
0.0418072
0.0908902
0.139218
0.177169
0.204616
0.22296
0.234284
0.240631
0.24362
0.244647
0.244725
-0.0176731
-0.0183441
-0.0197485
-0.0215744
-0.0217966
-0.0189472
-0.0116566
0.00152902
0.0221379
0.0517888
0.0896213
0.126435
0.15473
0.174718
0.187836
0.195773
0.199952
0.20168
0.202126
0.202071
0.0127096
0.0122207
0.0108183
0.0085459
0.00723122
0.00805204
0.0121336
0.0208941
0.0358146
0.0581446
0.0869225
0.114662
0.135695
0.150395
0.159804
0.165205
0.167862
0.168778
0.168844
0.168717
0.0309832
0.0306516
0.029561
0.0276123
0.0261805
0.0263021
0.0288451
0.0348121
0.0454412
0.0619187
0.0835298
0.104395
0.119984
0.130573
0.137152
0.140836
0.142494
0.142871
0.142709
0.142555
0.041495
0.0412668
0.0405206
0.0391192
0.0379643
0.0378061
0.039391
0.0436169
0.0513991
0.0635708
0.0796011
0.0949933
0.106375
0.114069
0.118795
0.1213
0.122289
0.122363
0.122107
0.121961
0.0473833
0.0472194
0.0467273
0.0457787
0.0449653
0.0448169
0.0458457
0.048729
0.0542858
0.0632268
0.0751048
0.0865338
0.0949465
0.100518
0.103816
0.105487
0.106068
0.105995
0.10573
0.105605
0.0504034
0.0502835
0.0499419
0.0492734
0.0486876
0.0485709
0.0493156
0.0514127
0.0554354
0.0619482
0.070676
0.0790452
0.0851304
0.0891063
0.0914252
0.0925483
0.0928723
0.092735
0.0924932
0.0923883
0.0513887
0.0513014
0.0510488
0.0505382
0.0500776
0.0499496
0.050435
0.0519103
0.0548245
0.0595803
0.0659552
0.0720678
0.0764951
0.0793569
0.0809817
0.0817287
0.0818995
0.0817461
0.0815386
0.0814524
0.0508078
0.050744
0.0505558
0.0501629
0.0497992
0.0496787
0.0500051
0.0510466
0.0531334
0.0565783
0.0612292
0.0656778
0.0688675
0.0708968
0.0720219
0.0725092
0.0725813
0.0724259
0.072249
0.0721784
0.0490403
0.0489925
0.0488519
0.0485507
0.0482628
0.0481493
0.0483602
0.0490946
0.0505938
0.0530823
0.0564464
0.0596586
0.0619472
0.0633844
0.0641596
0.0644709
0.0644835
0.0643368
0.0641889
0.0641317
0.0464021
0.0463653
0.0462602
0.0460332
0.045811
0.0457121
0.0458459
0.0463575
0.0474235
0.0492129
0.0516409
0.053953
0.0555863
0.0565953
0.0571223
0.057314
0.057292
0.0571603
0.0570382
0.0569917
0.043145
0.0431161
0.0430367
0.0428665
0.042697
0.0426144
0.0426981
0.0430531
0.0438096
0.0450879
0.0468281
0.0484813
0.0496381
0.0503405
0.0506937
0.0508059
0.0507666
0.0506523
0.0505525
0.0505148
0.0394506
0.0394279
0.0393669
0.0392383
0.0391083
0.039039
0.0390877
0.0393307
0.0398622
0.0407706
0.0420114
0.0431858
0.0439988
0.0444829
0.0447156
0.0447759
0.0447293
0.0446319
0.0445506
0.04452
0.0354452
0.0354274
0.03538
0.0352812
0.0351799
0.035121
0.0351457
0.035309
0.0356792
0.0363195
0.0371971
0.0380238
0.0385905
0.0389201
0.0390692
0.0390961
0.039048
0.038966
0.0389
0.0388754
0.0312144
0.0312004
0.0311632
0.0310864
0.0310063
0.0309556
0.0309637
0.0310703
0.0313241
0.0317705
0.0323854
0.0329631
0.0333537
0.0335738
0.0336653
0.0336705
0.0336237
0.0335549
0.0335013
0.0334815
0.0268206
0.0268097
0.0267803
0.0267198
0.0266554
0.0266113
0.0266083
0.0266749
0.0268455
0.0271527
0.0275784
0.0279768
0.0282414
0.0283846
0.0284371
0.0284294
0.0283859
0.0283285
0.028285
0.0282693
0.0223089
0.0223006
0.0222772
0.022229
0.0221767
0.0221381
0.0221281
0.0221668
0.0222786
0.0224856
0.0227749
0.0230441
0.0232193
0.0233097
0.0233369
0.0233223
0.0232832
0.0232355
0.0232004
0.023188
0.0177105
0.0177041
0.0176856
0.0176474
0.0176053
0.0175724
0.0175589
0.0175788
0.0176488
0.0177843
0.0179765
0.0181542
0.018267
0.0183212
0.0183315
0.0183131
0.0182786
0.0182392
0.0182108
0.018201
0.0130483
0.0130434
0.0130292
0.0129997
0.0129668
0.0129396
0.0129254
0.0129336
0.0129748
0.013059
0.0131801
0.0132917
0.0133606
0.0133904
0.0133912
0.013373
0.0133443
0.013313
0.0132907
0.013283
0.00833912
0.00833569
0.00832568
0.00830459
0.00828054
0.00826018
0.00824818
0.00824988
0.00827167
0.00831867
0.00838712
0.00844968
0.0084865
0.00850011
0.00849652
0.00848155
0.00846003
0.00843726
0.00842147
0.00841607
0.00120805
0.00120861
0.00120532
0.00119886
0.0011932
0.00118883
0.00118625
0.00118593
0.00118832
0.00119388
0.00120028
0.00120447
0.00120633
0.00120563
0.00120246
0.00119759
0.00119151
0.00118604
0.00118514
0.0035897
-2.15494
-1.18678
-0.640858
-0.306622
-0.0566474
0.137375
0.292871
0.425619
0.557346
0.659134
-0.779743
-0.497515
-0.250972
-0.0495882
0.117309
0.256042
0.37168
0.467072
0.528311
0.539806
-0.302936
-0.144903
0.00437511
0.137429
0.252054
0.34961
0.430168
0.49182
0.532248
0.554722
-0.0179584
0.0843987
0.184093
0.275969
0.356433
0.425284
0.481866
0.526034
0.559031
0.580993
0.177894
0.248559
0.319445
0.385316
0.443607
0.494096
0.536552
0.571275
0.598905
0.617792
0.326578
0.37446
0.429936
0.478994
0.523724
0.563253
0.597447
0.626238
0.649709
0.665271
0.445099
0.483561
0.52722
0.566587
0.603559
0.637109
0.666603
0.691645
0.711993
0.724652
0.547708
0.58164
0.619437
0.655306
0.688909
0.719719
0.746834
0.769657
0.787702
0.797894
0.644842
0.679133
0.716653
0.752663
0.785731
0.815527
0.841341
0.862647
0.878826
0.887505
0.75048
0.789019
0.828612
0.86605
0.899172
0.927971
0.952183
0.97182
0.986444
0.995272
0.879554
0.922558
0.962501
0.999054
1.03009
1.05637
1.0784
1.09645
1.1103
1.12069
1.04237
1.08422
1.11837
1.14835
1.17327
1.19513
1.21503
1.23271
1.24766
1.2605
1.23362
1.26463
1.28612
1.3055
1.3238
1.34122
1.35759
1.37357
1.39023
1.40724
1.43192
1.44342
1.45461
1.46885
1.48325
1.49619
1.50769
1.51865
1.53164
1.54858
1.61805
1.62801
1.63669
1.63915
1.63998
1.64433
1.65529
1.67136
1.68904
1.69367
1.91925
1.86389
1.81306
1.77277
1.75052
1.74659
1.76005
1.79387
1.85037
1.92594
0.472003
0.413308
0.370927
0.337141
0.312577
0.295137
0.282761
0.273974
0.267966
0.264498
0.263941
0.266474
0.271543
0.279124
0.289738
0.304553
0.325386
0.354346
0.392983
0.440744
0.273382
0.282222
0.287913
0.288824
0.285491
0.279635
0.273377
0.268027
0.264228
0.262481
0.263393
0.266639
0.271552
0.277675
0.284107
0.289102
0.290542
0.287167
0.279583
0.2719
0.250307
0.252364
0.257055
0.260739
0.263442
0.26505
0.264936
0.263376
0.261324
0.25975
0.259568
0.261042
0.263333
0.26553
0.266643
0.265988
0.263842
0.260765
0.256556
0.252089
0.242976
0.243863
0.246588
0.249658
0.252007
0.253655
0.254874
0.255518
0.255477
0.25521
0.255348
0.25603
0.256685
0.256706
0.255959
0.254685
0.252836
0.250157
0.247125
0.245022
0.237277
0.23775
0.239427
0.241942
0.244378
0.246368
0.247809
0.248856
0.249651
0.250202
0.250589
0.250775
0.250605
0.250051
0.249087
0.247564
0.245438
0.242978
0.240828
0.239678
0.232224
0.232463
0.233786
0.236089
0.238469
0.240741
0.24275
0.244282
0.245346
0.246088
0.246586
0.246759
0.246468
0.245619
0.244137
0.242175
0.239993
0.237705
0.235825
0.235115
0.229402
0.229504
0.23037
0.232039
0.233831
0.235469
0.236985
0.238475
0.239833
0.240918
0.241578
0.24164
0.241158
0.240265
0.23916
0.237858
0.236297
0.234632
0.233329
0.232945
0.227965
0.22802
0.228506
0.229493
0.230688
0.232035
0.233497
0.234895
0.236159
0.237268
0.238045
0.238276
0.238004
0.237343
0.236372
0.235213
0.234204
0.233252
0.232558
0.232355
0.226136
0.226169
0.22643
0.226974
0.227692
0.2285
0.229547
0.230761
0.232045
0.233255
0.234187
0.234574
0.234456
0.234034
0.233484
0.233046
0.23253
0.232052
0.231727
0.23162
0.223419
0.223436
0.223609
0.224024
0.22461
0.225273
0.226101
0.227165
0.228347
0.229587
0.230693
0.231361
0.231583
0.231518
0.231324
0.231103
0.23082
0.230524
0.230335
0.230283
0.220206
0.220212
0.220332
0.220677
0.221172
0.221813
0.222725
0.22369
0.224901
0.226277
0.227619
0.228588
0.229103
0.229325
0.229327
0.229232
0.229124
0.228938
0.228836
0.228818
0.21674
0.216744
0.216837
0.217126
0.217592
0.218199
0.218988
0.220012
0.221303
0.222861
0.224515
0.225854
0.226723
0.227247
0.227535
0.227631
0.227627
0.227567
0.227541
0.227541
0.212935
0.212943
0.213027
0.213275
0.2137
0.214305
0.215139
0.216265
0.217738
0.219583
0.221646
0.223415
0.22465
0.225458
0.225962
0.22625
0.226394
0.226456
0.226494
0.226503
0.208672
0.208677
0.208772
0.209013
0.209438
0.210078
0.211002
0.21229
0.21403
0.216274
0.218856
0.221158
0.222798
0.22394
0.224691
0.225169
0.225457
0.225623
0.22571
0.225728
0.203847
0.203852
0.203955
0.204231
0.204703
0.205435
0.206515
0.208055
0.21017
0.212941
0.216183
0.219107
0.221252
0.222771
0.223795
0.224466
0.224891
0.225147
0.225277
0.225304
0.198354
0.198361
0.198486
0.198812
0.199375
0.200257
0.201571
0.203461
0.206078
0.209537
0.213615
0.217328
0.220086
0.222024
0.223353
0.224235
0.224803
0.225149
0.225322
0.225358
0.192037
0.192046
0.192205
0.192613
0.19331
0.194407
0.196044
0.198405
0.201685
0.206029
0.21116
0.215841
0.219316
0.22178
0.223472
0.224599
0.225327
0.225772
0.225993
0.22604
0.18468
0.184691
0.184892
0.185406
0.186306
0.187711
0.189787
0.192766
0.196908
0.202384
0.208838
0.214714
0.219071
0.222164
0.22429
0.225708
0.226624
0.227182
0.227459
0.227518
0.175994
0.176008
0.176268
0.176937
0.178099
0.179904
0.182558
0.186375
0.191647
0.198569
0.206679
0.21403
0.219465
0.223321
0.225973
0.227742
0.228884
0.229577
0.22992
0.229993
0.165577
0.165596
0.165938
0.166814
0.168339
0.170688
0.174138
0.179061
0.185789
0.194555
0.204732
0.213892
0.220641
0.225424
0.228715
0.230915
0.232334
0.233193
0.233617
0.233703
0.152887
0.152915
0.153371
0.154532
0.156565
0.159666
0.164192
0.170568
0.179208
0.190324
0.203064
0.214427
0.222766
0.228673
0.232743
0.235472
0.237236
0.238302
0.238827
0.238931
0.13714
0.13718
0.137798
0.139376
0.142138
0.146296
0.152293
0.160664
0.171821
0.185905
0.20178
0.21579
0.226031
0.233291
0.23831
0.241693
0.243892
0.245217
0.245855
0.245984
0.117142
0.117201
0.11807
0.120309
0.12418
0.129902
0.138043
0.149157
0.163596
0.181387
0.201033
0.21816
0.230642
0.23952
0.245695
0.249892
0.252653
0.254336
0.255135
0.255285
0.0909946
0.0910838
0.0923975
0.0957809
0.101467
0.109646
0.120946
0.13585
0.154566
0.17692
0.201001
0.221713
0.236779
0.247564
0.255153
0.260384
0.26388
0.266041
0.267078
0.267266
0.0555252
0.0556913
0.0579386
0.0635554
0.0724424
0.0846222
0.100637
0.120751
0.144921
0.172732
0.201874
0.226583
0.244544
0.257532
0.266842
0.273418
0.27794
0.280799
0.282173
0.282412
0.004469
0.00502932
0.0100984
0.0207731
0.0357268
0.0544856
0.0773587
0.104335
0.135133
0.169184
0.203862
0.232846
0.253922
0.269357
0.280692
0.288996
0.294978
0.298985
0.301004
0.301359
-0.0707607
-0.0674417
-0.0532928
-0.0320388
-0.00723583
0.0207854
0.0523638
0.0874269
0.125685
0.166592
0.207292
0.240998
0.26565
0.284042
0.297989
0.308722
0.317057
0.3232
0.326753
0.327795
-0.150491
-0.142275
-0.117085
-0.0852381
-0.0504528
-0.0130325
0.0272749
0.0705027
0.116473
0.164762
0.21238
0.251884
0.281135
0.30343
0.320866
0.334834
0.346195
0.355543
0.362762
0.36435
-0.214165
-0.206093
-0.173989
-0.133869
-0.090714
-0.0448791
0.00357287
0.0545695
0.107916
0.16321
0.217222
0.261848
0.294909
0.320208
0.340087
0.356048
0.369019
0.379413
0.386634
0.388334
-0.265074
-0.256394
-0.220645
-0.175322
-0.125976
-0.073521
-0.0182432
0.0395869
0.0996013
0.161288
0.221051
0.270006
0.305945
0.333153
0.354246
0.370936
0.384365
0.394961
0.402093
0.404011
-0.306364
-0.297546
-0.259773
-0.210432
-0.156397
-0.0987796
-0.0379511
0.0256572
0.091511
0.158902
0.223725
0.276339
0.314533
0.343081
0.364928
0.381975
0.39548
0.405975
0.413077
0.415137
-0.341295
-0.332434
-0.293387
-0.241054
-0.183238
-0.121366
-0.055867
0.0127166
0.0837139
0.156255
0.225762
0.281722
0.321878
0.351504
0.373855
0.391038
0.404461
0.414795
0.421762
0.423874
-0.371841
-0.363006
-0.32314
-0.268423
-0.207504
-0.14203
-0.0725034
0.000470547
0.0761267
0.153424
0.227267
0.286319
0.328288
0.358897
0.38171
0.399043
0.412428
0.422649
0.429404
0.4316
-0.399548
-0.390709
-0.350175
-0.293494
-0.229994
-0.161456
-0.0884036
-0.0115075
0.0683731
0.150064
0.22809
0.290265
0.33412
0.365789
0.389138
0.406681
0.420088
0.430224
0.436839
0.439053
-0.425203
-0.416358
-0.375282
-0.316899
-0.251207
-0.180018
-0.103898
-0.0235288
0.060231
0.146149
0.228345
0.293748
0.339635
0.372499
0.396493
0.414333
0.427824
0.437932
0.444365
0.446596
-0.449422
-0.44053
-0.398946
-0.339114
-0.271542
-0.198051
-0.119221
-0.0356876
0.0516748
0.141624
0.227968
0.296767
0.344916
0.379189
0.403989
0.422244
0.435896
0.446007
0.45229
0.454512
-0.472575
-0.463614
-0.42158
-0.360516
-0.291266
-0.215729
-0.134484
-0.048119
0.0425452
0.136332
0.226857
0.299273
0.349982
0.385935
0.411752
0.430567
0.444477
0.454636
0.460814
0.46296
-0.49493
-0.485858
-0.443361
-0.381257
-0.310524
-0.233216
-0.149847
-0.0609485
0.0327602
0.130206
0.224907
0.301165
0.35477
0.392738
0.419837
0.439398
0.453689
0.463974
0.470078
0.472076
-0.516541
-0.507374
-0.464356
-0.401461
-0.329406
-0.250568
-0.16534
-0.0741766
0.0222957
0.123177
0.221989
0.302296
0.359152
0.399519
0.428229
0.448771
0.463594
0.474086
0.480162
0.481975
-0.537534
-0.528209
-0.484888
-0.421107
-0.347939
-0.267777
-0.180934
-0.0877952
0.011153
0.115207
0.218014
0.302502
0.362934
0.406112
0.436815
0.458635
0.474189
0.484998
0.49108
0.492702
-0.557942
-0.548449
-0.504788
-0.440232
-0.366123
-0.284826
-0.196604
-0.101762
-0.000649161
0.106287
0.212887
0.301592
0.365874
0.412273
0.445434
0.468898
0.485433
0.496678
0.502761
0.504222
-0.577718
-0.568116
-0.524064
-0.45884
-0.383925
-0.301668
-0.212294
-0.116015
-0.0130369
0.0964502
0.206548
0.299378
0.367693
0.417749
0.453913
0.479485
0.49725
0.509016
0.515042
0.516282
-0.596837
-0.587092
-0.542667
-0.476882
-0.401285
-0.318238
-0.227914
-0.13046
-0.0259199
0.0857483
0.198988
0.295717
0.368111
0.422196
0.461936
0.490251
0.509624
0.521943
0.527787
0.528719
-0.615223
-0.605403
-0.560575
-0.494327
-0.418149
-0.334464
-0.24339
-0.144999
-0.0392036
0.0742838
0.190218
0.290513
0.366834
0.425096
0.469014
0.500968
0.522662
0.535495
0.540696
0.541117
-0.63294
-0.622992
-0.577797
-0.51113
-0.434472
-0.350274
-0.258633
-0.15953
-0.0527726
0.062157
0.180322
0.283704
0.363636
0.425917
0.474411
0.51115
0.536606
0.550398
0.553818
0.55293
-0.649881
-0.639778
-0.594291
-0.527247
-0.450195
-0.365618
-0.273562
-0.173959
-0.0665029
0.0495033
0.169407
0.275284
0.358371
0.42422
0.47717
0.519712
0.551286
0.568555
0.569519
0.56455
-0.666069
-0.655878
-0.610051
-0.542676
-0.465337
-0.380519
-0.288203
-0.18832
-0.0804245
0.0362937
0.157422
0.265115
0.35081
0.419578
0.476018
0.52449
0.564744
0.591025
0.596456
0.580359
-0.681561
-0.671168
-0.625191
-0.557562
-0.480107
-0.395265
-0.302905
-0.203053
-0.0950763
0.0218945
0.143667
0.252458
0.340029
0.411101
0.468884
0.521067
0.569037
0.599443
0.609583
0.559616
-0.696626
-0.685308
-0.639663
-0.571812
-0.494439
-0.409781
-0.317502
-0.217937
-0.110209
0.00656771
0.128333
0.237427
0.325735
0.398578
0.454753
0.502636
0.547303
0.575476
0.540449
0.468735
-0.712083
-0.697859
-0.653356
-0.585486
-0.508617
-0.424218
-0.332213
-0.232952
-0.125801
-0.0096533
0.111402
0.219908
0.307411
0.381859
0.435364
0.461923
0.49461
0.486819
0.4227
0.346578
-0.726674
-0.731177
-0.667563
-0.596224
-0.520068
-0.43605
-0.346468
-0.24748
-0.141142
-0.0259966
0.0935604
0.200309
0.285264
0.363048
0.403567
0.374911
0.400885
0.349748
0.270151
0.185907
-0.700126
-0.700358
-0.644766
-0.574939
-0.494794
-0.407836
-0.314161
-0.212779
-0.103563
0.0146922
0.127384
0.219541
0.292472
0.361024
0.403367
0.294869
0.205252
0.133776
0.0487093
-0.133661
-0.737204
-0.713598
-0.65541
-0.584952
-0.505361
-0.4191
-0.326362
-0.226073
-0.118278
-0.00207727
0.10735
0.195135
0.261704
0.303605
0.274722
0.129536
-0.0147028
-0.112546
-0.214494
-0.424424
-0.757725
-0.728582
-0.671303
-0.600422
-0.521451
-0.435814
-0.343472
-0.2445
-0.138557
-0.0250969
0.0804096
0.162652
0.220182
0.235649
0.146523
-0.0639782
-0.244288
-0.375193
-0.520715
-0.819959
-0.777154
-0.74546
-0.687596
-0.616225
-0.537539
-0.452409
-0.360949
-0.263465
-0.159603
-0.0492523
0.0517046
0.127547
0.173914
0.157038
-0.0130485
-0.270939
-0.503738
-0.691854
-0.912783
-1.40048
-0.794812
-0.762602
-0.703969
-0.632192
-0.55371
-0.469164
-0.378838
-0.282958
-0.181336
-0.0744036
0.0215228
0.0909119
0.123512
0.0608026
-0.179459
-0.476099
-0.776782
-1.04789
-1.36781
-2.32172
-0.8115
-0.779654
-0.720704
-0.648774
-0.57051
-0.486619
-0.397458
-0.30326
-0.20404
-0.100766
-0.0101674
0.0523399
0.0673119
-0.0422551
-0.336275
-0.655072
-0.987727
-1.29889
-1.59087
-2.75389
-0.828176
-0.796748
-0.737907
-0.66607
-0.588102
-0.504898
-0.416932
-0.324484
-0.227858
-0.128433
-0.0435185
0.0114397
0.0105909
-0.159069
-0.474781
-0.793557
-1.09942
-1.32746
-1.38141
-1.45258
-0.845181
-0.81416
-0.755739
-0.68418
-0.606685
-0.524363
-0.4378
-0.347459
-0.253843
-0.158942
-0.0803047
-0.0337954
-0.0587195
-0.286207
-0.597948
-0.902908
-1.14524
-1.28205
-1.31387
-1.32271
-0.862718
-0.832049
-0.773931
-0.702931
-0.626063
-0.544832
-0.459983
-0.372117
-0.281925
-0.192118
-0.120354
-0.0831114
-0.139989
-0.404761
-0.70819
-1.00665
-1.21996
-1.26155
-1.28113
-1.28624
-0.880697
-0.850333
-0.79255
-0.722085
-0.645995
-0.566097
-0.483251
-0.39823
-0.312014
-0.227915
-0.163583
-0.137695
-0.226129
-0.518214
-0.80353
-1.10667
-1.32602
-1.30716
-1.2898
-1.28264
-0.898846
-0.868776
-0.811339
-0.741403
-0.666199
-0.587864
-0.507334
-0.425602
-0.343882
-0.266031
-0.210244
-0.196894
-0.317076
-0.625646
-0.872716
-1.14498
-1.34559
-1.30027
-1.27038
-1.25726
-0.916581
-0.886889
-0.829865
-0.760465
-0.686363
-0.60972
-0.531921
-0.454011
-0.377361
-0.306151
-0.260119
-0.256299
-0.422324
-0.732336
-0.896596
-0.982224
-1.13762
-1.18329
-1.20563
-1.20673
-0.933424
-0.904067
-0.847461
-0.778692
-0.705731
-0.63111
-0.556325
-0.482791
-0.411715
-0.347442
-0.31249
-0.317364
-0.549554
-0.876162
-0.974574
-0.796361
-0.946911
-1.15403
-1.26265
-1.28176
-0.948515
-0.919616
-0.863349
-0.795232
-0.723526
-0.651121
-0.579813
-0.511283
-0.446213
-0.389319
-0.364958
-0.385204
-0.711299
-1.16739
-1.453
-1.32851
-1.3642
-1.48777
-1.57968
-1.60891
-0.960872
-0.93262
-0.876462
-0.808988
-0.738686
-0.668777
-0.601504
-0.538474
-0.480174
-0.430657
-0.415447
-0.459767
-0.888291
-1.59523
-2.38858
-2.67757
-2.5112
-2.3021
-2.20485
-2.19557
-0.968987
-0.941345
-0.885613
-0.818778
-0.750009
-0.682885
-0.620164
-0.564086
-0.514216
-0.470879
-0.459026
-0.533309
-0.997222
-1.85001
-2.94546
-3.69886
-3.63153
-3.32679
-2.97137
-2.84315
-0.971359
-0.944492
-0.889197
-0.823127
-0.756043
-0.691982
-0.634397
-0.586422
-0.548609
-0.513582
-0.49609
-0.585477
-0.961949
-1.66709
-2.50914
-3.24033
-3.38796
-3.26712
-2.99782
-2.86671
-0.966251
-0.940236
-0.885585
-0.820481
-0.755277
-0.694536
-0.64305
-0.606359
-0.587609
-0.571182
-0.549175
-0.591397
-0.800373
-1.13665
-1.4405
-1.70806
-1.82847
-1.78598
-1.62812
-1.5073
-0.952073
-0.926942
-0.873185
-0.809374
-0.746258
-0.689135
-0.644854
-0.623075
-0.635672
-0.673822
-0.671616
-0.620523
-0.571956
-0.466339
-0.282185
-0.0480307
0.15796
0.295182
0.403623
0.471992
-0.927128
-0.903082
-0.850631
-0.788608
-0.727778
-0.674393
-0.637947
-0.636132
-0.703136
-0.881613
-1.00852
-0.77564
-0.435247
0.0395145
0.634544
1.15395
1.55744
1.79202
1.89288
1.92825
-0.890937
-0.86765
-0.817017
-0.757336
-0.698928
-0.648856
-0.619929
-0.641492
-0.792333
-1.24705
-1.64667
-1.14292
-0.4611
0.274715
1.0209
1.6149
2.05061
2.27028
2.35031
2.36895
-0.842578
-0.820546
-0.771862
-0.715099
-0.659006
-0.611095
-0.586243
-0.623763
-0.851939
-1.59961
-2.40355
-1.57215
-0.603958
0.279943
1.01579
1.53374
1.86979
2.02756
2.09068
2.10784
-0.781616
-0.76092
-0.715049
-0.66153
-0.607717
-0.560227
-0.53331
-0.564577
-0.780106
-1.47735
-2.14052
-1.3701
-0.499227
0.308285
0.890443
1.25682
1.47142
1.58247
1.63742
1.65392
-0.707336
-0.68885
-0.6465
-0.596911
-0.545573
-0.497102
-0.461551
-0.464631
-0.577344
-0.918308
-1.09671
-0.619878
-0.034042
0.472623
0.805908
1.01418
1.14357
1.22425
1.27258
1.29311
-0.620812
-0.603708
-0.567036
-0.523061
-0.474829
-0.425539
-0.380325
-0.34983
-0.35496
-0.400745
-0.342545
-0.0270535
0.295951
0.537855
0.706301
0.820808
0.90219
0.963194
1.00259
1.01233
-0.517386
-0.507848
-0.480036
-0.441921
-0.398434
-0.351282
-0.301571
-0.25196
-0.203826
-0.142076
-0.0187084
0.179782
0.363048
0.492139
0.585961
0.653177
0.701513
0.73551
0.757607
0.764957
-0.40731
-0.402636
-0.383436
-0.354291
-0.319481
-0.27915
-0.233127
-0.181142
-0.120591
-0.0395242
0.075921
0.215463
0.337832
0.426183
0.489845
0.534444
0.565551
0.586308
0.59634
0.598484
-0.307001
-0.305048
-0.292078
-0.270844
-0.244288
-0.212083
-0.173075
-0.125747
-0.0665712
0.0127082
0.111775
0.213011
0.297498
0.359191
0.402555
0.431893
0.450762
0.461909
0.467223
0.467943
-0.214735
-0.2137
-0.20626
-0.192449
-0.174042
-0.150249
-0.119619
-0.0800918
-0.0284378
0.0407038
0.121777
0.197418
0.257928
0.301799
0.331806
0.351181
0.362822
0.369095
0.371608
0.371564
-0.132028
-0.132202
-0.129214
-0.122223
-0.111266
-0.0954285
-0.0730886
-0.0421922
-0.000113177
0.0565685
0.121155
0.178509
0.222834
0.254281
0.275205
0.288082
0.29522
0.298618
0.299749
0.299502
-0.0653453
-0.0660815
-0.0664404
-0.0648861
-0.059982
-0.0504675
-0.0350209
-0.0119227
0.0209716
0.0658847
0.116216
0.159518
0.192144
0.214813
0.229373
0.23798
0.242464
0.244305
0.244775
0.24449
-0.0180159
-0.0189023
-0.0207413
-0.0219788
-0.0208128
-0.0159328
-0.00587851
0.0108098
0.0357315
0.0703752
0.109003
0.141654
0.165694
0.182032
0.192366
0.198259
0.201051
0.202002
0.202147
0.201877
0.0124737
0.0116988
0.00967124
0.00769658
0.00732212
0.00961596
0.0158489
0.0275083
0.0459878
0.0722887
0.101581
0.126006
0.143782
0.155692
0.16293
0.166814
0.168488
0.168863
0.168798
0.168561
0.0308261
0.0302593
0.0286068
0.0267696
0.0260066
0.0272207
0.0313396
0.0394711
0.0528948
0.0725196
0.0945724
0.112853
0.125857
0.134295
0.139302
0.141876
0.142803
0.142809
0.14263
0.142434
0.0413847
0.0410027
0.0398471
0.0384646
0.0377294
0.0383346
0.0411245
0.0470145
0.0568951
0.0714356
0.0877692
0.101182
0.110643
0.116761
0.120284
0.121949
0.122409
0.122235
0.122023
0.12187
0.0473012
0.0470459
0.0462771
0.0453209
0.0447861
0.0451531
0.0470125
0.0511281
0.0583044
0.06905
0.0811698
0.0911207
0.0980599
0.102413
0.104822
0.10589
0.106088
0.105854
0.105655
0.105535
0.0503417
0.0501633
0.0496269
0.0489454
0.0485533
0.0488121
0.0501659
0.0531497
0.0583544
0.0662225
0.0751297
0.0823736
0.0873577
0.0904463
0.0921129
0.0927915
0.0928418
0.0926025
0.0924284
0.0923336
0.051343
0.0512132
0.0508097
0.0502831
0.0499599
0.050098
0.051026
0.0531632
0.0569548
0.0627035
0.0692091
0.0744923
0.0781052
0.0803034
0.0814468
0.0818722
0.0818486
0.0816307
0.0814848
0.0814099
0.050774
0.0506792
0.0503733
0.0499631
0.0496998
0.0497735
0.0504202
0.0519407
0.0546723
0.0588561
0.0636015
0.0674301
0.0700143
0.0715569
0.0723319
0.0725869
0.0725209
0.0723261
0.0722044
0.0721454
0.0490149
0.0489446
0.0487132
0.0483941
0.0481778
0.048205
0.0486499
0.0497347
0.0517043
0.0547299
0.0581616
0.0609191
0.0627628
0.0638434
0.0643633
0.064507
0.0644215
0.0642525
0.0641526
0.0641062
0.0463827
0.0463294
0.0461563
0.0459134
0.0457414
0.0457433
0.0460456
0.0468106
0.0482206
0.0504022
0.0528776
0.0548553
0.0561618
0.0569106
0.0572528
0.0573241
0.0572333
0.0570902
0.0570086
0.056972
0.04313
0.0430886
0.042959
0.0427757
0.0426414
0.0426306
0.0428349
0.0433735
0.044378
0.0459412
0.047714
0.0491222
0.050041
0.0505545
0.0507746
0.0508011
0.0507139
0.0505947
0.0505283
0.0504995
0.039439
0.0394065
0.0393082
0.0391692
0.0390635
0.039045
0.0391801
0.0395546
0.0402655
0.0413787
0.0426421
0.0436379
0.0442781
0.0446262
0.0447634
0.044763
0.0446833
0.0445848
0.0445309
0.0445082
0.0354362
0.0354106
0.0353349
0.0352278
0.0351433
0.0351203
0.0352064
0.0354642
0.035963
0.0367498
0.0376419
0.0383399
0.0387823
0.0390139
0.0390952
0.0390793
0.0390085
0.0389277
0.0388842
0.0388662
0.0312074
0.0311872
0.0311281
0.0310446
0.030976
0.0309504
0.0310022
0.0311759
0.0315213
0.0320723
0.0326971
0.0331821
0.0334829
0.0336333
0.0336767
0.0336521
0.0335901
0.0335237
0.0334885
0.0334745
0.0268153
0.0267992
0.0267527
0.0266865
0.0266299
0.0266034
0.0266312
0.0267451
0.0269808
0.0273616
0.027794
0.0281259
0.0283266
0.0284205
0.0284394
0.0284111
0.0283575
0.0283031
0.0282748
0.0282639
0.0223048
0.0222923
0.0222553
0.0222022
0.022155
0.0221286
0.0221401
0.0222121
0.0223694
0.0226276
0.022921
0.0231435
0.0232741
0.02333
0.0233338
0.023305
0.0232593
0.0232149
0.0231922
0.0231839
0.0177074
0.0176976
0.0176682
0.0176259
0.0175872
0.0175626
0.0175638
0.0176065
0.0177079
0.0178787
0.0180732
0.0182189
0.0183008
0.0183309
0.0183252
0.0182974
0.0182587
0.0182225
0.0182043
0.0181979
0.013046
0.0130384
0.0130158
0.0129831
0.0129522
0.0129305
0.0129262
0.0129495
0.0130112
0.0131184
0.0132412
0.0133315
0.0133799
0.0133939
0.013384
0.0133596
0.0133284
0.0132999
0.0132855
0.0132807
0.00833746
0.00833215
0.00831614
0.00829247
0.0082697
0.00825289
0.00824701
0.00825791
0.00829187
0.00835229
0.00842157
0.00847139
0.00849593
0.00850014
0.00849022
0.00847138
0.00844835
0.00842792
0.00841787
0.00841439
0.00359125
0.00358947
0.00358505
0.00357349
0.00356091
0.00355088
0.00354411
0.00354284
0.00355004
0.00356776
0.00359411
0.00361795
0.00363144
0.00363549
0.00363219
0.00362405
0.00361273
0.00360005
0.00359175
0.00358855
-1.54999
-0.860927
-0.461399
-0.175551
0.0449677
0.217837
0.362174
0.488665
0.6251
0.61106
-0.580232
-0.365821
-0.145116
0.0379113
0.190014
0.316364
0.422192
0.503593
0.540211
0.54384
-0.20294
-0.0684608
0.0733567
0.196962
0.302931
0.392063
0.463588
0.514513
0.546036
0.561814
0.0454292
0.135182
0.231478
0.31765
0.392358
0.455136
0.505468
0.543754
0.57225
0.589961
0.222976
0.285839
0.353313
0.415435
0.469852
0.516317
0.554847
0.585911
0.6105
0.628267
0.359728
0.405965
0.454765
0.502023
0.544152
0.581016
0.612529
0.638584
0.659556
0.677014
0.471063
0.506321
0.547159
0.585459
0.620811
0.652387
0.679717
0.702375
0.720285
0.73752
0.569079
0.600632
0.637655
0.672408
0.704725
0.733776
0.758821
0.779279
0.79455
0.811663
0.664825
0.697733
0.735007
0.769568
0.801083
0.828966
0.852591
0.871402
0.884554
0.90185
0.771688
0.808639
0.84785
0.883136
0.914133
0.940661
0.96259
0.979753
0.991743
1.00965
0.902771
0.942578
0.981473
1.01521
1.04378
1.0679
1.08794
1.10383
1.11592
1.13424
1.0651
1.10159
1.13411
1.1613
1.18449
1.20532
1.22421
1.24047
1.25435
1.27228
1.25056
1.27587
1.29599
1.31476
1.33264
1.34955
1.36558
1.38173
1.39897
1.41815
1.43765
1.44864
1.46151
1.4762
1.48992
1.50211
1.51315
1.52459
1.54007
1.55954
1.61988
1.63335
1.63845
1.63944
1.64143
1.64893
1.6628
1.68049
1.69427
1.70563
1.88889
1.83836
1.79084
1.7593
1.74641
1.751
1.77421
1.81932
1.88606
1.98019
0.328627
0.325669
0.319618
0.308795
0.296439
0.285279
0.27637
0.26974
0.265334
0.263369
0.264333
0.267963
0.273757
0.281705
0.291917
0.303995
0.316164
0.324758
0.329263
0.331358
0.256698
0.263407
0.268815
0.272595
0.27387
0.272412
0.269148
0.265516
0.262598
0.261178
0.262009
0.264678
0.268362
0.272198
0.274895
0.275152
0.272591
0.267999
0.261556
0.255697
0.246332
0.249392
0.252966
0.255713
0.257727
0.259156
0.259598
0.259
0.257975
0.257403
0.257985
0.259348
0.260608
0.260975
0.260152
0.258524
0.256268
0.25308
0.249546
0.247238
0.240022
0.241548
0.244121
0.246795
0.248866
0.250324
0.251409
0.252156
0.252539
0.252802
0.253132
0.253381
0.253226
0.25258
0.251531
0.249929
0.247621
0.244906
0.24286
0.241802
0.234599
0.23553
0.237587
0.240075
0.242483
0.244535
0.246032
0.247068
0.247808
0.24833
0.248676
0.248687
0.248271
0.247365
0.245811
0.243711
0.241356
0.239022
0.237578
0.236994
0.23049
0.23103
0.232726
0.234861
0.236897
0.238792
0.240552
0.242047
0.243179
0.243977
0.244319
0.244129
0.243391
0.242162
0.240618
0.238859
0.236859
0.234899
0.233831
0.233588
0.228659
0.228957
0.230004
0.231433
0.232916
0.234371
0.235775
0.237105
0.238302
0.23924
0.239682
0.239551
0.238992
0.23813
0.237049
0.23581
0.234495
0.233288
0.232672
0.232558
0.227155
0.227316
0.227866
0.228672
0.229687
0.230999
0.232296
0.233632
0.234888
0.235947
0.236533
0.236541
0.236115
0.235415
0.23451
0.233655
0.232992
0.232402
0.2321
0.232036
0.224871
0.224966
0.225299
0.225844
0.226501
0.22725
0.228254
0.229409
0.230635
0.231799
0.232584
0.232855
0.232759
0.232485
0.23218
0.231844
0.231484
0.23118
0.231027
0.230984
0.221849
0.221907
0.222171
0.22266
0.223285
0.223975
0.224944
0.226073
0.227334
0.228645
0.229683
0.230246
0.230429
0.230344
0.230303
0.230103
0.229845
0.22963
0.229548
0.229527
0.218506
0.21854
0.218744
0.219161
0.219701
0.220433
0.221313
0.222429
0.223782
0.225307
0.226662
0.227564
0.228084
0.228379
0.228373
0.228379
0.228274
0.228175
0.228151
0.228141
0.21489
0.214921
0.215088
0.215446
0.215966
0.216667
0.217598
0.218813
0.220343
0.222169
0.223914
0.225194
0.226034
0.22655
0.22683
0.226958
0.226983
0.226982
0.226993
0.226984
0.210868
0.210907
0.211059
0.211392
0.211904
0.212639
0.213663
0.215051
0.216859
0.219099
0.221329
0.223041
0.224221
0.225008
0.225501
0.225793
0.225952
0.226039
0.226078
0.226069
0.206339
0.206375
0.20655
0.206895
0.207448
0.208272
0.209456
0.211101
0.213297
0.216072
0.218897
0.221123
0.222709
0.223795
0.224511
0.224966
0.225243
0.225401
0.225464
0.225453
0.201196
0.20124
0.201439
0.201843
0.202488
0.203465
0.204891
0.206899
0.20961
0.213077
0.216649
0.219506
0.221567
0.222986
0.22394
0.224562
0.224952
0.225176
0.225261
0.225249
0.195313
0.195367
0.195612
0.196103
0.196894
0.198093
0.199855
0.202352
0.205741
0.210094
0.214603
0.218221
0.220836
0.222657
0.223888
0.224696
0.225209
0.225501
0.225612
0.225596
0.188504
0.188575
0.188887
0.189512
0.190499
0.191998
0.194214
0.197362
0.201631
0.207111
0.212783
0.217333
0.220628
0.222926
0.224483
0.225511
0.226165
0.226538
0.226678
0.226657
0.180525
0.180617
0.181024
0.181814
0.183075
0.184995
0.187827
0.19182
0.197215
0.204121
0.211242
0.216939
0.22106
0.223935
0.225885
0.227175
0.228001
0.228473
0.228648
0.22862
0.171036
0.17116
0.171692
0.172721
0.174352
0.176838
0.180472
0.185571
0.19243
0.201137
0.210052
0.217153
0.222279
0.225853
0.228279
0.229889
0.230925
0.23152
0.231737
0.231702
0.159565
0.159735
0.160452
0.161811
0.163951
0.167193
0.171904
0.17848
0.187221
0.198189
0.209311
0.218118
0.224463
0.228886
0.231889
0.233883
0.235172
0.235913
0.236183
0.236142
0.145429
0.145671
0.146661
0.148494
0.151357
0.155663
0.161866
0.170386
0.18154
0.19533
0.209138
0.219999
0.227812
0.233265
0.236973
0.239437
0.241033
0.241957
0.242291
0.242242
0.127652
0.128017
0.129427
0.131958
0.135883
0.141721
0.149968
0.161086
0.175353
0.192635
0.209669
0.222971
0.232536
0.239237
0.243816
0.246873
0.248859
0.250024
0.250451
0.250385
0.104773
0.105366
0.107439
0.111053
0.116601
0.124685
0.135836
0.150468
0.16871
0.190235
0.211064
0.227207
0.238834
0.24704
0.252708
0.256531
0.259034
0.260505
0.261049
0.260967
0.0743561
0.0753914
0.078661
0.0841627
0.0923953
0.103971
0.119304
0.138614
0.161805
0.188349
0.213512
0.23287
0.246867
0.256865
0.263892
0.268727
0.271952
0.273864
0.274561
0.274458
0.0319372
0.0340138
0.0399495
0.049177
0.0621467
0.0792182
0.100462
0.125828
0.154992
0.18726
0.217193
0.240058
0.256691
0.268772
0.277485
0.283671
0.287948
0.290568
0.291501
0.291355
-0.0304874
-0.0244474
-0.0122122
0.00443459
0.0255764
0.0507964
0.0799054
0.112694
0.148712
0.187219
0.222172
0.248701
0.268138
0.282529
0.293242
0.301208
0.306986
0.310709
0.312102
0.31178
-0.104822
-0.0946229
-0.0720528
-0.0442904
-0.0131781
0.0211383
0.0587008
0.0993882
0.142843
0.18845
0.229527
0.260898
0.284326
0.302201
0.316059
0.326947
0.335541
0.340426
0.34211
0.342641
-0.179437
-0.160919
-0.128736
-0.09119
-0.0507163
-0.00752042
0.0383557
0.0868498
0.137699
0.190398
0.237606
0.273745
0.300997
0.322145
0.338939
0.352457
0.363357
0.37044
0.374238
0.374819
-0.237077
-0.21523
-0.177334
-0.132797
-0.0848526
-0.0341349
0.0191927
0.0749116
0.132664
0.191908
0.244578
0.284684
0.31479
0.338024
0.356305
0.370862
0.382447
0.390441
0.39457
0.395238
-0.283639
-0.259861
-0.217859
-0.168256
-0.114686
-0.0579571
0.0016042
0.0635895
0.127499
0.192622
0.250003
0.293241
0.325316
0.349745
0.368733
0.383685
0.395424
0.403628
0.407599
0.408365
-0.321938
-0.297451
-0.252398
-0.198887
-0.140909
-0.0793188
-0.0145311
0.0529
0.122265
0.192643
0.254249
0.300211
0.333888
0.359201
0.378604
0.393666
0.405344
0.413553
0.417441
0.418181
-0.354984
-0.329998
-0.282774
-0.226103
-0.164439
-0.098711
-0.0294352
0.0427703
0.117079
0.192349
0.257868
0.306275
0.341331
0.367336
0.387011
0.402115
0.413717
0.42193
0.425746
0.426418
-0.3843
-0.359033
-0.310122
-0.25087
-0.186144
-0.116872
-0.043622
0.0328975
0.111733
0.191525
0.260751
0.311556
0.347991
0.374719
0.394719
0.409918
0.421492
0.42965
0.433459
0.434042
-0.411131
-0.385687
-0.335339
-0.273912
-0.20657
-0.134226
-0.0574842
0.0228922
0.1059
0.190079
0.263061
0.316369
0.354292
0.381842
0.402238
0.417591
0.429196
0.437323
0.44113
0.44156
-0.436256
-0.410558
-0.359005
-0.295705
-0.226116
-0.15111
-0.0712792
0.012629
0.0995837
0.188041
0.264838
0.320817
0.360417
0.388944
0.409856
0.425441
0.437108
0.445222
0.449011
0.449319
-0.460083
-0.434147
-0.381513
-0.316651
-0.245083
-0.167715
-0.0851078
0.00201896
0.0926628
0.185265
0.266008
0.324915
0.366458
0.39618
0.417766
0.433687
0.445485
0.453592
0.457349
0.457568
-0.482956
-0.456739
-0.40314
-0.336956
-0.26364
-0.184196
-0.099123
-0.0090875
0.0850019
0.181677
0.266482
0.328615
0.372418
0.403607
0.426069
0.442456
0.454456
0.46257
0.466307
0.46647
-0.505056
-0.478527
-0.424165
-0.356749
-0.281916
-0.200667
-0.113414
-0.0207328
0.0765645
0.177181
0.266146
0.331803
0.378218
0.411198
0.434788
0.451825
0.464151
0.472346
0.475982
0.476144
-0.526485
-0.499607
-0.444629
-0.376082
-0.299944
-0.217124
-0.127956
-0.0329242
0.0673129
0.17168
0.264854
0.334301
0.383724
0.418876
0.443907
0.461812
0.474601
0.482932
0.486475
0.486615
-0.547301
-0.520076
-0.464465
-0.39497
-0.317721
-0.233542
-0.142724
-0.0456377
0.0572382
0.16512
0.262455
0.335897
0.38875
0.426536
0.453372
0.472391
0.485786
0.494318
0.497753
0.497821
-0.567457
-0.539943
-0.48372
-0.413419
-0.335222
-0.249896
-0.157673
-0.058816
0.0463816
0.157485
0.258821
0.336374
0.393012
0.433932
0.463025
0.483486
0.497653
0.506434
0.509748
0.509652
-0.586996
-0.559154
-0.50238
-0.431385
-0.35239
-0.266114
-0.172724
-0.0723807
0.0348184
0.148774
0.253871
0.335503
0.396117
0.440659
0.472637
0.494992
0.510116
0.519098
0.522212
0.521939
-0.605765
-0.577686
-0.520398
-0.448827
-0.369166
-0.282115
-0.187789
-0.0862389
0.0226294
0.139035
0.247515
0.333068
0.397735
0.446329
0.481949
0.506891
0.523229
0.532201
0.534871
0.5344
-0.623894
-0.595464
-0.537769
-0.465689
-0.385486
-0.297829
-0.202772
-0.100275
0.00991362
0.128361
0.239755
0.328902
0.397542
0.450424
0.490475
0.519136
0.537326
0.545801
0.547323
0.546599
-0.641205
-0.612526
-0.554444
-0.481929
-0.401299
-0.313178
-0.21759
-0.114398
-0.00319231
0.116864
0.23065
0.322908
0.395185
0.452244
0.49732
0.531314
0.553231
0.561179
0.559482
0.557771
-0.657838
-0.628838
-0.570377
-0.497495
-0.416537
-0.328088
-0.232128
-0.128472
-0.0165451
0.104679
0.220288
0.315074
0.390443
0.451004
0.50104
0.541927
0.571091
0.582356
0.575489
0.555666
-0.673681
-0.644396
-0.585703
-0.512563
-0.43147
-0.342869
-0.246786
-0.142951
-0.0306757
0.0912488
0.208061
0.304669
0.382657
0.445678
0.499361
0.547458
0.587459
0.60692
0.594776
0.609642
-0.688907
-0.659255
-0.600374
-0.527074
-0.446049
-0.357457
-0.261544
-0.157793
-0.04556
0.0765238
0.193861
0.291332
0.371272
0.435482
0.488365
0.539429
0.578921
0.60285
0.547931
0.513659
-0.704054
-0.673854
-0.614134
-0.540615
-0.459835
-0.371444
-0.276205
-0.172746
-0.0609063
0.0607686
0.177839
0.275008
0.355836
0.420848
0.46573
0.508277
0.537457
0.519165
0.448545
0.397706
-0.719578
-0.688226
-0.626447
-0.552991
-0.472536
-0.38475
-0.29045
-0.187655
-0.076616
0.0440757
0.159997
0.255852
0.335575
0.403174
0.443297
0.452896
0.444985
0.389205
0.307152
0.256448
-0.352511
-0.2539
-0.147997
-0.0334674
0.084923
0.189958
0.272618
0.0820955
-0.733867
-0.713744
-0.679358
-0.617109
-0.54153
-0.458703
-0.368654
-0.271537
-0.167056
-0.0544226
0.0619773
0.164695
0.244642
0.307026
0.346934
0.312125
0.152616
0.0495586
-0.0311282
-0.747548
-0.734851
-0.692869
-0.629401
-0.553806
-0.471442
-0.382341
-0.286237
-0.183173
-0.0724735
0.0410223
0.139294
0.213142
0.262628
0.255733
0.13317
-0.0523665
-0.187164
-0.297736
-0.766333
-0.753913
-0.709309
-0.644943
-0.569438
-0.487363
-0.398723
-0.303566
-0.202012
-0.0935129
0.0163394
0.109181
0.175042
0.208254
0.149306
-0.0505716
-0.274539
-0.451559
-0.608601
-0.784554
-0.772053
-0.726391
-0.660917
-0.585442
-0.503727
-0.415848
-0.321976
-0.222224
-0.116382
-0.0105743
0.076639
0.134405
0.147559
0.0338866
-0.236857
-0.512679
-0.759685
-0.99948
-0.801437
-0.789575
-0.743443
-0.677202
-0.601761
-0.520439
-0.433472
-0.341012
-0.24325
-0.140319
-0.0388042
0.0423544
0.0914578
0.0741556
-0.109891
-0.413229
-0.73399
-1.0466
-1.33142
-0.817818
-0.806583
-0.760634
-0.694092
-0.618758
-0.537854
-0.451777
-0.360732
-0.265024
-0.165034
-0.0679468
0.00686383
0.0472379
-0.0125173
-0.251167
-0.565289
-0.894024
-1.21331
-1.42488
-1.51003
-0.834606
-0.823735
-0.778142
-0.711678
-0.636648
-0.556297
-0.471226
-0.381788
-0.288385
-0.191783
-0.0997686
-0.0320096
-0.00223886
-0.100121
-0.383942
-0.695148
-0.99431
-1.23168
-1.33012
-1.36189
-0.851731
-0.841305
-0.796069
-0.72994
-0.655339
-0.57574
-0.491903
-0.404377
-0.313699
-0.221072
-0.134707
-0.0745312
-0.0578604
-0.19034
-0.504203
-0.808847
-1.08015
-1.23959
-1.28518
-1.29627
-0.869445
-0.859228
-0.814423
-0.748649
-0.674629
-0.595959
-0.513628
-0.428373
-0.340898
-0.252624
-0.172495
-0.120452
-0.117709
-0.298497
-0.611209
-0.912466
-1.19015
-1.27959
-1.28197
-1.28403
-0.887478
-0.877402
-0.833051
-0.767623
-0.694262
-0.616726
-0.53616
-0.453525
-0.369651
-0.286244
-0.213259
-0.16993
-0.19038
-0.413313
-0.708
-0.988296
-1.28232
-1.37138
-1.30522
-1.2811
-0.905291
-0.895579
-0.85156
-0.786568
-0.713947
-0.63769
-0.559141
-0.47953
-0.399757
-0.321808
-0.256655
-0.222527
-0.274509
-0.526589
-0.795103
-0.984232
-1.21281
-1.26845
-1.2412
-1.23096
-0.922438
-0.912979
-0.869544
-0.80496
-0.733145
-0.658368
-0.582178
-0.505899
-0.430724
-0.358795
-0.301875
-0.278695
-0.360826
-0.654262
-0.883693
-0.887472
-0.844695
-1.07789
-1.18248
-1.21676
-0.938316
-0.929126
-0.886165
-0.822091
-0.751159
-0.677975
-0.604457
-0.532082
-0.462122
-0.396702
-0.348071
-0.340057
-0.451625
-0.831786
-1.10874
-1.04638
-0.955943
-1.17186
-1.33813
-1.40437
-0.952116
-0.943137
-0.900671
-0.836989
-0.766996
-0.695625
-0.625113
-0.557229
-0.493384
-0.435002
-0.393277
-0.404554
-0.545028
-1.09177
-1.66678
-2.01514
-1.90066
-1.84236
-1.84643
-1.86722
-0.962514
-0.953766
-0.911838
-0.848552
-0.779547
-0.710179
-0.643005
-0.580294
-0.523806
-0.473185
-0.436732
-0.465459
-0.63596
-1.3561
-2.25306
-3.20374
-3.28891
-3.0311
-2.70036
-2.53892
-0.967986
-0.959493
-0.918154
-0.855366
-0.787478
-0.720278
-0.656916
-0.600625
-0.552963
-0.511571
-0.479536
-0.510457
-0.69992
-1.3819
-2.29978
-3.34175
-3.76501
-3.68167
-3.3364
-3.03218
-0.966845
-0.958609
-0.918005
-0.855883
-0.789273
-0.724455
-0.665378
-0.616235
-0.579973
-0.552834
-0.527246
-0.537391
-0.677046
-1.16019
-1.73129
-2.29839
-2.63292
-2.70399
-2.57239
-2.38125
-0.95761
-0.949563
-0.909684
-0.848529
-0.783438
-0.72122
-0.66693
-0.626857
-0.607996
-0.608224
-0.608647
-0.583001
-0.610708
-0.748611
-0.83915
-0.868008
-0.861334
-0.792441
-0.681382
-0.563795
-0.938366
-0.930549
-0.891619
-0.831905
-0.768633
-0.709182
-0.660098
-0.631551
-0.64039
-0.701753
-0.801755
-0.766617
-0.602278
-0.353034
0.0218525
0.441616
0.818837
1.07484
1.22435
1.29987
-0.90761
-0.900104
-0.862414
-0.804938
-0.743837
-0.687156
-0.643206
-0.627769
-0.676367
-0.865532
-1.19565
-1.17259
-0.666518
-0.146721
0.56183
1.19194
1.70758
2.04835
2.20182
2.26159
-0.865476
-0.858569
-0.822189
-0.766681
-0.708303
-0.654114
-0.614056
-0.609748
-0.701335
-1.08112
-1.85979
-1.84087
-0.915728
-0.13113
0.692673
1.35674
1.84008
2.12359
2.24187
2.28366
-0.809849
-0.802868
-0.76929
-0.717434
-0.661581
-0.609271
-0.570122
-0.567522
-0.67325
-1.14969
-2.21424
-2.16422
-1.04557
-0.153318
0.641661
1.20163
1.55862
1.74709
1.83604
1.87227
-0.740684
-0.734218
-0.704623
-0.656425
-0.603918
-0.552651
-0.510899
-0.498278
-0.572581
-0.902953
-1.55742
-1.37969
-0.647767
0.0788055
0.643117
1.00274
1.21932
1.34194
1.41173
1.43157
-0.659384
-0.653884
-0.626881
-0.584753
-0.536017
-0.485966
-0.439751
-0.408783
-0.4208
-0.534459
-0.711097
-0.476261
-0.0500152
0.360868
0.654847
0.845746
0.969317
1.04989
1.09848
1.12293
-0.569483
-0.5664
-0.543639
-0.505191
-0.460796
-0.412855
-0.363546
-0.316882
-0.279907
-0.256564
-0.193395
-0.018442
0.244731
0.445828
0.588062
0.689294
0.762378
0.815001
0.847965
0.862499
-0.46146
-0.459271
-0.444817
-0.415336
-0.378708
-0.337126
-0.290729
-0.240414
-0.186587
-0.123994
-0.0282914
0.119537
0.285603
0.411979
0.5026
0.567777
0.614004
0.646997
0.669636
0.678945
-0.356311
-0.355895
-0.346977
-0.325306
-0.297285
-0.263897
-0.224434
-0.178104
-0.123169
-0.0537117
0.0413609
0.158342
0.271122
0.358087
0.420421
0.46407
0.493851
0.513298
0.524145
0.528129
-0.259478
-0.259613
-0.254632
-0.240342
-0.220245
-0.195185
-0.16391
-0.12497
-0.07579
-0.0116004
0.0722071
0.163924
0.244185
0.305448
0.348917
0.378364
0.397264
0.408566
0.414479
0.416311
-0.171287
-0.172081
-0.169697
-0.161682
-0.149262
-0.13235
-0.109529
-0.0790182
-0.0383662
0.0159061
0.0852897
0.156768
0.215867
0.260061
0.290773
0.310861
0.323041
0.329686
0.332682
0.333351
-0.0957788
-0.0966282
-0.0965625
-0.0941667
-0.0884591
-0.0785366
-0.0631651
-0.0406858
-0.00892927
0.0347369
0.0902457
0.145518
0.189491
0.221594
0.243388
0.257066
0.264878
0.268752
0.270236
0.270436
-0.0389455
-0.0397025
-0.0408719
-0.0418623
-0.0407544
-0.0360622
-0.0264744
-0.0105245
0.0134661
0.0473969
0.0905416
0.132744
0.165553
0.18899
0.204449
0.213915
0.21909
0.221382
0.22208
0.22208
-0.000653044
-0.00123101
-0.00269655
-0.00489843
-0.00586697
-0.00429508
0.00114503
0.0119262
0.0295253
0.0553336
0.0884087
0.120402
0.144756
0.161876
0.173037
0.179621
0.182958
0.184237
0.184473
0.184376
0.0230623
0.0226575
0.0213937
0.0192277
0.0177858
0.0181823
0.0213538
0.0285116
0.0410837
0.0602883
0.0852496
0.109332
0.127504
0.140036
0.147889
0.15233
0.154442
0.15506
0.154993
0.154848
0.03698
0.0367065
0.0357949
0.0341186
0.0327976
0.0327348
0.0347656
0.0398123
0.0488955
0.0630491
0.0816926
0.0996421
0.112939
0.121919
0.127495
0.130546
0.13183
0.132028
0.131803
0.13165
0.044878
0.0446854
0.0440803
0.0429254
0.041949
0.041774
0.0430189
0.0464981
0.0530993
0.0635506
0.0773393
0.090591
0.100391
0.106974
0.110935
0.112979
0.113741
0.113729
0.113464
0.113328
0.0491855
0.0490454
0.0486398
0.0478527
0.0471711
0.0470489
0.0479317
0.0503804
0.0550856
0.0627148
0.0729207
0.0827273
0.08989
0.0945846
0.0973422
0.0987123
0.099148
0.0990339
0.098778
0.0986632
0.0511183
0.0510161
0.0507234
0.050142
0.0496247
0.0495005
0.0501048
0.0518751
0.0553124
0.0608799
0.0683326
0.0754773
0.0806654
0.0840445
0.0859909
0.0869091
0.0871477
0.0869995
0.0867749
0.0866796
0.0512693
0.0511948
0.0509768
0.0505284
0.0501189
0.0499939
0.0503908
0.0516253
0.054088
0.0581397
0.063593
0.0688163
0.0725797
0.074991
0.0763433
0.076948
0.0770638
0.0769082
0.0767163
0.0766383
0.0500513
0.0499963
0.0498335
0.049489
0.049165
0.0490478
0.0493126
0.0501905
0.0519616
0.0548898
0.0588461
0.0626266
0.0653291
0.0670379
0.0679729
0.0683636
0.068402
0.0682497
0.0680874
0.0680238
0.0478123
0.0477703
0.0476486
0.0473867
0.0471332
0.0470264
0.0471942
0.0478066
0.0490712
0.0511831
0.054043
0.0567705
0.0587062
0.0599122
0.0605526
0.060798
0.0607906
0.060651
0.0605166
0.0604651
0.0448379
0.0448053
0.0447141
0.0445177
0.0443238
0.0442333
0.0443394
0.044766
0.0456645
0.047178
0.0492352
0.0511921
0.0525674
0.0534104
0.0538428
0.0539908
0.0539584
0.053835
0.0537243
0.0536825
0.0413438
0.0413182
0.0412489
0.0411011
0.0409528
0.0408771
0.0409414
0.0412355
0.0418705
0.0429491
0.0444202
0.0458142
0.0467852
0.0473691
0.0476565
0.04774
0.0476962
0.0475907
0.0475007
0.0474667
0.0374808
0.0374606
0.0374069
0.0372945
0.0371799
0.037116
0.0371516
0.0373518
0.0377962
0.0385599
0.0396044
0.0405912
0.0412704
0.0416705
0.0418575
0.0418992
0.0418513
0.0417618
0.0416884
0.0416609
0.0333534
0.0333375
0.0332955
0.0332086
0.0331187
0.0330643
0.0330802
0.0332129
0.0335198
0.0340549
0.0347904
0.0354828
0.0359543
0.0362241
0.0363415
0.0363562
0.0363084
0.0362333
0.0361738
0.0361517
0.0290348
0.0290224
0.0289893
0.0289212
0.0288494
0.0288021
0.028804
0.0288886
0.0290975
0.0294686
0.0299812
0.0304614
0.0307836
0.0309622
0.0310326
0.0310306
0.0309854
0.0309226
0.0308743
0.0308565
0.0245769
0.0245672
0.024541
0.0244874
0.0244297
0.0243884
0.0243813
0.0244325
0.024571
0.024824
0.025176
0.0255045
0.0257206
0.0258349
0.0258733
0.0258616
0.0258204
0.0257682
0.0257292
0.0257151
0.0200182
0.0200107
0.0199901
0.0199477
0.0199012
0.0198655
0.0198535
0.0198819
0.0199712
0.0201392
0.0203756
0.0205951
0.0207362
0.0208065
0.0208241
0.0208071
0.0207704
0.0207276
0.0206965
0.0206853
0.0153859
0.0153804
0.0153645
0.0153312
0.0152938
0.0152636
0.0152494
0.0152625
0.0153165
0.0154242
0.0155778
0.0157195
0.0158084
0.0158491
0.0158538
0.0158352
0.0158035
0.0157684
0.0157436
0.015735
0.0106991
0.0106953
0.0106833
0.0106574
0.0106285
0.0106047
0.0105914
0.0105957
0.010626
0.01069
0.010783
0.0108683
0.0109197
0.0109405
0.0109385
0.0109218
0.0108964
0.0108689
0.0108497
0.0108435
0.00597028
0.00596774
0.00595959
0.0059423
0.00592343
0.00590791
0.00589855
0.00589882
0.00591314
0.00594492
0.00599116
0.0060333
0.00605752
0.00606581
0.00606232
0.00605065
0.00603355
0.00601492
0.00600173
0.00599754
0.00359009
0.00358816
0.00357988
0.003567
0.00355557
0.00354701
0.00354261
0.00354518
0.00355758
0.00358089
0.00360746
0.00362596
0.00363452
0.00363463
0.0036286
0.00361876
0.00360628
0.00359492
0.00359035
0.00118544
-1.19803
-0.742694
-0.421846
-0.168215
0.0349049
0.19969
0.335512
0.452549
0.537801
0.540606
-0.514923
-0.298555
-0.109502
0.0518261
0.189492
0.30581
0.402956
0.479059
0.526895
0.545446
-0.148341
-0.0196074
0.102097
0.21169
0.307358
0.389023
0.456199
0.50753
0.543792
0.566369
0.0870154
0.171987
0.256083
0.333575
0.401556
0.460044
0.508689
0.547483
0.577706
0.598032
0.25659
0.313771
0.376719
0.433586
0.484176
0.528385
0.566218
0.597616
0.623054
0.640101
0.388871
0.430708
0.479629
0.523148
0.56341
0.599411
0.630945
0.657601
0.679369
0.693305
0.497613
0.533314
0.573108
0.610421
0.64527
0.677101
0.705237
0.728989
0.748097
0.759331
0.596156
0.629559
0.666604
0.702421
0.735603
0.765762
0.792219
0.814235
0.831294
0.840442
0.695579
0.731612
0.770041
0.80699
0.840244
0.869642
0.894784
0.915284
0.930634
0.938999
0.811122
0.852266
0.892417
0.930122
0.962719
0.99051
1.01369
1.03242
1.04649
1.05584
0.956581
0.999701
1.03791
1.07216
1.10067
1.12491
1.14591
1.16363
1.17773
1.18903
1.13543
1.1733
1.20164
1.22631
1.24764
1.2672
1.28567
1.30299
1.31905
1.33369
1.33373
1.3549
1.36996
1.38598
1.40246
1.4179
1.43175
1.44513
1.46072
1.47914
1.52467
1.53192
1.54257
1.5542
1.56418
1.57346
1.58385
1.59505
1.60674
1.61564
1.73801
1.73978
1.73188
1.71535
1.70429
1.70386
1.71605
1.7407
1.77485
1.79942
2.15761
1.96373
1.86273
1.80507
1.77597
1.76934
1.78458
1.82542
1.90127
2.04424
-0.700532
-0.705487
-0.668028
-0.603599
-0.527712
-0.443855
0.345446
0.415992
0.417118
0.338173
0.261976
0.180881
-0.115233
-0.41275
-0.783542
-1.2831
-1.89344
)
;

boundaryField
{
    wall-4
    {
        type            zeroGradient;
    }
    pressure-outlet-7
    {
        type            fixedValue;
        value           uniform 0;
    }
    velocity-inlet-6
    {
        type            zeroGradient;
    }
    velocity-inlet-5
    {
        type            zeroGradient;
    }
    frontAndBackPlanes
    {
        type            empty;
    }
}


// ************************************************************************* //
