/*--------------------------------*- C++ -*----------------------------------*\
  =========                 |
  \\      /  F ield         | OpenFOAM: The Open Source CFD Toolbox
   \\    /   O peration     | Website:  https://openfoam.org
    \\  /    A nd           | Version:  10
     \\/     M anipulation  |
\*---------------------------------------------------------------------------*/
FoamFile
{
    format      ascii;
    class       volScalarField;
    location    "47";
    object      p;
}
// * * * * * * * * * * * * * * * * * * * * * * * * * * * * * * * * * * * * * //

dimensions      [0 2 -2 0 0 0 0];

internalField   nonuniform List<scalar> 
8800
(
0.85311
0.805322
0.76663
0.737632
0.716764
0.701926
0.691321
0.68383
0.678996
0.676919
0.678165
0.682336
0.688967
0.698273
0.711044
0.728772
0.753545
0.787483
0.83003
0.888732
0.684365
0.692044
0.699513
0.702819
0.701312
0.69623
0.689736
0.683649
0.678912
0.67605
0.675749
0.678233
0.682704
0.688635
0.695393
0.701666
0.705301
0.704562
0.699138
0.690445
0.662778
0.668937
0.673061
0.676001
0.678044
0.678641
0.677524
0.675407
0.673373
0.672444
0.673381
0.67574
0.678522
0.680689
0.681285
0.680078
0.677729
0.674331
0.669771
0.66601
0.656988
0.659637
0.662385
0.664782
0.66641
0.667562
0.668291
0.668393
0.668078
0.668003
0.668727
0.669872
0.67069
0.670738
0.670115
0.669013
0.667189
0.664611
0.662205
0.660701
0.651633
0.653057
0.654831
0.656856
0.658632
0.659962
0.660936
0.661715
0.662306
0.66284
0.663458
0.663923
0.663996
0.663687
0.662972
0.66171
0.660002
0.658146
0.656834
0.656002
0.646592
0.647511
0.648747
0.650305
0.651927
0.653438
0.654705
0.655749
0.656685
0.657543
0.658192
0.658481
0.658406
0.657938
0.657035
0.655817
0.654474
0.653203
0.652375
0.651824
0.641729
0.642398
0.643354
0.644646
0.646042
0.647484
0.648903
0.650198
0.651363
0.652426
0.653196
0.653515
0.653388
0.652842
0.652006
0.651034
0.650001
0.649063
0.648472
0.648067
0.636999
0.637515
0.638293
0.639412
0.640674
0.642029
0.64345
0.64489
0.646276
0.647557
0.6485
0.648908
0.648827
0.648394
0.647751
0.646993
0.646191
0.645489
0.645049
0.644734
0.632335
0.632745
0.633394
0.634388
0.635576
0.63688
0.638296
0.639813
0.641384
0.642913
0.644078
0.644655
0.644746
0.644514
0.644078
0.64352
0.642914
0.642398
0.642067
0.641811
0.627652
0.627986
0.628546
0.629459
0.630596
0.631882
0.633326
0.634932
0.636674
0.638472
0.639927
0.64077
0.641114
0.641113
0.640888
0.640537
0.640112
0.639748
0.639501
0.639288
0.622867
0.623144
0.623642
0.624507
0.625624
0.626929
0.628438
0.63017
0.632122
0.634227
0.636051
0.637242
0.637889
0.63815
0.638154
0.638007
0.63776
0.637529
0.637348
0.637165
0.617894
0.618126
0.618585
0.619434
0.620569
0.621937
0.623554
0.625466
0.627691
0.63018
0.632456
0.634064
0.635063
0.635622
0.635877
0.635937
0.635864
0.635751
0.635625
0.635463
0.61265
0.612846
0.613285
0.614147
0.615344
0.616819
0.618598
0.620756
0.623334
0.626308
0.629135
0.631236
0.632643
0.633538
0.634072
0.634345
0.634454
0.634453
0.634373
0.634227
0.607041
0.607209
0.607645
0.608549
0.609847
0.611479
0.613487
0.615972
0.619001
0.622584
0.626079
0.628767
0.630651
0.63193
0.632776
0.633309
0.633596
0.633696
0.633655
0.63352
0.600958
0.601101
0.601548
0.602523
0.603969
0.605816
0.608127
0.611026
0.614621
0.618953
0.623261
0.626659
0.629115
0.630846
0.632047
0.632854
0.633343
0.633552
0.633547
0.633419
0.594273
0.59439
0.594864
0.595941
0.597586
0.599719
0.602419
0.605847
0.610149
0.615396
0.620696
0.624949
0.628086
0.630348
0.631962
0.633083
0.633798
0.634119
0.634149
0.634025
0.586824
0.586916
0.587431
0.588645
0.590544
0.59304
0.596239
0.600341
0.605533
0.611915
0.618415
0.623684
0.627621
0.630512
0.632622
0.634106
0.635071
0.63551
0.635574
0.635449
0.578385
0.57848
0.579046
0.580414
0.582642
0.585609
0.589447
0.594399
0.6007
0.608475
0.616425
0.622911
0.627797
0.631423
0.634126
0.636042
0.637287
0.637853
0.637951
0.637823
0.568679
0.568754
0.569407
0.570991
0.573641
0.577211
0.581854
0.587873
0.595552
0.605041
0.614741
0.622677
0.628693
0.633198
0.63659
0.639013
0.640584
0.641291
0.641421
0.641286
0.557333
0.557389
0.558136
0.560032
0.563225
0.567569
0.573247
0.580625
0.590027
0.601603
0.613415
0.623074
0.630417
0.635958
0.640145
0.643171
0.645111
0.645969
0.64613
0.645985
0.543818
0.54386
0.544752
0.547052
0.550961
0.556328
0.563363
0.572501
0.584093
0.59825
0.61256
0.624211
0.633084
0.639827
0.644953
0.648669
0.651017
0.652031
0.652219
0.65206
0.527379
0.527409
0.528513
0.531386
0.536282
0.543035
0.551875
0.563293
0.577621
0.594896
0.612171
0.626156
0.636796
0.644919
0.651131
0.655635
0.65843
0.6596
0.659807
0.659629
0.506918
0.506945
0.508381
0.512104
0.518412
0.527111
0.538433
0.552883
0.570699
0.591757
0.612457
0.629055
0.641677
0.651348
0.658764
0.664171
0.667436
0.66875
0.668961
0.668761
0.480658
0.480705
0.48272
0.487836
0.496345
0.507927
0.522762
0.541249
0.563428
0.588964
0.613558
0.633048
0.647836
0.659217
0.667942
0.674312
0.678036
0.679457
0.679649
0.679421
0.445573
0.445721
0.448932
0.456626
0.468877
0.484862
0.5047
0.528486
0.556008
0.586732
0.61563
0.638228
0.655299
0.66848
0.678649
0.685977
0.690086
0.691541
0.69168
0.691422
0.395912
0.396874
0.403291
0.416306
0.435081
0.457897
0.484653
0.515158
0.549004
0.585512
0.618971
0.644753
0.664141
0.679134
0.690739
0.698918
0.703259
0.704642
0.704701
0.704411
0.322748
0.329951
0.344867
0.367864
0.396372
0.428337
0.463557
0.50181
0.542698
0.585532
0.623966
0.653253
0.675221
0.692276
0.705446
0.714466
0.719018
0.720356
0.720377
0.720122
0.243827
0.260902
0.285118
0.318737
0.357404
0.398691
0.442494
0.488755
0.537162
0.587112
0.631557
0.665333
0.690681
0.710347
0.725529
0.735487
0.740091
0.741281
0.741334
0.741202
0.178123
0.198268
0.230216
0.272788
0.320429
0.370507
0.42263
0.476735
0.532506
0.589367
0.639558
0.677541
0.706007
0.728032
0.744753
0.755231
0.759742
0.761036
0.761179
0.761126
0.124305
0.14612
0.183569
0.232543
0.287248
0.344723
0.404208
0.465513
0.528207
0.591642
0.647277
0.689187
0.720498
0.744578
0.762654
0.77395
0.779159
0.780387
0.78053
0.780519
0.0794043
0.10241
0.143645
0.197702
0.258099
0.321677
0.387471
0.455167
0.524178
0.593727
0.65445
0.700018
0.733948
0.759996
0.779497
0.791793
0.797427
0.79872
0.798923
0.798942
0.0411467
0.0648436
0.108927
0.167026
0.232198
0.300963
0.372234
0.445599
0.520347
0.59554
0.661003
0.709948
0.746293
0.774107
0.794835
0.80795
0.814032
0.81557
0.815859
0.815909
0.00752767
0.0316986
0.0780553
0.139459
0.208666
0.281934
0.358058
0.436529
0.516532
0.596977
0.666864
0.718935
0.757454
0.786797
0.808533
0.822244
0.828693
0.830577
0.830935
0.830987
-0.0229184
0.00167242
0.0498962
0.114132
0.186813
0.26402
0.344486
0.427607
0.512478
0.597854
0.67192
0.726901
0.767381
0.798066
0.820606
0.834741
0.841511
0.843618
0.844009
0.844044
-0.0511158
-0.0261343
0.0237156
0.0903576
0.166105
0.246799
0.331163
0.41854
0.507953
0.598011
0.676085
0.733848
0.776155
0.807993
0.831058
0.845489
0.852449
0.854712
0.855129
0.855144
-0.0778308
-0.0524154
-0.00106102
0.0676806
0.146147
0.229952
0.317836
0.409123
0.502788
0.597323
0.679314
0.739835
0.783924
0.816757
0.840224
0.854791
0.861878
0.864263
0.864665
0.864649
-0.103385
-0.0775291
-0.0250261
0.0457868
0.126665
0.213259
0.304332
0.399215
0.496866
0.595715
0.681609
0.744943
0.790823
0.824596
0.848422
0.863116
0.870276
0.87267
0.873074
0.873026
-0.128174
-0.101745
-0.0481773
0.024449
0.107477
0.196576
0.290543
0.38873
0.490113
0.593136
0.682974
0.749239
0.796979
0.8317
0.855871
0.870661
0.877821
0.880165
0.88055
0.880485
-0.152313
-0.125436
-0.0706855
0.00353299
0.0884838
0.17983
0.276412
0.377628
0.482497
0.58956
0.683409
0.752773
0.802503
0.838235
0.862779
0.877632
0.884742
0.887015
0.887318
0.887208
-0.175908
-0.148481
-0.0926943
-0.0170311
0.0696477
0.163001
0.261932
0.365899
0.474009
0.584965
0.682887
0.755561
0.807482
0.844358
0.869319
0.884183
0.891116
0.893233
0.893446
0.89329
-0.199073
-0.171046
-0.11426
-0.0372668
0.0509539
0.146098
0.247132
0.35358
0.464668
0.579336
0.681358
0.757574
0.811979
0.850209
0.875617
0.890378
0.897009
0.898876
0.89899
0.898803
-0.221809
-0.193101
-0.135372
-0.0571608
0.0324423
0.129162
0.232065
0.340723
0.454514
0.572664
0.678763
0.758748
0.816008
0.855921
0.881855
0.896325
0.902438
0.903969
0.903979
0.903774
-0.243954
-0.214606
-0.155973
-0.0766751
0.0141541
0.112265
0.216797
0.327409
0.443615
0.564977
0.675035
0.758981
0.819517
0.86161
0.888302
0.902278
0.907514
0.908534
0.908428
0.908222
-0.265483
-0.235529
-0.176044
-0.0957558
-0.00384742
0.0954718
0.201425
0.313722
0.432053
0.556308
0.670125
0.758139
0.822389
0.867307
0.8953
0.908743
0.912559
0.91265
0.912353
0.912199
-0.286459
-0.255828
-0.195555
-0.114368
-0.0214977
0.0788671
0.186037
0.299767
0.419924
0.54672
0.663988
0.756079
0.824413
0.872864
0.90311
0.916561
0.918539
0.916765
0.915853
0.91596
-0.306707
-0.275477
-0.214444
-0.132444
-0.0387353
0.0625347
0.17073
0.285657
0.407345
0.536311
0.656617
0.752641
0.825303
0.877872
0.911565
0.926634
0.92759
0.923087
0.920012
0.919397
-0.326318
-0.294467
-0.232728
-0.150011
-0.0555924
0.0464293
0.155445
0.271331
0.394244
0.525002
0.647875
0.747551
0.824731
0.881732
0.919844
0.938999
0.941847
0.936249
0.927278
0.912427
-0.345215
-0.312785
-0.250528
-0.167268
-0.0723604
0.0302141
0.139764
0.256303
0.380079
0.51215
0.637105
0.740004
0.82207
0.883561
0.925913
0.95081
0.956555
0.944909
0.92554
0.912495
-0.363221
-0.330569
-0.267647
-0.183989
-0.0887098
0.0142374
0.123915
0.240901
0.36516
0.49802
0.624403
0.72958
0.816612
0.882225
0.925204
0.949721
0.958899
0.93701
0.868679
0.837674
-0.379671
-0.349054
-0.28375
-0.199605
-0.103895
-0.000995267
0.108205
0.225351
0.349704
0.48274
0.609722
0.716022
0.807091
0.877153
0.913043
0.931017
0.924617
0.872145
0.802875
0.760122
-0.436071
-0.36534
-0.298467
-0.215186
-0.119484
-0.0169283
0.0925693
0.209374
0.333348
0.465865
0.59248
0.698783
0.789849
0.866683
0.872764
0.879477
0.834847
0.766748
0.690675
0.648228
-0.397422
-0.381188
-0.320333
-0.236731
-0.142261
-0.0398429
0.0686699
0.184836
0.307818
0.438814
0.56317
0.667353
0.750139
0.830165
0.82067
0.711654
0.608499
0.536686
0.463955
0.495783
-0.428939
-0.399296
-0.33742
-0.254576
-0.160051
-0.0578598
0.0509286
0.166469
0.288408
0.417595
0.539033
0.638915
0.713268
0.75543
0.708647
0.563374
0.437614
0.347455
0.24915
0.300449
-0.453285
-0.420696
-0.357534
-0.274436
-0.179812
-0.077705
0.0310269
0.145763
0.266349
0.393157
0.510836
0.604705
0.670078
0.678898
0.574554
0.403503
0.25217
0.134387
0.00363876
0.0371419
-0.477147
-0.442998
-0.378632
-0.294619
-0.199809
-0.0978007
0.0104534
0.124274
0.243329
0.367407
0.480465
0.567332
0.61729
0.595127
0.438823
0.243805
0.0542119
-0.113331
-0.302071
-0.319359
-0.500389
-0.465809
-0.400532
-0.315729
-0.22068
-0.118833
-0.0111749
0.101621
0.218907
0.339902
0.447704
0.527182
0.558593
0.500752
0.309758
0.10025
-0.116698
-0.306017
-0.548586
-0.849805
-0.52394
-0.489363
-0.423527
-0.338192
-0.242888
-0.141146
-0.0340043
0.0777489
0.193178
0.310872
0.413198
0.484337
0.496078
0.387467
0.197641
-0.0113954
-0.215371
-0.387638
-0.456206
-0.536818
-0.548733
-0.514121
-0.447972
-0.362358
-0.266937
-0.165385
-0.0588434
0.0517099
0.164988
0.278893
0.375382
0.43581
0.423174
0.280927
0.0982875
-0.091843
-0.254078
-0.346545
-0.370492
-0.386539
-0.575092
-0.540396
-0.474041
-0.388316
-0.29296
-0.19176
-0.0860497
0.0230168
0.133748
0.243256
0.33342
0.380387
0.350172
0.182154
0.00836412
-0.156673
-0.28273
-0.321542
-0.334587
-0.335868
-0.60322
-0.568353
-0.501794
-0.416055
-0.320902
-0.220276
-0.115641
-0.00838123
0.0993891
0.203955
0.286976
0.319977
0.271346
0.0908384
-0.0739608
-0.221704
-0.297927
-0.314801
-0.316121
-0.315908
-0.633168
-0.598019
-0.53125
-0.445564
-0.350772
-0.250917
-0.147618
-0.0424999
0.061918
0.161064
0.236073
0.257652
0.173597
0.00735741
-0.14941
-0.271203
-0.307488
-0.30604
-0.305054
-0.304452
-0.664647
-0.629283
-0.562296
-0.476752
-0.382479
-0.283625
-0.18195
-0.0793163
0.0213587
0.114684
0.181563
0.18717
0.0838504
-0.0705076
-0.209136
-0.284837
-0.294917
-0.297244
-0.297823
-0.29743
-0.697077
-0.661592
-0.594677
-0.50939
-0.41583
-0.318238
-0.218483
-0.118703
-0.0221389
0.0651282
0.123804
0.115002
0.00318578
-0.136925
-0.253106
-0.283665
-0.292227
-0.29377
-0.29338
-0.292898
-0.730005
-0.69442
-0.627906
-0.543073
-0.45047
-0.35443
-0.256938
-0.16038
-0.0683301
0.0130462
0.0619263
0.0471257
-0.0704919
-0.192631
-0.284495
-0.300197
-0.291646
-0.290128
-0.289847
-0.289488
-0.762545
-0.727124
-0.661123
-0.577161
-0.485848
-0.391718
-0.296863
-0.20389
-0.116763
-0.0410863
-0.00140438
-0.0147292
-0.132365
-0.239948
-0.293198
-0.29965
-0.292807
-0.287396
-0.285354
-0.284814
-0.79309
-0.758467
-0.693367
-0.61073
-0.521177
-0.429382
-0.337593
-0.248578
-0.166646
-0.0968388
-0.0596149
-0.0840951
-0.176177
-0.277863
-0.303661
-0.306352
-0.294552
-0.283544
-0.279459
-0.278012
-0.820092
-0.786489
-0.723502
-0.642622
-0.555397
-0.466449
-0.378233
-0.293594
-0.216953
-0.153507
-0.115526
-0.152858
-0.204594
-0.260938
-0.329519
-0.310176
-0.299411
-0.295157
-0.292566
-0.290738
-0.841428
-0.809602
-0.749324
-0.671374
-0.587167
-0.501735
-0.417636
-0.337849
-0.266718
-0.210141
-0.174249
-0.219214
-0.220607
-0.179771
-0.224968
-0.290061
-0.343684
-0.365907
-0.36611
-0.363031
-0.854863
-0.825735
-0.769122
-0.695042
-0.61491
-0.533807
-0.454472
-0.379993
-0.314863
-0.265878
-0.232532
-0.303687
-0.306676
-0.15845
-0.212109
-0.369006
-0.464953
-0.488414
-0.484593
-0.483832
-0.857719
-0.832635
-0.780825
-0.71176
-0.636816
-0.561033
-0.487131
-0.418429
-0.359867
-0.31894
-0.287874
-0.430281
-0.64367
-0.733476
-0.678438
-0.632034
-0.592635
-0.568186
-0.558962
-0.55879
-0.848077
-0.827745
-0.782246
-0.719873
-0.651289
-0.581708
-0.513869
-0.451204
-0.399487
-0.367104
-0.352256
-0.558822
-0.928022
-1.52877
-1.45404
-0.970785
-0.691138
-0.596787
-0.571506
-0.564318
-0.823642
-0.8081
-0.771563
-0.718007
-0.657113
-0.59451
-0.532932
-0.475998
-0.430084
-0.403711
-0.405588
-0.507046
-0.655659
-0.936297
-0.984199
-0.638011
-0.43487
-0.375484
-0.364873
-0.362288
-0.786464
-0.776285
-0.749205
-0.706162
-0.654046
-0.598849
-0.543173
-0.490832
-0.447342
-0.421536
-0.406542
-0.278967
0.0634409
0.550243
0.63674
0.341849
0.0270358
-0.0903216
-0.10969
-0.100585
-0.742555
-0.736774
-0.719643
-0.686853
-0.643836
-0.595308
-0.544697
-0.494605
-0.450924
-0.420827
-0.405235
-0.227673
0.0806616
0.365805
0.225717
-0.154304
-0.265179
-0.234305
-0.179506
-0.190626
-0.70092
-0.697522
-0.688692
-0.665209
-0.629432
-0.586175
-0.538674
-0.48921
-0.441393
-0.407748
-0.403095
-0.433895
-0.68364
-1.18804
-1.72388
-2.13172
-2.11094
-1.86343
-1.58705
-1.41832
-0.668633
-0.666507
-0.661963
-0.646051
-0.615681
-0.574926
-0.527788
-0.475067
-0.420555
-0.369466
-0.344978
-0.416336
-0.76905
-1.24858
-1.58411
-1.58821
-1.37624
-1.09032
-0.861397
-0.753381
-0.642207
-0.641346
-0.639919
-0.6312
-0.60552
-0.565407
-0.51525
-0.457051
-0.390717
-0.312658
-0.23514
-0.159171
-0.167716
-0.118617
0.00803846
0.217796
0.534089
0.801747
0.963406
1.02211
-0.625423
-0.624914
-0.624374
-0.62042
-0.599734
-0.558587
-0.503707
-0.437152
-0.357966
-0.26114
-0.136194
0.0394331
0.257992
0.569368
0.961547
1.41229
1.79891
2.05057
2.17353
2.21032
-0.614512
-0.614199
-0.613668
-0.612533
-0.596882
-0.555456
-0.495345
-0.420922
-0.329943
-0.218492
-0.0823144
0.0557155
0.296851
0.718038
1.26319
1.75972
2.13546
2.35152
2.44658
2.47103
-0.60773
-0.606997
-0.605252
-0.604339
-0.595551
-0.557574
-0.492736
-0.410536
-0.312241
-0.197788
-0.0685804
0.0696554
0.245215
0.643688
1.11562
1.54414
1.85626
2.02757
2.09958
2.11678
-0.613399
-0.61047
-0.604779
-0.603053
-0.602818
-0.568889
-0.49614
-0.404731
-0.30245
-0.18769
-0.0697422
0.050919
0.173219
0.459721
0.830097
1.14138
1.37306
1.49756
1.54894
1.5605
-0.646578
-0.643748
-0.643069
-0.646648
-0.646494
-0.595281
-0.502776
-0.3984
-0.292423
-0.181417
-0.0776979
0.0187014
0.107509
0.30035
0.552675
0.766127
0.921552
1.00505
1.03931
1.04618
-0.697405
-0.703806
-0.719359
-0.727013
-0.705802
-0.620088
-0.500431
-0.383879
-0.277769
-0.176243
-0.0907427
-0.0178515
0.0437715
0.180469
0.347223
0.483084
0.579636
0.630398
0.65066
0.654202
-0.684202
-0.696723
-0.716955
-0.72308
-0.689164
-0.588
-0.463706
-0.351181
-0.254982
-0.169457
-0.102768
-0.0524105
-0.0101174
0.0802571
0.191121
0.280186
0.337567
0.366801
0.379306
0.380964
-0.529278
-0.541572
-0.557807
-0.561954
-0.532763
-0.459337
-0.374724
-0.292717
-0.219193
-0.15411
-0.106003
-0.0750107
-0.0489404
0.0206409
0.0906761
0.142954
0.177508
0.195354
0.202385
0.202826
-0.29157
-0.297723
-0.307428
-0.315453
-0.309852
-0.287381
-0.253986
-0.214158
-0.172029
-0.130127
-0.101479
-0.0894299
-0.0813011
-0.0284092
0.0260471
0.0623054
0.0815627
0.0898284
0.0927039
0.0926904
-0.0865988
-0.0895299
-0.0972311
-0.110886
-0.127785
-0.140218
-0.14356
-0.137066
-0.122119
-0.101762
-0.0876577
-0.0853927
-0.0828681
-0.0460386
-0.0102728
0.0133837
0.0267059
0.0325816
0.034587
0.0343415
0.0350816
0.0332966
0.0263115
0.0099833
-0.0155439
-0.0425098
-0.0636769
-0.0755194
-0.0771521
-0.0706132
-0.0633976
-0.0624512
-0.0585785
-0.0314626
-0.00765622
0.00454284
0.00895695
0.0103571
0.0108281
0.0105138
0.0859552
0.084637
0.0787467
0.0640115
0.0398938
0.0123437
-0.0125928
-0.0309865
-0.0404679
-0.0405599
-0.034648
-0.0282526
-0.0200357
0.000280053
0.0101354
0.0141833
0.0149818
0.0151678
0.0153837
0.0148513
0.0968093
0.095843
0.0914725
0.0803105
0.0615977
0.0389831
0.0166276
-0.00180448
-0.0132825
-0.0150649
-0.00618954
0.00913444
0.0272096
0.0391348
0.0384868
0.0358665
0.0340484
0.0340428
0.0334621
0.032666
0.0898175
0.0891859
0.0862328
0.0785116
0.0651952
0.0483165
0.0306148
0.0151833
0.00503113
0.00402459
0.0160736
0.0388502
0.0626767
0.067603
0.0608886
0.0558032
0.0545182
0.0544186
0.0542355
0.0530956
0.076217
0.0758485
0.0739706
0.0688943
0.0598497
0.0479173
0.0347628
0.0227198
0.0145359
0.0143112
0.0274384
0.0515657
0.0754053
0.0752248
0.0671366
0.0640862
0.0644237
0.0662515
0.0662152
0.0647884
0.0608524
0.0606753
0.0595249
0.0562931
0.0503188
0.0420944
0.032622
0.0235117
0.0168336
0.016182
0.0267109
0.0462661
0.0633642
0.0595628
0.0536062
0.0540465
0.0578098
0.060876
0.0610037
0.0594924
0.0458465
0.0457213
0.0450401
0.0430573
0.0392139
0.0336276
0.0268086
0.0196735
0.0135405
0.0108126
0.0153902
0.0255427
0.0327204
0.026765
0.0244209
0.027895
0.0329727
0.0357858
0.0358463
0.0346025
0.0322561
0.0321578
0.0317336
0.0305324
0.0280912
0.024282
0.0192145
0.0132285
0.00677473
0.000677004
-0.00324616
-0.00571877
-0.0103176
-0.0174976
-0.0164492
-0.00900922
-0.00268967
-0.000297836
-0.000280189
-0.00119392
0.0206899
0.0205932
0.0202887
0.0195761
0.01806
0.0154244
0.0114667
0.00601414
-0.00126051
-0.0111902
-0.0244093
-0.0403203
-0.0586111
-0.0665284
-0.0581349
-0.0476861
-0.0411478
-0.0391963
-0.0390802
-0.0395454
0.0116484
0.0115336
0.0112933
0.0108389
0.00987437
0.00797867
0.00472463
-0.000449315
-0.0085254
-0.0217386
-0.0426623
-0.0715601
-0.0961356
-0.0999999
-0.0883481
-0.077248
-0.0721141
-0.0706178
-0.0703549
-0.0705342
0.00528095
0.00514819
0.00492247
0.00456281
0.00398378
0.00251855
-0.000236345
-0.00497763
-0.0131734
-0.0279998
-0.0529503
-0.0856949
-0.115909
-0.113986
-0.100657
-0.0913443
-0.0883133
-0.0879846
-0.0876423
-0.08761
0.00142082
0.00130937
0.001109
0.000845616
0.000362681
-0.000755468
-0.00300062
-0.00715583
-0.0145596
-0.0284949
-0.0527964
-0.0854844
-0.108268
-0.102752
-0.0925478
-0.0873813
-0.0872691
-0.0878603
-0.0874826
-0.0873472
-0.000386763
-0.000490857
-0.000655114
-0.000867375
-0.00121347
-0.00199659
-0.00363158
-0.00676788
-0.0124917
-0.0234228
-0.0421602
-0.0661749
-0.0797552
-0.0739049
-0.0682621
-0.0682643
-0.0698587
-0.0707937
-0.0705786
-0.0705445
-0.000707817
-0.000790047
-0.000905369
-0.00102258
-0.00121442
-0.00164219
-0.00257476
-0.00435244
-0.00765233
-0.014005
-0.024408
-0.0365272
-0.0414946
-0.037133
-0.0378788
-0.0397921
-0.0417772
-0.0424295
-0.0423068
-0.0424374
4.42155e-05
1.85535e-05
4.50304e-06
-7.36266e-05
-0.000201893
-0.000205362
-0.00028244
-0.000485632
-0.000953431
-0.00163283
-0.00285675
-0.00454516
-0.00575731
-0.00570718
-0.00909026
-0.0123467
-0.013824
-0.012433
-0.0114773
-0.0108266
-0.070854
0.0972908
0.293931
0.465437
0.602844
0.711508
0.801589
0.878108
0.912733
0.889425
0.235117
0.3568
0.487758
0.601094
0.69679
0.776118
0.840341
0.88588
0.908681
0.920714
0.456076
0.539596
0.629102
0.708281
0.776426
0.833452
0.878785
0.911885
0.935778
0.953726
0.618185
0.677837
0.740216
0.797756
0.847853
0.89039
0.925314
0.953157
0.976052
0.994333
0.744543
0.78802
0.834308
0.878427
0.917402
0.951434
0.980551
1.00477
1.02522
1.04305
0.849424
0.882515
0.920843
0.956592
0.989396
1.01879
1.04447
1.06604
1.08394
1.10128
0.942324
0.97114
1.00526
1.03752
1.06758
1.09484
1.11866
1.13844
1.15398
1.17105
1.03113
1.06041
1.0945
1.12663
1.1563
1.18294
1.20586
1.22438
1.23777
1.25481
1.12657
1.15983
1.19652
1.23015
1.26024
1.28646
1.30845
1.32575
1.33763
1.35503
1.24164
1.27951
1.31818
1.35245
1.38183
1.4066
1.42699
1.44289
1.45437
1.47244
1.38663
1.4252
1.46136
1.49206
1.51776
1.53987
1.55893
1.57447
1.58691
1.60491
1.56175
1.59337
1.61956
1.64203
1.66201
1.68074
1.69846
1.71495
1.7303
1.74837
1.75038
1.76758
1.78262
1.79886
1.81477
1.82931
1.84252
1.85645
1.87399
1.89415
1.9321
1.94164
1.95319
1.964
1.97329
1.98287
1.99366
2.00503
2.0164
2.03175
2.13935
2.14301
2.12807
2.11326
2.10698
2.11266
2.13114
2.16146
2.19363
2.22029
2.44567
2.3108
2.23417
2.19179
2.17437
2.17834
2.20573
2.26215
2.36477
2.58913
0.74371
0.74158
0.737095
0.728468
0.716239
0.704104
0.693867
0.685958
0.680323
0.677046
0.676661
0.67937
0.684451
0.691655
0.701028
0.712559
0.725203
0.736233
0.742342
0.745394
0.66817
0.674016
0.680349
0.684837
0.687302
0.68697
0.684224
0.680401
0.676872
0.674587
0.674408
0.676574
0.680211
0.684479
0.688271
0.690143
0.689199
0.685711
0.680544
0.673923
0.659758
0.662055
0.665456
0.668447
0.670516
0.672004
0.672747
0.672415
0.671369
0.670459
0.670599
0.67199
0.673776
0.675058
0.67522
0.674316
0.672757
0.670413
0.667144
0.664221
0.654267
0.655353
0.657183
0.659555
0.661571
0.662988
0.663995
0.664729
0.665107
0.665298
0.665748
0.666514
0.667076
0.667114
0.666679
0.665813
0.664331
0.662237
0.660143
0.658758
0.649088
0.649751
0.650856
0.652554
0.654326
0.655946
0.657225
0.65822
0.659074
0.659826
0.660507
0.66101
0.66116
0.660959
0.660364
0.659287
0.657841
0.656285
0.654958
0.654176
0.644143
0.644604
0.645386
0.646677
0.648153
0.649656
0.651102
0.652375
0.653477
0.654487
0.655345
0.655851
0.655944
0.655626
0.654893
0.653874
0.652726
0.651576
0.650651
0.650131
0.639354
0.639698
0.640306
0.641366
0.642647
0.644004
0.645421
0.646838
0.648171
0.649396
0.650436
0.651052
0.651162
0.65083
0.650185
0.649371
0.64849
0.647603
0.646917
0.646537
0.634667
0.634935
0.635425
0.636325
0.63748
0.638757
0.640125
0.641579
0.643072
0.644527
0.645788
0.646564
0.646781
0.646588
0.646137
0.64553
0.644842
0.644174
0.643667
0.643377
0.630004
0.630217
0.630624
0.631412
0.632486
0.633711
0.635065
0.636559
0.638173
0.63985
0.641377
0.642388
0.642821
0.642849
0.64261
0.642208
0.641714
0.641229
0.640859
0.640631
0.62528
0.625452
0.6258
0.626515
0.62754
0.628741
0.630117
0.631685
0.633442
0.635353
0.637196
0.638533
0.639261
0.639551
0.639543
0.639351
0.639052
0.63873
0.638472
0.638291
0.620412
0.620551
0.620857
0.621527
0.622533
0.623755
0.625191
0.626874
0.628824
0.631022
0.63325
0.634996
0.636078
0.636671
0.636922
0.63695
0.636842
0.636674
0.636509
0.636363
0.615315
0.615427
0.615705
0.616355
0.617377
0.618664
0.620205
0.622058
0.624268
0.626832
0.629539
0.631776
0.633273
0.634212
0.634752
0.635014
0.635099
0.635081
0.634999
0.634881
0.609901
0.60999
0.610251
0.610905
0.61198
0.613375
0.615074
0.617163
0.619714
0.62275
0.626049
0.628872
0.630857
0.632193
0.633054
0.633589
0.633882
0.634005
0.633993
0.633897
0.604069
0.604137
0.60439
0.605071
0.606237
0.607786
0.609707
0.61211
0.615092
0.618715
0.62274
0.626274
0.628841
0.630645
0.631875
0.632708
0.63323
0.633502
0.633557
0.63348
0.5977
0.597748
0.598002
0.598733
0.600029
0.601788
0.604001
0.606806
0.610334
0.614688
0.6196
0.623994
0.627259
0.629615
0.631276
0.632444
0.633229
0.63366
0.633782
0.63372
0.590655
0.590684
0.590943
0.591745
0.593215
0.595245
0.597834
0.601152
0.60537
0.610623
0.616619
0.622055
0.626157
0.629169
0.631337
0.632893
0.633978
0.634583
0.634771
0.634723
0.582748
0.582763
0.583022
0.583923
0.585619
0.587988
0.591065
0.595042
0.600135
0.606517
0.613839
0.620515
0.625597
0.629376
0.632145
0.634174
0.635596
0.636388
0.636646
0.636609
0.573688
0.573672
0.57399
0.575023
0.577001
0.579816
0.583512
0.588315
0.594493
0.602263
0.611198
0.619372
0.625633
0.630326
0.633807
0.636399
0.638212
0.639216
0.639545
0.639517
0.563204
0.563161
0.563523
0.564745
0.567082
0.570468
0.574954
0.58081
0.588357
0.597845
0.608741
0.618706
0.626356
0.632129
0.63645
0.639692
0.641963
0.643204
0.64361
0.643589
0.550822
0.550752
0.55119
0.552653
0.555465
0.559599
0.565109
0.572319
0.581607
0.593233
0.606504
0.618595
0.627866
0.634897
0.640212
0.644208
0.647004
0.648505
0.648988
0.64897
0.535911
0.535812
0.536369
0.538177
0.541626
0.546765
0.553639
0.56263
0.57415
0.588437
0.604559
0.619127
0.630282
0.63876
0.645225
0.650094
0.65348
0.655257
0.655813
0.655793
0.517561
0.517433
0.518183
0.520491
0.52483
0.531358
0.54009
0.551445
0.565827
0.583387
0.60291
0.620364
0.633674
0.643815
0.651587
0.657454
0.661502
0.663567
0.664185
0.664155
0.49437
0.494224
0.495303
0.498389
0.504072
0.51264
0.524024
0.538624
0.556746
0.578362
0.601861
0.622542
0.638218
0.650188
0.659397
0.666383
0.671131
0.673472
0.674128
0.674077
0.464004
0.463879
0.465562
0.470006
0.477954
0.489709
0.504984
0.524028
0.546911
0.573385
0.601438
0.625721
0.643976
0.657913
0.668686
0.676888
0.682317
0.68488
0.685534
0.685449
0.422338
0.422375
0.425402
0.4327
0.444839
0.461814
0.482863
0.507913
0.53676
0.568939
0.602042
0.630126
0.651055
0.667025
0.679424
0.688852
0.694854
0.697511
0.698103
0.697974
0.361678
0.36286
0.370304
0.383958
0.40379
0.429077
0.458261
0.490961
0.526862
0.565406
0.603875
0.635865
0.659477
0.677445
0.691417
0.7019
0.708308
0.710847
0.711269
0.711099
0.289333
0.291085
0.305367
0.328923
0.359566
0.394681
0.43277
0.473676
0.517205
0.562851
0.607647
0.644579
0.671805
0.692497
0.708474
0.72027
0.727094
0.729628
0.730071
0.730008
0.214533
0.220681
0.241801
0.275504
0.316456
0.361141
0.408124
0.457304
0.508564
0.561447
0.612779
0.654862
0.685826
0.709455
0.727731
0.740781
0.747773
0.750013
0.750281
0.750293
0.153396
0.161823
0.187546
0.228254
0.277214
0.330049
0.385047
0.441963
0.500595
0.560448
0.618037
0.664977
0.699401
0.725587
0.745677
0.75977
0.766867
0.769132
0.769739
0.769833
0.103622
0.112642
0.141915
0.187844
0.242903
0.302303
0.364071
0.427815
0.49317
0.559527
0.623014
0.674503
0.712131
0.740676
0.762469
0.777662
0.785426
0.788264
0.788997
0.789118
0.0618304
0.0711369
0.10287
0.152798
0.21284
0.277691
0.345188
0.414891
0.486274
0.558597
0.627563
0.683289
0.723875
0.754592
0.778061
0.794332
0.802972
0.806209
0.807059
0.807178
0.0256633
0.0350968
0.0686918
0.121818
0.18597
0.255461
0.327951
0.402924
0.479751
0.557556
0.631627
0.691285
0.73459
0.76725
0.792115
0.809335
0.81866
0.822236
0.823206
0.823333
-0.00652645
0.00296394
0.0379936
0.0938285
0.161429
0.234909
0.31181
0.39152
0.473325
0.556219
0.635076
0.698412
0.744194
0.778585
0.804604
0.822569
0.83243
0.836346
0.837351
0.837478
-0.0359818
-0.0264304
0.00977406
0.0679458
0.138526
0.215495
0.296309
0.380307
0.466699
0.554368
0.637769
0.704594
0.752684
0.788617
0.815593
0.834051
0.844292
0.848426
0.849478
0.84959
-0.0635291
-0.0539176
-0.0166482
0.0435138
0.116753
0.19681
0.28112
0.369014
0.459654
0.551831
0.639602
0.709816
0.760141
0.797488
0.825214
0.843954
0.854354
0.858662
0.859802
0.859894
-0.0897123
-0.0800072
-0.0417464
0.0201096
0.0957443
0.178548
0.266006
0.357452
0.452031
0.548481
0.640505
0.714108
0.766679
0.805379
0.833728
0.852722
0.863217
0.867601
0.868725
0.868809
-0.114984
-0.105086
-0.0659765
-0.00249315
0.0752505
0.16051
0.250809
0.345494
0.443731
0.544237
0.640447
0.717514
0.772403
0.812458
0.841403
0.86061
0.871197
0.875562
0.876647
0.876661
-0.139561
-0.129428
-0.0895391
-0.0244844
0.0551184
0.142573
0.235434
0.333075
0.434693
0.539057
0.639412
0.720061
0.777403
0.818872
0.848434
0.867836
0.878449
0.882759
0.883786
0.883796
-0.163531
-0.153172
-0.112432
-0.0460144
0.0352644
0.124689
0.219846
0.320165
0.424898
0.532908
0.637376
0.721763
0.781741
0.824755
0.855004
0.874605
0.885187
0.889365
0.890292
0.89026
-0.187022
-0.176342
-0.134847
-0.067135
0.0156554
0.106838
0.204046
0.306778
0.414358
0.525796
0.634305
0.722586
0.785453
0.830228
0.86127
0.881028
0.891461
0.895423
0.896197
0.896111
-0.21
-0.199026
-0.156766
-0.0878651
-0.00370286
0.0890432
0.188079
0.292962
0.403113
0.517729
0.630167
0.722468
0.78853
0.835382
0.86738
0.887228
0.897323
0.900921
0.901516
0.901386
-0.232506
-0.221209
-0.178138
-0.108169
-0.0227777
0.0713471
0.171995
0.278785
0.391227
0.508742
0.62493
0.721327
0.790905
0.840272
0.873529
0.893412
0.902892
0.905912
0.906282
0.906114
-0.254354
-0.242807
-0.198953
-0.128002
-0.0415122
0.0538299
0.15587
0.264325
0.378781
0.4989
0.618577
0.71907
0.792468
0.844885
0.879924
0.899953
0.908449
0.910492
0.91051
0.910313
-0.27568
-0.263776
-0.219186
-0.147336
-0.05987
0.0365364
0.139798
0.249669
0.365869
0.488288
0.611119
0.715591
0.793053
0.849083
0.886681
0.907398
0.914672
0.915029
0.914261
0.91401
-0.296315
-0.284086
-0.238802
-0.16612
-0.0777683
0.0195542
0.123864
0.234941
0.352604
0.476974
0.6026
0.710797
0.792459
0.852588
0.893644
0.916261
0.922896
0.920874
0.918116
0.916989
-0.316316
-0.303778
-0.257742
-0.184296
-0.0951656
0.00295483
0.108153
0.220221
0.3391
0.465097
0.593093
0.704603
0.790467
0.854979
0.900198
0.926385
0.934565
0.931399
0.924631
0.915707
-0.335598
-0.322808
-0.276106
-0.202022
-0.112273
-0.0135439
0.0923251
0.205102
0.324896
0.452139
0.582049
0.696419
0.786527
0.855771
0.905457
0.936704
0.949735
0.947871
0.93772
0.931244
-0.354106
-0.341092
-0.293883
-0.219256
-0.129084
-0.0299427
0.0763978
0.189567
0.309951
0.437988
0.569283
0.685884
0.77991
0.854177
0.907254
0.942312
0.957951
0.960919
0.923397
0.871036
-0.371552
-0.35784
-0.310952
-0.235924
-0.145703
-0.0463885
0.0603233
0.173732
0.294326
0.422705
0.55473
0.672801
0.769582
0.849687
0.903416
0.933197
0.949173
0.933594
0.877097
0.814284
-0.38826
-0.373643
-0.327182
-0.251318
-0.161734
-0.0624046
0.043872
0.157655
0.278166
0.406461
0.538411
0.656964
0.754395
0.843155
0.891609
0.939573
0.902745
0.857142
0.786893
0.719772
-0.374364
-0.355951
-0.305754
-0.225349
-0.130379
-0.0277533
0.0837453
0.200346
0.324027
0.456123
0.582269
0.688304
0.777763
0.872051
0.913305
0.832442
0.783213
0.718177
0.645215
0.59728
-0.398871
-0.382448
-0.346111
-0.275738
-0.186536
-0.0879006
0.0186384
0.131893
0.251781
0.379027
0.509321
0.626282
0.721282
0.802569
0.875958
0.870382
0.747071
0.662345
0.59882
0.516363
-0.419277
-0.403458
-0.361405
-0.289638
-0.200024
-0.101747
0.00365677
0.116028
0.235005
0.360926
0.489585
0.60438
0.696236
0.76603
0.792029
0.716005
0.576805
0.481006
0.405649
0.318048
-0.440109
-0.427414
-0.380826
-0.307725
-0.217992
-0.119413
-0.0140101
0.0980927
0.216235
0.340725
0.466593
0.576812
0.660078
0.715593
0.692392
0.562014
0.411002
0.294125
0.196401
0.0605285
-0.464174
-0.451032
-0.402318
-0.328008
-0.237962
-0.139297
-0.0339664
0.077609
0.194722
0.317399
0.439894
0.544713
0.619682
0.653925
0.595464
0.413768
0.23354
0.0816372
-0.0581604
-0.25406
-0.487257
-0.474459
-0.424515
-0.348959
-0.258367
-0.159708
-0.0547192
0.0560655
0.171901
0.292387
0.411076
0.509809
0.576695
0.577783
0.469682
0.273271
0.0616266
-0.137453
-0.311687
-0.704024
-0.510426
-0.497985
-0.447514
-0.371022
-0.279981
-0.181258
-0.0766205
0.0333578
0.147799
0.265847
0.380372
0.472195
0.527703
0.496674
0.347086
0.148301
-0.0676448
-0.278082
-0.456341
-0.732693
-0.534552
-0.522253
-0.471563
-0.39447
-0.303108
-0.204313
-0.099984
0.00921422
0.122205
0.237636
0.347733
0.43225
0.473477
0.425692
0.237457
0.0458211
-0.150237
-0.315862
-0.387031
-0.425297
-0.560133
-0.547966
-0.497047
-0.41962
-0.328143
-0.229447
-0.125579
-0.0173856
0.0938334
0.206172
0.311195
0.387775
0.413317
0.331582
0.140029
-0.0394969
-0.202373
-0.307601
-0.345036
-0.354305
-0.587348
-0.575227
-0.524133
-0.446492
-0.355031
-0.256613
-0.153424
-0.0464947
0.0625898
0.171344
0.270593
0.339037
0.338887
0.227565
0.0512169
-0.114687
-0.252535
-0.307442
-0.319466
-0.324397
-0.616411
-0.604279
-0.552896
-0.475095
-0.383763
-0.28581
-0.183524
-0.0781556
0.0284339
0.133171
0.225998
0.285562
0.260834
0.130348
-0.0315143
-0.187508
-0.285437
-0.314292
-0.310268
-0.310304
-0.647061
-0.635116
-0.583301
-0.50539
-0.414299
-0.316993
-0.215863
-0.112355
-0.00862547
0.0916599
0.177671
0.226387
0.192521
0.0407453
-0.106674
-0.243406
-0.283449
-0.295806
-0.300617
-0.300708
-0.679093
-0.667092
-0.615129
-0.537205
-0.446504
-0.350051
-0.250347
-0.149017
-0.0485372
0.0469689
0.125797
0.164005
0.124654
-0.0361028
-0.172641
-0.267187
-0.312368
-0.299124
-0.29565
-0.295277
-0.711982
-0.699981
-0.648133
-0.57022
-0.480079
-0.38473
-0.286741
-0.187936
-0.0911025
-0.000606375
0.0707857
0.101054
0.0418559
-0.103445
-0.225855
-0.275569
-0.290162
-0.291804
-0.292166
-0.291731
-0.744949
-0.733083
-0.68119
-0.603879
-0.514547
-0.420606
-0.324683
-0.228762
-0.135958
-0.0507651
0.0139571
0.030329
-0.0354926
-0.162187
-0.261357
-0.282423
-0.28749
-0.289427
-0.28839
-0.287908
-0.776828
-0.765389
-0.713753
-0.637292
-0.549201
-0.457051
-0.363585
-0.270947
-0.182495
-0.103072
-0.0430507
-0.0401571
-0.100041
-0.209419
-0.295402
-0.337739
-0.307839
-0.289878
-0.283123
-0.281632
-0.806106
-0.795155
-0.744587
-0.669301
-0.583071
-0.493187
-0.402654
-0.31373
-0.229928
-0.156554
-0.100449
-0.102463
-0.158383
-0.228247
-0.323215
-0.310181
-0.300189
-0.289811
-0.283605
-0.281122
-0.831096
-0.820853
-0.771779
-0.698634
-0.61491
-0.527859
-0.440844
-0.356124
-0.277304
-0.209948
-0.159088
-0.160371
-0.210531
-0.211725
-0.234404
-0.28231
-0.306967
-0.317541
-0.319445
-0.317676
-0.849475
-0.840148
-0.793385
-0.723337
-0.6431
-0.559748
-0.476848
-0.396903
-0.32349
-0.26228
-0.217866
-0.221626
-0.275759
-0.176357
-0.0576623
-0.239928
-0.35983
-0.421689
-0.430903
-0.42611
-0.859159
-0.850673
-0.807311
-0.74147
-0.665785
-0.58719
-0.509231
-0.43457
-0.367098
-0.312355
-0.276973
-0.293447
-0.416452
-0.433234
-0.365048
-0.43373
-0.509272
-0.533363
-0.527979
-0.523881
-0.856034
-0.848978
-0.811818
-0.751074
-0.681203
-0.608469
-0.53628
-0.467424
-0.406292
-0.358758
-0.337655
-0.383229
-0.637935
-1.0122
-1.15276
-0.941905
-0.731296
-0.620749
-0.5886
-0.580397
-0.838472
-0.833674
-0.804085
-0.750793
-0.687903
-0.6221
-0.556312
-0.493553
-0.438445
-0.398585
-0.390613
-0.449205
-0.708867
-1.22935
-1.56721
-1.18664
-0.752907
-0.560951
-0.513793
-0.499859
-0.806839
-0.803345
-0.782752
-0.739447
-0.68526
-0.627177
-0.568148
-0.511038
-0.460486
-0.425303
-0.416631
-0.415508
-0.335994
-0.170213
-0.17155
-0.156244
-0.173129
-0.192331
-0.198609
-0.202208
-0.765196
-0.762981
-0.75075
-0.718922
-0.674156
-0.624015
-0.571409
-0.518798
-0.470987
-0.434404
-0.416977
-0.345849
-0.0209982
0.512593
1.10043
0.820358
0.337904
0.0105963
-0.0804147
-0.0974861
-0.721177
-0.719901
-0.71352
-0.693334
-0.657983
-0.614286
-0.567055
-0.517525
-0.469107
-0.429397
-0.40855
-0.373183
-0.30129
-0.396471
-0.659869
-1.10078
-1.24212
-1.11905
-0.887484
-0.719751
-0.683497
-0.682814
-0.67976
-0.667105
-0.640038
-0.602059
-0.557692
-0.508524
-0.457627
-0.408813
-0.383022
-0.397097
-0.62538
-1.15751
-1.77892
-2.19345
-2.25533
-2.06864
-1.74274
-1.60541
-0.65468
-0.653855
-0.652225
-0.646608
-0.625977
-0.591221
-0.546496
-0.494705
-0.436381
-0.374407
-0.312925
-0.251559
-0.385218
-0.56903
-0.722261
-0.677112
-0.464084
-0.174593
0.0587466
0.184579
-0.632951
-0.632563
-0.631792
-0.629695
-0.616374
-0.583537
-0.536569
-0.479177
-0.412047
-0.333767
-0.234858
-0.129134
0.0465515
0.208043
0.450728
0.735263
1.1011
1.42297
1.62553
1.71387
-0.619547
-0.619319
-0.618827
-0.617928
-0.610534
-0.579743
-0.529432
-0.465528
-0.387671
-0.293649
-0.173371
-0.0308455
0.159573
0.469395
0.928299
1.44579
1.89736
2.209
2.37413
2.43516
-0.610481
-0.610371
-0.609761
-0.609244
-0.605501
-0.579388
-0.526743
-0.455914
-0.369392
-0.265632
-0.14344
-0.00157608
0.150903
0.468161
0.963746
1.46793
1.89047
2.15827
2.29073
2.33582
-0.607941
-0.607315
-0.604441
-0.601165
-0.601108
-0.584672
-0.530639
-0.452088
-0.358944
-0.251091
-0.132083
-0.00174238
0.122913
0.355531
0.774958
1.17279
1.49999
1.70783
1.8075
1.84071
-0.627059
-0.624967
-0.61998
-0.617331
-0.619927
-0.60655
-0.542831
-0.451901
-0.350333
-0.24228
-0.12894
-0.0181682
0.087717
0.232704
0.532154
0.821048
1.05089
1.19635
1.26523
1.28814
-0.674269
-0.672247
-0.675273
-0.684088
-0.686235
-0.653615
-0.559181
-0.448006
-0.338444
-0.232619
-0.129804
-0.0402506
0.0406491
0.142521
0.34278
0.533251
0.681386
0.775465
0.819205
0.833922
-0.706014
-0.709759
-0.727078
-0.743227
-0.736765
-0.67345
-0.550864
-0.427137
-0.317452
-0.21981
-0.132982
-0.0651359
-0.00888615
0.0589484
0.196823
0.322892
0.414645
0.47021
0.49467
0.503033
-0.622278
-0.627753
-0.647114
-0.661394
-0.65033
-0.586043
-0.479243
-0.373919
-0.280247
-0.199922
-0.131901
-0.0842596
-0.0455989
0.00271598
0.0918232
0.172494
0.228698
0.262452
0.278155
0.2831
-0.410769
-0.416675
-0.428627
-0.439616
-0.435326
-0.400669
-0.34538
-0.284776
-0.225117
-0.168982
-0.122004
-0.0928329
-0.0744241
-0.0395238
0.0271835
0.0793638
0.112504
0.130484
0.138026
0.139966
-0.178263
-0.181373
-0.187556
-0.197787
-0.208044
-0.209958
-0.203051
-0.185738
-0.161183
-0.131552
-0.104791
-0.0915865
-0.0896947
-0.0657346
-0.0182233
0.0197957
0.0426046
0.0537497
0.058211
0.0593467
-0.0141024
-0.0159197
-0.0201389
-0.0313707
-0.051124
-0.0750516
-0.0936961
-0.103235
-0.10267
-0.0933447
-0.0807187
-0.0755111
-0.0777644
-0.0593834
-0.0250725
-0.00247885
0.00999324
0.0156111
0.0177465
0.0182481
0.0681196
0.0668954
0.0635738
0.0527563
0.0314711
0.00323481
-0.0236595
-0.0442954
-0.055745
-0.0574796
-0.0521063
-0.0474706
-0.04602
-0.0323431
-0.00702704
0.005234
0.00953671
0.0105977
0.010906
0.0108432
0.0951455
0.09435
0.0917801
0.0830814
0.0654623
0.0411844
0.0158749
-0.00613557
-0.0214215
-0.0278553
-0.0243929
-0.0148295
-0.0036589
0.0104005
0.021625
0.0241473
0.0234284
0.0227299
0.0231743
0.0228738
0.0948802
0.0944051
0.0925996
0.0864154
0.073608
0.0553336
0.0349891
0.0159517
0.00149987
-0.00526847
-0.000688723
0.0154033
0.0377037
0.0555652
0.0533691
0.0488934
0.0458144
0.0452974
0.044955
0.0441465
0.083541
0.0833046
0.0821389
0.0780421
0.0693131
0.0564149
0.0412858
0.0263779
0.014566
0.00906249
0.0149838
0.0347065
0.0613554
0.0792457
0.0708979
0.0634854
0.0609063
0.0612058
0.0619174
0.0609995
0.0686168
0.0685345
0.0678284
0.0652307
0.0594957
0.050696
0.0399299
0.0288079
0.0195418
0.015018
0.0207121
0.0392671
0.0632488
0.0753098
0.0653182
0.0614103
0.0625513
0.065468
0.0668057
0.0656443
0.0531934
0.0531985
0.0527926
0.0512044
0.0475386
0.0416665
0.0341385
0.0259148
0.0185287
0.0140607
0.0170277
0.0294411
0.0450418
0.0496321
0.0422258
0.0415671
0.0450385
0.0490307
0.0504091
0.0496107
0.0388077
0.0388224
0.0385582
0.037589
0.0353113
0.0314553
0.0261688
0.0199007
0.0134225
0.0078615
0.00583895
0.00863581
0.0125103
0.0102508
0.00207746
0.00775431
0.0135436
0.0178796
0.018835
0.0180949
0.0261558
0.0261671
0.0259553
0.0253653
0.0239944
0.0214779
0.017665
0.0125843
0.00633417
-0.00106268
-0.00938173
-0.0185082
-0.0294903
-0.0411221
-0.0420586
-0.0335628
-0.0250684
-0.0208265
-0.0198221
-0.0202203
0.0158199
0.0158039
0.015628
0.0152327
0.0144056
0.0127436
0.00987402
0.00549172
-0.000900027
-0.0102926
-0.0245582
-0.0451611
-0.0684772
-0.084822
-0.0809148
-0.0692996
-0.0602974
-0.0567081
-0.0561
-0.0560541
0.00813845
0.00809495
0.00791009
0.00761681
0.0070818
0.00594698
0.00368903
-0.000151683
-0.00659668
-0.0173397
-0.0354029
-0.0644047
-0.0985081
-0.112649
-0.103796
-0.0910708
-0.0837753
-0.0815
-0.0812695
-0.0809273
0.00309689
0.00303855
0.00284706
0.00258816
0.00221199
0.0013635
-0.000442837
-0.00383844
-0.00978642
-0.020434
-0.0398695
-0.0705502
-0.105711
-0.116029
-0.105143
-0.0940284
-0.0902896
-0.0899978
-0.0900695
-0.0896177
0.000319352
0.000251762
0.00010028
-0.000111769
-0.000404544
-0.00101848
-0.00239655
-0.00510761
-0.0100513
-0.0191576
-0.0362048
-0.0629002
-0.0903642
-0.0942537
-0.0847815
-0.0794265
-0.0795131
-0.0805882
-0.0808496
-0.080545
-0.000673659
-0.000742637
-0.000867019
-0.0010202
-0.00121965
-0.00161974
-0.00254006
-0.00431844
-0.00768665
-0.0139356
-0.0256024
-0.0435266
-0.0595814
-0.0586324
-0.053763
-0.0535024
-0.055809
-0.0573673
-0.0575153
-0.0574184
2.62672e-05
1.46913e-05
-2.0417e-05
-0.000146762
-0.000218544
-0.000223194
-0.000360072
-0.0006795
-0.00126172
-0.00218796
-0.00380232
-0.0052673
-0.00566211
-0.00682296
-0.0101669
-0.0137922
-0.0132447
-0.0118578
-0.0110872
-0.0261918
-1.11279
-0.428477
0.0229894
0.283802
0.472027
0.616715
0.729549
0.821592
0.919401
1.01098
-0.0563372
0.1403
0.319623
0.470744
0.597271
0.700694
0.785111
0.854193
0.897013
0.901067
0.279976
0.396425
0.510427
0.61198
0.699441
0.77325
0.833723
0.879655
0.909223
0.926968
0.492435
0.571599
0.650109
0.721981
0.784712
0.838285
0.882369
0.916948
0.943241
0.962389
0.647911
0.701711
0.760934
0.814487
0.861337
0.902112
0.936719
0.96543
0.988915
1.00596
0.770829
0.811809
0.857818
0.898178
0.935604
0.968996
0.998232
1.02322
1.0441
1.05838
0.873852
0.908384
0.945559
0.979889
1.01219
1.04185
1.06822
1.09085
1.10954
1.12129
0.967241
0.998311
1.03232
1.06496
1.09572
1.12409
1.14922
1.1705
1.18746
1.197
1.0583
1.09085
1.12617
1.16018
1.19149
1.21977
1.24434
1.26465
1.28011
1.28833
1.16027
1.19778
1.23606
1.27231
1.30435
1.33221
1.35565
1.37464
1.38878
1.39727
1.28719
1.32956
1.36874
1.4046
1.43499
1.46066
1.4822
1.49982
1.51333
1.5235
1.44872
1.49016
1.52386
1.55341
1.57793
1.59945
1.61903
1.63645
1.65119
1.66389
1.63913
1.66992
1.69115
1.71027
1.72833
1.74555
1.76176
1.77758
1.79409
1.81101
1.83697
1.84836
1.8594
1.8735
1.88777
1.90061
1.91197
1.92282
1.93572
1.95261
2.02277
2.03267
2.04131
2.04376
2.04462
2.04888
2.05967
2.07561
2.09323
2.09783
2.32381
2.2684
2.21757
2.17732
2.15493
2.15088
2.16438
2.19818
2.25462
2.33017
0.885923
0.827229
0.784746
0.750884
0.726222
0.708661
0.69614
0.687196
0.681065
0.677555
0.677131
0.679958
0.685371
0.693289
0.704196
0.719239
0.740242
0.769333
0.808092
0.855916
0.68748
0.696235
0.701762
0.702581
0.699091
0.693036
0.686588
0.681096
0.67723
0.675543
0.676678
0.680239
0.685494
0.691952
0.698706
0.703968
0.705588
0.70235
0.695003
0.687334
0.664523
0.666553
0.671155
0.674661
0.677164
0.678581
0.678279
0.676522
0.674304
0.672699
0.672673
0.674458
0.677146
0.679746
0.681211
0.680861
0.678997
0.676191
0.672138
0.667755
0.657631
0.658496
0.660976
0.663683
0.665685
0.667033
0.668
0.668427
0.668253
0.667959
0.668262
0.6693
0.670358
0.67081
0.670486
0.669626
0.668206
0.66596
0.663317
0.661349
0.652003
0.652464
0.653856
0.65587
0.657798
0.659359
0.660483
0.661351
0.662034
0.662565
0.66314
0.66373
0.66401
0.663883
0.663387
0.662406
0.660886
0.65905
0.657398
0.65638
0.646851
0.647138
0.648051
0.649512
0.651124
0.65271
0.65411
0.65525
0.656229
0.657128
0.6579
0.658382
0.658486
0.658223
0.657533
0.656449
0.655143
0.653814
0.65272
0.652093
0.641923
0.642125
0.642809
0.643972
0.64534
0.646763
0.648207
0.649573
0.650797
0.651912
0.652856
0.653411
0.653504
0.653159
0.652447
0.651528
0.650524
0.649509
0.648715
0.648274
0.63715
0.637303
0.637846
0.638818
0.64003
0.641344
0.642736
0.644175
0.645596
0.646936
0.648081
0.648769
0.648919
0.648642
0.648089
0.64738
0.646597
0.645819
0.64523
0.644899
0.632454
0.632574
0.633018
0.633855
0.634965
0.636217
0.637576
0.639046
0.6406
0.642165
0.643554
0.644436
0.644748
0.64466
0.644314
0.643809
0.643217
0.642639
0.642205
0.641948
0.627747
0.627843
0.628218
0.628964
0.63001
0.631222
0.632586
0.634112
0.635792
0.637581
0.639258
0.640421
0.640992
0.641146
0.641021
0.640722
0.640325
0.639918
0.639607
0.639404
0.622942
0.623022
0.623346
0.624033
0.625045
0.626254
0.627659
0.629278
0.631123
0.633168
0.635193
0.636725
0.637622
0.638057
0.638176
0.638091
0.637888
0.637639
0.637429
0.637267
0.617953
0.618019
0.618308
0.618963
0.619973
0.621227
0.622713
0.624473
0.626543
0.628912
0.631367
0.633347
0.634628
0.635387
0.63578
0.635921
0.635911
0.63581
0.635686
0.635555
0.612695
0.61275
0.613017
0.613664
0.614709
0.61605
0.617667
0.619628
0.621996
0.62478
0.627767
0.630284
0.632014
0.633143
0.633843
0.634234
0.634417
0.634464
0.634418
0.634312
0.607073
0.607119
0.607375
0.608037
0.609152
0.610624
0.612431
0.614666
0.617418
0.620732
0.624375
0.627536
0.629797
0.631354
0.632398
0.633081
0.633479
0.633666
0.633686
0.6336
0.600978
0.601015
0.601267
0.601966
0.60319
0.604844
0.606907
0.609498
0.612734
0.616703
0.621149
0.625092
0.627991
0.630058
0.631502
0.6325
0.633136
0.633478
0.633567
0.633498
0.594278
0.594307
0.594562
0.595321
0.596696
0.598593
0.60099
0.604034
0.607885
0.612661
0.618087
0.622978
0.626643
0.629311
0.631224
0.63258
0.633491
0.634002
0.634158
0.634104
0.586821
0.586836
0.587102
0.587942
0.589512
0.591717
0.594541
0.598167
0.602795
0.608582
0.615208
0.621235
0.625802
0.629179
0.631653
0.633434
0.634655
0.635347
0.635572
0.63553
0.57836
0.578385
0.578681
0.579611
0.581434
0.584032
0.587407
0.591771
0.597374
0.604411
0.612498
0.619891
0.625535
0.629746
0.632875
0.635171
0.636751
0.637643
0.637939
0.637908
0.568637
0.56865
0.568986
0.570058
0.572199
0.57531
0.579383
0.584676
0.591497
0.60008
0.609949
0.618977
0.625903
0.631109
0.635016
0.637909
0.639911
0.641029
0.6414
0.641378
0.55727
0.557277
0.557645
0.558912
0.561481
0.565253
0.570222
0.576705
0.585065
0.595557
0.607582
0.618572
0.627006
0.633383
0.638206
0.641789
0.644284
0.645652
0.646102
0.646084
0.543729
0.543731
0.544164
0.545691
0.548817
0.553464
0.559614
0.567649
0.577985
0.590874
0.605506
0.618781
0.628957
0.636686
0.642585
0.646972
0.650021
0.65166
0.652186
0.652169
0.527256
0.527252
0.527783
0.529687
0.53359
0.539433
0.547166
0.557244
0.570095
0.585924
0.603674
0.619642
0.631845
0.641127
0.64827
0.653578
0.657254
0.659177
0.659772
0.659751
0.50675
0.506741
0.507431
0.509906
0.514938
0.522477
0.532414
0.545255
0.561386
0.580874
0.602312
0.621332
0.635801
0.646827
0.655339
0.661712
0.666075
0.668282
0.668931
0.668895
0.480426
0.480418
0.48139
0.484835
0.49167
0.50178
0.514914
0.531556
0.551914
0.575849
0.601553
0.623996
0.640948
0.65389
0.6639
0.671435
0.676503
0.678964
0.679633
0.679568
0.445235
0.445244
0.44684
0.452174
0.462238
0.476425
0.494304
0.516133
0.541842
0.571066
0.60159
0.627755
0.647347
0.662304
0.673927
0.682692
0.688422
0.691055
0.691689
0.691582
0.3954
0.395638
0.399305
0.409015
0.4251
0.446026
0.470824
0.4995
0.531751
0.567043
0.602802
0.632831
0.655112
0.672108
0.685354
0.69529
0.70154
0.704206
0.704743
0.704583
0.323275
0.325579
0.33637
0.355493
0.381669
0.41199
0.445615
0.482394
0.522042
0.564018
0.605465
0.639723
0.664986
0.684266
0.699356
0.71051
0.717248
0.719951
0.720433
0.720268
0.24622
0.252534
0.271744
0.300974
0.337768
0.377806
0.420364
0.465418
0.512823
0.562101
0.61019
0.649733
0.678868
0.701118
0.718529
0.731196
0.738357
0.740939
0.741359
0.741281
0.180235
0.186898
0.212723
0.250525
0.296333
0.3453
0.396421
0.449559
0.504563
0.560971
0.615465
0.66001
0.692742
0.717716
0.737096
0.7508
0.758087
0.760603
0.76118
0.761177
0.126296
0.133237
0.16306
0.207019
0.259555
0.315829
0.374345
0.434784
0.49686
0.560025
0.620609
0.66986
0.705917
0.733326
0.75439
0.769174
0.777184
0.780078
0.780505
0.780534
0.0813914
0.0886529
0.120961
0.169595
0.227496
0.289718
0.354445
0.421259
0.489704
0.559104
0.625378
0.679022
0.718159
0.747828
0.770548
0.786555
0.795335
0.798366
0.79887
0.798933
0.0431076
0.0505493
0.0846253
0.136798
0.199141
0.266386
0.336446
0.408853
0.483018
0.558132
0.629691
0.687417
0.729392
0.761118
0.785387
0.802353
0.811725
0.815128
0.815781
0.815884
0.00945495
0.017016
0.052384
0.107481
0.17352
0.245064
0.319815
0.397214
0.476576
0.556967
0.633463
0.694988
0.739557
0.773114
0.798628
0.816383
0.826203
0.829977
0.830851
0.830962
-0.021021
-0.0133425
0.0230793
0.0806884
0.149866
0.225133
0.304039
0.38594
0.470082
0.555394
0.636548
0.701645
0.748595
0.783782
0.810339
0.828698
0.838877
0.84293
0.843916
0.844029
-0.0492302
-0.041449
-0.00406806
0.0556
0.127572
0.20612
0.288723
0.374711
0.463265
0.553216
0.638819
0.707344
0.756554
0.793207
0.820602
0.839318
0.84973
0.853969
0.855025
0.855143
-0.0758986
-0.0679812
-0.0297154
0.0317182
0.106212
0.187674
0.273591
0.363299
0.455944
0.550283
0.640191
0.712094
0.763535
0.801564
0.829621
0.848531
0.859115
0.863463
0.86458
0.864666
-0.101444
-0.0933562
-0.0541895
0.00873863
0.0854801
0.169539
0.258448
0.35155
0.447989
0.54649
0.640613
0.715934
0.769652
0.809028
0.837685
0.856824
0.867465
0.871869
0.872989
0.873065
-0.126202
-0.11791
-0.0780741
-0.0135349
0.0651742
0.151557
0.243167
0.339363
0.439323
0.541782
0.640068
0.718909
0.775004
0.815757
0.845011
0.864338
0.875017
0.879388
0.880462
0.880548
-0.150307
-0.14179
-0.101256
-0.0352848
0.0451833
0.133649
0.227684
0.326697
0.429905
0.536117
0.638534
0.721033
0.779666
0.821887
0.851787
0.871304
0.881965
0.88627
0.887276
0.887284
-0.17385
-0.165191
-0.123843
-0.0566092
0.0254518
0.115776
0.211984
0.313543
0.419735
0.529484
0.635985
0.722299
0.783687
0.827552
0.858185
0.877884
0.888433
0.892561
0.893439
0.893384
-0.196906
-0.188058
-0.145971
-0.0775404
0.00596244
0.0979481
0.196094
0.299936
0.408829
0.521886
0.632381
0.722658
0.787086
0.832854
0.864349
0.884172
0.894484
0.898309
0.899015
0.89891
-0.219506
-0.210459
-0.167597
-0.0980665
-0.0132659
0.080196
0.180055
0.285925
0.397251
0.513358
0.627695
0.722039
0.789822
0.837873
0.870452
0.890326
0.900171
0.903533
0.904037
0.903886
-0.241569
-0.232315
-0.188673
-0.118143
-0.0321801
0.0625719
0.163944
0.27159
0.385076
0.503933
0.621901
0.720354
0.791808
0.842631
0.876699
0.896629
0.905677
0.90829
0.908516
0.90833
-0.263028
-0.253566
-0.209186
-0.137736
-0.0507316
0.0451541
0.147833
0.257021
0.372383
0.493694
0.61499
0.717497
0.792907
0.847062
0.883272
0.903544
0.911443
0.912759
0.912481
0.912268
-0.283885
-0.274204
-0.229106
-0.156803
-0.0688727
0.0280165
0.131815
0.242318
0.359277
0.482714
0.606997
0.713371
0.792928
0.850959
0.890176
0.911653
0.91846
0.917674
0.916126
0.915833
-0.304065
-0.294171
-0.248387
-0.175294
-0.0865327
0.0112151
0.115975
0.227573
0.345873
0.471099
0.597965
0.707886
0.791663
0.853966
0.897045
0.921238
0.928292
0.92533
0.921218
0.919399
-0.323589
-0.313495
-0.267016
-0.19321
-0.103735
-0.0052669
0.100289
0.212754
0.332138
0.458813
0.587821
0.700822
0.788813
0.855642
0.90311
0.931681
0.941927
0.939559
0.931708
0.91539
-0.342488
-0.332174
-0.285098
-0.210727
-0.12072
-0.0217459
0.0843718
0.197392
0.317518
0.445211
0.575889
0.691464
0.783624
0.855339
0.906959
0.940381
0.955703
0.952522
0.944692
0.899818
-0.36103
-0.349815
-0.302555
-0.227703
-0.137385
-0.038126
0.0684038
0.181706
0.302239
0.430503
0.562247
0.679686
0.775311
0.852325
0.906208
0.939613
0.955453
0.955633
0.90424
0.84354
-0.380247
-0.365332
-0.319174
-0.243988
-0.153986
-0.054614
0.0521222
0.1657
0.286287
0.414671
0.546762
0.665225
0.76264
0.846578
0.898346
0.917381
0.931422
0.902346
0.83758
0.772828
-0.399253
-0.4009
-0.340353
-0.25706
-0.167495
-0.0683276
0.0361212
0.15003
0.270395
0.398485
0.530054
0.648346
0.745374
0.840054
0.858682
0.868118
0.860398
0.801837
0.729061
0.659005
-0.374842
-0.373558
-0.314886
-0.232289
-0.137729
-0.0351789
0.0739756
0.19042
0.313791
0.445392
0.570833
0.676284
0.763106
0.855405
0.873388
0.778128
0.696809
0.631733
0.559858
0.417326
-0.416383
-0.389766
-0.32825
-0.244994
-0.150497
-0.0481956
0.0604105
0.176287
0.298805
0.428986
0.55197
0.654253
0.732331
0.793111
0.765143
0.640669
0.52389
0.443588
0.360421
0.198515
-0.44131
-0.409913
-0.347322
-0.264487
-0.169905
-0.0677829
0.0410525
0.156205
0.277492
0.405526
0.525201
0.622178
0.692499
0.718626
0.643295
0.483804
0.34767
0.246415
0.132308
-0.100867
-0.465678
-0.431914
-0.368039
-0.284477
-0.189765
-0.0876967
0.0208394
0.13513
0.25497
0.38045
0.495911
0.586319
0.64462
0.637382
0.506281
0.322465
0.153707
0.0135995
-0.145173
-0.526845
-0.489102
-0.454462
-0.389499
-0.30502
-0.210093
-0.108156
-0.000203258
0.113116
0.231316
0.35389
0.464379
0.547561
0.58834
0.551767
0.373111
0.168838
-0.0422832
-0.219517
-0.465589
-1.01778
-0.51233
-0.477632
-0.411933
-0.326799
-0.231612
-0.129828
-0.0224437
0.0898221
0.206184
0.325532
0.430586
0.505997
0.528399
0.444023
0.251255
0.0398983
-0.174953
-0.374096
-0.540134
-1.13942
-0.536513
-0.501745
-0.435615
-0.350065
-0.254666
-0.152999
-0.0461433
0.0650492
0.179448
0.295321
0.394762
0.460688
0.460115
0.332813
0.146673
-0.0546905
-0.239603
-0.366377
-0.398388
-0.445598
-0.562078
-0.527268
-0.460874
-0.375134
-0.279706
-0.178311
-0.0721514
0.0376982
0.149746
0.261521
0.354909
0.408708
0.386413
0.230644
0.0523686
-0.124236
-0.266758
-0.327119
-0.349896
-0.355642
-0.589398
-0.554391
-0.4878
-0.401991
-0.306698
-0.205756
-0.100551
0.00764668
0.116954
0.224044
0.310725
0.350223
0.313747
0.135421
-0.0336082
-0.188459
-0.296235
-0.322866
-0.323809
-0.324133
-0.618545
-0.583235
-0.516438
-0.430617
-0.335605
-0.23534
-0.131342
-0.0251113
0.0810319
0.182945
0.261962
0.289423
0.223085
0.0481906
-0.112388
-0.248925
-0.29488
-0.309138
-0.310363
-0.309949
-0.649419
-0.613728
-0.546739
-0.460993
-0.36641
-0.267029
-0.164507
-0.060584
0.042
0.138279
0.209078
0.223595
0.126658
-0.0327456
-0.179485
-0.28686
-0.300189
-0.29994
-0.300804
-0.300421
-0.681533
-0.645772
-0.57852
-0.492948
-0.398973
-0.300719
-0.199968
-0.0987144
-5.15853e-05
0.0902343
0.152918
0.150615
0.0426896
-0.104739
-0.232722
-0.270132
-0.291894
-0.295336
-0.295466
-0.29507
-0.714537
-0.6784
-0.6114
-0.526179
-0.433028
-0.336175
-0.237511
-0.139293
-0.0449321
0.0393323
0.0931748
0.0802487
-0.035375
-0.165114
-0.268164
-0.30752
-0.29566
-0.292503
-0.291926
-0.291541
-0.747487
-0.711426
-0.644834
-0.560162
-0.468119
-0.37299
-0.276774
-0.181963
-0.0923215
-0.0137971
0.0296167
0.0164873
-0.103857
-0.214936
-0.289514
-0.285864
-0.288972
-0.288839
-0.288074
-0.287811
-0.779366
-0.743883
-0.677669
-0.594141
-0.503588
-0.410575
-0.317198
-0.226158
-0.141606
-0.0688027
-0.0316891
-0.0482763
-0.156362
-0.26158
-0.292116
-0.307099
-0.294806
-0.285466
-0.282096
-0.281217
-0.808609
-0.774087
-0.709068
-0.627055
-0.538506
-0.448082
-0.358014
-0.271136
-0.191845
-0.125169
-0.0878858
-0.118878
-0.191323
-0.279076
-0.319925
-0.306715
-0.294467
-0.286173
-0.282039
-0.280093
-0.833484
-0.800456
-0.73724
-0.657627
-0.571698
-0.484416
-0.398199
-0.315921
-0.242013
-0.182016
-0.144881
-0.185548
-0.21227
-0.22008
-0.306064
-0.302181
-0.312478
-0.319452
-0.318674
-0.316311
-0.851724
-0.82086
-0.760246
-0.684075
-0.601679
-0.518298
-0.436492
-0.359304
-0.291094
-0.238317
-0.204495
-0.258016
-0.243594
-0.118763
-0.16331
-0.306206
-0.399904
-0.430589
-0.428055
-0.425846
-0.860983
-0.83282
-0.776208
-0.704464
-0.626716
-0.54817
-0.471471
-0.399822
-0.337876
-0.292986
-0.260596
-0.361925
-0.444723
-0.376634
-0.386561
-0.476773
-0.527412
-0.532192
-0.524997
-0.524641
-0.858533
-0.834386
-0.783179
-0.716938
-0.645083
-0.572323
-0.501393
-0.43573
-0.380565
-0.343398
-0.31904
-0.504742
-0.812593
-1.12495
-1.07313
-0.824951
-0.661313
-0.598816
-0.583025
-0.579735
-0.840641
-0.822524
-0.779403
-0.720117
-0.655314
-0.589191
-0.5245
-0.464749
-0.416363
-0.387615
-0.389787
-0.561179
-0.933201
-1.48848
-1.46583
-0.931645
-0.629484
-0.529884
-0.504579
-0.496928
-0.808687
-0.796052
-0.763176
-0.713245
-0.656547
-0.597781
-0.539216
-0.484809
-0.440513
-0.415943
-0.413258
-0.400513
-0.24575
-0.129013
-0.174488
-0.158583
-0.184837
-0.194852
-0.201399
-0.200483
-0.766781
-0.758785
-0.737165
-0.697576
-0.649485
-0.597994
-0.54502
-0.494084
-0.450727
-0.423148
-0.404555
-0.208219
0.205733
0.836993
1.01359
0.574199
0.138154
-0.0541408
-0.0914081
-0.0959071
-0.722395
-0.717933
-0.705439
-0.677104
-0.636867
-0.591266
-0.542468
-0.493021
-0.447847
-0.415685
-0.407473
-0.325839
-0.325423
-0.49555
-0.864467
-1.23597
-1.19781
-1.01032
-0.77978
-0.718626
-0.68424
-0.681956
-0.675101
-0.655195
-0.622225
-0.580488
-0.53372
-0.48303
-0.43228
-0.39293
-0.381319
-0.480493
-0.852913
-1.48754
-2.01959
-2.27076
-2.18184
-1.93237
-1.64572
-1.58482
-0.654302
-0.653209
-0.650637
-0.638299
-0.610072
-0.569851
-0.521478
-0.466424
-0.406575
-0.341186
-0.289164
-0.289562
-0.481894
-0.661102
-0.723811
-0.592144
-0.31791
-0.0457375
0.135868
0.214586
-0.632832
-0.632169
-0.631313
-0.625217
-0.602107
-0.561547
-0.509287
-0.447021
-0.373916
-0.286082
-0.183816
-0.0331125
0.112399
0.3262
0.581417
0.913043
1.2747
1.54095
1.68217
1.72873
-0.619473
-0.619083
-0.618582
-0.616404
-0.59806
-0.556584
-0.498992
-0.42834
-0.343178
-0.237357
-0.101326
0.050674
0.301827
0.676397
1.19004
1.68505
2.07323
2.30795
2.41514
2.44429
-0.610479
-0.610114
-0.609335
-0.608619
-0.59603
-0.555732
-0.493259
-0.414966
-0.319527
-0.206071
-0.0730704
0.0672414
0.274342
0.703139
1.21985
1.69487
2.04482
2.23855
2.32168
2.34189
-0.60785
-0.606163
-0.602436
-0.600967
-0.596995
-0.561613
-0.493658
-0.407321
-0.306975
-0.19186
-0.0678767
0.0627302
0.209825
0.554902
0.980917
1.34803
1.62053
1.76869
1.83025
1.84482
-0.6263
-0.622804
-0.617891
-0.618242
-0.618511
-0.579776
-0.49949
-0.402088
-0.297801
-0.184432
-0.0729358
0.0359418
0.138926
0.373064
0.682958
0.943966
1.13558
1.23852
1.28079
1.29007
-0.672668
-0.67298
-0.680283
-0.686193
-0.677948
-0.611017
-0.504246
-0.392677
-0.285841
-0.178693
-0.0839078
0.000671203
0.0764068
0.238236
0.442032
0.612779
0.736349
0.802363
0.829281
0.835101
-0.705662
-0.716913
-0.736599
-0.743927
-0.714464
-0.615215
-0.487762
-0.370456
-0.267808
-0.173488
-0.0973898
-0.036352
0.0135318
0.125847
0.263281
0.372874
0.447611
0.485579
0.499991
0.503038
-0.623326
-0.637653
-0.65592
-0.660424
-0.626362
-0.533977
-0.425802
-0.325372
-0.238633
-0.163157
-0.10572
-0.0648295
-0.0295067
0.0471656
0.13388
0.203412
0.248398
0.272076
0.281748
0.282709
-0.413061
-0.422138
-0.434832
-0.440351
-0.422268
-0.374171
-0.315425
-0.254668
-0.196692
-0.142808
-0.104557
-0.0836001
-0.0678329
-0.00549603
0.055887
0.0979502
0.12344
0.135271
0.139452
0.139596
-0.179784
-0.18392
-0.192299
-0.203391
-0.210005
-0.207815
-0.19549
-0.174169
-0.146746
-0.11639
-0.0960778
-0.0897624
-0.0869576
-0.0423218
0.0026526
0.0330035
0.0493659
0.0565536
0.0591053
0.0589194
-0.0151406
-0.0173855
-0.0247209
-0.0402566
-0.0632243
-0.0852791
-0.09968
-0.104093
-0.0987736
-0.0863481
-0.0764534
-0.0758365
-0.073058
-0.0417735
-0.0124179
0.00487566
0.0134492
0.0169707
0.0181542
0.0179361
0.0673734
0.0658533
0.0593422
0.0433907
0.0177023
-0.0106542
-0.0349016
-0.0511714
-0.0576252
-0.0551258
-0.0492474
-0.0462747
-0.040667
-0.0170837
4.70365e-05
0.00805475
0.0102837
0.0107722
0.0109592
0.0104667
0.0946949
0.0935544
0.0884113
0.0753884
0.0538162
0.0284214
0.00429114
-0.0146891
-0.0257614
-0.0273393
-0.0198888
-0.009417
0.00342061
0.0198282
0.0235906
0.0238167
0.0230427
0.0229509
0.0230668
0.0224629
0.0946378
0.0938451
0.0902199
0.0808622
0.0649539
0.0452459
0.0251514
0.00803785
-0.00301244
-0.00437095
0.00598654
0.0259241
0.0471621
0.0554874
0.05139
0.0471319
0.045234
0.0451575
0.0446174
0.0435708
0.0834372
0.082947
0.0805764
0.0742894
0.0632721
0.049015
0.0336596
0.019956
0.0108181
0.0102682
0.0232724
0.047501
0.0723263
0.0743675
0.0664652
0.0616451
0.0609821
0.0617464
0.0616137
0.0603773
0.0685942
0.068324
0.0668506
0.0627896
0.0554164
0.045489
0.0343034
0.0238207
0.016493
0.0162578
0.0285618
0.0511383
0.0721597
0.0700724
0.0624152
0.0613794
0.0640167
0.066424
0.0664697
0.0649032
0.0532039
0.0530893
0.0522061
0.0496624
0.0448486
0.0380627
0.0300476
0.022041
0.0157473
0.0142567
0.0221891
0.0375043
0.0497671
0.0448569
0.0410132
0.0429154
0.0472962
0.0501378
0.0502794
0.0489422
0.0388446
0.0387387
0.0381968
0.0366453
0.0335717
0.028971
0.0231202
0.0166415
0.0104585
0.00617346
0.00669643
0.0108108
0.0128611
0.0055871
0.00604533
0.0105543
0.0161049
0.0185777
0.0185983
0.0175273
0.0261845
0.0260958
0.0257244
0.0248067
0.0228884
0.0197315
0.0152749
0.00961464
0.00279094
-0.00524337
-0.0138584
-0.0234618
-0.0348964
-0.0432279
-0.0381597
-0.0288323
-0.0223403
-0.0200195
-0.0199786
-0.0206737
0.0158347
0.0157333
0.0154664
0.0148968
0.0137038
0.011476
0.00789637
0.00257416
-0.00510715
-0.0168297
-0.0342374
-0.056852
-0.0789199
-0.0850331
-0.0750898
-0.0640483
-0.0580587
-0.0561824
-0.056025
-0.0563632
0.00813725
0.00801601
0.00777974
0.00739626
0.00664306
0.00497669
0.00200109
-0.00290928
-0.0113033
-0.0257359
-0.0489815
-0.0810464
-0.109019
-0.110059
-0.0971344
-0.0865418
-0.0821301
-0.0813891
-0.0810402
-0.0811003
0.00308475
0.00295734
0.00272431
0.00242711
0.00187606
0.000613215
-0.00189693
-0.00646997
-0.0142803
-0.0289718
-0.0541856
-0.0881433
-0.115163
-0.111235
-0.0987511
-0.0914455
-0.0899154
-0.0901544
-0.0897855
-0.0896919
0.00029937
0.000184378
3.96034e-07
-0.000239804
-0.000649804
-0.00157923
-0.00355414
-0.00723316
-0.0139007
-0.0266064
-0.0486365
-0.0779202
-0.0962791
-0.0895799
-0.0812621
-0.079344
-0.0800161
-0.0808741
-0.0806552
-0.0805914
-0.00070194
-0.000798645
-0.00094094
-0.00111051
-0.00137311
-0.00199564
-0.00329328
-0.00575675
-0.0103173
-0.0191149
-0.0340581
-0.0528984
-0.061345
-0.0557104
-0.0524395
-0.0547677
-0.0567736
-0.0575387
-0.0574389
-0.057463
-0.000465763
-0.000520835
-0.000577949
-0.000656897
-0.000754653
-0.000902323
-0.00126804
-0.00203355
-0.00352706
-0.0061725
-0.0109448
-0.0178761
-0.0235785
-0.0223161
-0.021589
-0.0245134
-0.0269519
-0.02726
-0.0264053
-0.0262184
-0.723845
-0.156606
0.165218
0.382182
0.548226
0.675598
0.778188
0.86658
0.976052
0.973563
0.0879169
0.236471
0.39842
0.537233
0.651761
0.744906
0.821702
0.880203
0.904183
0.908359
0.354709
0.454821
0.56307
0.657459
0.738017
0.805168
0.858692
0.896325
0.919822
0.936883
0.543412
0.612412
0.687288
0.75449
0.812665
0.861527
0.900819
0.930947
0.954622
0.973303
0.684786
0.736368
0.788672
0.8387
0.882492
0.920173
0.951789
0.97773
0.999441
1.01778
0.799106
0.836633
0.878225
0.917383
0.952816
0.984127
1.01128
1.03409
1.05323
1.07101
0.897001
0.927377
0.962981
0.99633
1.0274
1.05548
1.08004
1.10064
1.11734
1.13471
0.986744
1.01532
1.04887
1.0806
1.11026
1.1371
1.16038
1.17952
1.19396
1.21109
1.07729
1.10833
1.1435
1.17617
1.20605
1.23255
1.25506
1.27301
1.28558
1.30284
1.18097
1.21674
1.25469
1.28884
1.31882
1.34449
1.36572
1.38231
1.39388
1.41172
1.31013
1.34919
1.38736
1.42043
1.44837
1.47192
1.49152
1.50701
1.51882
1.53708
1.47127
1.5073
1.53938
1.56616
1.58897
1.60947
1.62807
1.6441
1.6578
1.67567
1.65598
1.68103
1.70089
1.7194
1.73706
1.7538
1.76967
1.78566
1.80278
1.82192
1.84266
1.85351
1.86623
1.88078
1.89439
1.90646
1.91737
1.92872
1.94412
1.96355
2.02456
2.038
2.04306
2.04407
2.04604
2.0534
2.06711
2.0847
2.09845
2.10979
2.29343
2.24285
2.19538
2.1638
2.15074
2.1553
2.17854
2.2236
2.29029
2.38441
0.74255
0.739539
0.733478
0.722547
0.71005
0.69873
0.689658
0.682882
0.678392
0.676464
0.67766
0.681618
0.687759
0.696027
0.706517
0.718828
0.731177
0.739884
0.744396
0.74656
0.670861
0.677508
0.682752
0.686363
0.687469
0.685825
0.682357
0.678546
0.675536
0.674191
0.675238
0.678247
0.682313
0.686522
0.68954
0.690062
0.687738
0.683355
0.677062
0.671236
0.660765
0.663725
0.667084
0.669568
0.67132
0.672491
0.672702
0.671934
0.670844
0.670356
0.67118
0.672887
0.674534
0.675305
0.674877
0.673616
0.671711
0.668837
0.665499
0.663211
0.654734
0.656157
0.658364
0.66063
0.662343
0.663524
0.664397
0.664959
0.665199
0.66547
0.666123
0.666851
0.667169
0.666949
0.666314
0.665165
0.663349
0.661121
0.659368
0.658283
0.649393
0.65021
0.651669
0.653436
0.655166
0.656626
0.657744
0.658658
0.659458
0.660181
0.660799
0.661133
0.661105
0.660722
0.65989
0.6586
0.657073
0.655549
0.654527
0.653861
0.644367
0.64492
0.645997
0.647402
0.648902
0.65039
0.65176
0.652939
0.653989
0.654953
0.655655
0.655949
0.655842
0.65531
0.654411
0.653313
0.652141
0.651057
0.650364
0.649897
0.639525
0.639939
0.640798
0.641999
0.643314
0.644705
0.646132
0.647514
0.648793
0.649961
0.650813
0.651169
0.651048
0.65054
0.649795
0.648935
0.648031
0.647218
0.646708
0.646352
0.634801
0.635126
0.635834
0.636884
0.638105
0.639427
0.64084
0.642322
0.643805
0.645209
0.646256
0.646736
0.646728
0.64639
0.645851
0.64519
0.644494
0.643891
0.64351
0.643226
0.63011
0.630374
0.630975
0.631924
0.633082
0.634369
0.635793
0.637351
0.639006
0.640667
0.641969
0.642667
0.642878
0.642757
0.642426
0.641967
0.641462
0.641025
0.640738
0.640505
0.625365
0.625584
0.626111
0.626998
0.628118
0.629404
0.630875
0.632538
0.63438
0.636325
0.637954
0.638963
0.639453
0.639578
0.639465
0.639216
0.638886
0.638592
0.638379
0.638182
0.620479
0.620665
0.621143
0.621998
0.623116
0.624442
0.625998
0.627813
0.629893
0.632179
0.634218
0.63561
0.636427
0.636832
0.636958
0.636911
0.636759
0.636591
0.636438
0.636267
0.615367
0.615529
0.615977
0.61683
0.617988
0.619398
0.621087
0.623114
0.625505
0.628222
0.630761
0.632607
0.633802
0.634524
0.634913
0.635069
0.6351
0.635048
0.634945
0.634793
0.60994
0.610083
0.61052
0.611401
0.61264
0.61418
0.616063
0.618376
0.621168
0.624433
0.627576
0.629958
0.631595
0.632673
0.633356
0.633758
0.633963
0.634015
0.633954
0.633814
0.604095
0.604224
0.604666
0.605605
0.606968
0.608692
0.61084
0.613521
0.616818
0.620756
0.624638
0.627665
0.629826
0.63132
0.632332
0.632999
0.633397
0.633555
0.633531
0.633401
0.597714
0.597833
0.598294
0.599322
0.600857
0.602827
0.605319
0.608469
0.612401
0.617169
0.621948
0.625753
0.628536
0.63052
0.63191
0.632878
0.633489
0.633756
0.633767
0.633642
0.590655
0.590766
0.591259
0.592409
0.594166
0.596457
0.599389
0.603135
0.607858
0.613642
0.619514
0.624257
0.627782
0.630344
0.632176
0.633492
0.634342
0.634722
0.634767
0.634643
0.582732
0.582842
0.583368
0.584682
0.586725
0.589425
0.592925
0.597432
0.603153
0.610199
0.617388
0.623236
0.627629
0.630868
0.633239
0.634959
0.636072
0.636573
0.636652
0.636526
0.573654
0.573774
0.574393
0.575901
0.578307
0.581539
0.585755
0.591212
0.598164
0.606753
0.615538
0.62272
0.628149
0.632195
0.635205
0.637402
0.638816
0.639449
0.63956
0.63943
0.563151
0.563267
0.564004
0.565776
0.568647
0.572557
0.577687
0.584348
0.592842
0.603322
0.61403
0.622791
0.629445
0.634445
0.638194
0.640952
0.642713
0.643491
0.643633
0.643495
0.550745
0.550881
0.551766
0.553889
0.55737
0.562162
0.568472
0.576676
0.58711
0.599913
0.612924
0.623544
0.631621
0.637738
0.642358
0.645766
0.647914
0.648846
0.649018
0.648867
0.535806
0.535978
0.537087
0.539691
0.543987
0.549961
0.557836
0.568044
0.580931
0.596575
0.612305
0.625082
0.634804
0.642203
0.647841
0.651987
0.654564
0.655652
0.655846
0.655679
0.51742
0.517663
0.51911
0.522396
0.527822
0.535422
0.545403
0.558229
0.574195
0.593274
0.612208
0.627468
0.63908
0.647949
0.654734
0.659731
0.662771
0.66401
0.664216
0.664029
0.494185
0.49457
0.49656
0.500887
0.507998
0.517951
0.530885
0.54722
0.567109
0.590322
0.612908
0.630911
0.644589
0.655097
0.663134
0.669073
0.672582
0.673951
0.67415
0.673938
0.463767
0.464448
0.467394
0.473522
0.483369
0.496879
0.514006
0.534971
0.559693
0.587738
0.614447
0.635476
0.651389
0.663651
0.673082
0.679987
0.683925
0.685372
0.685537
0.685299
0.422058
0.423454
0.428471
0.438152
0.452778
0.471811
0.494866
0.521845
0.552424
0.585982
0.617138
0.64132
0.659542
0.673614
0.684507
0.69232
0.696548
0.697977
0.698079
0.697816
0.361412
0.365842
0.376368
0.393094
0.415867
0.443173
0.474138
0.508481
0.545783
0.585335
0.62113
0.648512
0.669023
0.684879
0.697098
0.70566
0.709987
0.711212
0.711212
0.710946
0.288859
0.296887
0.316168
0.343415
0.376668
0.4133
0.452799
0.49505
0.539709
0.586126
0.627596
0.659162
0.682817
0.701006
0.714931
0.724343
0.728787
0.729989
0.730058
0.729941
0.215912
0.229248
0.257589
0.295195
0.338398
0.384269
0.432339
0.48259
0.534726
0.58817
0.63553
0.671444
0.69838
0.719202
0.734968
0.745043
0.74935
0.750229
0.750295
0.750286
0.155355
0.17253
0.206571
0.251916
0.303205
0.357196
0.413151
0.470965
0.530275
0.590481
0.643439
0.683423
0.713331
0.736337
0.753547
0.76419
0.768323
0.769578
0.769807
0.769865
0.105642
0.124861
0.16336
0.214491
0.27212
0.332805
0.395576
0.460183
0.526119
0.592678
0.650906
0.694681
0.727326
0.752357
0.770999
0.782421
0.787225
0.7888
0.789078
0.789173
0.0638268
0.0843004
0.126132
0.181868
0.244727
0.311013
0.379642
0.450258
0.522209
0.594639
0.657777
0.705069
0.740231
0.767172
0.787171
0.799642
0.805022
0.806831
0.807132
0.807232
0.0276234
0.0489157
0.0934164
0.152862
0.220118
0.291228
0.365001
0.440987
0.51842
0.596288
0.664001
0.71454
0.752002
0.780582
0.801723
0.814988
0.820927
0.822952
0.823291
0.823384
-0.00460626
0.0172771
0.0639493
0.126516
0.19751
0.272824
0.351185
0.432038
0.514523
0.597471
0.669475
0.723025
0.762546
0.792569
0.814674
0.828472
0.834921
0.83709
0.837446
0.837519
-0.0340505
-0.0117252
0.0367848
0.102042
0.176295
0.255309
0.337778
0.423079
0.510261
0.598008
0.674097
0.730479
0.771882
0.803159
0.825938
0.840102
0.846927
0.849198
0.849571
0.84961
-0.0616379
-0.0388417
0.0113306
0.0788677
0.156011
0.238313
0.324484
0.413861
0.505436
0.597759
0.677799
0.736938
0.780137
0.812479
0.835723
0.850098
0.85712
0.859477
0.859888
0.859895
-0.0878577
-0.0645438
-0.0130583
0.0566208
0.136326
0.221569
0.311089
0.404215
0.499908
0.596619
0.680562
0.742477
0.787457
0.820756
0.844389
0.858942
0.86601
0.86841
0.868813
0.868784
-0.1131
-0.0892404
-0.0366317
0.0350333
0.117012
0.204897
0.297458
0.39403
0.493578
0.594535
0.682391
0.747172
0.793971
0.82821
0.852193
0.866888
0.873992
0.876357
0.876697
0.876611
-0.137623
-0.11327
-0.0594655
0.0139225
0.0979346
0.188195
0.283503
0.383241
0.486399
0.591462
0.683296
0.751087
0.799799
0.83501
0.859352
0.874141
0.88122
0.883518
0.883839
0.883723
-0.161571
-0.136664
-0.0817324
-0.00680876
0.079026
0.171407
0.269197
0.371827
0.478352
0.587379
0.683258
0.754249
0.805041
0.841323
0.866064
0.880915
0.887892
0.890069
0.890317
0.890171
-0.184996
-0.159518
-0.103531
-0.0272031
0.0602628
0.154541
0.254556
0.3598
0.469434
0.582267
0.682241
0.756654
0.809774
0.847294
0.872468
0.887284
0.894062
0.896037
0.896185
0.89601
-0.207874
-0.181895
-0.124878
-0.0472708
0.0416584
0.137617
0.239615
0.347206
0.459677
0.57612
0.680184
0.758258
0.814041
0.853059
0.87871
0.893339
0.899726
0.90142
0.901474
0.901277
-0.230266
-0.203733
-0.145739
-0.0669759
0.023253
0.12069
0.224439
0.334108
0.449145
0.568941
0.677035
0.758978
0.817821
0.85875
0.885016
0.899249
0.904966
0.906258
0.90621
0.906004
-0.252059
-0.224991
-0.166076
-0.0862798
0.00509949
0.103839
0.20911
0.320594
0.437906
0.560753
0.672724
0.758693
0.821032
0.864448
0.891695
0.905375
0.909965
0.91059
0.910407
0.910214
-0.273266
-0.245624
-0.185874
-0.105128
-0.0127318
0.0871327
0.19372
0.30677
0.426044
0.551616
0.667204
0.757263
0.823511
0.870108
0.899085
0.912391
0.915293
0.914597
0.914078
0.913967
-0.293793
-0.265627
-0.205079
-0.123472
-0.030185
0.0706537
0.178351
0.292715
0.413673
0.541608
0.660448
0.754532
0.825007
0.875461
0.907284
0.92125
0.922466
0.919295
0.917357
0.917017
-0.3137
-0.284968
-0.223641
-0.141255
-0.0471824
0.0544878
0.163125
0.278568
0.400917
0.530824
0.652471
0.750346
0.825212
0.879956
0.915759
0.932482
0.933865
0.92829
0.920782
0.903688
-0.332923
-0.303639
-0.241699
-0.15868
-0.0640229
0.0382992
0.147619
0.263862
0.387255
0.518727
0.642715
0.744089
0.823683
0.88297
0.923419
0.945313
0.95024
0.944469
0.929291
0.943195
-0.351583
-0.321619
-0.259191
-0.175702
-0.0806376
0.0221473
0.13184
0.248623
0.372681
0.505218
0.630984
0.73516
0.819714
0.883311
0.926684
0.952354
0.961637
0.953232
0.892099
0.875617
-0.370287
-0.339498
-0.275857
-0.191943
-0.0964991
0.00648423
0.115998
0.233114
0.357479
0.490499
0.617299
0.723175
0.81246
0.880162
0.920413
0.944944
0.945458
0.910203
0.842213
0.801226
-0.389744
-0.358222
-0.291282
-0.207027
-0.111237
-0.00853654
0.100476
0.217507
0.341733
0.474589
0.601525
0.707979
0.799821
0.872708
0.923808
0.909143
0.884563
0.822282
0.750646
0.707123
0.0293334
0.143097
0.263307
0.3911
0.521912
0.639255
0.734813
0.582388
-0.410723
-0.391806
-0.353266
-0.282501
-0.19311
-0.0948028
0.0110381
0.123734
0.243156
0.369757
0.499399
0.615697
0.709843
0.785959
0.838205
0.799037
0.658088
0.570658
0.502147
-0.42857
-0.415404
-0.370629
-0.298147
-0.208456
-0.110021
-0.0046869
0.107532
0.226104
0.351339
0.478701
0.591401
0.679392
0.74297
0.740501
0.638018
0.495256
0.390084
0.301306
-0.452003
-0.439168
-0.391396
-0.317762
-0.22792
-0.129283
-0.0238638
0.0880337
0.205695
0.329334
0.45357
0.561171
0.640132
0.685707
0.64688
0.487571
0.323185
0.190756
0.0734243
-0.47567
-0.462665
-0.413267
-0.338366
-0.248058
-0.149402
-0.0442247
0.0669766
0.183466
0.305089
0.425743
0.527627
0.599141
0.618347
0.533709
0.342207
0.145712
-0.0321284
-0.198678
-0.498559
-0.486044
-0.435817
-0.359806
-0.268999
-0.170309
-0.0655134
0.0448571
0.160004
0.279285
0.395915
0.491269
0.553057
0.535632
0.406822
0.207676
-0.00976071
-0.216084
-0.402774
-0.522023
-0.509791
-0.459269
-0.38251
-0.291302
-0.19252
-0.0880295
0.0215763
0.135331
0.252136
0.364539
0.452847
0.501413
0.461388
0.290952
0.095244
-0.114374
-0.311167
-0.432462
-0.471026
-0.546839
-0.534752
-0.483986
-0.406801
-0.315389
-0.216617
-0.112498
-0.00376675
0.108378
0.222329
0.329988
0.410661
0.444342
0.382102
0.187324
0.00047254
-0.177991
-0.312141
-0.357523
-0.381394
-0.573107
-0.561174
-0.510234
-0.432806
-0.341348
-0.242779
-0.13921
-0.0316152
0.0785791
0.189187
0.291424
0.364154
0.378303
0.278678
0.0949871
-0.0775794
-0.228036
-0.310639
-0.330538
-0.335994
-0.601167
-0.589276
-0.538131
-0.460532
-0.369158
-0.270957
-0.168183
-0.0620037
0.045883
0.152686
0.2488
0.313279
0.298722
0.178408
0.00915769
-0.153141
-0.27147
-0.315308
-0.315175
-0.3163
-0.630946
-0.619163
-0.567701
-0.489977
-0.398804
-0.301148
-0.199412
-0.0949305
0.0102775
0.112844
0.202302
0.25695
0.225341
0.0839864
-0.0703899
-0.221345
-0.286554
-0.304465
-0.305197
-0.304851
-0.662259
-0.650455
-0.598841
-0.521048
-0.430193
-0.333293
-0.232836
-0.130372
-0.0282231
0.0697148
0.152204
0.195589
0.160501
0.00146422
-0.142684
-0.256254
-0.30517
-0.298252
-0.297746
-0.297687
-0.694614
-0.682718
-0.631312
-0.553491
-0.463128
-0.367204
-0.268311
-0.168196
-0.0694873
0.0235473
0.0986762
0.133243
0.0843074
-0.0708397
-0.202039
-0.279678
-0.295161
-0.293565
-0.293626
-0.29315
-0.727455
-0.715539
-0.664398
-0.5869
-0.497221
-0.40254
-0.305536
-0.208123
-0.113258
-0.0253635
0.0425542
0.0669466
0.00152308
-0.133579
-0.249312
-0.265856
-0.282928
-0.289303
-0.29003
-0.289659
-0.759764
-0.748
-0.697295
-0.620526
-0.531884
-0.438794
-0.344039
-0.249706
-0.159041
-0.0766893
-0.014471
-0.00553043
-0.0686896
-0.188225
-0.277451
-0.318867
-0.299053
-0.290237
-0.286113
-0.285014
-0.789892
-0.778851
-0.729124
-0.653358
-0.56628
-0.475209
-0.383136
-0.292295
-0.206128
-0.129735
-0.0713991
-0.0724014
-0.12997
-0.223509
-0.319087
-0.322777
-0.303181
-0.28806
-0.280815
-0.278788
-0.816897
-0.806189
-0.75841
-0.684211
-0.599298
-0.510766
-0.421907
-0.335021
-0.25366
-0.183276
-0.129348
-0.131792
-0.185872
-0.224266
-0.304202
-0.304099
-0.303076
-0.296997
-0.293635
-0.291784
-0.838182
-0.828167
-0.782832
-0.711535
-0.629538
-0.544235
-0.459173
-0.376771
-0.300608
-0.236236
-0.188298
-0.189874
-0.238728
-0.196162
-0.122581
-0.247134
-0.320667
-0.35869
-0.367513
-0.364144
-0.851744
-0.84278
-0.800698
-0.733248
-0.65521
-0.57411
-0.493562
-0.416185
-0.345703
-0.287651
-0.246792
-0.256211
-0.326568
-0.236351
-0.153321
-0.298849
-0.425722
-0.483151
-0.486757
-0.483326
-0.854904
-0.847595
-0.809894
-0.747462
-0.674487
-0.598678
-0.523495
-0.451667
-0.38736
-0.336147
-0.307202
-0.33494
-0.533894
-0.737745
-0.714875
-0.651283
-0.612619
-0.578373
-0.561938
-0.558117
-0.846169
-0.840257
-0.808144
-0.752276
-0.685771
-0.616288
-0.547225
-0.481408
-0.42338
-0.379865
-0.367049
-0.421352
-0.709545
-1.23376
-1.58009
-1.19722
-0.805662
-0.628049
-0.580777
-0.566613
-0.821869
-0.817642
-0.792742
-0.746184
-0.687884
-0.625699
-0.563251
-0.503473
-0.450794
-0.41368
-0.404814
-0.443342
-0.570057
-0.794534
-1.02249
-0.812572
-0.516659
-0.393063
-0.367959
-0.36341
-0.784877
-0.782279
-0.765328
-0.729191
-0.680749
-0.626553
-0.570774
-0.51608
-0.467296
-0.432156
-0.419715
-0.36488
-0.128338
0.298133
0.687959
0.513994
0.164074
-0.0522181
-0.105929
-0.105751
-0.741133
-0.739521
-0.730624
-0.704773
-0.66641
-0.619856
-0.570002
-0.519208
-0.471392
-0.43332
-0.414281
-0.346912
-0.0779674
0.242165
0.351473
0.0281644
-0.243592
-0.257547
-0.204715
-0.171112
-0.699892
-0.698848
-0.694716
-0.678922
-0.648613
-0.608185
-0.562835
-0.513798
-0.464639
-0.421441
-0.398055
-0.406202
-0.516266
-0.923651
-1.4539
-1.98686
-2.16047
-2.00568
-1.72353
-1.4647
-0.667949
-0.667352
-0.664835
-0.656124
-0.632376
-0.596313
-0.552091
-0.502021
-0.447695
-0.392412
-0.35444
-0.328839
-0.586031
-0.993992
-1.45878
-1.61969
-1.49899
-1.2335
-0.963856
-0.791312
-0.642415
-0.641859
-0.640804
-0.637474
-0.620579
-0.586955
-0.541271
-0.48689
-0.424512
-0.35509
-0.271946
-0.189361
-0.154969
-0.14936
-0.0656648
0.097484
0.372981
0.681006
0.896107
1.00265
-0.625516
-0.625216
-0.624617
-0.623207
-0.613163
-0.581216
-0.532514
-0.47192
-0.399488
-0.312818
-0.20124
-0.0687637
0.138728
0.400558
0.757072
1.18793
1.6205
1.94226
2.12542
2.19859
-0.614549
-0.614404
-0.613945
-0.613489
-0.60803
-0.579062
-0.527328
-0.460081
-0.377434
-0.27754
-0.154591
-0.0121301
0.161769
0.483455
0.992566
1.52173
1.96713
2.26156
2.41069
2.46348
-0.607722
-0.607513
-0.606215
-0.604735
-0.602791
-0.580825
-0.527825
-0.453329
-0.363519
-0.257244
-0.136384
0.00195169
0.135622
0.421433
0.884077
1.33861
1.71895
1.9568
2.07298
2.11172
-0.613744
-0.6124
-0.607676
-0.602905
-0.604222
-0.592348
-0.535808
-0.451862
-0.354742
-0.246395
-0.129985
-0.00915477
0.107721
0.289499
0.651022
0.993729
1.27068
1.44655
1.52999
1.55756
-0.64784
-0.645295
-0.642309
-0.644541
-0.649674
-0.629231
-0.551493
-0.451069
-0.345128
-0.2378
-0.128808
-0.0286887
0.0648052
0.185507
0.429408
0.666135
0.852637
0.970925
1.02665
1.04515
-0.698797
-0.699113
-0.711366
-0.72515
-0.722736
-0.671875
-0.560773
-0.440727
-0.329515
-0.226753
-0.131469
-0.0525984
0.0153946
0.099349
0.266587
0.42041
0.536629
0.609764
0.643463
0.653702
-0.682826
-0.688594
-0.707558
-0.723357
-0.713689
-0.646563
-0.524804
-0.405305
-0.301301
-0.211113
-0.133406
-0.0760678
-0.0292032
0.0266175
0.13721
0.24009
0.312692
0.354836
0.3747
0.381189
-0.527221
-0.53422
-0.550168
-0.562673
-0.553316
-0.499458
-0.416965
-0.332796
-0.254659
-0.185699
-0.12806
-0.0896397
-0.0605255
-0.0182813
0.0571699
0.119355
0.162396
0.188272
0.199868
0.203263
-0.289695
-0.294048
-0.302378
-0.31232
-0.315206
-0.300197
-0.271931
-0.234437
-0.19327
-0.150648
-0.11411
-0.0938374
-0.0850489
-0.0570353
0.00065273
0.0465113
0.0737703
0.086578
0.0916993
0.0930591
-0.0853376
-0.0876495
-0.0926258
-0.103356
-0.119389
-0.135028
-0.143166
-0.141533
-0.130654
-0.112356
-0.0936862
-0.0855221
-0.0872355
-0.0657098
-0.0264397
0.00298902
0.0211496
0.0302938
0.0339031
0.0347427
0.0359848
0.0344981
0.0307937
0.0194884
-0.00193506
-0.0295347
-0.054182
-0.0709543
-0.077664
-0.0748675
-0.066589
-0.0625085
-0.0636014
-0.0476452
-0.0175439
-0.000196463
0.00731438
0.00984333
0.0106593
0.01082
0.0865356
0.0855526
0.0825961
0.0726949
0.0528713
0.0260229
-0.000801946
-0.0228981
-0.0370098
-0.0417538
-0.0379531
-0.0313704
-0.0257448
-0.0134038
0.00582164
0.0130249
0.014759
0.015049
0.0153609
0.0152468
0.0971471
0.0965202
0.0943376
0.0869182
0.0717354
0.0504628
0.0274878
0.00663156
-0.00864396
-0.0156427
-0.0117153
0.00116044
0.0187315
0.0349758
0.0384615
0.037164
0.0348069
0.0339926
0.0336668
0.033145
0.0899821
0.0896381
0.0881746
0.0831068
0.0724667
0.0570199
0.0393427
0.0223657
0.00919415
0.00299824
0.0083051
0.0268585
0.0519678
0.0707119
0.0645626
0.0578413
0.0547161
0.0543403
0.0545323
0.053698
0.0762734
0.0761252
0.0752128
0.0719346
0.0648303
0.0541443
0.0413405
0.0284093
0.0179092
0.0129819
0.0190876
0.0388665
0.0649927
0.0806615
0.0711392
0.0649989
0.0640469
0.0654589
0.0665274
0.0654666
0.0608481
0.0608476
0.0602909
0.0582419
0.05364
0.0464328
0.0374173
0.0278706
0.0196759
0.0153372
0.0199613
0.0359666
0.0564054
0.0651257
0.0556096
0.0534101
0.0556865
0.0596446
0.0612795
0.0602208
0.0458186
0.0458188
0.0454921
0.0442629
0.0413754
0.0366199
0.0303225
0.0231834
0.0163669
0.0114643
0.012168
0.0202304
0.0303319
0.031926
0.0246834
0.0257681
0.0305066
0.0346738
0.0360502
0.0352238
0.0322218
0.0322418
0.0320112
0.0312609
0.029484
0.0263605
0.0218889
0.0163027
0.00999508
0.00358865
-0.00151505
-0.00447756
-0.00779255
-0.0152298
-0.0192906
-0.0130497
-0.00541094
-0.000827922
-1.88811e-05
-0.000668237
0.0206673
0.0206648
0.0204716
0.0200071
0.0189453
0.0168983
0.0136226
0.00894569
0.00261854
-0.00578977
-0.0172136
-0.0321806
-0.0497404
-0.0647716
-0.06337
-0.0528223
-0.0438299
-0.0399952
-0.0390662
-0.0391809
0.0116424
0.0116105
0.011429
0.0111091
0.0104452
0.00907435
0.00654912
0.00245715
-0.00404861
-0.0142188
-0.0307941
-0.0563647
-0.085849
-0.101228
-0.0946444
-0.08223
-0.0739447
-0.0709
-0.0705206
-0.0702999
0.00528997
0.00523095
0.00504395
0.0047713
0.00439849
0.0033783
0.00134462
-0.00230947
-0.00845254
-0.0194076
-0.0386609
-0.0692906
-0.106678
-0.11791
-0.107472
-0.0950859
-0.0893128
-0.08802
-0.0878955
-0.0874919
0.00144156
0.00137723
0.00121537
0.000989739
0.000652545
-8.67343e-05
-0.00169872
-0.0047552
-0.0103091
-0.0203469
-0.0390065
-0.0687222
-0.100335
-0.107719
-0.0974433
-0.0886444
-0.0871563
-0.0876635
-0.0877465
-0.0873108
-0.000362268
-0.000429161
-0.000567736
-0.000754427
-0.00100613
-0.00152804
-0.00267084
-0.0049455
-0.00918728
-0.0170022
-0.0315731
-0.0540279
-0.0758015
-0.0773128
-0.0711659
-0.0676924
-0.0689923
-0.070545
-0.0707218
-0.0705112
-0.00068065
-0.000743797
-0.00084596
-0.000964085
-0.00109767
-0.00138836
-0.0020207
-0.00332006
-0.00574511
-0.010273
-0.0186467
-0.0305313
-0.0407706
-0.039871
-0.0376132
-0.0386796
-0.0408799
-0.0423495
-0.0423307
-0.0423803
-0.000494399
-0.000548162
-0.000612966
-0.000707964
-0.000814509
-0.00105674
-0.00158723
-0.0026612
-0.00467488
-0.00829747
-0.0143806
-0.0210904
-0.0235235
-0.0205855
-0.0225969
-0.0261507
-0.0273415
-0.026786
-0.0262391
-0.0108408
-0.371086
-0.0270981
0.193037
0.383373
0.537247
0.660053
0.758339
0.841957
0.902627
0.898251
0.129936
0.282761
0.424478
0.54666
0.651131
0.738341
0.81016
0.86595
0.899845
0.912294
0.394368
0.49117
0.585335
0.670086
0.743736
0.806334
0.857643
0.896807
0.924573
0.943532
0.574952
0.639742
0.707493
0.769959
0.823739
0.870069
0.908791
0.940039
0.965111
0.983083
0.712308
0.758774
0.810908
0.857012
0.898541
0.935029
0.966601
0.993252
1.01543
1.03094
0.823917
0.861383
0.902085
0.939042
0.9734
1.00454
1.03212
1.05577
1.07549
1.08833
0.921337
0.953647
0.988409
1.02165
1.05285
1.0816
1.10723
1.12908
1.14686
1.15731
1.01226
1.04347
1.07763
1.11087
1.1418
1.17004
1.19491
1.2157
1.2319
1.24048
1.10694
1.14168
1.17842
1.2138
1.24565
1.27386
1.298
1.31773
1.3325
1.34046
1.21969
1.26
1.2992
1.33597
1.36772
1.39477
1.41732
1.43554
1.44921
1.45828
1.36348
1.40615
1.44378
1.47744
1.50543
1.52919
1.54979
1.56719
1.58103
1.59215
1.54131
1.57889
1.60689
1.63121
1.65222
1.6715
1.68974
1.70688
1.72277
1.73729
1.73898
1.76
1.77489
1.79068
1.80695
1.82225
1.83596
1.84922
1.86471
1.88307
1.92958
1.93675
1.94729
1.95883
1.96875
1.97794
1.98818
1.99928
2.01089
2.01975
2.14261
2.14438
2.13645
2.11994
2.10878
2.10822
2.12037
2.14497
2.17909
2.20362
2.56225
2.36837
2.26731
2.20944
2.1803
2.17367
2.18887
2.22969
2.30554
2.44849
-0.374206
-0.378631
-0.338836
-0.265927
-0.176443
-0.0774426
0.823843
0.891779
0.888258
0.807458
0.735464
0.662999
0.433241
0.209389
-0.0615467
-0.419134
-0.770387
)
;

boundaryField
{
    wall-4
    {
        type            zeroGradient;
    }
    pressure-outlet-7
    {
        type            fixedValue;
        value           uniform 0;
    }
    velocity-inlet-6
    {
        type            zeroGradient;
    }
    velocity-inlet-5
    {
        type            zeroGradient;
    }
    frontAndBackPlanes
    {
        type            empty;
    }
}


// ************************************************************************* //
