/*--------------------------------*- C++ -*----------------------------------*\
  =========                 |
  \\      /  F ield         | OpenFOAM: The Open Source CFD Toolbox
   \\    /   O peration     | Website:  https://openfoam.org
    \\  /    A nd           | Version:  10
     \\/     M anipulation  |
\*---------------------------------------------------------------------------*/
FoamFile
{
    format      ascii;
    class       volScalarField;
    location    "31";
    object      p;
}
// * * * * * * * * * * * * * * * * * * * * * * * * * * * * * * * * * * * * * //

dimensions      [0 2 -2 0 0 0 0];

internalField   nonuniform List<scalar> 
8800
(
1.54669
1.4989
1.4602
1.4312
1.41032
1.39547
1.38485
1.37733
1.37246
1.37033
1.3715
1.3756
1.38218
1.39144
1.40418
1.42189
1.44665
1.48057
1.52311
1.58181
1.37795
1.38563
1.39309
1.39639
1.39488
1.38979
1.38328
1.37718
1.37241
1.3695
1.36912
1.37153
1.37594
1.38182
1.38854
1.39478
1.39839
1.39764
1.39221
1.38351
1.35637
1.36253
1.36665
1.36959
1.37163
1.37221
1.37108
1.36893
1.36686
1.36586
1.36671
1.369
1.37172
1.37383
1.37439
1.37315
1.37078
1.36737
1.3628
1.35903
1.3506
1.35325
1.356
1.3584
1.36002
1.36116
1.36187
1.36194
1.36158
1.36143
1.36206
1.36312
1.36387
1.36385
1.36318
1.36204
1.36019
1.35759
1.35517
1.35366
1.34528
1.3467
1.34848
1.35051
1.35228
1.3536
1.35456
1.3553
1.35584
1.35629
1.3568
1.35717
1.35715
1.35677
1.35599
1.35468
1.35293
1.35104
1.34971
1.34888
1.34028
1.3412
1.34244
1.34401
1.34563
1.34714
1.34839
1.3494
1.35028
1.35104
1.35156
1.35173
1.35154
1.35098
1.34999
1.34871
1.3473
1.34599
1.34514
1.34459
1.33547
1.33614
1.33711
1.33842
1.33983
1.34127
1.34269
1.34395
1.34505
1.346
1.34663
1.34679
1.34652
1.34585
1.3449
1.34383
1.34272
1.34172
1.3411
1.3407
1.33082
1.33134
1.33213
1.33328
1.33456
1.33593
1.33735
1.33877
1.34009
1.34125
1.34201
1.34222
1.34195
1.34135
1.34056
1.33968
1.33877
1.33799
1.33752
1.33722
1.32627
1.32668
1.32735
1.32838
1.3296
1.33093
1.33234
1.33384
1.33534
1.33672
1.33767
1.338
1.33787
1.33743
1.33681
1.33609
1.33534
1.33472
1.33436
1.33412
1.32175
1.32207
1.32266
1.32362
1.3248
1.32612
1.32756
1.32912
1.33076
1.33238
1.33357
1.33414
1.33422
1.33398
1.33353
1.33298
1.33237
1.33188
1.3316
1.33141
1.31719
1.31746
1.31798
1.31891
1.32009
1.32143
1.32295
1.32463
1.32646
1.32835
1.32987
1.33073
1.33106
1.33102
1.33074
1.33034
1.32986
1.32948
1.32927
1.32911
1.31255
1.31276
1.31324
1.31417
1.31538
1.31679
1.31842
1.32028
1.32236
1.32458
1.32651
1.32773
1.32835
1.32853
1.32844
1.32818
1.32782
1.32754
1.32738
1.32725
1.30777
1.30793
1.3084
1.30934
1.31062
1.31213
1.31389
1.31597
1.3184
1.32108
1.32348
1.32511
1.32607
1.32655
1.32668
1.32657
1.32634
1.32614
1.32603
1.32592
1.30281
1.30294
1.30338
1.30435
1.3057
1.30734
1.30928
1.31162
1.31439
1.31759
1.32061
1.32282
1.32425
1.32507
1.32548
1.32559
1.32549
1.32539
1.32533
1.32524
1.29758
1.29767
1.29811
1.29914
1.30061
1.30243
1.30465
1.30738
1.3107
1.31461
1.31837
1.3212
1.32309
1.32429
1.32499
1.32532
1.3254
1.32539
1.32538
1.32531
1.29205
1.29211
1.29253
1.29358
1.29515
1.29715
1.29964
1.30278
1.30671
1.31144
1.31614
1.31981
1.3224
1.32414
1.32524
1.32588
1.32621
1.32635
1.32639
1.32633
1.28591
1.28596
1.2864
1.28748
1.28919
1.29144
1.29434
1.29807
1.30281
1.30861
1.31446
1.31908
1.32241
1.32475
1.32638
1.32743
1.32805
1.32836
1.32845
1.32839
1.27888
1.27891
1.27939
1.28053
1.28244
1.28503
1.28844
1.29292
1.29869
1.30582
1.31305
1.31885
1.32312
1.32621
1.32843
1.32993
1.3309
1.33138
1.3315
1.33143
1.27045
1.27048
1.27102
1.27234
1.27454
1.27761
1.28172
1.28718
1.29425
1.30303
1.31198
1.31919
1.32456
1.32849
1.33138
1.33342
1.33475
1.33539
1.33556
1.33548
1.26019
1.26022
1.26087
1.26246
1.26515
1.26892
1.27401
1.28078
1.28954
1.30039
1.31139
1.32028
1.32692
1.33182
1.33544
1.33802
1.33971
1.34053
1.34073
1.34063
1.24756
1.2476
1.24842
1.25041
1.25378
1.25853
1.26493
1.27342
1.28432
1.29772
1.31123
1.3221
1.33021
1.33623
1.3407
1.34389
1.34598
1.34696
1.34719
1.34708
1.23182
1.23188
1.23294
1.23554
1.23988
1.24598
1.25418
1.26496
1.27865
1.29521
1.31169
1.32484
1.33466
1.34194
1.34738
1.3513
1.35381
1.35496
1.35523
1.35509
1.21182
1.2119
1.21335
1.21684
1.22265
1.23068
1.2414
1.25525
1.27248
1.29289
1.31286
1.32864
1.34037
1.34912
1.35567
1.36039
1.36338
1.36471
1.36501
1.36485
1.1858
1.18592
1.188
1.19296
1.20105
1.21201
1.2263
1.24427
1.26596
1.29097
1.31493
1.33366
1.34756
1.35792
1.36574
1.37137
1.37485
1.37638
1.3767
1.3765
1.15086
1.15111
1.15446
1.16208
1.17397
1.18946
1.20884
1.23222
1.25938
1.28971
1.31811
1.34006
1.35631
1.36849
1.3777
1.3843
1.3883
1.39002
1.39035
1.39011
1.10144
1.10257
1.10923
1.12225
1.14066
1.16305
1.18942
1.2196
1.25319
1.28945
1.32261
1.34794
1.36669
1.3808
1.39146
1.39911
1.40371
1.4056
1.40589
1.4056
1.0288
1.03637
1.05173
1.0747
1.10266
1.13413
1.169
1.20703
1.24778
1.29055
1.32895
1.35808
1.37968
1.39606
1.40854
1.41756
1.42302
1.42532
1.42571
1.42549
0.951189
0.968666
0.993427
1.02673
1.06451
1.10516
1.14861
1.1947
1.24311
1.29325
1.33803
1.3721
1.39751
1.41688
1.43182
1.44291
1.44965
1.45237
1.45303
1.453
0.887375
0.907739
0.940328
0.982129
1.02841
1.0776
1.12927
1.18324
1.23913
1.2964
1.34721
1.38577
1.41453
1.43648
1.45334
1.46571
1.4735
1.47703
1.47757
1.47762
0.835428
0.857584
0.895341
0.943146
0.996104
1.05235
1.11123
1.17238
1.23526
1.29922
1.35559
1.39813
1.42969
1.45364
1.47203
1.48568
1.49465
1.49823
1.49888
1.49901
0.792336
0.815578
0.8568
0.909387
0.967652
1.02969
1.09472
1.16218
1.23137
1.30145
1.36285
1.40887
1.44278
1.46841
1.48803
1.50252
1.512
1.51605
1.51696
1.51713
0.755508
0.779382
0.823357
0.879609
0.94229
1.00923
1.07955
1.15258
1.22744
1.30308
1.36901
1.41807
1.45397
1.4809
1.50139
1.5165
1.52634
1.53081
1.53197
1.53214
0.722989
0.7473
0.793351
0.852716
0.919132
0.990315
1.06531
1.14332
1.22333
1.30406
1.37416
1.42596
1.46355
1.49152
1.51265
1.52816
1.53822
1.54298
1.54421
1.54438
0.693357
0.718063
0.765855
0.827859
0.897506
0.97241
1.05157
1.13409
1.21884
1.30435
1.37838
1.43276
1.47188
1.50072
1.52227
1.53802
1.54814
1.553
1.55431
1.55442
0.665746
0.690809
0.740164
0.804422
0.876914
0.955111
1.03801
1.12465
1.21382
1.30387
1.38172
1.43862
1.47925
1.50891
1.53087
1.54675
1.55694
1.56186
1.56325
1.56333
0.639439
0.664917
0.715687
0.781946
0.856986
0.93813
1.0244
1.11481
1.20812
1.30254
1.3842
1.44369
1.48589
1.51646
1.53887
1.55495
1.56516
1.56999
1.57142
1.57155
0.614166
0.640075
0.69192
0.760151
0.837466
0.92126
1.01058
1.10447
1.20165
1.3003
1.38581
1.44804
1.49199
1.52359
1.54657
1.56289
1.57315
1.57793
1.57926
1.57934
0.589566
0.61603
0.668916
0.738854
0.818201
0.904377
0.996463
1.09353
1.19434
1.29711
1.38655
1.45174
1.49766
1.53047
1.55413
1.57079
1.58112
1.58584
1.58702
1.58702
0.565561
0.592466
0.646476
0.717936
0.799112
0.887426
0.982007
1.08198
1.18618
1.29293
1.38638
1.45477
1.50291
1.53715
1.56165
1.5787
1.58908
1.59367
1.59473
1.59463
0.542071
0.569519
0.624488
0.697345
0.78017
0.870393
0.967209
1.06981
1.17714
1.2877
1.38521
1.45704
1.50774
1.54366
1.56913
1.58662
1.59701
1.6014
1.60229
1.60211
0.519007
0.547051
0.602946
0.677081
0.761374
0.853301
0.952106
1.05706
1.16725
1.2814
1.38294
1.45847
1.51209
1.55001
1.57663
1.59456
1.60487
1.60896
1.60965
1.60941
0.496378
0.525075
0.581877
0.65717
0.742777
0.836199
0.936757
1.04379
1.15653
1.27399
1.37951
1.45893
1.51585
1.5562
1.5842
1.60254
1.61257
1.61622
1.6167
1.61641
0.474357
0.503659
0.561322
0.637654
0.724424
0.819159
0.921232
1.03008
1.14506
1.26553
1.37483
1.45824
1.51884
1.56216
1.59199
1.61072
1.62014
1.6231
1.6233
1.62298
0.452973
0.482853
0.541313
0.618592
0.706383
0.802251
0.905629
1.01601
1.13293
1.25605
1.36886
1.45626
1.52084
1.56775
1.60013
1.61953
1.62787
1.62955
1.62934
1.62903
0.432169
0.462696
0.521892
0.600025
0.688721
0.785562
0.890042
1.00171
1.12025
1.24563
1.36158
1.45284
1.52156
1.57263
1.60861
1.62965
1.63674
1.63608
1.63478
1.63466
0.412118
0.443213
0.503119
0.582022
0.6715
0.769175
0.874568
0.987275
1.10714
1.23438
1.353
1.44786
1.52068
1.57623
1.61697
1.64158
1.64884
1.64523
1.64107
1.64004
0.392733
0.424414
0.484975
0.564559
0.65469
0.753044
0.859149
0.972658
1.09352
1.22223
1.343
1.44105
1.51787
1.57778
1.62403
1.65469
1.66586
1.66296
1.65248
1.63539
0.374086
0.406307
0.467338
0.547444
0.637997
0.736834
0.843365
0.957362
1.07885
1.20851
1.33089
1.43155
1.51244
1.57608
1.62711
1.66497
1.68109
1.67207
1.6555
1.63758
0.356349
0.388755
0.450393
0.53092
0.621721
0.720893
0.827445
0.941721
1.06344
1.19353
1.31683
1.41904
1.5039
1.57017
1.62104
1.65915
1.67822
1.66038
1.58961
1.55596
0.340171
0.370597
0.434473
0.515577
0.606575
0.705709
0.811683
0.925961
1.04753
1.17743
1.30083
1.40335
1.49118
1.56018
1.60183
1.63157
1.63424
1.58443
1.51247
1.46755
0.284269
0.354711
0.419868
0.500247
0.591115
0.689886
0.796019
0.909814
1.03077
1.15979
1.28236
1.38413
1.47101
1.54727
1.55085
1.56613
1.53124
1.46654
1.38907
1.34541
0.323073
0.339009
0.398607
0.478522
0.568669
0.667139
0.772232
0.885128
1.00472
1.13171
1.25137
1.35034
1.42859
1.50469
1.50182
1.39659
1.29268
1.22072
1.1467
1.18215
0.292055
0.321265
0.38168
0.461085
0.551214
0.649332
0.754564
0.866691
0.985013
1.1099
1.2263
1.32101
1.39166
1.43167
1.38686
1.24211
1.11293
1.021
0.919928
0.975165
0.268169
0.300364
0.361962
0.441674
0.531854
0.629811
0.734854
0.846019
0.962764
1.08501
1.19743
1.28643
1.34727
1.35625
1.25226
1.07521
0.91748
0.794973
0.660022
0.697404
0.244866
0.278601
0.34137
0.421916
0.512264
0.610071
0.714538
0.824622
0.939615
1.0589
1.16657
1.24923
1.29535
1.27138
1.11322
0.909468
0.710086
0.530188
0.330696
0.322358
0.222305
0.256384
0.320023
0.401295
0.491845
0.589451
0.693234
0.802135
0.915145
1.03114
1.13354
1.20902
1.23775
1.17913
0.980804
0.760639
0.530183
0.325085
0.0651921
-0.259364
0.199508
0.233537
0.297662
0.379422
0.470185
0.567642
0.670817
0.778521
0.889471
1.00198
1.09895
1.16616
1.17747
1.06785
0.865801
0.645718
0.427142
0.241315
0.170302
0.0717541
0.175622
0.209619
0.273975
0.355969
0.446817
0.544041
0.646521
0.752865
0.861457
0.970016
1.06114
1.11848
1.10505
0.958375
0.764308
0.563617
0.390827
0.290502
0.266225
0.248046
0.150326
0.184313
0.248808
0.330871
0.421633
0.518469
0.620028
0.724723
0.830552
0.93454
1.01934
1.0646
1.03034
0.857208
0.67256
0.497912
0.363201
0.320592
0.305534
0.303577
0.123415
0.157477
0.222114
0.304164
0.394714
0.490956
0.591362
0.69409
0.796728
0.895572
0.973364
1.00541
0.953512
0.762429
0.587642
0.431417
0.341913
0.327179
0.32521
0.325178
0.0948791
0.129124
0.193895
0.275886
0.366085
0.461558
0.560571
0.661008
0.760033
0.85322
0.923067
0.943303
0.858514
0.675535
0.508559
0.378456
0.339988
0.335701
0.335353
0.335971
0.0650301
0.0994792
0.164298
0.246164
0.335881
0.430386
0.527752
0.625577
0.720554
0.807609
0.869005
0.873614
0.761503
0.59384
0.443567
0.354735
0.345552
0.343139
0.342052
0.342371
0.0344453
0.0689535
0.13361
0.215259
0.304343
0.397668
0.493138
0.588027
0.678565
0.759008
0.812192
0.79777
0.671587
0.51983
0.389036
0.364492
0.347466
0.345236
0.34597
0.346476
0.0035922
0.0380131
0.102382
0.183601
0.271867
0.363802
0.457108
0.548761
0.634512
0.708054
0.752556
0.721994
0.580645
0.452121
0.356457
0.315256
0.335033
0.344854
0.347814
0.348534
-0.0267117
0.00744475
0.0713677
0.15184
0.23904
0.329359
0.42024
0.508398
0.589079
0.655552
0.690009
0.645455
0.485602
0.386954
0.343366
0.343864
0.33501
0.334979
0.338131
0.340064
-0.0549205
-0.021627
0.0414261
0.120844
0.206729
0.295135
0.383355
0.46782
0.54328
0.602438
0.628907
0.566812
0.384455
0.275429
0.319601
0.290669
0.280335
0.279095
0.283523
0.287444
-0.0797292
-0.0474378
0.0136467
0.0918082
0.175981
0.262189
0.347521
0.428188
0.498509
0.550162
0.572629
0.48596
0.276793
0.0755964
0.0827746
0.132325
0.170956
0.1856
0.191668
0.195418
-0.0992149
-0.0687481
-0.00992166
0.0660835
0.148057
0.231778
0.314071
0.390943
0.456518
0.501022
0.5206
0.417446
0.203131
-0.132817
-0.327294
-0.0976427
0.022035
0.0618195
0.0738063
0.0826815
-0.111545
-0.0836527
-0.0278694
0.0453246
0.124541
0.205381
0.284523
0.357823
0.419266
0.45816
0.473894
0.383267
0.255799
0.0830363
-0.132581
-0.049865
-0.0404091
-0.0355687
-0.026486
-0.0224537
-0.11447
-0.0903214
-0.0385505
0.0311273
0.107062
0.184602
0.260584
0.330793
0.388728
0.424278
0.434276
0.38119
0.440045
0.790108
0.903345
0.424707
0.0573213
0.00685912
-0.00711018
-0.00781131
-0.106668
-0.0868193
-0.0401575
0.0248677
0.0969406
0.170975
0.243988
0.311867
0.367483
0.400578
0.403187
0.341933
0.322021
0.485611
0.3843
-0.00428601
-0.174311
-0.123423
-0.044593
-0.0653198
-0.0863526
-0.0706685
-0.0314165
0.0274888
0.0950789
0.165607
0.236187
0.302882
0.359001
0.391652
0.380396
0.175621
-0.404109
-1.39307
-2.04578
-2.39038
-2.13199
-1.6305
-1.18453
-1.02086
-0.0549347
-0.0441491
-0.0126792
0.0387935
0.101526
0.168797
0.23793
0.305357
0.365911
0.407048
0.399063
0.149792
-0.550703
-1.4965
-2.19535
-2.44241
-2.22356
-1.85267
-1.48636
-1.30726
-0.0166987
-0.010288
0.0127041
0.0567085
0.114715
0.179593
0.248774
0.319947
0.388279
0.451883
0.484833
0.431866
0.230375
0.119044
0.116392
0.341605
0.653977
0.927993
1.11296
1.19648
0.0224681
0.0260155
0.0402122
0.0771696
0.131637
0.195532
0.266312
0.343123
0.425235
0.513037
0.615284
0.761385
1.02201
1.50979
2.10301
2.66193
3.073
3.3072
3.40813
3.4349
0.056605
0.0586272
0.0665716
0.0961771
0.14773
0.212666
0.286433
0.369282
0.463657
0.572458
0.702519
0.842764
1.1265
1.7023
2.35181
2.9207
3.32609
3.55455
3.65416
3.68082
0.0899455
0.0905885
0.0933252
0.113755
0.161311
0.227573
0.304148
0.390557
0.486595
0.597144
0.711783
0.836321
1.00435
1.45452
1.977
2.41438
2.73453
2.92032
3.0049
3.02966
0.118385
0.119521
0.120284
0.132295
0.174582
0.241215
0.319539
0.405821
0.498722
0.603602
0.707288
0.80805
0.913818
1.19503
1.58477
1.90553
2.1401
2.27757
2.34058
2.35745
0.134491
0.135032
0.13413
0.143507
0.187317
0.257341
0.337036
0.420809
0.509167
0.605274
0.694693
0.770938
0.836419
1.01599
1.27809
1.50214
1.66601
1.75928
1.80051
1.81138
0.152136
0.149045
0.145843
0.157502
0.207615
0.28214
0.361458
0.439966
0.520189
0.604573
0.6808
0.739926
0.794103
0.906884
1.08153
1.22577
1.3287
1.38804
1.4134
1.41823
0.21653
0.211244
0.206995
0.219876
0.265442
0.33083
0.39911
0.466132
0.534102
0.60496
0.670123
0.719672
0.763274
0.836269
0.951552
1.04344
1.1058
1.14077
1.15476
1.15606
0.342202
0.338609
0.335629
0.343108
0.369596
0.408358
0.452735
0.500224
0.551511
0.607985
0.661546
0.703533
0.74165
0.790493
0.860963
0.91955
0.958905
0.980277
0.989086
0.989246
0.477656
0.476211
0.473981
0.473444
0.478628
0.490559
0.510076
0.536589
0.570582
0.612282
0.65495
0.692831
0.727326
0.760979
0.800406
0.836841
0.862225
0.877461
0.883075
0.882423
0.573165
0.572664
0.570261
0.564433
0.55724
0.553868
0.557246
0.56844
0.587909
0.615918
0.647131
0.679249
0.709369
0.733609
0.757341
0.779533
0.797232
0.808131
0.812627
0.811541
0.622522
0.622135
0.619699
0.613158
0.603275
0.594474
0.590174
0.592223
0.601228
0.617137
0.637346
0.660003
0.686859
0.699252
0.71336
0.731322
0.74684
0.756842
0.760706
0.759276
0.641988
0.641508
0.63936
0.634058
0.625688
0.616988
0.61053
0.60806
0.610213
0.616499
0.624418
0.633979
0.645096
0.649652
0.662435
0.682642
0.700708
0.712257
0.716747
0.715122
0.647343
0.646825
0.645081
0.64125
0.635351
0.628547
0.622393
0.618188
0.616044
0.614549
0.609904
0.599938
0.588787
0.589652
0.609152
0.634644
0.655135
0.667572
0.672487
0.671347
0.64765
0.64718
0.645826
0.642995
0.638925
0.634082
0.629156
0.624849
0.620913
0.614578
0.599063
0.56755
0.533134
0.533496
0.567031
0.599104
0.620525
0.6317
0.635543
0.634621
0.646416
0.646088
0.645172
0.643097
0.640126
0.636756
0.633331
0.630129
0.62678
0.619512
0.600733
0.559225
0.511221
0.520938
0.559298
0.58944
0.606361
0.613249
0.61528
0.614789
0.64358
0.64346
0.643062
0.641853
0.639759
0.637669
0.635935
0.635016
0.634402
0.631433
0.618777
0.586511
0.55356
0.569884
0.597589
0.614264
0.6217
0.62419
0.625522
0.625916
0.63746
0.637531
0.637593
0.637212
0.636414
0.635874
0.636369
0.638614
0.643615
0.648293
0.649889
0.640479
0.634406
0.649144
0.6617
0.667209
0.669817
0.67229
0.673267
0.672151
0.626373
0.626647
0.627168
0.627631
0.628227
0.629717
0.633144
0.639444
0.650447
0.665981
0.683691
0.697736
0.716237
0.726367
0.722164
0.718473
0.719588
0.722396
0.722104
0.720534
0.608787
0.609238
0.610181
0.611506
0.613513
0.617144
0.623602
0.634657
0.652381
0.677879
0.708149
0.737746
0.771873
0.772661
0.760725
0.75453
0.75431
0.754831
0.753908
0.752815
0.582187
0.583071
0.584492
0.586611
0.589922
0.595485
0.604775
0.620062
0.643305
0.676468
0.71346
0.747699
0.778789
0.776883
0.770171
0.771544
0.77508
0.776562
0.773523
0.772198
0.54362
0.544713
0.546661
0.549597
0.554052
0.560976
0.571831
0.588991
0.614871
0.651967
0.69245
0.72162
0.737696
0.738319
0.74783
0.77022
0.785915
0.784502
0.779467
0.778864
0.489602
0.490972
0.493312
0.496865
0.501907
0.508772
0.518264
0.53215
0.553728
0.587738
0.634284
0.665511
0.662498
0.666884
0.713509
0.756409
0.786665
0.790556
0.785383
0.785366
0.418396
0.419839
0.422255
0.42587
0.43021
0.434264
0.437042
0.438156
0.439978
0.462531
0.527568
0.575903
0.56867
0.587162
0.67019
0.745677
0.784185
0.786439
0.782285
0.780762
0.331596
0.332781
0.334813
0.337588
0.33916
0.336159
0.323611
0.295113
0.256613
0.259077
0.363525
0.453046
0.460873
0.508313
0.606169
0.693333
0.735955
0.727447
0.721124
0.71844
0.236336
0.236858
0.238116
0.239298
0.236292
0.222091
0.183915
0.105211
-0.0013958
-0.0152513
0.153128
0.292847
0.33348
0.411474
0.510616
0.578181
0.593748
0.589982
0.585435
0.583067
0.146012
0.145399
0.145786
0.14562
0.13849
0.112649
0.0454233
-0.0900237
-0.259345
-0.27831
-0.0542267
0.134851
0.187645
0.298711
0.380443
0.418201
0.407669
0.404738
0.404401
0.404121
0.0724068
0.0720615
0.0736187
0.0732113
0.066445
0.0404809
-0.0341023
-0.18985
-0.363508
-0.382899
-0.156649
0.00838738
0.072634
0.184238
0.223433
0.228647
0.227238
0.225927
0.226356
0.226543
0.028009
0.0274878
0.0284227
0.0310852
0.0323922
0.029065
0.00776724
-0.0542475
-0.129526
-0.167458
-0.0965317
-0.00606147
-0.0118785
-0.0456001
-0.0374868
0.0532153
0.0525097
0.0474274
0.0463133
0.0453867
0.574561
0.757082
0.970017
1.15206
1.2987
1.4157
1.51335
1.59578
1.63262
1.60969
0.906943
1.0374
1.17675
1.29737
1.39952
1.48453
1.55336
1.60218
1.62693
1.63874
1.14303
1.232
1.32669
1.41068
1.4831
1.54371
1.59185
1.62697
1.65214
1.66983
1.31428
1.37677
1.44308
1.50376
1.55658
1.60137
1.63806
1.66719
1.69086
1.70898
1.44643
1.49218
1.54039
1.58649
1.6272
1.66266
1.6929
1.71795
1.73888
1.75662
1.55471
1.58907
1.62877
1.66584
1.69976
1.73005
1.75645
1.77856
1.79677
1.81407
1.64972
1.67932
1.7144
1.74746
1.77822
1.80607
1.83035
1.85047
1.86623
1.88329
1.7399
1.76967
1.80436
1.83697
1.86708
1.89411
1.91732
1.93607
1.94963
1.96667
1.83623
1.86969
1.90678
1.94074
1.97111
1.99758
2.01976
2.03721
2.04921
2.06662
1.95194
1.98974
2.02869
2.06323
2.09278
2.11769
2.1382
2.1542
2.16576
2.18384
2.09735
2.13605
2.17215
2.20295
2.22875
2.25094
2.27008
2.28567
2.29816
2.31617
2.27233
2.30425
2.3305
2.35297
2.37301
2.39179
2.40955
2.42607
2.44145
2.45953
2.46108
2.47837
2.49353
2.50982
2.52575
2.54032
2.55355
2.5675
2.58507
2.60523
2.64307
2.65251
2.66408
2.67491
2.68422
2.69383
2.70465
2.71604
2.72742
2.74278
2.8502
2.8539
2.83897
2.82417
2.81793
2.82363
2.84212
2.87245
2.90463
2.93129
3.15655
3.02168
2.94506
2.90274
2.88533
2.8893
2.91672
2.97313
3.07576
3.30013
1.43728
1.43515
1.43067
1.42203
1.4098
1.39766
1.38741
1.37948
1.37382
1.37049
1.37004
1.37267
1.37768
1.38484
1.39418
1.40568
1.4183
1.42932
1.43542
1.43847
1.36175
1.3676
1.37393
1.37842
1.38088
1.38054
1.37778
1.37394
1.37037
1.36803
1.36778
1.36987
1.37344
1.37765
1.3814
1.38325
1.38228
1.37877
1.37359
1.36696
1.35336
1.35566
1.35906
1.36205
1.36411
1.36559
1.36632
1.36597
1.36489
1.36392
1.36398
1.36528
1.36699
1.36821
1.36833
1.36739
1.3658
1.36343
1.36014
1.35722
1.34789
1.34898
1.35081
1.35318
1.3552
1.35661
1.3576
1.35831
1.35865
1.35877
1.35914
1.3598
1.36028
1.36024
1.35975
1.35884
1.35731
1.35519
1.35307
1.35168
1.34275
1.34342
1.34452
1.34623
1.348
1.34962
1.35089
1.35186
1.35267
1.35335
1.35393
1.35431
1.35435
1.35406
1.35339
1.35225
1.35075
1.34915
1.34779
1.347
1.33786
1.33832
1.3391
1.3404
1.34189
1.3434
1.34484
1.34609
1.34715
1.34808
1.34881
1.34917
1.34914
1.3487
1.34786
1.34676
1.34553
1.34432
1.34336
1.34283
1.33313
1.33348
1.33409
1.33517
1.33647
1.33784
1.33927
1.34067
1.34196
1.3431
1.344
1.34444
1.34438
1.34389
1.3431
1.34217
1.34119
1.34022
1.33948
1.33909
1.32854
1.3288
1.3293
1.33023
1.33141
1.33272
1.3341
1.33554
1.337
1.33835
1.33944
1.34
1.34001
1.33961
1.33899
1.33822
1.33741
1.33663
1.33606
1.33577
1.32401
1.32421
1.32463
1.32545
1.32657
1.32783
1.3292
1.33068
1.33224
1.33381
1.33513
1.33588
1.33605
1.33584
1.33539
1.3348
1.33413
1.33351
1.33307
1.33284
1.31948
1.31964
1.32
1.32076
1.32184
1.32309
1.32448
1.32602
1.3277
1.32945
1.33105
1.33209
1.33253
1.33254
1.33228
1.33185
1.33133
1.33083
1.33049
1.33031
1.31489
1.31501
1.31532
1.31605
1.31712
1.3184
1.31987
1.32154
1.3234
1.32542
1.32736
1.32875
1.32948
1.32972
1.32964
1.32937
1.32899
1.32861
1.32835
1.32821
1.31018
1.31027
1.31055
1.31126
1.31237
1.31372
1.31529
1.31712
1.31922
1.32158
1.32395
1.32577
1.32684
1.32737
1.32752
1.32741
1.32716
1.32688
1.3267
1.32659
1.30532
1.30538
1.30563
1.30634
1.3075
1.30894
1.31063
1.31264
1.31503
1.31781
1.32072
1.32305
1.32456
1.32546
1.3259
1.32602
1.32592
1.32576
1.32564
1.32557
1.30023
1.30027
1.3005
1.30123
1.30245
1.30401
1.30589
1.30819
1.31096
1.31424
1.31779
1.32082
1.32288
1.32417
1.32491
1.32528
1.32537
1.32533
1.32529
1.32524
1.29488
1.29488
1.29509
1.29583
1.29714
1.29885
1.30095
1.30358
1.30684
1.31083
1.31522
1.319
1.32168
1.3235
1.32464
1.32527
1.32561
1.32573
1.32577
1.32576
1.28907
1.28906
1.28928
1.29001
1.29138
1.29324
1.2956
1.29863
1.30246
1.30723
1.31263
1.31744
1.32096
1.32342
1.32506
1.32615
1.32683
1.32717
1.3273
1.3273
1.28254
1.28251
1.28274
1.28351
1.28499
1.28706
1.28981
1.29341
1.29806
1.3039
1.31056
1.31654
1.32097
1.32415
1.32641
1.32799
1.32903
1.32962
1.32986
1.32987
1.27486
1.27482
1.27508
1.27594
1.27757
1.27995
1.28318
1.28748
1.29311
1.30025
1.30847
1.31592
1.32152
1.32562
1.32859
1.33072
1.33221
1.33307
1.3334
1.33342
1.26556
1.26551
1.26582
1.26683
1.26876
1.27162
1.27555
1.28084
1.28779
1.29661
1.30675
1.31594
1.32287
1.32799
1.33177
1.33454
1.33645
1.33757
1.33799
1.33801
1.25417
1.2541
1.2545
1.25576
1.25814
1.26169
1.26659
1.27318
1.28182
1.29275
1.30524
1.31651
1.32503
1.33136
1.33603
1.33947
1.34187
1.34326
1.34377
1.3438
1.24005
1.23996
1.2405
1.24214
1.24515
1.24968
1.2559
1.26425
1.27511
1.28869
1.30404
1.31779
1.32815
1.33584
1.34156
1.34578
1.34873
1.3504
1.35099
1.35102
1.2223
1.22219
1.22295
1.22513
1.22907
1.23497
1.24305
1.25379
1.26756
1.28448
1.30328
1.31992
1.33237
1.34162
1.34853
1.35364
1.35722
1.35919
1.35988
1.3599
1.19944
1.19933
1.20045
1.20348
1.20883
1.21678
1.22756
1.24158
1.25916
1.28021
1.30308
1.32302
1.33786
1.34887
1.35713
1.36327
1.36753
1.36982
1.3706
1.37062
1.16924
1.16916
1.17092
1.17538
1.18308
1.19431
1.20907
1.22763
1.25008
1.27612
1.30367
1.3273
1.34476
1.35775
1.36753
1.3748
1.37976
1.38239
1.38326
1.38327
1.12774
1.12783
1.13102
1.13841
1.15035
1.16689
1.18751
1.21217
1.24069
1.27256
1.30531
1.33291
1.3532
1.36832
1.37974
1.38825
1.39395
1.39693
1.39786
1.39784
1.06751
1.06877
1.07653
1.09033
1.10991
1.13476
1.16352
1.19591
1.23157
1.26994
1.30824
1.33998
1.36318
1.38049
1.39359
1.4033
1.40988
1.4132
1.41411
1.41403
0.995987
0.99801
1.01264
1.03637
1.06662
1.10107
1.13871
1.17936
1.22276
1.2684
1.31332
1.35039
1.37761
1.39808
1.41361
1.42515
1.43297
1.43696
1.43804
1.43802
0.922586
0.929233
0.950857
0.98448
1.02452
1.06824
1.11467
1.1636
1.21482
1.26788
1.31963
1.36223
1.39355
1.41721
1.43536
1.44909
1.4583
1.46219
1.46344
1.4637
0.863566
0.872157
0.898488
0.93884
0.986386
1.03788
1.0921
1.1487
1.20735
1.26752
1.32572
1.37337
1.4083
1.43461
1.45471
1.46982
1.47988
1.48484
1.48688
1.48725
0.815658
0.824817
0.854583
0.899783
0.953061
1.01074
1.07149
1.13482
1.20018
1.26691
1.33107
1.38324
1.42124
1.44971
1.47142
1.48782
1.4991
1.50484
1.50716
1.50758
0.775509
0.784896
0.816985
0.865928
0.923803
0.986567
1.05283
1.12198
1.19332
1.26598
1.33554
1.39175
1.43238
1.46263
1.48559
1.50291
1.51487
1.52123
1.52383
1.5243
0.740608
0.750092
0.783887
0.835891
0.897563
0.964637
1.03567
1.10995
1.18663
1.26468
1.33916
1.39899
1.44192
1.47362
1.49751
1.51548
1.52793
1.53481
1.53754
1.53802
0.70937
0.718896
0.754033
0.808577
0.873456
0.944255
1.01949
1.09835
1.17989
1.2629
1.34196
1.40515
1.45014
1.48308
1.50768
1.52603
1.53876
1.54588
1.54866
1.54917
0.680612
0.690194
0.726454
0.783203
0.850839
0.924899
1.00386
1.08687
1.17286
1.26051
1.34394
1.41035
1.4573
1.49137
1.51658
1.53519
1.54803
1.55529
1.55804
1.55858
0.65356
0.663202
0.700456
0.759118
0.829234
0.906191
0.988483
1.07524
1.16536
1.25739
1.34506
1.41468
1.46363
1.49884
1.52466
1.54358
1.55653
1.56383
1.56661
1.56697
0.627714
0.637454
0.675642
0.735921
0.808295
0.887847
0.973138
1.06331
1.15724
1.25345
1.34528
1.4182
1.46925
1.50575
1.53228
1.55154
1.56463
1.5719
1.57465
1.57499
0.602672
0.612596
0.651616
0.713447
0.787804
0.869682
0.957683
1.05096
1.14844
1.24861
1.34459
1.42094
1.47431
1.51226
1.53963
1.55935
1.57263
1.57989
1.58253
1.58287
0.578252
0.588417
0.628199
0.691517
0.767639
0.851601
0.942043
1.03815
1.1389
1.24285
1.34294
1.42291
1.47884
1.51846
1.54684
1.56711
1.58061
1.58785
1.59036
1.59065
0.554399
0.564786
0.605366
0.67
0.74773
0.833565
0.926192
1.02486
1.1286
1.23611
1.34028
1.42403
1.48281
1.52437
1.55396
1.57488
1.58861
1.59577
1.5981
1.5983
0.531002
0.541705
0.583012
0.648877
0.728056
0.815563
0.910141
1.0111
1.11757
1.2284
1.33652
1.42421
1.48616
1.52999
1.561
1.58265
1.59659
1.6036
1.6057
1.60579
0.508122
0.519116
0.561171
0.628153
0.708641
0.797635
0.893941
0.996925
1.10583
1.2197
1.33162
1.42334
1.48878
1.53529
1.56801
1.59048
1.60451
1.61122
1.61303
1.61301
0.48573
0.497035
0.539863
0.607867
0.689525
0.779828
0.877649
0.982411
1.09346
1.21005
1.32554
1.42132
1.49051
1.54016
1.57503
1.59847
1.6124
1.61856
1.61997
1.61985
0.464015
0.475559
0.519125
0.588065
0.67077
0.762225
0.86134
0.967637
1.08054
1.19954
1.31828
1.41801
1.49117
1.54443
1.58209
1.60686
1.6205
1.62563
1.62642
1.62619
0.442848
0.454735
0.498996
0.568784
0.652416
0.744873
0.845115
0.952696
1.06717
1.18824
1.30985
1.41333
1.49054
1.54783
1.58908
1.61603
1.62943
1.63277
1.63233
1.63191
0.422396
0.434597
0.479511
0.550082
0.63455
0.727863
0.82906
0.937714
1.05348
1.17625
1.30033
1.4072
1.4884
1.54995
1.5956
1.62614
1.6404
1.64155
1.63835
1.63677
0.402609
0.415101
0.460724
0.532014
0.617215
0.711266
0.813259
0.922774
1.03957
1.1637
1.2898
1.39958
1.48459
1.55033
1.60083
1.63661
1.65441
1.65552
1.64832
1.63821
0.383566
0.396295
0.442535
0.514428
0.6002
0.694795
0.797371
0.907461
1.02498
1.15007
1.27769
1.38983
1.47848
1.5483
1.60346
1.64577
1.6704
1.67528
1.66668
1.65736
0.365325
0.378268
0.424943
0.497369
0.58352
0.678449
0.781418
0.891764
1.00967
1.13527
1.26384
1.37762
1.46944
1.54316
1.60095
1.64793
1.67586
1.68585
1.64993
1.59573
0.348149
0.361792
0.408051
0.480896
0.567063
0.662097
0.765358
0.875804
0.993721
1.11936
1.24824
1.36284
1.45652
1.53468
1.59144
1.63169
1.66071
1.65155
1.59419
1.52799
0.331733
0.346188
0.392049
0.465619
0.551157
0.646217
0.748973
0.859643
0.977274
1.10253
1.23091
1.3454
1.43873
1.52402
1.574
1.62711
1.6014
1.56202
1.49214
1.4223
0.345846
0.363887
0.412453
0.490081
0.580468
0.679249
0.787253
0.90076
1.0213
1.14973
1.27161
1.37285
1.45776
1.54816
1.59899
1.51846
1.47472
1.41284
1.3392
1.29013
0.321477
0.33792
0.373476
0.441426
0.526536
0.621051
0.723903
0.83387
0.950569
1.07434
1.20048
1.31271
1.40233
1.48156
1.55248
1.55488
1.4345
1.3508
1.28786
1.20309
0.301491
0.317184
0.358496
0.427871
0.513234
0.607323
0.708971
0.817969
0.933578
1.05575
1.17987
1.28955
1.37603
1.44243
1.46933
1.3997
1.25774
1.16035
1.08404
0.993182
0.281099
0.293629
0.33944
0.410118
0.495662
0.589914
0.691475
0.800067
0.914654
1.03513
1.15617
1.26109
1.34043
1.39114
1.36906
1.2395
1.08364
0.962854
0.86259
0.722029
0.257512
0.270601
0.318439
0.390257
0.476127
0.570399
0.671807
0.77973
0.893092
1.01151
1.12896
1.22844
1.29983
1.33084
1.27229
1.08609
0.898019
0.738168
0.590736
0.389365
0.235026
0.247736
0.296805
0.369793
0.456165
0.550393
0.651399
0.758405
0.870296
0.986292
1.09978
1.19328
1.25602
1.25787
1.14728
0.941109
0.719317
0.505587
0.319188
-0.10141
0.21259
0.224876
0.274433
0.348291
0.435072
0.529321
0.629917
0.735994
0.846304
0.959649
1.06885
1.15573
1.20799
1.17527
1.02249
0.812611
0.583861
0.358028
0.164597
-0.149728
0.189296
0.201419
0.25112
0.325509
0.412575
0.506855
0.607078
0.712251
0.820923
0.93145
1.03612
1.11594
1.15503
1.10278
0.909948
0.708324
0.499532
0.321282
0.245452
0.209111
0.164692
0.176638
0.226503
0.301162
0.388313
0.482463
0.582161
0.686203
0.79291
0.900137
0.999643
1.07171
1.09604
1.01433
0.809645
0.620606
0.448729
0.333826
0.296037
0.284166
0.138582
0.15047
0.20043
0.275247
0.36236
0.456215
0.55518
0.657838
0.76221
0.865629
0.95929
1.02342
1.026
0.90904
0.718786
0.5435
0.396762
0.335614
0.32087
0.316037
0.110926
0.122578
0.172847
0.247777
0.334755
0.428145
0.526173
0.627161
0.728832
0.827984
0.915094
0.970933
0.946576
0.809183
0.632647
0.468451
0.361448
0.323153
0.329664
0.330193
0.0817337
0.0933619
0.143794
0.218825
0.305573
0.398343
0.495206
0.594248
0.692849
0.787245
0.867325
0.912986
0.871309
0.714494
0.553866
0.406966
0.35879
0.343918
0.339558
0.339204
0.0514191
0.0630573
0.113493
0.188593
0.274989
0.366969
0.462439
0.559254
0.654412
0.743591
0.816297
0.850204
0.800435
0.63002
0.482684
0.37576
0.327248
0.340688
0.343557
0.344011
0.0204624
0.0320326
0.0824833
0.157421
0.243343
0.334335
0.428186
0.522485
0.613855
0.697428
0.762283
0.787011
0.71484
0.550451
0.423205
0.347067
0.342359
0.343885
0.346062
0.347117
-0.0102794
0.000989916
0.0514363
0.125836
0.211134
0.300927
0.392907
0.484418
0.571707
0.649378
0.706224
0.720114
0.61793
0.472159
0.374944
0.364235
0.341802
0.341094
0.346355
0.34774
-0.0398913
-0.0289865
0.0209503
0.0948515
0.179061
0.267449
0.357296
0.445773
0.528769
0.600224
0.649354
0.645345
0.521913
0.378545
0.33695
0.322767
0.314986
0.313762
0.315107
0.318541
-0.0669014
-0.0564702
-0.00753134
0.0652439
0.148194
0.234815
0.322275
0.407522
0.48612
0.55123
0.593122
0.575517
0.427377
0.249099
0.183626
0.224414
0.227272
0.232398
0.236147
0.241872
-0.089832
-0.0800897
-0.0325053
0.0385409
0.119678
0.204201
0.289022
0.370904
0.445177
0.504298
0.53876
0.51437
0.344317
0.0972227
-0.131288
-0.0474896
0.0648777
0.120543
0.135513
0.140814
-0.10667
-0.0977698
-0.0523566
0.0164156
0.0949788
0.176971
0.258935
0.337434
0.407635
0.461672
0.487977
0.46529
0.301598
0.0803628
-0.336862
-0.25064
-0.0722189
-0.0355114
-0.0109024
0.0107684
-0.115692
-0.107587
-0.0652226
0.000320807
0.0758101
0.154749
0.233554
0.30882
0.375407
0.425573
0.443858
0.436399
0.340908
0.369449
0.417001
0.305505
0.0837274
-0.00182756
-0.00886577
-0.011638
-0.113565
-0.106773
-0.0698384
-0.00802426
0.0636766
0.139042
0.21457
0.286941
0.350718
0.397816
0.411872
0.40202
0.376113
0.643982
1.20827
0.778729
0.25593
0.0156341
-0.0153396
-0.0205481
-0.099111
-0.0944411
-0.0640949
-0.00754885
0.0597779
0.13112
0.203491
0.273532
0.336049
0.38152
0.394386
0.342707
0.135817
-0.20893
-0.704317
-1.20497
-1.35836
-0.998226
-0.530688
-0.33467
-0.0725564
-0.069055
-0.0465659
0.00224824
0.0643474
0.131622
0.201206
0.270063
0.333412
0.382336
0.395468
0.321071
-0.194193
-1.18004
-2.12835
-2.59761
-2.65566
-2.34061
-1.90973
-1.64029
-0.0369718
-0.0347226
-0.0198647
0.0200841
0.0765452
0.140044
0.207737
0.277227
0.344203
0.403601
0.43425
0.421842
0.0213504
-0.510576
-1.10854
-1.32031
-1.17428
-0.849728
-0.506041
-0.256616
0.00272307
0.00397814
0.0130162
0.042757
0.0933682
0.154443
0.221533
0.293578
0.368607
0.442512
0.518508
0.574511
0.649542
0.801563
1.137
1.53657
1.96918
2.30902
2.51142
2.60705
0.0401758
0.0408752
0.0452094
0.0670179
0.111734
0.17133
0.239424
0.315462
0.399752
0.49316
0.604538
0.74065
0.954551
1.41495
2.07272
2.71828
3.22712
3.5531
3.724
3.78755
0.0729161
0.0737489
0.0755389
0.0882966
0.127184
0.18615
0.256835
0.33725
0.427175
0.531612
0.647017
0.778088
0.918263
1.29769
1.88337
2.43135
2.8696
3.14638
3.2895
3.34623
0.10503
0.105617
0.106376
0.111913
0.141916
0.199194
0.272098
0.354381
0.444978
0.545648
0.655157
0.767162
0.87851
1.10343
1.55436
1.97447
2.30522
2.52324
2.63577
2.67866
0.127593
0.128836
0.129657
0.131668
0.155701
0.212872
0.287561
0.369716
0.457953
0.553406
0.654027
0.74572
0.832278
0.955918
1.25926
1.56058
1.7956
1.95232
2.03252
2.06153
0.140177
0.140704
0.138241
0.138881
0.165814
0.229685
0.307802
0.3888
0.471927
0.558945
0.647666
0.72147
0.786913
0.865342
1.06376
1.26535
1.4212
1.52333
1.57534
1.59493
0.175937
0.173973
0.168403
0.169677
0.200089
0.265236
0.340593
0.415399
0.4894
0.564983
0.641069
0.703973
0.756991
0.808246
0.941696
1.07343
1.17028
1.23343
1.26354
1.27363
0.274959
0.271745
0.266345
0.26797
0.291957
0.339662
0.395593
0.453481
0.512208
0.573885
0.637113
0.690588
0.733166
0.771406
0.85844
0.941727
1.00206
1.0408
1.05887
1.06391
0.413851
0.411725
0.408967
0.408477
0.417434
0.437633
0.465599
0.499673
0.539145
0.584501
0.6344
0.679964
0.71703
0.751505
0.802004
0.852198
0.891469
0.915527
0.927442
0.930795
0.532371
0.531325
0.529982
0.526704
0.523109
0.522915
0.529358
0.543398
0.565479
0.595593
0.633033
0.670538
0.702015
0.733368
0.764213
0.793294
0.817316
0.834321
0.842959
0.845024
0.603197
0.602635
0.601567
0.59719
0.588675
0.579748
0.575265
0.577489
0.587258
0.604726
0.629899
0.657426
0.681837
0.708833
0.726342
0.745569
0.763966
0.777441
0.784521
0.785709
0.635159
0.634727
0.633648
0.629633
0.621588
0.611798
0.604065
0.600598
0.602762
0.610891
0.624256
0.639354
0.657234
0.672137
0.681724
0.698045
0.715691
0.729025
0.736133
0.737225
0.645937
0.64553
0.644499
0.641359
0.635425
0.627623
0.620229
0.615038
0.613049
0.614179
0.616596
0.61768
0.617389
0.618057
0.625853
0.646452
0.668208
0.684343
0.693113
0.69431
0.648005
0.647615
0.646721
0.644335
0.640216
0.634738
0.628888
0.623789
0.619971
0.616598
0.610242
0.594228
0.569002
0.554123
0.570521
0.601419
0.627746
0.644693
0.652929
0.653802
0.647347
0.647004
0.64633
0.644551
0.641531
0.637715
0.6335
0.629453
0.625703
0.620668
0.609393
0.581588
0.535456
0.509064
0.537448
0.574379
0.599938
0.613678
0.619302
0.620757
0.645434
0.645189
0.644826
0.643682
0.641548
0.638862
0.63609
0.633646
0.631531
0.629102
0.618838
0.5908
0.543251
0.52421
0.556752
0.587649
0.604805
0.612479
0.614949
0.615762
0.641147
0.641022
0.640997
0.640556
0.639349
0.63786
0.636782
0.636637
0.637904
0.639023
0.638048
0.624274
0.59859
0.596552
0.618096
0.635902
0.643986
0.647846
0.649171
0.649001
0.632706
0.632694
0.632965
0.633151
0.633051
0.633038
0.634504
0.63735
0.643074
0.651605
0.662954
0.669365
0.671571
0.684913
0.69188
0.692984
0.691203
0.693167
0.695052
0.695092
0.61849
0.618604
0.619187
0.620036
0.621064
0.622871
0.626496
0.633263
0.644382
0.661384
0.685287
0.709248
0.737267
0.756639
0.750822
0.742679
0.740755
0.742079
0.743599
0.741558
0.596785
0.597094
0.598018
0.599434
0.60151
0.604995
0.611131
0.621541
0.637949
0.663171
0.696306
0.73003
0.765935
0.786244
0.774154
0.765547
0.765261
0.767999
0.766349
0.764201
0.564537
0.565072
0.56641
0.568486
0.571596
0.57656
0.584675
0.597729
0.61802
0.649033
0.687495
0.723113
0.752635
0.764042
0.761174
0.770734
0.776442
0.779597
0.778214
0.776436
0.518462
0.5193
0.52102
0.523686
0.527639
0.533502
0.542217
0.555448
0.575473
0.606221
0.646616
0.686015
0.70365
0.698729
0.714105
0.746861
0.777464
0.788438
0.782796
0.781085
0.455863
0.456949
0.458877
0.461868
0.4661
0.47147
0.477845
0.485942
0.496903
0.516081
0.557553
0.612316
0.630291
0.617386
0.656753
0.725864
0.773697
0.79539
0.791005
0.788419
0.376299
0.377463
0.379227
0.382026
0.385451
0.387878
0.386895
0.379975
0.364481
0.354168
0.406062
0.493523
0.527396
0.522578
0.59403
0.683161
0.754571
0.768801
0.762662
0.758521
0.283995
0.284899
0.286023
0.288001
0.289187
0.285536
0.2706
0.234222
0.169873
0.112443
0.182246
0.333547
0.396493
0.4095
0.51533
0.606969
0.669002
0.673111
0.666153
0.661169
0.189538
0.189772
0.190005
0.190872
0.189039
0.177708
0.143894
0.0645639
-0.0754097
-0.179021
-0.0782595
0.147004
0.244127
0.301457
0.40454
0.48723
0.50184
0.498703
0.496613
0.495336
0.107248
0.106584
0.106454
0.106322
0.104072
0.0869694
0.0392115
-0.0742658
-0.261063
-0.394407
-0.273334
-0.0105319
0.107277
0.187175
0.289787
0.333443
0.321344
0.315133
0.314056
0.314277
0.0275499
0.0277352
0.0297062
0.0320505
0.0316772
0.0224622
-0.0184532
-0.0935373
-0.157402
-0.146929
-0.043395
0.00876058
-0.00982177
-0.0607081
0.0416768
0.0562492
0.0491075
0.0468683
0.0459512
0.13949
-0.519056
0.218063
0.684957
0.958439
1.15809
1.3128
1.43484
1.5358
1.64032
1.73248
0.593248
0.805326
0.997363
1.15839
1.29317
1.40399
1.49493
1.56924
1.61536
1.62091
0.95574
1.08002
1.20094
1.30882
1.40189
1.48062
1.54518
1.59417
1.62585
1.6446
1.18198
1.26607
1.34868
1.4245
1.49093
1.54764
1.59425
1.63075
1.6584
1.67814
1.34552
1.40249
1.4638
1.52045
1.56964
1.6124
1.6486
1.67854
1.70288
1.72032
1.47356
1.51588
1.56397
1.60613
1.64507
1.67972
1.70996
1.73574
1.75716
1.77172
1.5797
1.61512
1.65363
1.68903
1.72229
1.75276
1.77978
1.80291
1.82195
1.8339
1.67498
1.70672
1.74151
1.77483
1.80618
1.83505
1.86061
1.88222
1.89941
1.9091
1.76731
1.80027
1.83604
1.87047
1.90215
1.93076
1.9556
1.97613
1.99175
2.00008
1.87011
1.90776
1.94628
1.98285
2.01516
2.04323
2.06683
2.08597
2.10021
2.10878
1.99765
2.04009
2.07931
2.11535
2.1459
2.17169
2.19333
2.21104
2.22461
2.23483
2.15932
2.20099
2.23484
2.2643
2.28889
2.31048
2.33012
2.34759
2.36237
2.37509
2.34972
2.38058
2.40204
2.42122
2.4393
2.45656
2.4728
2.48865
2.50519
2.52213
2.54776
2.55919
2.57029
2.58442
2.59872
2.61158
2.62297
2.63384
2.64676
2.66366
2.73361
2.74353
2.75221
2.75466
2.75552
2.7598
2.77063
2.7866
2.80424
2.80884
3.03466
2.97928
2.92848
2.88824
2.86587
2.86185
2.87535
2.90916
2.96561
3.04117
1.5795
1.52081
1.47832
1.44445
1.41979
1.40222
1.38968
1.38071
1.37455
1.37099
1.3705
1.37326
1.37861
1.38648
1.39735
1.41236
1.43335
1.46243
1.50118
1.549
1.38106
1.38981
1.39534
1.39615
1.39266
1.38659
1.38013
1.37461
1.3707
1.36895
1.37001
1.3735
1.3787
1.38511
1.39183
1.39707
1.39868
1.39543
1.38807
1.3804
1.35812
1.36015
1.36475
1.36825
1.37075
1.37216
1.37184
1.37006
1.36781
1.36615
1.36605
1.36775
1.37037
1.37291
1.37433
1.37395
1.37206
1.36923
1.36517
1.36078
1.35125
1.35211
1.35459
1.3573
1.3593
1.36064
1.36159
1.36199
1.36178
1.36143
1.36165
1.36259
1.36357
1.36396
1.36358
1.36267
1.36122
1.35895
1.35628
1.35431
1.34565
1.34611
1.3475
1.34952
1.35145
1.353
1.35411
1.35496
1.3556
1.35606
1.35654
1.35702
1.35721
1.357
1.35644
1.3554
1.35383
1.35196
1.35028
1.34925
1.34054
1.34082
1.34174
1.34321
1.34483
1.34641
1.34781
1.34892
1.34986
1.35068
1.35134
1.35169
1.35168
1.35131
1.35053
1.34937
1.348
1.34662
1.34549
1.34486
1.33567
1.33587
1.33656
1.33774
1.33912
1.34055
1.34199
1.34335
1.34452
1.34555
1.34636
1.34676
1.34671
1.34622
1.34539
1.34437
1.34328
1.34219
1.34135
1.34091
1.33097
1.33112
1.33168
1.33267
1.33391
1.33524
1.33664
1.33807
1.33945
1.3407
1.34169
1.34218
1.34214
1.34168
1.34097
1.34013
1.33923
1.33836
1.33771
1.33738
1.32639
1.3265
1.32696
1.32783
1.32897
1.33025
1.33163
1.33309
1.3346
1.33606
1.33726
1.3379
1.33798
1.33767
1.33713
1.33646
1.33571
1.33501
1.33451
1.33425
1.32184
1.32193
1.32231
1.3231
1.3242
1.32545
1.32682
1.32833
1.32993
1.33159
1.33304
1.33393
1.33423
1.33413
1.33377
1.33326
1.33267
1.3321
1.33172
1.33151
1.31726
1.31734
1.31767
1.3184
1.31948
1.32074
1.32217
1.32377
1.32553
1.32741
1.32917
1.33038
1.33095
1.33108
1.3309
1.33055
1.3301
1.32965
1.32936
1.3292
1.3126
1.31265
1.31295
1.31366
1.31475
1.31606
1.31758
1.31932
1.3213
1.32347
1.3256
1.32721
1.3281
1.32848
1.32851
1.32832
1.328
1.32766
1.32744
1.32732
1.3078
1.30785
1.30811
1.30881
1.30995
1.31135
1.31298
1.31489
1.31715
1.31972
1.32234
1.32439
1.32566
1.32636
1.32665
1.32665
1.32646
1.32623
1.32608
1.32599
1.30283
1.30286
1.3031
1.3038
1.30499
1.30649
1.30827
1.3104
1.31295
1.31594
1.31915
1.32183
1.32362
1.32473
1.32531
1.32557
1.32555
1.32544
1.32536
1.3253
1.29759
1.2976
1.29783
1.29856
1.29983
1.30148
1.30348
1.30594
1.30897
1.31259
1.31655
1.31992
1.32225
1.32376
1.32469
1.3252
1.32538
1.3254
1.32539
1.32536
1.29203
1.29205
1.29225
1.29297
1.29431
1.2961
1.29833
1.30113
1.30464
1.30898
1.31385
1.31812
1.32122
1.32337
1.32475
1.32561
1.32608
1.32629
1.32638
1.32638
1.28588
1.28589
1.28611
1.28685
1.28827
1.29025
1.2928
1.29609
1.30031
1.30559
1.31158
1.31695
1.32089
1.32368
1.32563
1.32697
1.32779
1.32824
1.32842
1.32843
1.27884
1.27884
1.27908
1.27986
1.28141
1.28364
1.28662
1.29053
1.29564
1.3021
1.30949
1.31617
1.32116
1.3248
1.32742
1.32925
1.33048
1.33119
1.33147
1.33149
1.2704
1.2704
1.27067
1.27156
1.27334
1.27596
1.27951
1.28427
1.29051
1.29844
1.30756
1.31585
1.32208
1.32668
1.33004
1.3325
1.33417
1.33514
1.33552
1.33554
1.26012
1.26013
1.26045
1.26152
1.26367
1.26689
1.27128
1.27717
1.28491
1.29472
1.30597
1.31616
1.32385
1.32956
1.33377
1.33685
1.33898
1.34022
1.34068
1.3407
1.24747
1.24748
1.24789
1.24924
1.25193
1.25598
1.2615
1.26889
1.27856
1.29074
1.30459
1.31705
1.32646
1.33345
1.33863
1.34244
1.34508
1.34659
1.34714
1.34717
1.23171
1.23171
1.23225
1.23402
1.23749
1.24271
1.24979
1.25923
1.27145
1.28661
1.3036
1.31874
1.33012
1.33857
1.34487
1.34951
1.35273
1.35453
1.35517
1.35519
1.21166
1.21167
1.21241
1.21481
1.21947
1.22637
1.23568
1.24792
1.26346
1.28234
1.3031
1.32133
1.33494
1.34506
1.35264
1.35823
1.36211
1.36421
1.36494
1.36497
1.18558
1.1856
1.18665
1.19009
1.19664
1.20615
1.21872
1.23483
1.25469
1.27813
1.30327
1.325
1.34113
1.35311
1.36214
1.36881
1.37338
1.37581
1.37663
1.37664
1.15054
1.15058
1.1523
1.15772
1.16755
1.18126
1.19867
1.22007
1.24539
1.27425
1.30434
1.32993
1.34879
1.36284
1.37344
1.38132
1.38661
1.38939
1.39029
1.39027
1.10094
1.10123
1.10513
1.115
1.1309
1.15138
1.17577
1.2041
1.23606
1.2711
1.3066
1.33626
1.358
1.37424
1.38653
1.39566
1.40178
1.40493
1.40586
1.40579
1.02938
1.03181
1.043
1.06242
1.08826
1.11801
1.15121
1.18771
1.22718
1.26906
1.31047
1.34465
1.36966
1.38843
1.40274
1.41349
1.42072
1.42449
1.42565
1.42564
0.953378
0.959944
0.979822
1.00928
1.04532
1.08455
1.12663
1.17142
1.21875
1.26812
1.31648
1.35637
1.3857
1.40784
1.42484
1.43788
1.44682
1.45141
1.45285
1.45306
0.889427
0.896089
0.922641
0.960479
1.00495
1.05276
1.10324
1.1561
1.21109
1.26776
1.32279
1.36797
1.40116
1.42623
1.44549
1.46012
1.47011
1.4758
1.47744
1.47761
0.837421
0.844465
0.874726
0.91841
0.969241
1.02398
1.0816
1.14168
1.20377
1.26729
1.32854
1.37852
1.41504
1.44247
1.46346
1.4794
1.4908
1.49704
1.49868
1.49897
0.794307
0.801641
0.834323
0.882247
0.938067
0.998386
1.06199
1.12833
1.19675
1.26652
1.33344
1.38769
1.42706
1.45647
1.47888
1.49592
1.5079
1.51465
1.51665
1.51707
0.757454
0.764954
0.799264
0.850495
0.910435
0.975426
1.04414
1.11593
1.19
1.26541
1.33749
1.39554
1.43736
1.46837
1.49185
1.50963
1.52207
1.52918
1.53159
1.53209
0.7249
0.732506
0.768039
0.821955
0.885346
0.954336
1.02753
1.10416
1.18332
1.26389
1.34069
1.40222
1.4462
1.47854
1.50281
1.52109
1.53386
1.54119
1.54383
1.54434
0.695239
0.702957
0.739521
0.795717
0.862045
0.934518
1.01167
1.09264
1.17646
1.26181
1.34308
1.40789
1.45386
1.48737
1.51229
1.53083
1.54376
1.55115
1.55392
1.55441
0.667619
0.675438
0.712898
0.771052
0.839978
0.915518
0.996187
1.08111
1.1692
1.25907
1.34463
1.41264
1.46058
1.49521
1.52072
1.53952
1.55254
1.55999
1.56285
1.56335
0.641362
0.649318
0.68759
0.747445
0.818734
0.897018
0.980843
1.06934
1.1614
1.25555
1.3453
1.41656
1.46654
1.50237
1.52854
1.54765
1.56077
1.56814
1.57097
1.57158
0.6161
0.624219
0.663326
0.724626
0.798034
0.878776
0.965452
1.05721
1.15295
1.25116
1.34507
1.41968
1.47187
1.50906
1.536
1.55549
1.56875
1.57612
1.57885
1.5794
0.591536
0.599854
0.639619
0.702446
0.777711
0.860656
0.949908
1.04464
1.14378
1.24586
1.3439
1.42204
1.47666
1.51541
1.54327
1.56327
1.57671
1.58406
1.58669
1.58709
0.567567
0.576114
0.61654
0.680729
0.757676
0.842599
0.93416
1.03158
1.13386
1.23961
1.34175
1.4236
1.48091
1.52146
1.55043
1.57102
1.58468
1.59197
1.59446
1.59474
0.544132
0.552809
0.594001
0.659405
0.737883
0.824573
0.918201
1.01805
1.12319
1.23239
1.33855
1.42426
1.48458
1.52723
1.5575
1.57879
1.59265
1.59981
1.60209
1.60226
0.521168
0.530034
0.571933
0.638473
0.718331
0.806602
0.90207
1.00408
1.11179
1.22418
1.33422
1.42392
1.48758
1.5327
1.56452
1.58658
1.6006
1.60751
1.60952
1.60958
0.498674
0.507732
0.550375
0.61796
0.699054
0.788728
0.885809
0.989717
1.09973
1.215
1.32873
1.42249
1.48978
1.5378
1.57153
1.59446
1.60849
1.61499
1.61665
1.61659
0.476731
0.485986
0.529365
0.597907
0.680109
0.771005
0.869502
0.975056
1.08707
1.20491
1.32207
1.41984
1.491
1.54239
1.57857
1.60261
1.61643
1.62217
1.62333
1.62317
0.455414
0.464869
0.508942
0.578355
0.661548
0.753515
0.853223
0.960187
1.07391
1.19399
1.31421
1.41585
1.49104
1.54627
1.58562
1.61135
1.62482
1.62918
1.62949
1.62919
0.434726
0.444389
0.489139
0.559356
0.643426
0.736334
0.837067
0.945213
1.06036
1.18233
1.30523
1.41046
1.48968
1.54909
1.59244
1.62099
1.6346
1.63682
1.63526
1.63462
0.414741
0.424607
0.469999
0.540959
0.625813
0.719519
0.821121
0.930231
1.04654
1.17004
1.29518
1.40359
1.48672
1.5504
1.59845
1.63144
1.64706
1.64772
1.64277
1.64016
0.395438
0.405492
0.451535
0.523166
0.608687
0.703051
0.805359
0.915206
1.03241
1.15708
1.284
1.39504
1.48189
1.54969
1.60261
1.64158
1.66249
1.66562
1.65787
1.64032
0.376783
0.387052
0.433632
0.505808
0.591812
0.686612
0.789399
0.899665
1.01741
1.14281
1.27099
1.38404
1.47439
1.54616
1.603
1.64806
1.67573
1.67892
1.67339
1.62723
0.358511
0.369684
0.416358
0.489023
0.575298
0.6703
0.773424
0.883834
1.00179
1.12746
1.25627
1.37057
1.46355
1.53935
1.59713
1.64233
1.67126
1.67814
1.6267
1.56306
0.339619
0.35441
0.399906
0.472917
0.558859
0.653934
0.757181
0.867723
0.985534
1.11102
1.23976
1.35444
1.44825
1.52951
1.58382
1.6132
1.63682
1.61413
1.54871
1.48084
0.321034
0.319311
0.379847
0.459911
0.545326
0.640291
0.741258
0.851981
0.969365
1.09426
1.22206
1.33603
1.42843
1.51892
1.54545
1.54453
1.55324
1.50068
1.42858
1.35612
0.345443
0.346536
0.403969
0.483043
0.573212
0.671863
0.777596
0.890838
1.01093
1.13871
1.25968
1.36009
1.44186
1.53045
1.55727
1.46402
1.38433
1.32081
1.24806
1.09891
0.304385
0.330587
0.390742
0.470429
0.560575
0.658861
0.763987
0.876524
0.995536
1.12156
1.23966
1.33668
1.41117
1.46876
1.44452
1.32292
1.20392
1.12254
1.03735
0.867443
0.279909
0.310889
0.371954
0.451408
0.54156
0.639566
0.744773
0.856435
0.973994
1.09759
1.21211
1.30407
1.37001
1.39515
1.32238
1.15891
1.01807
0.913729
0.796852
0.551991
0.256049
0.289411
0.351706
0.431842
0.522102
0.619993
0.724787
0.835424
0.951312
1.07211
1.18223
1.26811
1.32196
1.31453
1.18216
0.99113
0.813984
0.66643
0.500614
0.100368
0.233242
0.267422
0.330776
0.411749
0.502196
0.599911
0.704033
0.813537
0.927566
1.04524
1.15032
1.22949
1.2671
1.22761
1.04587
0.831764
0.609386
0.415943
0.157137
-0.467935
0.210722
0.244898
0.30893
0.390507
0.481172
0.578694
0.682159
0.790453
0.902437
1.01669
1.11637
1.18771
1.20836
1.12465
0.920746
0.698317
0.46931
0.254331
0.0722338
-0.63683
0.18737
0.22156
0.285941
0.367889
0.458727
0.556088
0.658931
0.765994
0.875812
0.98642
1.08051
1.14287
1.14232
1.01166
0.813668
0.601283
0.403474
0.266941
0.236303
0.185603
0.162775
0.19694
0.261512
0.343604
0.434445
0.531494
0.633546
0.739105
0.84636
0.952704
1.04071
1.09208
1.06774
0.907084
0.717217
0.530861
0.379225
0.311911
0.2895
0.282699
0.136595
0.170854
0.235566
0.317689
0.40838
0.504946
0.60596
0.709706
0.813997
0.915471
0.996852
1.03514
0.993231
0.808916
0.629406
0.465735
0.348865
0.317852
0.316707
0.316341
0.10877
0.14323
0.208076
0.290191
0.3806
0.476479
0.576218
0.677841
0.778725
0.874794
0.948662
0.974758
0.908002
0.717985
0.547447
0.403355
0.34808
0.332866
0.330479
0.330547
0.0794233
0.114137
0.179113
0.261159
0.351163
0.446173
0.544394
0.643568
0.740614
0.830786
0.896281
0.910265
0.808452
0.633878
0.475227
0.361557
0.335764
0.339326
0.339188
0.339476
0.0490579
0.0839062
0.148911
0.230799
0.320252
0.41419
0.510638
0.607034
0.699836
0.783627
0.840707
0.835785
0.716073
0.555862
0.415606
0.36744
0.345436
0.34389
0.343913
0.344145
0.0180316
0.0530631
0.117826
0.199446
0.288181
0.380836
0.475253
0.568562
0.656746
0.733738
0.782485
0.760233
0.626085
0.486355
0.371981
0.3358
0.342368
0.344965
0.346729
0.347441
-0.0127328
0.0220387
0.0865793
0.167649
0.25544
0.346596
0.438715
0.528649
0.611896
0.681931
0.721154
0.683717
0.533358
0.423005
0.343352
0.332206
0.337414
0.344224
0.347395
0.348372
-0.0423031
-0.00819884
0.0559784
0.136106
0.222748
0.312144
0.401721
0.48805
0.566123
0.629001
0.658567
0.606814
0.435684
0.344313
0.344189
0.329149
0.316021
0.31344
0.317034
0.320005
-0.0692874
-0.0361242
0.0269092
0.10591
0.191089
0.278408
0.365206
0.447777
0.520634
0.576035
0.599866
0.525799
0.330518
0.188331
0.237365
0.228093
0.231238
0.23347
0.239375
0.243731
-0.0920619
-0.0604006
0.00107825
0.0783111
0.161561
0.246568
0.330379
0.40914
0.477013
0.524908
0.545817
0.448784
0.230677
-0.0436592
-0.122517
0.00849502
0.100526
0.131069
0.138498
0.142805
-0.108744
-0.0791678
-0.0198222
0.0548707
0.135629
0.217955
0.298683
0.373715
0.437158
0.478444
0.49612
0.394735
0.20834
-0.109016
-0.361128
-0.128241
-0.0493082
-0.0240672
0.00295855
0.0132442
-0.117382
-0.0903233
-0.0343104
0.0372185
0.114953
0.194166
0.271711
0.343389
0.402993
0.439909
0.453153
0.381256
0.347414
0.44044
0.384333
0.189202
0.0175524
-0.00463323
-0.0103848
-0.0122715
-0.115912
-0.0924426
-0.0407829
0.0269524
0.101007
0.17679
0.251227
0.320163
0.3767
0.411102
0.41031
0.374159
0.460804
0.885283
1.01958
0.497273
0.08624
-0.0091102
-0.0198913
-0.0178603
-0.101151
-0.0831524
-0.0380042
0.0252203
0.0949896
0.167194
0.238894
0.305986
0.361406
0.393744
0.386851
0.25222
-0.00785865
-0.447975
-0.984596
-1.33518
-1.22664
-0.747472
-0.392958
-0.344797
-0.0742503
-0.0612451
-0.024646
0.0322409
0.0974062
0.16614
0.235822
0.302571
0.36043
0.395599
0.384141
0.126052
-0.63487
-1.74803
-2.39315
-2.68124
-2.53022
-2.12011
-1.74632
-1.58837
-0.0383848
-0.0297797
-0.0028172
0.0469662
0.107696
0.173353
0.242275
0.311242
0.375152
0.425722
0.431541
0.261176
-0.234392
-0.821594
-1.26305
-1.28745
-1.02531
-0.673054
-0.367027
-0.206584
0.00157853
0.00658972
0.0249092
0.0661667
0.123022
0.187133
0.256951
0.330777
0.405377
0.48209
0.54611
0.621348
0.695226
0.956915
1.32325
1.75655
2.15608
2.42594
2.57106
2.62858
0.0393779
0.0418629
0.0532355
0.0870065
0.140038
0.20426
0.276325
0.35627
0.445465
0.544522
0.672134
0.820878
1.1475
1.73414
2.40577
2.9947
3.41277
3.65546
3.76657
3.79761
0.0733753
0.074219
0.0792513
0.10468
0.154633
0.220413
0.295726
0.380796
0.477249
0.589176
0.710539
0.844473
1.06333
1.58496
2.1666
2.66905
3.02793
3.23189
3.32619
3.35569
0.105274
0.106018
0.107426
0.123125
0.167935
0.234303
0.311904
0.398686
0.493228
0.601107
0.710733
0.823125
0.95659
1.31759
1.77478
2.15187
2.42967
2.59081
2.66394
2.68514
0.128179
0.129472
0.129726
0.139541
0.181208
0.248749
0.327719
0.412973
0.50399
0.604968
0.701585
0.79031
0.870611
1.09442
1.41695
1.68659
1.88493
2.0007
2.052
2.06474
0.140806
0.139688
0.137315
0.147431
0.194725
0.267806
0.34805
0.429682
0.514437
0.605017
0.687585
0.753603
0.812733
0.955211
1.16844
1.34955
1.47973
1.55451
1.58849
1.59609
0.175537
0.171152
0.167055
0.179909
0.230065
0.302462
0.378173
0.45202
0.526691
0.604368
0.674956
0.729085
0.777665
0.867877
1.01087
1.12609
1.20675
1.2518
1.27055
1.27343
0.273804
0.268948
0.265426
0.276495
0.313814
0.367098
0.424405
0.482371
0.542441
0.606314
0.665674
0.71095
0.751381
0.810892
0.901872
0.974934
1.0244
1.05202
1.06254
1.06317
0.412782
0.410429
0.408034
0.411423
0.426489
0.450676
0.481998
0.518622
0.561031
0.60996
0.658092
0.697897
0.734085
0.773739
0.826924
0.874436
0.905307
0.922684
0.93012
0.929752
0.531664
0.530855
0.528584
0.524736
0.522336
0.525257
0.535424
0.553391
0.579651
0.614427
0.651358
0.687238
0.719133
0.748761
0.778712
0.806165
0.82689
0.839618
0.844706
0.843802
0.602754
0.602371
0.599903
0.593337
0.583951
0.576795
0.57545
0.581414
0.595137
0.616691
0.64251
0.670006
0.699763
0.71716
0.735634
0.755199
0.771501
0.781759
0.785792
0.784394
0.634861
0.634427
0.632106
0.626061
0.616659
0.607536
0.601687
0.600998
0.606218
0.617119
0.631207
0.648198
0.667734
0.676959
0.688909
0.707163
0.723121
0.733364
0.737393
0.736034
0.645707
0.645197
0.643251
0.63873
0.631615
0.623773
0.617287
0.613708
0.613405
0.615504
0.617132
0.617539
0.618714
0.62018
0.635293
0.657661
0.677218
0.689658
0.69462
0.693131
0.647805
0.647299
0.64575
0.642474
0.637604
0.631832
0.626225
0.62179
0.618447
0.614105
0.603589
0.582894
0.557883
0.559143
0.58597
0.615667
0.637463
0.649853
0.654137
0.652786
0.647168
0.646758
0.645612
0.643164
0.639705
0.635651
0.631465
0.62758
0.623629
0.616316
0.597687
0.559888
0.514336
0.519236
0.556767
0.588971
0.608053
0.617176
0.620488
0.620262
0.64529
0.64506
0.64439
0.642684
0.640275
0.637461
0.634823
0.632552
0.630458
0.624946
0.607603
0.5683
0.525118
0.539392
0.573682
0.597657
0.609602
0.614076
0.615542
0.615442
0.641046
0.641025
0.640862
0.640047
0.638589
0.637222
0.636517
0.63707
0.63873
0.639409
0.63323
0.611637
0.591939
0.607574
0.628764
0.640656
0.646272
0.648651
0.649324
0.648536
0.632647
0.632816
0.633089
0.633131
0.632994
0.633214
0.63548
0.639553
0.647371
0.657376
0.667201
0.670161
0.675599
0.68997
0.69307
0.691758
0.69217
0.694269
0.695369
0.694818
0.618469
0.618858
0.619613
0.620504
0.621816
0.624386
0.62931
0.63798
0.652433
0.673122
0.697632
0.721692
0.750857
0.753665
0.746166
0.740739
0.740984
0.743521
0.74272
0.74072
0.596855
0.597492
0.598665
0.600361
0.603014
0.607646
0.615618
0.628981
0.649769
0.679282
0.713615
0.746818
0.781775
0.780155
0.767476
0.764878
0.767028
0.76729
0.764934
0.763774
0.564696
0.565649
0.567352
0.569875
0.573776
0.58012
0.590439
0.60718
0.63226
0.66787
0.706952
0.738078
0.763473
0.761672
0.765429
0.773268
0.778643
0.780099
0.776883
0.776161
0.518782
0.52005
0.522225
0.525467
0.530278
0.537406
0.548093
0.564585
0.589117
0.626252
0.668846
0.697449
0.702674
0.704169
0.73028
0.765627
0.783931
0.786415
0.781293
0.781408
0.456326
0.457797
0.460227
0.463824
0.468649
0.474525
0.481515
0.490629
0.50434
0.533663
0.587112
0.626093
0.620566
0.628699
0.691146
0.752773
0.79224
0.794555
0.789273
0.788371
0.376857
0.378239
0.380492
0.383731
0.386907
0.388002
0.384314
0.37319
0.35721
0.370934
0.452847
0.5178
0.515595
0.547812
0.64266
0.719982
0.76522
0.764916
0.760024
0.757952
0.284503
0.285371
0.286938
0.28888
0.288252
0.279988
0.255898
0.204905
0.133894
0.128087
0.261859
0.376793
0.39933
0.459417
0.561825
0.65237
0.677653
0.66999
0.663158
0.660183
0.189776
0.189783
0.190467
0.190608
0.185094
0.164703
0.111483
0.00135508
-0.145065
-0.156845
0.044811
0.212272
0.259694
0.356555
0.447749
0.498072
0.499001
0.497367
0.495922
0.494888
0.107121
0.106475
0.106475
0.105074
0.0977358
0.0686692
-0.00756514
-0.162463
-0.345791
-0.368317
-0.119293
0.0646804
0.131246
0.241587
0.324096
0.327769
0.318074
0.314159
0.314203
0.314293
0.044785
0.0438917
0.0451107
0.0478617
0.0472384
0.0367688
1.02454e-05
-0.0944069
-0.241244
-0.333379
-0.228198
-0.0467274
-0.00619159
0.0572428
0.115095
0.148485
0.148165
0.142768
0.140336
0.139124
-0.0909584
0.498841
0.833315
1.06266
1.23932
1.3763
1.488
1.5846
1.69764
1.69284
0.747509
0.90801
1.08143
1.22915
1.35146
1.45159
1.53433
1.59718
1.62337
1.62753
1.03518
1.14191
1.25684
1.35719
1.44302
1.5147
1.57181
1.612
1.6371
1.6539
1.23543
1.30852
1.38781
1.45893
1.52053
1.57223
1.61373
1.6455
1.67016
1.68863
1.38427
1.4385
1.49355
1.54585
1.59184
1.63131
1.66433
1.69132
1.71362
1.73185
1.50297
1.54219
1.58526
1.62613
1.66294
1.69538
1.72343
1.74693
1.76644
1.78416
1.60346
1.63484
1.67159
1.70597
1.73792
1.76672
1.79187
1.8129
1.82985
1.8472
1.69491
1.72413
1.75841
1.79077
1.82098
1.84829
1.87195
1.89137
1.90599
1.92312
1.78654
1.81797
1.85358
1.88665
1.91688
1.94369
1.96644
1.98458
1.99728
2.01455
1.89094
1.9268
1.96508
1.99952
2.02974
2.0556
2.07698
2.09369
2.10535
2.12321
2.02067
2.05972
2.09801
2.13127
2.15934
2.183
2.2027
2.21827
2.23013
2.2484
2.18184
2.21834
2.25029
2.27708
2.29997
2.32053
2.33918
2.35525
2.36899
2.38687
2.36658
2.39182
2.41182
2.43036
2.44805
2.46482
2.48072
2.49674
2.51389
2.53304
2.55346
2.56437
2.57713
2.59171
2.60535
2.61744
2.62838
2.63975
2.65517
2.67461
2.73538
2.74888
2.75396
2.75497
2.75695
2.76435
2.77809
2.7957
2.80946
2.8208
3.0043
2.95375
2.9063
2.87473
2.86171
2.86627
2.88951
2.93458
3.00128
3.09541
1.43612
1.43311
1.42705
1.41611
1.40361
1.39228
1.38319
1.37639
1.37186
1.36987
1.371
1.37488
1.38097
1.38919
1.39965
1.41194
1.42427
1.43296
1.43747
1.43963
1.36444
1.37109
1.37633
1.37994
1.38104
1.37939
1.3759
1.37207
1.36901
1.3676
1.36857
1.37151
1.37551
1.37967
1.38266
1.38315
1.38081
1.37641
1.3701
1.36428
1.35437
1.35733
1.36068
1.36317
1.36491
1.36607
1.36627
1.36547
1.36433
1.36378
1.36452
1.36614
1.36772
1.36843
1.36796
1.36667
1.36474
1.36184
1.3585
1.35621
1.34836
1.34978
1.35199
1.35426
1.35597
1.35714
1.35799
1.35852
1.35871
1.3589
1.35946
1.3601
1.36033
1.36005
1.35936
1.35817
1.35631
1.35406
1.35229
1.3512
1.34306
1.34388
1.34534
1.34711
1.34884
1.3503
1.3514
1.35228
1.35302
1.35365
1.35416
1.35438
1.35425
1.35378
1.35288
1.35153
1.34996
1.34839
1.34735
1.34669
1.33808
1.33863
1.33972
1.34113
1.34264
1.34413
1.34549
1.34664
1.34762
1.34848
1.34905
1.3492
1.34897
1.34833
1.34733
1.34616
1.34492
1.34378
1.34307
1.3426
1.3333
1.33372
1.33459
1.33581
1.33715
1.33855
1.33997
1.34133
1.34255
1.3436
1.34429
1.34447
1.34418
1.34352
1.34265
1.34168
1.34068
1.3398
1.33926
1.33891
1.32867
1.329
1.32972
1.3308
1.33205
1.33339
1.33481
1.33627
1.33769
1.33895
1.3398
1.34007
1.33985
1.33932
1.33862
1.33782
1.337
1.33631
1.3359
1.33562
1.32411
1.32437
1.32499
1.32599
1.32719
1.3285
1.32993
1.33145
1.33303
1.33453
1.33559
1.33603
1.33599
1.33564
1.33511
1.33447
1.3338
1.33326
1.33294
1.33272
1.31956
1.31977
1.32032
1.32127
1.32244
1.32376
1.32523
1.32684
1.32857
1.33031
1.33166
1.33237
1.33258
1.33244
1.33208
1.3316
1.33107
1.33064
1.33039
1.33021
1.31495
1.31512
1.31563
1.31655
1.31774
1.31911
1.32067
1.32244
1.32439
1.32644
1.32815
1.32918
1.32965
1.32972
1.32953
1.32919
1.32879
1.32846
1.32828
1.32813
1.31022
1.31037
1.31084
1.31178
1.31302
1.31447
1.31616
1.31813
1.32037
1.32281
1.32497
1.32639
1.32716
1.32748
1.32749
1.3273
1.32702
1.32678
1.32664
1.32653
1.30534
1.30546
1.30592
1.30688
1.30819
1.30975
1.31159
1.31378
1.31637
1.31931
1.322
1.3239
1.32508
1.32573
1.326
1.32599
1.32584
1.32569
1.32561
1.32551
1.30024
1.30034
1.30079
1.30179
1.30319
1.3049
1.30698
1.30951
1.31253
1.31605
1.31944
1.32196
1.3236
1.3246
1.32514
1.32535
1.32536
1.32531
1.32527
1.32519
1.29488
1.29494
1.29538
1.29643
1.29795
1.29984
1.30219
1.30512
1.30874
1.31306
1.31726
1.32046
1.32269
1.32414
1.32499
1.32547
1.32569
1.32576
1.32578
1.32571
1.28905
1.28913
1.28956
1.29064
1.29226
1.29435
1.29702
1.30043
1.30472
1.30995
1.31521
1.31935
1.3223
1.32433
1.32565
1.32654
1.32703
1.32726
1.32732
1.32726
1.2825
1.28258
1.28304
1.28417
1.28595
1.28834
1.29149
1.29558
1.30082
1.30726
1.31375
1.31893
1.32269
1.32538
1.32727
1.32857
1.32938
1.32978
1.32988
1.32982
1.27482
1.2749
1.27542
1.27666
1.27866
1.28144
1.28517
1.29011
1.29648
1.30438
1.31244
1.31893
1.32374
1.32723
1.32975
1.33154
1.33272
1.33329
1.33344
1.33336
1.2655
1.2656
1.26622
1.26768
1.27007
1.27344
1.27801
1.28409
1.29195
1.30171
1.31164
1.31965
1.32563
1.33002
1.33327
1.33559
1.33711
1.33785
1.33803
1.33794
1.25409
1.25422
1.255
1.25681
1.25976
1.26396
1.26965
1.27722
1.28699
1.29904
1.31124
1.32108
1.32843
1.33386
1.3379
1.34079
1.3427
1.34361
1.34382
1.34372
1.23995
1.24013
1.24116
1.24346
1.24721
1.25255
1.25978
1.26933
1.28155
1.29644
1.31138
1.32334
1.33228
1.3389
1.34384
1.34741
1.34973
1.35081
1.35105
1.35093
1.22216
1.22243
1.22384
1.22687
1.23176
1.2387
1.24805
1.26026
1.27561
1.29402
1.31217
1.3266
1.33734
1.34532
1.35129
1.35563
1.35841
1.35966
1.35994
1.3598
1.19927
1.1997
1.2017
1.20583
1.21248
1.22179
1.23413
1.24991
1.26924
1.29187
1.31377
1.33098
1.34377
1.35328
1.36045
1.36565
1.36891
1.37036
1.37067
1.37049
1.16902
1.16976
1.17278
1.17879
1.18828
1.20122
1.21784
1.23835
1.26265
1.29024
1.31637
1.33668
1.35173
1.36296
1.37144
1.37759
1.38135
1.383
1.38333
1.38312
1.12748
1.12898
1.13417
1.14379
1.1581
1.17668
1.19931
1.22593
1.2562
1.28943
1.32018
1.34381
1.36129
1.37442
1.38433
1.39147
1.39576
1.39759
1.39792
1.39767
1.06727
1.07188
1.08273
1.09935
1.12179
1.14863
1.17923
1.2133
1.2504
1.28979
1.32539
1.35244
1.37244
1.38749
1.39884
1.40701
1.41193
1.41388
1.41413
1.41387
0.995751
1.00391
1.02362
1.05074
1.08337
1.11943
1.15859
1.20065
1.24525
1.29173
1.33335
1.365
1.38854
1.40638
1.41985
1.42955
1.43543
1.43778
1.43806
1.43797
0.924107
0.938074
0.966671
1.00382
1.04593
1.09106
1.13873
1.18884
1.24104
1.29479
1.34264
1.37902
1.40616
1.42687
1.44275
1.45436
1.46083
1.46299
1.46365
1.46373
0.865535
0.883166
0.917455
0.961899
1.01165
1.06457
1.12
1.17767
1.23715
1.29784
1.35149
1.39211
1.42234
1.44532
1.46286
1.47557
1.48287
1.48617
1.48716
1.48732
0.817686
0.837294
0.875791
0.925644
0.981355
1.04065
1.10273
1.16714
1.23327
1.30038
1.35933
1.40366
1.43645
1.46128
1.48026
1.49419
1.50255
1.50634
1.50749
1.50766
0.777508
0.798233
0.839931
0.894018
0.954575
1.01917
1.08694
1.15727
1.22938
1.30231
1.36604
1.41362
1.44856
1.47488
1.49491
1.50959
1.51869
1.52291
1.52419
1.52437
0.742562
0.764037
0.808246
0.86581
0.930423
0.999566
1.0723
1.14789
1.22538
1.30362
1.37168
1.42214
1.45891
1.48639
1.50718
1.5224
1.53208
1.53658
1.53791
1.53807
0.711284
0.733307
0.779547
0.840024
0.908111
0.981224
1.05837
1.13868
1.22111
1.30427
1.37636
1.42946
1.46783
1.49625
1.51756
1.53312
1.54301
1.5477
1.5491
1.5492
0.682538
0.70497
0.752999
0.815954
0.887063
0.96367
1.04475
1.12938
1.21638
1.30419
1.38014
1.43577
1.47565
1.5049
1.52663
1.54235
1.55234
1.55711
1.55847
1.55857
0.655444
0.678346
0.72792
0.793047
0.866849
0.946565
1.03119
1.11976
1.21104
1.30329
1.38305
1.44123
1.48263
1.51273
1.53489
1.55081
1.56086
1.56569
1.56694
1.56691
0.629565
0.652989
0.703763
0.770944
0.847157
0.929665
1.0175
1.10969
1.20497
1.30152
1.38509
1.44593
1.48898
1.52004
1.54271
1.55885
1.56896
1.57374
1.57498
1.57491
0.604556
0.62849
0.680377
0.749423
0.82778
0.912799
1.00354
1.09906
1.19809
1.29882
1.38627
1.44995
1.49486
1.52704
1.55034
1.56678
1.57698
1.58167
1.58286
1.58276
0.580194
0.604605
0.657651
0.72833
0.808616
0.895894
0.989261
1.08782
1.19036
1.29513
1.38657
1.45333
1.50032
1.53381
1.55787
1.57469
1.58497
1.58957
1.59064
1.59052
0.556364
0.581299
0.63543
0.707582
0.789604
0.878901
0.974632
1.07596
1.18176
1.29044
1.38592
1.45599
1.50537
1.54041
1.56537
1.58262
1.59297
1.59739
1.59833
1.59815
0.533037
0.558527
0.613659
0.687157
0.770734
0.861837
0.95968
1.0635
1.17229
1.28468
1.38421
1.45786
1.50997
1.54684
1.57286
1.59056
1.6009
1.6051
1.60586
1.60562
0.510254
0.536239
0.592349
0.667065
0.752035
0.844735
0.944446
1.05048
1.16198
1.27782
1.38136
1.45882
1.51404
1.55311
1.58038
1.59851
1.60869
1.61255
1.61311
1.61283
0.487976
0.514482
0.571532
0.647351
0.733554
0.827653
0.928999
1.03697
1.15088
1.26989
1.37732
1.45873
1.51744
1.5592
1.58805
1.60656
1.61632
1.61965
1.61998
1.61967
0.466312
0.493327
0.551247
0.628054
0.715348
0.810673
0.913426
1.02307
1.13907
1.26091
1.37201
1.45741
1.51997
1.56501
1.59599
1.61499
1.62391
1.62631
1.62633
1.62601
0.44526
0.472823
0.531526
0.609236
0.69749
0.793867
0.897822
1.00888
1.12665
1.25094
1.36538
1.45473
1.52137
1.5703
1.60433
1.62436
1.63202
1.63268
1.63206
1.63179
0.424915
0.452976
0.512425
0.59095
0.68004
0.777319
0.88227
0.99449
1.11373
1.2401
1.35744
1.45055
1.52132
1.57463
1.61286
1.63536
1.64219
1.63994
1.63732
1.63667
0.405216
0.433814
0.493992
0.573255
0.663075
0.761114
0.866894
0.980039
1.10045
1.22848
1.34824
1.44474
1.51954
1.57731
1.62075
1.64798
1.65663
1.65257
1.64378
1.62604
0.386227
0.415345
0.476087
0.55595
0.646298
0.744915
0.851269
0.965052
1.08627
1.21552
1.33718
1.43664
1.51549
1.57741
1.6264
1.66059
1.6751
1.6728
1.65618
1.66836
0.36782
0.397583
0.458766
0.539092
0.629764
0.728785
0.835404
0.94956
1.0712
1.20116
1.32409
1.42568
1.50857
1.57366
1.62561
1.66446
1.68375
1.67946
1.61806
1.59853
0.349409
0.379968
0.44228
0.523084
0.613958
0.713169
0.819505
0.933829
1.05553
1.1856
1.30906
1.41157
1.49814
1.56563
1.61292
1.65052
1.66138
1.62847
1.55769
1.51428
0.330309
0.361641
0.42704
0.50828
0.599271
0.698209
0.803938
0.918028
1.03935
1.16889
1.292
1.39429
1.48237
1.554
1.60079
1.60387
1.58689
1.52815
1.45464
1.4094
0.734475
0.845
0.96212
1.08657
1.21341
1.3262
1.41667
1.2734
0.309822
0.328699
0.366481
0.43484
0.520038
0.614212
0.716329
0.8257
0.941843
1.06483
1.19012
1.30146
1.39014
1.46369
1.51536
1.48408
1.34257
1.25477
1.18577
0.292409
0.305416
0.349433
0.419519
0.504982
0.599155
0.700692
0.809472
0.924584
1.04593
1.1686
1.27607
1.35927
1.4184
1.41856
1.3183
1.17218
1.06434
0.973667
0.269425
0.282169
0.329099
0.400281
0.485954
0.580224
0.681758
0.790071
0.904079
1.02358
1.14287
1.24514
1.32063
1.3619
1.32235
1.16243
0.99169
0.853351
0.732314
0.246318
0.259241
0.307761
0.380133
0.466248
0.560491
0.661714
0.769198
0.881838
0.999084
1.11461
1.21121
1.2786
1.29657
1.21223
1.01219
0.806492
0.618127
0.438615
0.224069
0.236462
0.285801
0.359213
0.445782
0.54002
0.640803
0.747334
0.858442
0.973123
1.08449
1.17475
1.23277
1.21571
1.08325
0.873659
0.644014
0.422616
0.221828
0.201395
0.213458
0.263025
0.337119
0.424051
0.518337
0.618754
0.724397
0.833928
0.945929
1.05296
1.13644
1.18232
1.13815
0.965059
0.758456
0.535776
0.32379
0.193736
0.155189
0.177482
0.189368
0.239109
0.313558
0.400663
0.494902
0.594883
0.699525
0.807255
0.916199
1.01839
1.09445
1.12621
1.0624
0.858274
0.662013
0.472821
0.327199
0.279998
0.25386
0.152257
0.163958
0.213798
0.288431
0.375554
0.469568
0.568937
0.672319
0.777902
0.88329
0.979977
1.04824
1.06305
0.961683
0.763522
0.581546
0.422468
0.330711
0.308627
0.303677
0.125447
0.136984
0.186994
0.261746
0.348772
0.442407
0.540937
0.642788
0.745859
0.847209
0.937685
0.998074
0.986056
0.858459
0.675013
0.504437
0.375359
0.329823
0.326651
0.324734
0.0970728
0.108513
0.158675
0.233533
0.320362
0.413463
0.510932
0.610987
0.71117
0.808013
0.891667
0.94306
0.907999
0.761045
0.591938
0.433364
0.353764
0.334986
0.335421
0.335569
0.0673428
0.0788762
0.128972
0.203919
0.290455
0.382844
0.479043
0.577011
0.673929
0.765778
0.842249
0.882133
0.836291
0.671344
0.516316
0.389026
0.347919
0.344735
0.342233
0.342136
0.036806
0.048369
0.0982794
0.173182
0.25929
0.35079
0.445486
0.541081
0.634388
0.72081
0.789703
0.818742
0.760101
0.58998
0.449978
0.354815
0.336662
0.343132
0.345582
0.346249
0.00605577
0.0175448
0.0672022
0.141736
0.227291
0.3177
0.410651
0.50359
0.592954
0.673614
0.734536
0.754697
0.666917
0.511549
0.394563
0.355962
0.339108
0.342448
0.346828
0.348164
-0.0238269
-0.0128488
0.0363454
0.110379
0.195043
0.284156
0.375109
0.465132
0.550296
0.624892
0.677881
0.683443
0.569744
0.427951
0.359013
0.346913
0.337098
0.334363
0.336656
0.339046
-0.0518509
-0.0412326
0.00665301
0.0799726
0.163434
0.250971
0.339663
0.426549
0.507351
0.575623
0.621187
0.609407
0.474479
0.317412
0.280995
0.279055
0.276919
0.279164
0.281061
0.285704
-0.0766785
-0.0664735
-0.0201801
0.0515831
0.133598
0.219188
0.305368
0.388946
0.465361
0.527417
0.565784
0.543874
0.383907
0.168939
0.0438232
0.112807
0.155161
0.180407
0.188917
0.19391
-0.0961322
-0.0866492
-0.0426433
0.0269653
0.106788
0.19007
0.273514
0.3537
0.425893
0.482352
0.512977
0.487744
0.315171
0.0528276
-0.302123
-0.200995
-0.0243729
0.0473806
0.0675912
0.0802919
-0.108601
-0.10013
-0.0590604
0.00760214
0.0846386
0.165147
0.24558
0.32243
0.390757
0.442731
0.464869
0.448157
0.31034
0.18482
-0.135969
-0.0766504
-0.0421524
-0.038921
-0.0315394
-0.0230534
-0.111805
-0.104884
-0.0677346
-0.00492116
0.0688067
0.146001
0.223187
0.296962
0.361997
0.410611
0.426333
0.426229
0.374136
0.571467
1.02722
0.718877
0.202513
0.00671346
-0.00544111
-0.00844562
-0.10491
-0.0992104
-0.0668885
-0.00899776
0.0606005
0.134052
0.208004
0.279104
0.342026
0.387919
0.403625
0.385623
0.306022
0.399309
0.538501
0.151976
-0.111731
-0.167403
-0.0754776
-0.0514823
-0.0847527
-0.0805236
-0.0544048
-0.00356389
0.0608262
0.130318
0.201247
0.270528
0.333146
0.379403
0.391568
0.324948
-0.0658798
-0.868209
-1.74038
-2.29504
-2.32094
-1.87965
-1.38994
-1.04673
-0.0535605
-0.0509062
-0.0315332
0.0111336
0.0693738
0.134897
0.203446
0.272374
0.337062
0.390629
0.408687
0.35461
-0.170405
-1.00213
-1.91665
-2.37862
-2.37683
-2.03926
-1.6629
-1.3719
-0.0154394
-0.0138672
-0.00200279
0.0325673
0.084463
0.14661
0.213937
0.284422
0.354963
0.420919
0.473489
0.496262
0.333345
0.160012
0.0943678
0.20927
0.498039
0.796933
1.03313
1.16223
0.0234598
0.0244058
0.03048
0.0558317
0.102724
0.162905
0.230222
0.304148
0.383971
0.467425
0.564027
0.668294
0.865146
1.24491
1.80177
2.39573
2.89021
3.20957
3.37057
3.42602
0.0573457
0.0579246
0.0608363
0.0779002
0.119854
0.179131
0.248491
0.326868
0.414685
0.516142
0.633403
0.772946
0.950318
1.39204
2.0306
2.65292
3.14659
3.45951
3.61649
3.67287
0.089653
0.0901953
0.09126
0.0999463
0.134548
0.192742
0.264662
0.34639
0.437148
0.540418
0.652641
0.774802
0.895372
1.19825
1.72564
2.20748
2.59182
2.8423
2.97236
3.022
0.118022
0.118907
0.119822
0.123168
0.149265
0.205789
0.279544
0.361855
0.451554
0.549774
0.655629
0.757375
0.858571
1.02211
1.39557
1.75558
2.03483
2.21971
2.31635
2.35287
0.133768
0.134958
0.134533
0.135704
0.160342
0.220466
0.296749
0.378575
0.464666
0.556357
0.651086
0.73306
0.806964
0.904491
1.14934
1.39728
1.59242
1.72066
1.78463
1.80884
0.151871
0.151181
0.146987
0.147892
0.17731
0.243638
0.321917
0.400868
0.480079
0.561694
0.644152
0.711827
0.770908
0.833994
0.996371
1.15926
1.28213
1.36346
1.40404
1.4175
0.217158
0.214586
0.208192
0.209903
0.238546
0.297221
0.365153
0.432926
0.500094
0.569073
0.63883
0.697131
0.74441
0.787434
0.896241
1.0017
1.07775
1.12653
1.14972
1.15658
0.343397
0.340615
0.336519
0.337201
0.353964
0.38819
0.430064
0.476242
0.525437
0.579084
0.635557
0.684705
0.724104
0.760039
0.827343
0.892738
0.941251
0.971483
0.985884
0.990229
0.47853
0.477039
0.475132
0.473174
0.475238
0.483594
0.4994
0.522421
0.552686
0.590089
0.633748
0.675625
0.710305
0.743296
0.781531
0.819977
0.850642
0.871195
0.881207
0.883545
0.573738
0.572978
0.571846
0.567769
0.560646
0.554792
0.554599
0.561849
0.577111
0.600496
0.631749
0.66434
0.693397
0.721557
0.745789
0.768934
0.789066
0.803547
0.811113
0.812779
0.62288
0.622407
0.621339
0.617023
0.608378
0.598416
0.591621
0.590334
0.595777
0.608178
0.627454
0.648973
0.671643
0.691406
0.705699
0.72235
0.739617
0.75261
0.759497
0.760545
0.642245
0.641831
0.640762
0.637173
0.63013
0.621173
0.613344
0.608697
0.608442
0.612825
0.62049
0.629157
0.638972
0.64702
0.654485
0.672464
0.692312
0.707366
0.715413
0.716407
0.647555
0.647155
0.646184
0.64345
0.638521
0.631936
0.62526
0.619962
0.616802
0.615319
0.613001
0.60549
0.59339
0.586264
0.597289
0.622202
0.645815
0.6623
0.670971
0.672311
0.64784
0.647468
0.646671
0.644596
0.641092
0.636539
0.631532
0.626865
0.622883
0.618303
0.608973
0.585256
0.54855
0.526461
0.548911
0.584065
0.611328
0.627147
0.634363
0.635435
0.646579
0.64628
0.645753
0.644284
0.641674
0.638471
0.634997
0.631691
0.62853
0.624288
0.612751
0.582919
0.532417
0.507408
0.539983
0.576327
0.599257
0.610733
0.614594
0.615335
0.643703
0.64352
0.643336
0.642575
0.64088
0.638699
0.636732
0.635375
0.634831
0.633642
0.627377
0.605083
0.566374
0.555867
0.583871
0.607601
0.618754
0.623381
0.62483
0.625975
0.637541
0.637471
0.637593
0.637476
0.636827
0.636063
0.636041
0.637527
0.640795
0.645088
0.650316
0.646321
0.635148
0.641335
0.655719
0.665347
0.668453
0.671037
0.673131
0.672712
0.626411
0.626458
0.626903
0.627406
0.627874
0.628802
0.631189
0.636037
0.64438
0.657186
0.675064
0.690988
0.706312
0.725136
0.72481
0.720142
0.718379
0.721314
0.722627
0.721161
0.608761
0.608948
0.609651
0.610795
0.612372
0.615044
0.619949
0.628572
0.642362
0.663628
0.692514
0.722528
0.755809
0.778454
0.766827
0.756716
0.754039
0.754247
0.754627
0.753267
0.582098
0.582608
0.583702
0.585446
0.58806
0.592333
0.599566
0.611469
0.630072
0.65879
0.694985
0.729722
0.764414
0.781988
0.772899
0.77131
0.773355
0.776778
0.775134
0.772687
0.543401
0.544056
0.545579
0.54798
0.551587
0.557135
0.565819
0.579378
0.600225
0.632201
0.671913
0.709017
0.731572
0.737015
0.739784
0.759629
0.778561
0.786752
0.781413
0.779028
0.489215
0.490173
0.492008
0.494917
0.499189
0.505089
0.51312
0.524678
0.541644
0.568838
0.60927
0.653927
0.669634
0.657671
0.685128
0.736746
0.776639
0.790177
0.78595
0.785091
0.417878
0.419018
0.420898
0.423927
0.428019
0.432345
0.435812
0.437874
0.438516
0.445903
0.491076
0.558167
0.58163
0.572227
0.628251
0.706952
0.769552
0.791346
0.784469
0.781084
0.331033
0.332125
0.333655
0.336198
0.338728
0.338528
0.331427
0.311814
0.275608
0.243543
0.301971
0.418232
0.465348
0.468371
0.559744
0.656385
0.719494
0.73007
0.724001
0.719166
0.235918
0.236569
0.237355
0.238932
0.238704
0.231285
0.207148
0.150128
0.0520674
-0.0304411
0.0507784
0.241712
0.32119
0.356385
0.46248
0.550271
0.598364
0.592932
0.587457
0.583994
0.145919
0.145765
0.145323
0.146183
0.143592
0.129047
0.0864153
-0.013413
-0.179624
-0.304887
-0.185303
0.0575659
0.175376
0.242486
0.342041
0.399763
0.4073
0.405561
0.4045
0.404276
0.0727452
0.0720373
0.0728029
0.0738096
0.0712766
0.0572175
0.0128721
-0.101211
-0.285175
-0.410568
-0.288851
-0.0525164
0.0407634
0.132939
0.223711
0.238274
0.22966
0.22635
0.226105
0.226499
0.0441762
0.0441544
0.0464399
0.0484162
0.0437354
0.0233415
-0.0388155
-0.166303
-0.300606
-0.309447
-0.127244
-0.0156898
0.0355458
0.077826
0.151042
0.149491
0.1449
0.141317
0.139779
0.0457032
0.259485
0.622617
0.862702
1.06484
1.2286
1.36015
1.46643
1.55697
1.62192
1.61876
0.79408
0.95866
1.10947
1.23941
1.35073
1.44402
1.52104
1.58077
1.6173
1.63103
1.07772
1.18077
1.28044
1.37013
1.44836
1.51489
1.56941
1.61097
1.64043
1.66016
1.26887
1.3382
1.40892
1.47443
1.53116
1.57998
1.62071
1.65348
1.67961
1.69808
1.41319
1.46093
1.51558
1.56413
1.60751
1.64558
1.67843
1.70605
1.72891
1.74475
1.52864
1.56683
1.60934
1.64765
1.68323
1.71537
1.74377
1.76804
1.78819
1.80127
1.62825
1.66124
1.6971
1.7312
1.76316
1.79255
1.8187
1.84095
1.85902
1.86965
1.72076
1.75241
1.7872
1.82098
1.85237
1.88103
1.90623
1.92729
1.94368
1.95239
1.81644
1.8514
1.88849
1.92422
1.95639
1.98486
2.00923
2.02912
2.04403
2.05208
1.92991
1.97024
2.00955
2.04663
2.07859
2.1058
2.12848
2.14681
2.16056
2.16969
2.07411
2.11707
2.15457
2.18828
2.21637
2.24023
2.26091
2.27836
2.29225
2.30342
2.25194
2.28957
2.31782
2.34215
2.3632
2.38252
2.40081
2.41799
2.43391
2.44844
2.44967
2.47073
2.48575
2.50162
2.51792
2.53324
2.54698
2.56026
2.57577
2.59415
2.64052
2.64764
2.65816
2.66974
2.67967
2.68888
2.69916
2.71028
2.72191
2.73078
2.85347
2.85525
2.84735
2.83084
2.81971
2.81917
2.83134
2.85595
2.89008
2.91462
3.27314
3.07925
2.97819
2.92037
2.89126
2.88464
2.89985
2.94067
3.01653
3.15949
0.346043
0.341537
0.380599
0.451119
0.53643
0.631314
1.50176
1.57128
1.57238
1.4965
1.42828
1.35649
1.11502
0.878785
0.5926
0.211489
-0.183582
)
;

boundaryField
{
    wall-4
    {
        type            zeroGradient;
    }
    pressure-outlet-7
    {
        type            fixedValue;
        value           uniform 0;
    }
    velocity-inlet-6
    {
        type            zeroGradient;
    }
    velocity-inlet-5
    {
        type            zeroGradient;
    }
    frontAndBackPlanes
    {
        type            empty;
    }
}


// ************************************************************************* //
