/*--------------------------------*- C++ -*----------------------------------*\
  =========                 |
  \\      /  F ield         | OpenFOAM: The Open Source CFD Toolbox
   \\    /   O peration     | Website:  https://openfoam.org
    \\  /    A nd           | Version:  10
     \\/     M anipulation  |
\*---------------------------------------------------------------------------*/
FoamFile
{
    format      ascii;
    class       volScalarField;
    location    "7";
    object      p;
}
// * * * * * * * * * * * * * * * * * * * * * * * * * * * * * * * * * * * * * //

dimensions      [0 2 -2 0 0 0 0];

internalField   nonuniform List<scalar> 
8800
(
0.415981
0.368377
0.329972
0.301342
0.280938
0.266619
0.256529
0.24948
0.244949
0.242954
0.243885
0.247518
0.253501
0.262123
0.274237
0.29137
0.315664
0.349254
0.391464
0.45011
0.246474
0.254259
0.262455
0.266214
0.265231
0.260724
0.254806
0.249256
0.244923
0.242214
0.241753
0.243852
0.247708
0.252929
0.258959
0.264538
0.267523
0.266299
0.260157
0.251001
0.22445
0.230952
0.235719
0.239386
0.242054
0.243274
0.242779
0.241189
0.239498
0.238639
0.239234
0.240986
0.243038
0.244401
0.244206
0.242264
0.239166
0.234938
0.22983
0.225971
0.218668
0.221557
0.225752
0.229389
0.231798
0.23335
0.234263
0.234575
0.234457
0.234392
0.234756
0.235348
0.235611
0.235227
0.234166
0.232347
0.229406
0.225321
0.221719
0.220421
0.218388
0.219417
0.221672
0.224108
0.226434
0.228381
0.229772
0.230594
0.231029
0.231302
0.23163
0.231802
0.231564
0.230732
0.229232
0.227191
0.224901
0.222483
0.220821
0.220453
0.217946
0.218309
0.219211
0.220302
0.221382
0.22244
0.223576
0.22453
0.225258
0.225791
0.226104
0.226105
0.225718
0.224986
0.224105
0.223192
0.222196
0.221196
0.22059
0.220457
0.216072
0.216245
0.216767
0.217524
0.218374
0.219318
0.220201
0.221037
0.221784
0.222417
0.222812
0.222875
0.222646
0.222209
0.221495
0.220782
0.220109
0.219508
0.219192
0.219136
0.21323
0.213306
0.213549
0.21394
0.214425
0.215019
0.215713
0.216477
0.217253
0.217981
0.218495
0.218689
0.218615
0.218376
0.218064
0.217742
0.217442
0.217191
0.217071
0.217045
0.209837
0.209888
0.21005
0.210323
0.210692
0.211166
0.211751
0.212444
0.213227
0.214054
0.21473
0.215112
0.215253
0.215234
0.215125
0.214979
0.214828
0.214704
0.214643
0.214626
0.206082
0.206112
0.206224
0.20642
0.206709
0.207114
0.207658
0.208357
0.209209
0.210181
0.21106
0.211651
0.211986
0.212145
0.212199
0.212197
0.212169
0.212137
0.21212
0.212109
0.202
0.202024
0.202115
0.202284
0.202547
0.202935
0.203486
0.204234
0.205198
0.20637
0.207505
0.208342
0.208885
0.209224
0.20942
0.209526
0.209578
0.2096
0.209607
0.2096
0.197594
0.197617
0.19771
0.197879
0.198151
0.198568
0.199178
0.200034
0.201179
0.20262
0.204071
0.205187
0.205966
0.206479
0.206806
0.207006
0.207122
0.207185
0.20721
0.207205
0.19285
0.192872
0.192974
0.193165
0.193476
0.193959
0.194676
0.195702
0.197099
0.198896
0.200744
0.202208
0.203248
0.203952
0.204413
0.204704
0.20488
0.204978
0.205019
0.205014
0.187714
0.187739
0.187859
0.188086
0.188461
0.189046
0.189923
0.191187
0.192926
0.195184
0.197535
0.199417
0.200764
0.201689
0.202302
0.202693
0.202932
0.203067
0.203124
0.203119
0.182094
0.182124
0.182273
0.182554
0.18302
0.183749
0.184846
0.18643
0.188618
0.191471
0.194453
0.196849
0.198573
0.199762
0.200553
0.20106
0.201371
0.201548
0.201623
0.201617
0.17587
0.175907
0.176096
0.176453
0.177043
0.177966
0.179355
0.181362
0.184134
0.187746
0.191523
0.19456
0.196748
0.198259
0.199264
0.19991
0.200307
0.200533
0.200629
0.200623
0.168877
0.168925
0.169168
0.169625
0.170381
0.171563
0.173337
0.175895
0.179421
0.184004
0.188783
0.192618
0.195379
0.197285
0.198554
0.19937
0.199871
0.200157
0.200278
0.20027
0.160892
0.160955
0.161271
0.161864
0.162841
0.164366
0.166648
0.169927
0.174425
0.180243
0.18628
0.19111
0.194581
0.196975
0.198569
0.199593
0.200223
0.200582
0.200734
0.200724
0.151617
0.151701
0.152115
0.152893
0.154168
0.156151
0.159106
0.163328
0.169081
0.176468
0.184082
0.190146
0.194495
0.197492
0.199487
0.200769
0.201558
0.202007
0.202196
0.202183
0.140645
0.14076
0.14131
0.142339
0.144023
0.146629
0.150483
0.155947
0.163323
0.172697
0.182274
0.18986
0.19529
0.199031
0.201522
0.203124
0.20411
0.20467
0.204905
0.204888
0.127415
0.127577
0.128315
0.129702
0.131962
0.135429
0.140505
0.147615
0.15709
0.168968
0.180967
0.190415
0.197167
0.201823
0.20493
0.20693
0.208161
0.208858
0.209151
0.20913
0.111114
0.111343
0.112358
0.114278
0.117384
0.122079
0.128843
0.13816
0.150348
0.165351
0.180298
0.191993
0.200352
0.206134
0.210008
0.212512
0.214052
0.21492
0.215283
0.215257
0.0905055
0.0908322
0.0922888
0.0950646
0.09947
0.105968
0.115119
0.12742
0.143101
0.161954
0.180425
0.194788
0.205075
0.21224
0.217086
0.220244
0.222194
0.223287
0.223738
0.223704
0.0636466
0.0641396
0.0663864
0.0706329
0.0771219
0.0863661
0.0989615
0.115298
0.135419
0.158919
0.181505
0.19896
0.211524
0.220385
0.226481
0.230534
0.233083
0.234523
0.235109
0.235055
0.0272163
0.0280974
0.03204
0.0390659
0.0490997
0.0626775
0.0802492
0.101936
0.127536
0.156462
0.183692
0.204619
0.219801
0.230709
0.238424
0.243744
0.247246
0.24931
0.250169
0.250083
-0.0254263
-0.0228308
-0.0144861
-0.00173081
0.0146262
0.0349844
0.0594498
0.0878861
0.119929
0.154907
0.187148
0.211802
0.229861
0.243137
0.252882
0.259969
0.265001
0.268267
0.269788
0.269689
-0.10552
-0.0930199
-0.0737551
-0.0506377
-0.0246504
0.00472139
0.0375576
0.0737344
0.112908
0.154479
0.192187
0.221009
0.242436
0.25866
0.271147
0.280903
0.288583
0.294421
0.298111
0.298902
-0.190614
-0.163847
-0.133051
-0.099615
-0.0639057
-0.0255753
0.0155743
0.0595454
0.10615
0.154969
0.199119
0.233141
0.258883
0.278907
0.294896
0.308001
0.318946
0.328506
0.336396
0.337559
-0.253526
-0.22458
-0.185895
-0.144259
-0.100227
-0.0538118
-0.00496873
0.0463062
0.0999057
0.155513
0.205528
0.243962
0.273018
0.295594
0.313527
0.328033
0.339923
0.349766
0.356588
0.357765
-0.303247
-0.27225
-0.229153
-0.182058
-0.132047
-0.0793265
-0.024051
0.0336267
0.0934963
0.155184
0.210295
0.252335
0.283789
0.307873
0.326671
0.3416
0.353648
0.363436
0.370304
0.371573
-0.34215
-0.310761
-0.264606
-0.213635
-0.159269
-0.101756
-0.0413631
0.0216682
0.0870446
0.154275
0.214072
0.259287
0.292701
0.317937
0.33734
0.352509
0.364554
0.374107
0.380801
0.38212
-0.374144
-0.342668
-0.29462
-0.240803
-0.183079
-0.121751
-0.0571165
0.0105099
0.0807562
0.153019
0.217148
0.265313
0.300545
0.326814
0.34674
0.362104
0.37415
0.383592
0.390124
0.391447
-0.401491
-0.370015
-0.32067
-0.264782
-0.204446
-0.14003
-0.0719076
-0.000388111
0.0741787
0.151158
0.21956
0.270734
0.307852
0.335221
0.355727
0.371345
0.383444
0.392815
0.399205
0.400529
-0.425738
-0.394194
-0.343887
-0.286425
-0.224082
-0.157232
-0.0862092
-0.0113145
0.0671707
0.148687
0.221444
0.275844
0.31505
0.343677
0.364882
0.380832
0.393039
0.402393
0.408682
0.409996
-0.447863
-0.416166
-0.3651
-0.30637
-0.242415
-0.173594
-0.100205
-0.0224488
0.0595643
0.145477
0.222798
0.280775
0.322397
0.352532
0.374604
0.391003
0.403392
0.412751
0.418932
0.420237
-0.468584
-0.436589
-0.384851
-0.325096
-0.259856
-0.18946
-0.114153
-0.0339982
0.0511782
0.141376
0.223551
0.285573
0.330047
0.362017
0.385179
0.402162
0.414803
0.424181
0.430322
0.431684
-0.488006
-0.455742
-0.403422
-0.342851
-0.276585
-0.20497
-0.128174
-0.0460799
0.0418606
0.13623
0.223575
0.290204
0.338066
0.372286
0.396816
0.414563
0.427574
0.437118
0.443045
0.444502
-0.506427
-0.473823
-0.420982
-0.359781
-0.292712
-0.220194
-0.142317
-0.0587596
0.0314962
0.129853
0.222695
0.294552
0.346438
0.383409
0.409662
0.428386
0.441882
0.4516
0.457473
0.458906
-0.523906
-0.490986
-0.437671
-0.375907
-0.308268
-0.235149
-0.156595
-0.072059
0.0200165
0.122082
0.220708
0.298457
0.355074
0.395388
0.423782
0.443759
0.457898
0.467856
0.473723
0.475075
-0.540436
-0.507264
-0.453522
-0.391255
-0.323227
-0.249783
-0.170952
-0.0859572
0.00737728
0.112778
0.217396
0.301712
0.363811
0.408135
0.439165
0.460723
0.475728
0.486053
0.491923
0.493113
-0.55605
-0.522541
-0.468454
-0.405826
-0.337558
-0.264044
-0.185304
-0.100384
-0.00641759
0.101823
0.212545
0.304072
0.372422
0.421444
0.455703
0.479251
0.495394
0.506258
0.512192
0.513104
-0.570851
-0.536878
-0.482469
-0.419574
-0.351199
-0.27785
-0.199559
-0.115235
-0.0213322
0.0891399
0.205977
0.305299
0.38061
0.435034
0.473186
0.499257
0.516784
0.528283
0.534321
0.534951
-0.584625
-0.55043
-0.495558
-0.432458
-0.364105
-0.291108
-0.213605
-0.130386
-0.037264
0.074689
0.197543
0.305159
0.388025
0.44851
0.491182
0.52048
0.53983
0.552083
0.558082
0.558335
-0.597438
-0.562937
-0.507723
-0.444452
-0.37622
-0.303752
-0.227311
-0.145699
-0.0541008
0.0584706
0.187109
0.303442
0.394344
0.461204
0.509154
0.542508
0.564381
0.577398
0.582999
0.582713
-0.609376
-0.574453
-0.518953
-0.45555
-0.387511
-0.315703
-0.240576
-0.161017
-0.0716987
0.0405443
0.174573
0.300085
0.399155
0.47247
0.526122
0.564641
0.590481
0.604597
0.608412
0.607046
-0.620378
-0.585077
-0.529239
-0.465737
-0.397957
-0.326906
-0.25329
-0.176187
-0.0898799
0.0209899
0.159931
0.294959
0.402434
0.481513
0.540356
0.585156
0.617546
0.635771
0.636232
0.630595
-0.630582
-0.594815
-0.538621
-0.475061
-0.407603
-0.337397
-0.265482
-0.191238
-0.108742
-0.0004367
0.142782
0.287949
0.404045
0.487569
0.550265
0.601117
0.642455
0.672991
0.677508
0.652532
-0.640024
-0.603673
-0.547177
-0.483666
-0.416634
-0.347385
-0.277429
-0.206595
-0.128989
-0.0249839
0.121808
0.278403
0.40377
0.490524
0.552949
0.60606
0.651259
0.681524
0.677904
0.645415
-0.64859
-0.611604
-0.554784
-0.491441
-0.424871
-0.356631
-0.288908
-0.221899
-0.150207
-0.0524795
0.0967741
0.266155
0.40239
0.490984
0.544494
0.590483
0.623116
0.629584
0.564199
0.515891
-0.65568
-0.61843
-0.561175
-0.497858
-0.431895
-0.364853
-0.299712
-0.236975
-0.172264
-0.0833227
0.0670866
0.2508
0.399933
0.489826
0.527348
0.544793
0.557877
0.511756
0.428476
0.373142
-0.710093
-0.621445
-0.567345
-0.504009
-0.438858
-0.372996
-0.309873
-0.251972
-0.19538
-0.117829
0.0316406
0.232338
0.395426
0.486383
0.494706
0.477035
0.434126
0.355229
0.255905
0.200839
-0.64154
-0.627208
-0.573311
-0.512178
-0.447539
-0.383097
-0.323906
-0.273019
-0.231369
-0.175896
-0.0342632
0.199593
0.389495
0.458919
0.43353
0.2785
0.125645
0.0229039
-0.0778149
-0.0245443
-0.666084
-0.635348
-0.580297
-0.519023
-0.454421
-0.39087
-0.333516
-0.288226
-0.258371
-0.224312
-0.101478
0.152096
0.374776
0.421352
0.317792
0.0865784
-0.118852
-0.263332
-0.406591
-0.31058
-0.680416
-0.64503
-0.588469
-0.526231
-0.461486
-0.398484
-0.342959
-0.303045
-0.285723
-0.274804
-0.170984
0.0978972
0.346202
0.380164
0.18054
-0.140023
-0.401787
-0.600241
-0.815474
-0.697268
-0.692914
-0.654247
-0.596177
-0.532673
-0.467536
-0.404947
-0.351379
-0.316983
-0.313356
-0.335496
-0.27315
0.0123539
0.302583
0.29585
-0.00759707
-0.394586
-0.736527
-1.02649
-1.3532
-1.28729
-0.702751
-0.662805
-0.60331
-0.538609
-0.472927
-0.410564
-0.358798
-0.33
-0.341636
-0.405918
-0.414291
-0.13184
0.203072
0.139557
-0.229697
-0.657029
-1.08262
-1.47586
-1.939
-2.28754
-0.710945
-0.670327
-0.609899
-0.544181
-0.477786
-0.415314
-0.364904
-0.341156
-0.368545
-0.483995
-0.608298
-0.362718
0.025961
-0.0808465
-0.473517
-0.884697
-1.35236
-1.77196
-1.96348
-2.32342
-0.71826
-0.677137
-0.616007
-0.549328
-0.482053
-0.419133
-0.369536
-0.350248
-0.393977
-0.572664
-0.872588
-0.727787
-0.266353
-0.383383
-0.730958
-1.06092
-1.44889
-1.78879
-1.86577
-1.91479
-0.725145
-0.683486
-0.621626
-0.553926
-0.485555
-0.421782
-0.372268
-0.356435
-0.416082
-0.669918
-1.21967
-1.24143
-0.68214
-0.755074
-1.00375
-1.18977
-1.43308
-1.77163
-1.82503
-1.7669
-0.731927
-0.689526
-0.62675
-0.557866
-0.488103
-0.422932
-0.372542
-0.35833
-0.431878
-0.762384
-1.62037
-1.84366
-1.17943
-1.15649
-1.29795
-1.34148
-1.29675
-1.44155
-1.54381
-1.52057
-0.738926
-0.695445
-0.631467
-0.561133
-0.48961
-0.422355
-0.36985
-0.354552
-0.436245
-0.831636
-1.95926
-2.36223
-1.62913
-1.52429
-1.64343
-1.55702
-1.11512
-1.14182
-1.4319
-1.53714
-0.746205
-0.701374
-0.635905
-0.56382
-0.490069
-0.420015
-0.363833
-0.344061
-0.423492
-0.844606
-2.11236
-2.59334
-1.86057
-1.8142
-2.1423
-2.45022
-2.32218
-2.23627
-2.15456
-2.15264
-0.753847
-0.707529
-0.640255
-0.566072
-0.489646
-0.415977
-0.354575
-0.326291
-0.389796
-0.775254
-1.95634
-2.3512
-1.7546
-1.91608
-2.66482
-3.94297
-4.32033
-3.979
-3.4833
-3.25161
-0.762206
-0.714111
-0.644772
-0.568164
-0.488613
-0.410611
-0.342435
-0.301868
-0.33639
-0.62152
-1.47152
-1.64993
-1.2473
-1.54696
-2.53052
-4.14828
-4.59894
-4.03653
-3.41395
-3.14751
-0.771501
-0.721533
-0.649807
-0.570451
-0.487377
-0.404431
-0.328398
-0.272759
-0.269301
-0.417343
-0.827217
-0.768514
-0.462979
-0.591938
-1.06743
-1.70753
-1.97993
-1.75326
-1.51379
-1.4157
-0.782042
-0.730088
-0.6557
-0.573309
-0.486436
-0.398195
-0.313569
-0.241396
-0.198145
-0.215589
-0.257639
-0.0492664
0.188669
0.250289
0.187611
0.112607
0.126717
0.176268
0.207499
0.214648
-0.793903
-0.740088
-0.662716
-0.577076
-0.48615
-0.392398
-0.299187
-0.210936
-0.131925
-0.0550067
0.0888373
0.35266
0.553547
0.698842
0.784594
0.859822
0.929289
0.971816
0.986007
0.987016
-0.80697
-0.751151
-0.670807
-0.581661
-0.486695
-0.387607
-0.286223
-0.183534
-0.0765849
0.0565065
0.264067
0.52215
0.72139
0.882855
1.00196
1.09477
1.16601
1.21041
1.23052
1.23332
-0.820401
-0.762773
-0.679253
-0.586715
-0.48779
-0.383689
-0.275058
-0.160774
-0.0342656
0.128169
0.3487
0.583168
0.771424
0.920483
1.03429
1.12073
1.18526
1.22949
1.25379
1.25863
-0.831251
-0.77267
-0.686877
-0.590985
-0.488481
-0.380074
-0.265583
-0.142816
-0.00408898
0.170899
0.385665
0.595025
0.765238
0.897875
0.998996
1.07563
1.1334
1.17544
1.20057
1.20595
-0.836861
-0.778364
-0.690956
-0.592546
-0.487187
-0.37552
-0.25697
-0.128842
0.0161139
0.193902
0.396188
0.58251
0.733712
0.851539
0.941855
1.0109
1.06374
1.1035
1.12649
1.13279
-0.83432
-0.776348
-0.688606
-0.588432
-0.48149
-0.368272
-0.247807
-0.117479
0.0289571
0.202729
0.39077
0.557168
0.691326
0.796566
0.878258
0.941627
0.990974
1.02864
1.05064
1.05714
-0.816433
-0.760956
-0.675341
-0.575389
-0.468777
-0.355954
-0.236222
-0.107208
0.0363169
0.202812
0.374849
0.52321
0.642292
0.736584
0.810873
0.869322
0.915527
0.950728
0.972209
0.97909
-0.776841
-0.726729
-0.646147
-0.548788
-0.445493
-0.336514
-0.220814
-0.0965047
0.0402789
0.194973
0.350476
0.481854
0.586802
0.670606
0.737683
0.791329
0.834275
0.867298
0.888306
0.895614
-0.711256
-0.669613
-0.593601
-0.504024
-0.408264
-0.306989
-0.199403
-0.0839969
0.0419177
0.181868
0.319157
0.433171
0.523601
0.59598
0.654536
0.702225
0.740566
0.770761
0.791775
0.798883
-0.609417
-0.579893
-0.514923
-0.43752
-0.354409
-0.265739
-0.170718
-0.0682802
0.0431334
0.165349
0.282714
0.378053
0.4524
0.510975
0.557656
0.595596
0.626609
0.650617
0.666251
0.670955
-0.45832
-0.443619
-0.401116
-0.345242
-0.282537
-0.212678
-0.135212
-0.0494152
0.0456556
0.150841
0.251696
0.332646
0.394566
0.44212
0.478712
0.506622
0.527767
0.544594
0.55672
0.559868
-0.298416
-0.293381
-0.271873
-0.240112
-0.200271
-0.1517
-0.0940192
-0.0265181
0.0511659
0.139084
0.22402
0.291881
0.343043
0.381131
0.408951
0.429047
0.443497
0.453032
0.4582
0.459277
-0.169203
-0.167212
-0.158588
-0.14315
-0.121209
-0.0911399
-0.0514534
-0.00134368
0.0596343
0.131114
0.201207
0.256947
0.298149
0.327938
0.349101
0.36348
0.372493
0.377805
0.380449
0.380786
-0.0774178
-0.0777911
-0.0759828
-0.0699394
-0.0583088
-0.0400204
-0.0135673
0.022511
0.0689846
0.12561
0.182271
0.227416
0.26043
0.283696
0.299275
0.309244
0.315392
0.318763
0.320057
0.320093
-0.0199294
-0.0207929
-0.0216825
-0.0201364
-0.0144081
-0.00300768
0.0152141
0.0414621
0.0767117
0.121039
0.166111
0.202
0.227875
0.245768
0.257722
0.265281
0.269553
0.271564
0.272201
0.272183
0.0136898
0.0131325
0.0123826
0.0130603
0.0163214
0.0234696
0.0359479
0.0550855
0.0817938
0.116242
0.151787
0.180195
0.200657
0.214716
0.223825
0.229332
0.232395
0.233839
0.234298
0.234292
0.0346195
0.034358
0.0340227
0.0346331
0.0370421
0.0422022
0.0511695
0.0651858
0.0853259
0.111954
0.139808
0.162111
0.178033
0.188807
0.195747
0.199965
0.202292
0.203361
0.203704
0.203701
0.0483237
0.0482008
0.048066
0.0485916
0.0503777
0.0541673
0.0608467
0.0713997
0.0867158
0.107226
0.128895
0.146298
0.158724
0.167138
0.172532
0.175769
0.177539
0.178352
0.178617
0.178615
0.0569903
0.0569462
0.0569556
0.0574656
0.0589021
0.0617953
0.0668236
0.0748012
0.0865003
0.102327
0.119168
0.132728
0.142395
0.148905
0.153059
0.155551
0.156914
0.157539
0.157743
0.15774
0.0621127
0.0621024
0.0621743
0.0626332
0.0637897
0.0660422
0.069907
0.0760106
0.0849783
0.0971796
0.11023
0.120759
0.128261
0.133311
0.13653
0.138456
0.139505
0.139983
0.140137
0.140133
0.0646244
0.0646282
0.0647214
0.0651187
0.0660477
0.0678058
0.0707887
0.0754835
0.0823856
0.0918047
0.101913
0.11008
0.115899
0.11981
0.122299
0.123784
0.124591
0.124956
0.125072
0.125066
0.0651738
0.065182
0.0652726
0.0656026
0.0663431
0.0677191
0.0700316
0.0736552
0.078978
0.0862528
0.0940758
0.100402
0.104909
0.107936
0.109859
0.111004
0.111623
0.1119
0.111986
0.11198
0.0642121
0.0642208
0.0642992
0.0645657
0.0651502
0.0662238
0.0680175
0.0708189
0.07493
0.0805519
0.0866032
0.0914998
0.0949868
0.0973261
0.0988101
0.0996916
0.100166
0.100375
0.100438
0.100433
0.0620792
0.0620868
0.0621511
0.0623624
0.0628197
0.0636551
0.0650459
0.0672133
0.0703899
0.0747338
0.0794129
0.083199
0.0858943
0.0877014
0.0888461
0.0895238
0.0898869
0.0900449
0.0900908
0.0900853
0.0590361
0.0590423
0.0590934
0.0592589
0.0596156
0.0602644
0.0613414
0.0630167
0.0654707
0.0688266
0.0724415
0.0753672
0.0774493
0.0788426
0.0797229
0.0802429
0.0805198
0.0806393
0.0806731
0.0806685
0.0552873
0.0552921
0.055332
0.0554606
0.0557365
0.0562383
0.0570708
0.0583653
0.0602602
0.0628508
0.0656412
0.0678978
0.0695024
0.070576
0.0712536
0.0716524
0.0718633
0.071953
0.0719776
0.0719734
0.0509917
0.0509952
0.0510258
0.0511247
0.0513374
0.0517246
0.0523664
0.053364
0.0548243
0.0568203
0.0589703
0.0607087
0.0619434
0.0627683
0.0632884
0.0635942
0.0637547
0.0638222
0.0638402
0.0638366
0.0462738
0.0462764
0.0462992
0.0463745
0.0465372
0.0468345
0.047328
0.0480952
0.0492177
0.0507518
0.0524039
0.0537391
0.0546871
0.0553198
0.055717
0.0559495
0.0560706
0.0561207
0.0561332
0.0561302
0.0412293
0.041231
0.0412477
0.0413045
0.0414285
0.0416557
0.0420328
0.042619
0.0434777
0.0446521
0.0459162
0.0469373
0.0476615
0.0481436
0.0484455
0.0486226
0.0487137
0.0487508
0.0487597
0.048757
0.0359334
0.0359342
0.0359461
0.0359885
0.0360819
0.0362536
0.0365396
0.036985
0.0376373
0.0385293
0.0394892
0.0402636
0.0408115
0.0411753
0.0414033
0.0415371
0.0416049
0.0416316
0.0416375
0.0416354
0.0304465
0.0304467
0.0304549
0.0304858
0.030555
0.0306827
0.0308959
0.031229
0.031718
0.0323868
0.0331064
0.0336866
0.0340974
0.0343703
0.0345403
0.0346382
0.0346876
0.0347063
0.0347098
0.0347081
0.0248163
0.024816
0.024821
0.0248422
0.0248917
0.0249839
0.025139
0.0253825
0.0257403
0.0262308
0.0267589
0.0271855
0.0274875
0.0276876
0.0278109
0.0278809
0.0279155
0.0279277
0.0279292
0.0279277
0.0190783
0.0190777
0.01908
0.0190936
0.0191267
0.0191906
0.0192998
0.0194718
0.0197245
0.0200713
0.020445
0.0207451
0.0209549
0.0210921
0.021177
0.0212253
0.0212486
0.0212561
0.0212567
0.0212555
0.0132613
0.0132602
0.0132599
0.0132674
0.0132882
0.0133294
0.0133996
0.0135105
0.0136749
0.0139001
0.0141438
0.0143373
0.0144736
0.0145634
0.0146179
0.0146472
0.0146602
0.0146631
0.014662
0.0146611
0.00739078
0.0073898
0.00738815
0.00739036
0.00739984
0.00742036
0.00745706
0.00751607
0.00760326
0.00772344
0.00785348
0.00795858
0.00803235
0.00807954
0.00810734
0.00812175
0.00812648
0.00812524
0.00812303
0.0081224
0.00148259
0.00148211
0.00147699
0.00147384
0.00147379
0.00147656
0.00148277
0.00149316
0.00150897
0.00153134
0.00155834
0.00158452
0.00160313
0.00161507
0.00162273
0.00162688
0.00162823
0.00162716
0.00162373
0.00162069
-0.928128
-0.630788
-0.314704
-0.0612654
0.14094
0.304079
0.444328
0.565813
0.626545
0.598933
-0.407617
-0.216803
-0.0240316
0.139886
0.278466
0.395482
0.492326
0.562507
0.597708
0.603301
-0.0700166
0.051215
0.175351
0.285903
0.381985
0.463211
0.527399
0.572806
0.601785
0.614638
0.153728
0.233404
0.319006
0.396621
0.464241
0.520752
0.565809
0.599782
0.62473
0.639493
0.312354
0.368938
0.43034
0.486693
0.535981
0.578101
0.613126
0.640675
0.661893
0.677307
0.436129
0.478599
0.524288
0.568159
0.607415
0.641706
0.670634
0.693934
0.712471
0.728383
0.539314
0.573534
0.613201
0.650208
0.684232
0.714439
0.740352
0.761305
0.777216
0.79346
0.634846
0.667146
0.705074
0.740171
0.772285
0.800789
0.825007
0.844147
0.857745
0.874379
0.734431
0.769646
0.808546
0.844083
0.875683
0.903058
0.925746
0.943557
0.955588
0.97281
0.85235
0.891282
0.931267
0.966639
0.996892
1.02236
1.04325
1.05943
1.07108
1.08911
0.998935
1.03835
1.07512
1.10641
1.13262
1.15515
1.17451
1.19029
1.20288
1.22091
1.17513
1.20722
1.23382
1.25654
1.27675
1.29573
1.31369
1.33031
1.34582
1.36397
1.36437
1.38183
1.39709
1.4135
1.42956
1.44422
1.45758
1.47164
1.48924
1.50941
1.54653
1.55607
1.56775
1.57869
1.58819
1.59786
1.60865
1.62007
1.63149
1.64686
1.75361
1.75729
1.7425
1.728
1.72183
1.7275
1.74612
1.77645
1.80857
1.83517
2.06058
1.92581
1.84911
1.80642
1.78889
1.79299
1.82022
1.87671
1.97962
2.20409
0.30634
0.304353
0.300018
0.291773
0.280009
0.268428
0.258772
0.251395
0.246188
0.24313
0.24263
0.244876
0.249308
0.255799
0.264452
0.275287
0.287336
0.297872
0.303717
0.306565
0.230173
0.236154
0.243023
0.248194
0.25132
0.251684
0.249609
0.246314
0.243104
0.240881
0.240524
0.242356
0.245464
0.249058
0.252069
0.253109
0.251406
0.24716
0.241296
0.234307
0.220987
0.223247
0.227527
0.231567
0.23436
0.236254
0.237344
0.237515
0.236985
0.236417
0.236454
0.237199
0.238196
0.238694
0.238232
0.236858
0.23462
0.231282
0.226908
0.22347
0.218036
0.218731
0.221474
0.2251
0.228158
0.230375
0.231829
0.232634
0.232925
0.232957
0.233158
0.233635
0.233892
0.23363
0.232705
0.231023
0.22849
0.225157
0.221737
0.220085
0.218465
0.218677
0.219613
0.221097
0.222594
0.22421
0.225727
0.226931
0.227773
0.228332
0.228712
0.228865
0.228662
0.228
0.226866
0.225425
0.22399
0.222566
0.2213
0.220789
0.217115
0.217196
0.217683
0.218549
0.219471
0.220533
0.221462
0.222342
0.223123
0.223761
0.224232
0.224446
0.224321
0.223893
0.223321
0.222535
0.221655
0.220816
0.220139
0.219909
0.214759
0.214794
0.215009
0.215462
0.216045
0.216753
0.217549
0.218385
0.219197
0.21994
0.220529
0.220808
0.220761
0.220466
0.220003
0.219487
0.21901
0.218567
0.218273
0.218184
0.211578
0.211597
0.211721
0.211988
0.212357
0.212821
0.213385
0.214049
0.214792
0.21557
0.216274
0.21672
0.216876
0.216833
0.216677
0.216469
0.216248
0.21604
0.215902
0.215859
0.208003
0.208015
0.208097
0.208278
0.208551
0.208929
0.209428
0.210057
0.210814
0.211677
0.212539
0.213176
0.213522
0.213662
0.213674
0.21362
0.213539
0.213457
0.213401
0.213382
0.204078
0.204085
0.204146
0.204283
0.204504
0.204831
0.205292
0.205917
0.206725
0.207714
0.208781
0.209653
0.21022
0.210554
0.210737
0.210824
0.210857
0.21086
0.210856
0.210852
0.199839
0.199841
0.199899
0.200024
0.200235
0.200561
0.201042
0.201721
0.202639
0.203816
0.205149
0.206308
0.207105
0.207641
0.207975
0.208177
0.208293
0.208354
0.208382
0.208388
0.195266
0.195266
0.195327
0.195462
0.195691
0.196051
0.196595
0.197383
0.198475
0.199912
0.201589
0.203088
0.204169
0.204913
0.205404
0.205716
0.205906
0.206016
0.206072
0.206085
0.190337
0.190336
0.190404
0.190559
0.190826
0.191252
0.191902
0.192855
0.194193
0.195979
0.198096
0.200021
0.201436
0.202419
0.203079
0.203507
0.203774
0.203931
0.204011
0.204032
0.184971
0.184969
0.185051
0.18524
0.185567
0.186091
0.186893
0.188075
0.189746
0.191989
0.194668
0.19712
0.198932
0.200205
0.201064
0.201625
0.201977
0.202186
0.202294
0.202322
0.179067
0.179063
0.179167
0.179404
0.179814
0.180472
0.181482
0.182972
0.18508
0.187916
0.191307
0.194419
0.196724
0.198346
0.199445
0.200163
0.200615
0.200885
0.201024
0.201061
0.172482
0.172478
0.172611
0.172913
0.173436
0.174275
0.17556
0.177455
0.180133
0.18373
0.188027
0.191964
0.194878
0.196931
0.198322
0.199233
0.199806
0.200149
0.200326
0.200372
0.165027
0.165021
0.165193
0.165584
0.166259
0.167337
0.168987
0.171412
0.174829
0.179404
0.184845
0.189817
0.193489
0.196073
0.197824
0.19897
0.199692
0.200123
0.200346
0.200404
0.156443
0.156435
0.156662
0.157173
0.158051
0.159449
0.161582
0.164705
0.169082
0.174909
0.181796
0.188057
0.192669
0.19591
0.198105
0.199541
0.200446
0.200987
0.201266
0.201338
0.146379
0.146371
0.146674
0.147351
0.148506
0.150337
0.153116
0.157159
0.162788
0.170217
0.178923
0.186787
0.19256
0.196611
0.199353
0.201148
0.20228
0.202957
0.203306
0.203396
0.134349
0.13434
0.134753
0.135668
0.13721
0.139634
0.143288
0.148563
0.155829
0.165307
0.176289
0.186129
0.193326
0.198374
0.201792
0.204033
0.205448
0.206297
0.206736
0.206847
0.119661
0.119655
0.12024
0.121502
0.123594
0.12685
0.131717
0.13866
0.148082
0.160174
0.173978
0.186229
0.19516
0.201427
0.205682
0.20848
0.210255
0.211329
0.211887
0.212025
0.101322
0.101331
0.102196
0.103986
0.106882
0.111347
0.117944
0.127182
0.13945
0.15485
0.172104
0.187249
0.198266
0.206022
0.211317
0.21482
0.217062
0.218436
0.219161
0.219339
0.0778058
0.0778659
0.0792199
0.081853
0.086012
0.0923507
0.101498
0.113926
0.129927
0.149449
0.170829
0.189374
0.202852
0.212405
0.219001
0.223418
0.226281
0.228065
0.229031
0.229274
0.0465313
0.046734
0.0490236
0.0531787
0.0595625
0.0689934
0.0819841
0.0988386
0.119661
0.144192
0.170366
0.192781
0.209084
0.220773
0.228995
0.234631
0.238368
0.240745
0.242065
0.242413
0.00277216
0.00338811
0.00783991
0.0152327
0.0258907
0.040511
0.0592219
0.0820804
0.108946
0.13936
0.170907
0.197569
0.217004
0.231152
0.24138
0.248663
0.253725
0.257116
0.259089
0.259579
-0.0617929
-0.059387
-0.0490587
-0.0345415
-0.0158179
0.00701826
0.0337532
0.0642713
0.0982812
0.135263
0.172563
0.20368
0.226425
0.243261
0.255819
0.265212
0.272202
0.277352
0.280647
0.281153
-0.139807
-0.135055
-0.115927
-0.0896401
-0.060305
-0.0279637
0.00748427
0.046064
0.0876326
0.131814
0.175803
0.212508
0.239731
0.260441
0.276523
0.289222
0.299428
0.307651
0.312129
0.313991
-0.219052
-0.206926
-0.178099
-0.141861
-0.102948
-0.0615713
-0.0177137
0.0287232
0.0777057
0.129001
0.179681
0.221964
0.253493
0.277732
0.296863
0.312258
0.324782
0.335019
0.341933
0.34537
-0.275973
-0.262856
-0.229245
-0.186629
-0.140704
-0.0921573
-0.041116
0.0123413
0.0681196
0.125984
0.182713
0.229731
0.264577
0.291148
0.311842
0.328195
0.341223
0.351621
0.3587
0.362046
-0.320819
-0.307458
-0.270388
-0.223469
-0.172679
-0.118813
-0.0621511
-0.0029018
0.0587251
0.122413
0.184569
0.235754
0.273302
0.301545
0.323217
0.340098
0.35336
0.363795
0.370985
0.374226
-0.356368
-0.343255
-0.304348
-0.254373
-0.20001
-0.142127
-0.0810062
-0.0169289
0.0497927
0.11875
0.185908
0.240885
0.280815
0.310478
0.332929
0.350173
0.363552
0.373955
0.381175
0.384397
-0.386267
-0.373354
-0.333243
-0.281107
-0.224015
-0.162909
-0.0981414
-0.0300301
0.041091
0.114767
0.186601
0.245247
0.287523
0.318589
0.341811
0.359436
0.372963
0.383377
0.390673
0.393871
-0.412249
-0.399465
-0.358499
-0.304777
-0.245644
-0.182033
-0.114301
-0.0427928
0.0321959
0.110248
0.186677
0.249103
0.29387
0.326468
0.350565
0.368637
0.382364
0.392829
0.400195
0.403363
-0.435574
-0.422838
-0.38121
-0.326254
-0.265506
-0.199907
-0.129774
-0.0554104
0.0229771
0.105112
0.186133
0.252577
0.300125
0.334493
0.359634
0.378275
0.392271
0.402834
0.41028
0.413438
-0.457099
-0.444395
-0.402108
-0.346159
-0.284117
-0.216908
-0.144834
-0.0681075
0.0132238
0.0991695
0.184859
0.255697
0.306438
0.342913
0.369338
0.388701
0.403063
0.413767
0.421258
0.424382
-0.477288
-0.464541
-0.421623
-0.364848
-0.301788
-0.233316
-0.159704
-0.081064
0.00278248
0.0922632
0.182726
0.258415
0.312864
0.351881
0.379897
0.40018
0.415025
0.425955
0.433506
0.436622
-0.496323
-0.483422
-0.440056
-0.382554
-0.318668
-0.249225
-0.174461
-0.094365
-0.00845551
0.0842387
0.17955
0.260607
0.319381
0.361464
0.391458
0.412907
0.428385
0.439603
0.447245
0.450318
-0.514416
-0.501332
-0.457476
-0.39941
-0.334845
-0.264696
-0.189133
-0.108035
-0.0205652
0.0749667
0.175154
0.262099
0.325889
0.371658
0.40409
0.427013
0.443304
0.454926
0.462684
0.46575
-0.531542
-0.518298
-0.473953
-0.415422
-0.350343
-0.27972
-0.203702
-0.122055
-0.0335676
0.0643293
0.169338
0.262692
0.332225
0.382373
0.417792
0.442573
0.459906
0.472049
0.479975
0.483069
-0.547766
-0.534304
-0.489574
-0.430565
-0.365143
-0.294255
-0.21811
-0.136361
-0.0474325
0.0522599
0.161933
0.26216
0.33817
0.393442
0.432487
0.459595
0.478261
0.491066
0.499221
0.502336
-0.563024
-0.549413
-0.504269
-0.444853
-0.379196
-0.308241
-0.23226
-0.150869
-0.0620907
0.0387225
0.152768
0.260274
0.343469
0.404624
0.447956
0.47791
0.498305
0.512004
0.520497
0.52354
-0.577411
-0.563542
-0.518015
-0.458269
-0.392457
-0.321612
-0.246067
-0.165451
-0.0774597
0.0237494
0.141713
0.256814
0.347854
0.415533
0.463828
0.497268
0.519857
0.534753
0.543691
0.546588
-0.590722
-0.576799
-0.530791
-0.470776
-0.40489
-0.334285
-0.259432
-0.179982
-0.093401
0.00738423
0.128683
0.251602
0.351105
0.425741
0.479545
0.517283
0.54268
0.558999
0.568207
0.570847
-0.603168
-0.589061
-0.542611
-0.482362
-0.416476
-0.346226
-0.272246
-0.194338
-0.109765
-0.0102724
0.113649
0.244568
0.352919
0.434711
0.494315
0.537267
0.566736
0.585058
0.594
0.595688
-0.61467
-0.600339
-0.553508
-0.49302
-0.427177
-0.357378
-0.284434
-0.208365
-0.126386
-0.0291078
0.0965939
0.235602
0.353165
0.441933
0.507349
0.556011
0.591149
0.613396
0.621713
0.619926
-0.625334
-0.610813
-0.563463
-0.502749
-0.437002
-0.367713
-0.295918
-0.221957
-0.143095
-0.0489376
0.0775504
0.224657
0.351726
0.447335
0.51759
0.571367
0.613657
0.644131
0.656268
0.6457
-0.635162
-0.620436
-0.572557
-0.511656
-0.446094
-0.377417
-0.306935
-0.235444
-0.160424
-0.070658
0.0552716
0.210698
0.348371
0.450801
0.523431
0.580346
0.628816
0.670351
0.690046
0.689073
-0.644197
-0.629119
-0.580769
-0.519754
-0.45448
-0.386504
-0.317443
-0.248752
-0.178294
-0.0943552
0.0292779
0.193198
0.342919
0.451936
0.522829
0.576832
0.623242
0.657364
0.657728
0.58877
-0.652284
-0.636611
-0.587946
-0.527222
-0.462277
-0.395095
-0.327447
-0.261695
-0.196501
-0.119836
-0.000668589
0.172176
0.33619
0.451584
0.516656
0.553898
0.587761
0.593623
0.541194
0.464087
-0.65936
-0.644176
-0.593532
-0.533868
-0.469297
-0.402846
-0.337052
-0.27422
-0.214925
-0.146934
-0.0350888
0.14742
0.327823
0.450905
0.508755
0.535163
0.513409
0.474759
0.392796
0.304968
-0.629695
-0.61725
-0.571718
-0.509268
-0.444245
-0.378546
-0.315266
-0.259241
-0.206716
-0.135239
0.0137229
0.22093
0.389685
0.481323
0.53453
0.436595
0.36537
0.284205
0.187923
0.123812
-0.648904
-0.632621
-0.601095
-0.543253
-0.479963
-0.41437
-0.350371
-0.292549
-0.243516
-0.193119
-0.0987465
0.0907724
0.308585
0.441439
0.484816
0.461423
0.320607
0.201197
0.116867
0.00279423
-0.661235
-0.643042
-0.605497
-0.546919
-0.484079
-0.41927
-0.357382
-0.303296
-0.261125
-0.223814
-0.144519
0.046241
0.28477
0.428715
0.421476
0.304376
0.0871993
-0.0595437
-0.17059
-0.289121
-0.672337
-0.657709
-0.612965
-0.553877
-0.490295
-0.425744
-0.365097
-0.314469
-0.280741
-0.261044
-0.207448
-0.0109057
0.259489
0.408349
0.344159
0.117502
-0.148239
-0.342488
-0.501596
-0.675825
-0.685522
-0.669949
-0.621722
-0.561245
-0.496931
-0.432418
-0.37278
-0.32546
-0.300396
-0.301875
-0.282917
-0.0982669
0.219872
0.377967
0.240811
-0.0915763
-0.423128
-0.687772
-0.918354
-1.21511
-0.696325
-0.68034
-0.630015
-0.567941
-0.502779
-0.438166
-0.379521
-0.33558
-0.319764
-0.344913
-0.374535
-0.221725
0.138435
0.295988
0.0897169
-0.323075
-0.724349
-1.09401
-1.42148
-2.04102
-0.704978
-0.689286
-0.637571
-0.574211
-0.508168
-0.443214
-0.385265
-0.344391
-0.338054
-0.390445
-0.49096
-0.412306
-0.0103375
0.143624
-0.140821
-0.56217
-1.00356
-1.45756
-1.8543
-2.62377
-0.712564
-0.697076
-0.644429
-0.580064
-0.513094
-0.447549
-0.389848
-0.351463
-0.35414
-0.436332
-0.6377
-0.694778
-0.252959
-0.0991535
-0.414294
-0.785159
-1.19661
-1.63043
-1.8726
-1.89708
-0.719595
-0.704237
-0.65078
-0.585461
-0.517478
-0.451075
-0.393131
-0.356536
-0.367559
-0.483091
-0.823926
-1.10768
-0.631723
-0.457771
-0.727082
-0.992885
-1.27758
-1.63885
-1.83096
-1.83548
-0.72639
-0.710938
-0.656674
-0.590311
-0.521142
-0.453521
-0.394724
-0.358764
-0.376477
-0.526108
-1.03243
-1.66742
-1.16168
-0.885752
-1.06588
-1.20725
-1.29237
-1.5329
-1.76492
-1.68138
-0.733196
-0.717497
-0.662204
-0.594598
-0.523986
-0.454698
-0.394214
-0.357302
-0.378502
-0.557478
-1.22392
-2.22707
-1.7187
-1.32684
-1.41301
-1.47651
-1.29031
-1.09852
-1.31331
-1.46119
-0.740284
-0.724109
-0.667529
-0.598408
-0.525997
-0.454519
-0.391331
-0.351496
-0.3711
-0.564104
-1.34798
-2.59507
-2.09639
-1.68962
-1.75311
-1.93672
-1.66077
-1.4424
-1.56697
-1.70903
-0.747655
-0.730933
-0.672795
-0.601866
-0.527293
-0.453015
-0.386092
-0.340868
-0.352653
-0.538165
-1.33721
-2.59165
-2.12031
-1.81302
-2.08422
-2.85676
-3.35078
-3.28072
-2.9837
-2.75438
-0.755657
-0.738147
-0.678225
-0.6052
-0.528072
-0.450422
-0.378667
-0.325691
-0.32245
-0.469384
-1.14195
-2.1175
-1.71932
-1.60345
-2.18882
-3.52412
-4.81085
-4.6701
-4.02061
-3.58055
-0.764486
-0.746139
-0.68416
-0.60871
-0.528663
-0.447126
-0.369597
-0.306793
-0.282837
-0.36835
-0.797331
-1.32207
-0.989503
-0.924274
-1.45623
-2.47473
-3.38761
-3.25575
-2.76469
-2.45502
-0.774478
-0.755201
-0.690938
-0.612767
-0.529474
-0.443635
-0.359772
-0.285726
-0.237481
-0.252646
-0.415628
-0.512036
-0.213894
-0.0644442
-0.19402
-0.454009
-0.699858
-0.681736
-0.559901
-0.507264
-0.785864
-0.76565
-0.698872
-0.617704
-0.530937
-0.440555
-0.349906
-0.264184
-0.191632
-0.14284
-0.109734
0.0520149
0.304924
0.475041
0.529868
0.560147
0.609104
0.663565
0.690466
0.691186
-0.798541
-0.777861
-0.708045
-0.623707
-0.533194
-0.438192
-0.340915
-0.244053
-0.149537
-0.0525888
0.0832011
0.324838
0.565359
0.74503
0.877328
0.976011
1.05861
1.11808
1.1473
1.15264
-0.812018
-0.791097
-0.718125
-0.630401
-0.536227
-0.436718
-0.333154
-0.226341
-0.114299
0.0143242
0.194576
0.441157
0.665316
0.839029
0.976013
1.08007
1.16029
1.21721
1.25084
1.26284
-0.825067
-0.803659
-0.727977
-0.637045
-0.539232
-0.435564
-0.326554
-0.21165
-0.0870481
0.0603513
0.255717
0.486427
0.688635
0.847928
0.971329
1.0649
1.1359
1.18829
1.2233
1.23822
-0.834537
-0.813674
-0.73582
-0.641768
-0.540862
-0.433714
-0.320356
-0.1996
-0.0669532
0.0898341
0.285673
0.496412
0.676001
0.818032
0.927367
1.01067
1.07432
1.12281
1.1572
1.17205
-0.837631
-0.817948
-0.738192
-0.64207
-0.538865
-0.429355
-0.313269
-0.189125
-0.0523239
0.106731
0.29617
0.48732
0.646547
0.772676
0.870466
0.945917
1.00442
1.0498
1.08356
1.09949
-0.829315
-0.811703
-0.731781
-0.634426
-0.530345
-0.420157
-0.30347
-0.178694
-0.0417516
0.115118
0.292896
0.466549
0.608076
0.720442
0.80856
0.877646
0.932095
0.974817
1.00795
1.02326
-0.803821
-0.789193
-0.710483
-0.614369
-0.511957
-0.403638
-0.288949
-0.166895
-0.0334411
0.116106
0.282144
0.437273
0.562597
0.662537
0.741868
0.805108
0.855916
0.896693
0.929347
0.943936
-0.752879
-0.741288
-0.667995
-0.576671
-0.479503
-0.376659
-0.26781
-0.151835
-0.026095
0.113063
0.263117
0.400486
0.510003
0.59753
0.667744
0.724568
0.771353
0.810459
0.842732
0.857471
-0.668053
-0.656039
-0.596554
-0.516523
-0.42915
-0.336336
-0.237748
-0.132316
-0.0183466
0.106622
0.238717
0.357057
0.44995
0.523587
0.582694
0.630662
0.670589
0.705475
0.735155
0.752046
-0.540954
-0.533462
-0.493482
-0.429729
-0.358373
-0.281422
-0.197985
-0.107394
-0.00862502
0.0996154
0.212967
0.312826
0.389617
0.448996
0.495252
0.531634
0.560172
0.582342
0.600151
0.611605
-0.376146
-0.37445
-0.353774
-0.31551
-0.268317
-0.21327
-0.14992
-0.0778289
0.00372728
0.0952661
0.192088
0.277178
0.34191
0.391051
0.428183
0.455791
0.476172
0.49144
0.502132
0.50681
-0.228922
-0.228562
-0.220055
-0.201646
-0.17547
-0.141208
-0.0979199
-0.0445864
0.0192093
0.0936428
0.174077
0.245042
0.298459
0.337898
0.366442
0.386863
0.401042
0.410072
0.415281
0.417347
-0.117978
-0.11862
-0.116192
-0.108929
-0.0960414
-0.0765821
-0.0488909
-0.0115273
0.0364509
0.0951687
0.160358
0.218277
0.261455
0.29282
0.314959
0.329801
0.339132
0.344781
0.347795
0.348756
-0.0446259
-0.0453239
-0.0461011
-0.0447831
-0.0392478
-0.0279386
-0.00993863
0.0161944
0.0517071
0.0971545
0.149089
0.195704
0.230249
0.254757
0.271371
0.282246
0.289048
0.292818
0.29443
0.294794
-0.000730447
-0.00116867
-0.00225299
-0.00253201
-0.000246051
0.00607586
0.0179302
0.036588
0.0630998
0.0980879
0.138908
0.175796
0.203026
0.222253
0.235293
0.243627
0.248492
0.251013
0.252022
0.25223
0.0253595
0.0251075
0.0245375
0.0244715
0.0260801
0.030332
0.0383863
0.0516178
0.071291
0.0981102
0.130062
0.159202
0.180699
0.195704
0.205618
0.211818
0.215449
0.217335
0.218085
0.218251
0.0422899
0.042154
0.041879
0.0419425
0.0431518
0.0462799
0.0522353
0.0620476
0.0767937
0.0972702
0.122063
0.144823
0.161571
0.173205
0.180898
0.185709
0.188489
0.189905
0.190463
0.190591
0.05322
0.0531451
0.0530343
0.0532015
0.0541894
0.0565429
0.0609632
0.0683203
0.0795149
0.0952241
0.114437
0.132184
0.145264
0.154337
0.160297
0.163992
0.166121
0.167208
0.16764
0.167741
0.0599599
0.0599157
0.0598968
0.0601181
0.0609574
0.062815
0.0662118
0.0718067
0.0803345
0.0923963
0.107265
0.121054
0.131216
0.138247
0.142857
0.145714
0.147358
0.148193
0.148522
0.148597
0.063672
0.063643
0.063663
0.0638878
0.0645832
0.066046
0.0686722
0.0729724
0.0795208
0.0888044
0.1003
0.110997
0.118885
0.124341
0.127914
0.130122
0.131389
0.132031
0.132281
0.132337
0.0651308
0.0651106
0.0651443
0.0653491
0.0659184
0.0670747
0.0691163
0.0724343
0.0774771
0.0846359
0.0935263
0.101815
0.107929
0.112156
0.114919
0.116624
0.117599
0.118089
0.118278
0.118319
0.0648721
0.0648574
0.0648916
0.065065
0.0655214
0.0664307
0.0680194
0.0705872
0.0744805
0.0800075
0.0868806
0.0932974
0.0980316
0.101302
0.103437
0.104753
0.105503
0.105878
0.106019
0.106048
0.0632849
0.0632739
0.0633038
0.0634446
0.0638059
0.0645165
0.0657511
0.0677394
0.0707484
0.0750183
0.0803324
0.0852969
0.0889588
0.0914867
0.0931357
0.094149
0.0947246
0.0950096
0.0951154
0.0951362
0.0606656
0.0606573
0.060682
0.060794
0.0610769
0.0616304
0.0625887
0.0641279
0.0664537
0.0697523
0.0738583
0.0776955
0.0805258
0.0824786
0.0837504
0.0845303
0.0849721
0.0851885
0.0852668
0.0852814
0.0572462
0.0572397
0.057259
0.0573464
0.0575665
0.0579962
0.0587383
0.0599285
0.0617254
0.0642729
0.0674444
0.0704083
0.072593
0.0740985
0.0750777
0.0756768
0.0760143
0.076179
0.0762379
0.0762483
0.0532048
0.0531997
0.0532146
0.0532823
0.0534526
0.0537846
0.0543577
0.0552764
0.056663
0.0586284
0.0610744
0.0633596
0.0650431
0.0662023
0.0669551
0.0674151
0.0676733
0.067798
0.0678413
0.0678485
0.0486826
0.0486785
0.0486896
0.0487414
0.0488723
0.0491278
0.0495692
0.0502767
0.0513442
0.0528566
0.0547391
0.0564978
0.0577921
0.0586827
0.0592608
0.0596128
0.0598093
0.0599033
0.0599354
0.0599403
0.043789
0.0437856
0.0437938
0.0438332
0.0439333
0.044129
0.0444671
0.0450092
0.0458277
0.0469881
0.0484323
0.0497811
0.050774
0.0514563
0.0518973
0.0521647
0.0523136
0.052384
0.0524071
0.0524104
0.0386102
0.0386076
0.0386134
0.0386426
0.0387178
0.0388655
0.0391222
0.0395353
0.0401593
0.0410442
0.0421456
0.0431735
0.0439293
0.044448
0.0447829
0.044986
0.0450996
0.0451517
0.0451682
0.0451701
0.0332128
0.0332108
0.0332144
0.0332352
0.0332907
0.0334014
0.0335947
0.0339065
0.034378
0.0350464
0.0358787
0.0366549
0.0372241
0.037614
0.0378657
0.0380174
0.0381017
0.0381402
0.0381525
0.0381535
0.0276486
0.027647
0.027649
0.0276635
0.0277037
0.0277852
0.0279279
0.0281586
0.028508
0.0290043
0.0296226
0.0301992
0.0306225
0.0309119
0.031098
0.0312095
0.0312695
0.0312962
0.0313036
0.0313038
0.0219598
0.0219584
0.0219589
0.0219679
0.0219954
0.0220529
0.0221553
0.0223211
0.0225729
0.0229312
0.0233785
0.0237956
0.0241006
0.0243079
0.0244391
0.0245171
0.0245591
0.024577
0.0245811
0.0245809
0.0161779
0.0161767
0.016176
0.0161808
0.0161985
0.0162367
0.0163053
0.0164175
0.0165895
0.0168342
0.0171393
0.0174226
0.0176289
0.0177693
0.0178592
0.017912
0.0179393
0.0179502
0.017952
0.0179513
0.0103324
0.0103317
0.0103306
0.0103321
0.010341
0.0103625
0.010403
0.0104706
0.0105738
0.010721
0.0109057
0.0110773
0.011203
0.0112882
0.0113414
0.0113711
0.0113851
0.0113888
0.0113875
0.0113864
0.00148261
0.00147969
0.00147502
0.00147345
0.0014748
0.00147919
0.00148737
0.00150028
0.00151931
0.00154491
0.00157228
0.00159479
0.0016097
0.00161935
0.00162521
0.00162786
0.001628
0.00162572
0.0016214
0.00486808
-2.47897
-1.32199
-0.709775
-0.333465
-0.0571616
0.158108
0.329934
0.478674
0.627134
0.743841
-0.884724
-0.552688
-0.274596
-0.050047
0.134493
0.28693
0.414742
0.521939
0.592488
0.60568
-0.332622
-0.154537
0.00894339
0.153875
0.278243
0.384569
0.47311
0.540716
0.583363
0.603974
-0.0148317
0.0956643
0.201757
0.2997
0.386201
0.460452
0.520847
0.566654
0.599056
0.618862
0.194286
0.267819
0.341569
0.411361
0.473106
0.525855
0.569466
0.604359
0.630819
0.64787
0.345193
0.39468
0.45183
0.503913
0.550134
0.590797
0.625537
0.653887
0.676073
0.690341
0.464584
0.502913
0.548459
0.589188
0.627169
0.661196
0.690592
0.715254
0.735031
0.74678
0.566156
0.60074
0.639497
0.676174
0.710475
0.741586
0.768752
0.791386
0.808856
0.818322
0.663254
0.697941
0.736391
0.772853
0.806169
0.83624
0.861974
0.883004
0.898899
0.907175
0.768934
0.807702
0.847854
0.88587
0.919153
0.947895
0.972147
0.991652
1.00599
1.01459
0.898382
0.941566
0.981613
1.01843
1.04967
1.07595
1.09794
1.11587
1.12953
1.13982
1.06144
1.10345
1.1376
1.16757
1.19255
1.21441
1.23428
1.25198
1.2669
1.27964
1.25279
1.28382
1.30538
1.32464
1.34283
1.36028
1.3767
1.3927
1.40942
1.42649
1.45126
1.46275
1.4739
1.4881
1.50243
1.51538
1.5269
1.53785
1.55086
1.56772
1.63705
1.647
1.6557
1.65832
1.6595
1.66395
1.67469
1.69068
1.70827
1.7128
1.93823
1.88279
1.83201
1.79191
1.76963
1.7655
1.77927
1.81318
1.86951
1.94497
0.448783
0.390142
0.347952
0.314394
0.290151
0.273095
0.261096
0.252639
0.24689
0.243586
0.243057
0.245425
0.250235
0.25748
0.267709
0.282122
0.302589
0.33126
0.369689
0.417307
0.249612
0.258784
0.264955
0.266221
0.2633
0.257816
0.251933
0.246925
0.243359
0.241648
0.24253
0.245571
0.250155
0.255882
0.261919
0.266504
0.267539
0.263815
0.25564
0.247865
0.226144
0.228312
0.233445
0.237713
0.240871
0.242902
0.24323
0.242062
0.240288
0.238906
0.238749
0.240022
0.242038
0.243862
0.244519
0.243406
0.240812
0.237196
0.232459
0.227666
0.219066
0.219968
0.223596
0.227727
0.230739
0.232665
0.233887
0.234495
0.234546
0.23438
0.234517
0.235062
0.235547
0.2355
0.234778
0.233359
0.231036
0.227457
0.223298
0.22082
0.218453
0.218756
0.220445
0.222919
0.225302
0.227479
0.229161
0.230248
0.230852
0.231169
0.231459
0.231751
0.231741
0.231228
0.23005
0.228262
0.226051
0.223685
0.221472
0.22052
0.217979
0.218075
0.218705
0.219761
0.220851
0.22188
0.223032
0.224084
0.224924
0.225547
0.225976
0.226149
0.225957
0.225384
0.224532
0.223689
0.222693
0.221678
0.220816
0.220494
0.216085
0.216125
0.216466
0.217131
0.217935
0.21885
0.219762
0.220631
0.221425
0.222119
0.222649
0.222883
0.222791
0.222449
0.221887
0.221121
0.220447
0.219782
0.219304
0.219153
0.213237
0.213255
0.213405
0.213732
0.214167
0.214709
0.215355
0.216091
0.216869
0.217629
0.218271
0.21863
0.218678
0.218509
0.218224
0.217902
0.217591
0.217303
0.217112
0.217055
0.209839
0.209852
0.209954
0.210175
0.210495
0.210916
0.211445
0.212085
0.212827
0.213642
0.214419
0.214956
0.215206
0.215258
0.215187
0.215054
0.214902
0.21476
0.214664
0.214633
0.206083
0.206088
0.206157
0.206311
0.206551
0.206895
0.207367
0.207988
0.208766
0.209686
0.210643
0.211392
0.211845
0.212081
0.212182
0.212203
0.212185
0.212152
0.212126
0.212115
0.201997
0.202006
0.202059
0.202189
0.202402
0.202723
0.203188
0.203833
0.204689
0.205763
0.206955
0.207962
0.208646
0.209077
0.209336
0.209482
0.209557
0.209591
0.209604
0.209605
0.19759
0.197595
0.197655
0.197783
0.198
0.198339
0.198846
0.199572
0.200569
0.201866
0.20336
0.204682
0.205609
0.20625
0.206662
0.206919
0.207072
0.207159
0.207201
0.207211
0.192844
0.19285
0.192913
0.193057
0.193302
0.193692
0.194284
0.195146
0.196351
0.197951
0.199834
0.201533
0.202781
0.203635
0.204207
0.204576
0.204803
0.204937
0.205004
0.205022
0.187705
0.187712
0.187787
0.187957
0.188251
0.188722
0.189442
0.190501
0.191993
0.193993
0.196374
0.198548
0.200151
0.201272
0.202028
0.20252
0.202828
0.20301
0.203104
0.203128
0.182083
0.182091
0.182183
0.182394
0.18276
0.183345
0.184244
0.185569
0.187444
0.189965
0.192978
0.195742
0.197787
0.199226
0.200199
0.200835
0.201235
0.201473
0.201596
0.201628
0.175855
0.175866
0.175983
0.17625
0.176713
0.177455
0.178593
0.180271
0.182645
0.185839
0.189656
0.193157
0.19575
0.197577
0.198814
0.199624
0.200133
0.200438
0.200595
0.200636
0.168858
0.168871
0.169022
0.169365
0.169959
0.170908
0.172364
0.174506
0.17753
0.181586
0.186421
0.190847
0.19412
0.196425
0.197986
0.199008
0.199652
0.200037
0.200236
0.200287
0.160867
0.160885
0.161081
0.161527
0.162295
0.163522
0.165397
0.168148
0.172014
0.177177
0.1833
0.188881
0.192998
0.195894
0.197855
0.199139
0.199948
0.200431
0.200681
0.200745
0.151585
0.151608
0.151867
0.152451
0.153455
0.155055
0.157488
0.161041
0.166003
0.172583
0.180329
0.18735
0.192513
0.196139
0.198594
0.200201
0.201213
0.201818
0.20213
0.20221
0.140604
0.140636
0.140981
0.141755
0.143083
0.145191
0.148378
0.152993
0.159386
0.167778
0.177562
0.186366
0.192816
0.197342
0.200407
0.202414
0.203679
0.204434
0.204823
0.204922
0.127362
0.127408
0.127874
0.128914
0.130702
0.13352
0.137739
0.143783
0.152051
0.162756
0.175077
0.186066
0.194091
0.19972
0.203539
0.206044
0.207623
0.208565
0.209048
0.209173
0.111044
0.11111
0.111751
0.113187
0.115658
0.119505
0.125171
0.133161
0.143896
0.157539
0.17298
0.186614
0.196542
0.20352
0.208272
0.211402
0.21338
0.214555
0.215155
0.21531
0.0904091
0.0905027
0.0914145
0.0934888
0.0970362
0.102424
0.110179
0.12086
0.134851
0.15219
0.171409
0.188183
0.200379
0.208993
0.214908
0.218841
0.221344
0.22283
0.223579
0.223772
0.063507
0.0636454
0.0650285
0.0682432
0.0735696
0.0813619
0.0922187
0.106663
0.12492
0.146827
0.170516
0.190933
0.205775
0.216354
0.223728
0.228724
0.231966
0.233921
0.234904
0.235148
0.0269882
0.0272312
0.0296597
0.0351968
0.0436772
0.0554166
0.070962
0.0906049
0.114305
0.141684
0.170488
0.19499
0.212829
0.225716
0.234911
0.241343
0.245691
0.248441
0.249869
0.250222
-0.0258052
-0.0250082
-0.0193361
-0.00851486
0.00597632
0.0243105
0.046735
0.0732259
0.103538
0.137166
0.171566
0.20045
0.221533
0.237012
0.248392
0.256717
0.262716
0.266846
0.26924
0.269901
-0.104136
-0.099879
-0.0841308
-0.0624665
-0.0380108
-0.010354
0.0207647
0.0553081
0.0930517
0.13353
0.173999
0.207703
0.232495
0.2511
0.265306
0.276322
0.284987
0.29174
0.296576
0.29894
-0.187347
-0.177479
-0.14885
-0.116512
-0.0820071
-0.0450151
-0.00528369
0.0372978
0.0826313
0.13042
0.177807
0.217381
0.246872
0.269502
0.287336
0.30177
0.313724
0.323685
0.333296
0.33743
-0.250873
-0.241158
-0.205684
-0.165298
-0.122451
-0.0772331
-0.0295983
0.0204681
0.0729395
0.127606
0.181409
0.226167
0.259462
0.284996
0.305067
0.321163
0.334286
0.345046
0.354022
0.357554
-0.300544
-0.290188
-0.251311
-0.205914
-0.157305
-0.105915
-0.0518892
0.00461511
0.0634328
0.124281
0.183766
0.232911
0.26916
0.296614
0.317845
0.334559
0.347952
0.358781
0.367602
0.371404
-0.339632
-0.329233
-0.288479
-0.239491
-0.186765
-0.130778
-0.0717852
-0.0100312
0.0542239
0.12062
0.185336
0.238455
0.277214
0.306184
0.328264
0.345385
0.35888
0.369604
0.378102
0.381959
-0.371723
-0.361331
-0.319631
-0.268166
-0.212307
-0.15273
-0.0897019
-0.0235181
0.0454808
0.116852
0.186366
0.243172
0.284265
0.314621
0.337452
0.354912
0.368493
0.379169
0.387457
0.391291
-0.399154
-0.388798
-0.346492
-0.293243
-0.235042
-0.172604
-0.106279
-0.0364097
0.0366965
0.112598
0.186735
0.247252
0.290746
0.322554
0.3462
0.364057
0.377776
0.388452
0.396564
0.40038
-0.423455
-0.413073
-0.370325
-0.31572
-0.255729
-0.191076
-0.122085
-0.0490818
0.0276623
0.107789
0.186509
0.250907
0.297019
0.330467
0.35506
0.373413
0.387338
0.398068
0.406061
0.409855
-0.445576
-0.435163
-0.392028
-0.336342
-0.274907
-0.208469
-0.137317
-0.0617145
0.0181976
0.102266
0.185611
0.254203
0.303289
0.338663
0.364412
0.3834
0.397624
0.408435
0.416346
0.420107
-0.466236
-0.455704
-0.412195
-0.355607
-0.293027
-0.225153
-0.152272
-0.0745347
0.00811441
0.0958631
0.183926
0.25713
0.309655
0.347339
0.374516
0.394317
0.408941
0.419883
0.427828
0.43154
-0.485649
-0.475023
-0.431119
-0.373782
-0.310293
-0.241303
-0.167074
-0.0876572
-0.0027216
0.0884142
0.181294
0.259601
0.31613
0.356609
0.38556
0.406395
0.421564
0.432744
0.440617
0.444338
-0.504034
-0.493263
-0.449014
-0.391061
-0.326822
-0.256997
-0.181788
-0.101139
-0.0143943
0.0797782
0.177535
0.261468
0.322658
0.366502
0.397655
0.419803
0.435677
0.447167
0.455086
0.458758
-0.521472
-0.510618
-0.465924
-0.407499
-0.342658
-0.272249
-0.196422
-0.114989
-0.0269463
0.069826
0.172452
0.262539
0.329107
0.376975
0.410831
0.434641
0.451434
0.463341
0.471365
0.474951
-0.538014
-0.526976
-0.481913
-0.423082
-0.357815
-0.287036
-0.210921
-0.129166
-0.0403799
0.0584777
0.165854
0.262595
0.33528
0.387901
0.425047
0.45092
0.468903
0.481406
0.489605
0.493045
-0.553636
-0.542444
-0.49703
-0.437798
-0.37225
-0.301308
-0.225208
-0.143586
-0.0546584
0.0456774
0.15757
0.261405
0.340947
0.399062
0.440142
0.468582
0.488084
0.501403
0.509893
0.513171
-0.568376
-0.557032
-0.511277
-0.451658
-0.385914
-0.314994
-0.239205
-0.158148
-0.0696958
0.031423
0.147468
0.25875
0.34584
0.41015
0.455866
0.487492
0.508887
0.523189
0.532009
0.535196
-0.582188
-0.570556
-0.524533
-0.464625
-0.398768
-0.32803
-0.252799
-0.172727
-0.0853632
0.0157342
0.13544
0.254454
0.349658
0.420801
0.47178
0.507276
0.531186
0.546717
0.555868
0.558784
-0.594952
-0.583273
-0.536824
-0.476677
-0.410779
-0.340346
-0.265901
-0.187186
-0.10154
-0.00129509
0.121407
0.248351
0.352177
0.430471
0.487234
0.527414
0.554702
0.571835
0.581067
0.583397
-0.606902
-0.595029
-0.548185
-0.487799
-0.421927
-0.35189
-0.278415
-0.201393
-0.118058
-0.0195633
0.105367
0.240314
0.353155
0.438682
0.501415
0.547068
0.579058
0.598923
0.607521
0.607998
-0.617921
-0.605817
-0.558616
-0.497995
-0.432192
-0.362638
-0.290263
-0.215225
-0.134744
-0.038923
0.0873131
0.230338
0.352584
0.445057
0.512966
0.5644
0.602899
0.628663
0.637857
0.632153
-0.628095
-0.615858
-0.568124
-0.50729
-0.441618
-0.372615
-0.301459
-0.228688
-0.151636
-0.0594964
0.0669395
0.218064
0.350363
0.449311
0.520759
0.577038
0.622998
0.659365
0.679224
0.666745
-0.637586
-0.625012
-0.576792
-0.515804
-0.450367
-0.382027
-0.312252
-0.242136
-0.169302
-0.082278
0.0427604
0.202415
0.346187
0.451594
0.523527
0.580363
0.630077
0.668234
0.690691
0.642239
-0.646841
-0.633097
-0.584531
-0.52354
-0.458412
-0.390838
-0.322494
-0.25528
-0.187382
-0.106886
0.0147362
0.183256
0.339981
0.452042
0.520631
0.567591
0.60927
0.635268
0.602982
0.528984
-0.65688
-0.640003
-0.59109
-0.530781
-0.465994
-0.399182
-0.332326
-0.26803
-0.205815
-0.133323
-0.0174807
0.160363
0.332137
0.451375
0.513349
0.532579
0.556501
0.541908
0.471484
0.38874
-0.666062
-0.661422
-0.595158
-0.535343
-0.471191
-0.405213
-0.341389
-0.280148
-0.224259
-0.161251
-0.0533709
0.133929
0.323149
0.451781
0.499121
0.452245
0.461228
0.397019
0.306761
0.213186
-0.621004
-0.624887
-0.573228
-0.511629
-0.446823
-0.381657
-0.320814
-0.266954
-0.219582
-0.15472
-0.0102573
0.207754
0.386688
0.470323
0.491298
0.362422
0.249357
0.160698
0.0632823
-0.14027
-0.657822
-0.630925
-0.576307
-0.515264
-0.450648
-0.38671
-0.328509
-0.280481
-0.244652
-0.19978
-0.0666319
0.178669
0.384616
0.441212
0.374014
0.186145
0.00631406
-0.116419
-0.232697
-0.459982
-0.67358
-0.640318
-0.584435
-0.522732
-0.458089
-0.394845
-0.338377
-0.29578
-0.272104
-0.24896
-0.134387
0.125656
0.360588
0.403553
0.256212
-0.0227749
-0.254603
-0.420513
-0.595519
-0.919984
-0.687328
-0.649812
-0.592408
-0.529541
-0.464623
-0.40184
-0.347287
-0.310096
-0.299409
-0.30356
-0.217375
0.0612122
0.328643
0.347459
0.0912151
-0.264114
-0.564148
-0.800545
-1.06296
-1.62929
-0.698431
-0.65874
-0.599829
-0.535684
-0.470299
-0.407852
-0.355225
-0.323658
-0.327516
-0.369657
-0.337776
-0.0504409
0.261846
0.224249
-0.114031
-0.526671
-0.912094
-1.26622
-1.65136
-2.92486
-0.707287
-0.666817
-0.606687
-0.541447
-0.475429
-0.413057
-0.362035
-0.335849
-0.355344
-0.444026
-0.504423
-0.234524
0.125057
0.0392605
-0.351624
-0.777495
-1.23161
-1.66067
-2.08716
-3.76642
-0.715022
-0.67394
-0.613031
-0.546815
-0.480003
-0.417349
-0.367425
-0.34599
-0.381511
-0.526968
-0.730531
-0.525795
-0.104048
-0.221766
-0.600865
-0.981057
-1.42232
-1.7893
-1.8947
-1.95146
-0.722103
-0.68054
-0.618902
-0.551706
-0.483912
-0.420623
-0.371174
-0.353786
-0.405625
-0.620614
-1.03492
-0.96846
-0.459711
-0.563406
-0.86263
-1.12899
-1.45404
-1.77949
-1.83819
-1.83622
-0.728972
-0.686749
-0.624275
-0.555988
-0.486957
-0.422564
-0.372743
-0.358013
-0.425009
-0.718352
-1.41888
-1.53804
-0.927188
-0.954018
-1.14742
-1.25502
-1.3823
-1.68777
-1.71613
-1.65737
-0.735973
-0.692746
-0.629191
-0.559582
-0.48899
-0.422865
-0.371595
-0.357221
-0.435875
-0.802292
-1.80899
-2.12537
-1.42273
-1.34979
-1.4635
-1.41483
-1.16436
-1.19472
-1.41027
-1.46875
-0.743225
-0.698708
-0.633762
-0.562546
-0.489965
-0.421403
-0.367265
-0.350189
-0.432332
-0.84728
-2.06773
-2.52747
-1.78275
-1.68248
-1.85948
-1.86845
-1.45786
-1.48392
-1.65249
-1.7494
-0.75079
-0.704785
-0.638137
-0.564991
-0.48995
-0.418198
-0.359583
-0.336096
-0.409368
-0.82132
-2.0795
-2.54159
-1.85136
-1.90774
-2.43786
-3.21512
-3.35473
-3.16265
-2.84628
-2.71549
-0.758955
-0.711155
-0.642552
-0.567123
-0.489186
-0.413428
-0.348836
-0.314778
-0.365271
-0.707602
-1.74889
-2.04298
-1.55369
-1.80841
-2.74439
-4.37438
-4.8581
-4.35746
-3.74437
-3.51043
-0.767865
-0.718204
-0.647304
-0.569262
-0.487995
-0.407582
-0.33556
-0.28778
-0.303978
-0.522435
-1.15196
-1.21398
-0.869432
-1.11407
-1.91896
-3.0531
-3.42614
-3.01355
-2.57489
-2.38765
-0.778115
-0.726231
-0.65276
-0.571787
-0.486836
-0.401288
-0.321031
-0.257134
-0.233566
-0.312827
-0.526654
-0.36124
-0.0956501
-0.108856
-0.317272
-0.587908
-0.727711
-0.614503
-0.526086
-0.496345
-0.789675
-0.735601
-0.659226
-0.575083
-0.486216
-0.395201
-0.306225
-0.225893
-0.163917
-0.128762
-0.0553674
0.189696
0.400402
0.512145
0.54367
0.580928
0.637455
0.681375
0.693077
0.690035
-0.802713
-0.746305
-0.666858
-0.579296
-0.48632
-0.389875
-0.292507
-0.196715
-0.102612
0.00659759
0.192023
0.457344
0.658042
0.81859
0.929634
1.01877
1.09204
1.13643
1.15229
1.15207
-0.816496
-0.757655
-0.675317
-0.584223
-0.487249
-0.385576
-0.280403
-0.171512
-0.0537656
0.0966778
0.314355
0.561299
0.756337
0.912784
1.03172
1.12289
1.19166
1.23688
1.2594
1.2634
-0.829352
-0.769497
-0.683669
-0.589078
-0.488281
-0.381939
-0.270172
-0.151232
-0.0177398
0.152507
0.371495
0.593225
0.772977
0.913829
1.02134
1.10289
1.16425
1.20804
1.23345
1.23916
-0.83856
-0.778176
-0.689853
-0.592305
-0.48825
-0.378059
-0.26128
-0.135427
0.0070887
0.184438
0.393381
0.590813
0.751344
0.876307
0.971798
1.04459
1.10027
1.14188
1.16732
1.17316
-0.841664
-0.781863
-0.69136
-0.591425
-0.485112
-0.372387
-0.252602
-0.122983
0.0233006
0.199761
0.395071
0.571043
0.713403
0.824667
0.910578
0.976963
1.02859
1.06805
1.09452
1.10042
-0.833239
-0.776305
-0.684196
-0.58332
-0.476232
-0.362901
-0.242474
-0.112363
0.0331447
0.203688
0.383837
0.541116
0.667541
0.767135
0.845134
0.906438
0.954757
0.992495
1.01851
1.02436
-0.80726
-0.755254
-0.663267
-0.564096
-0.458746
-0.347363
-0.229053
-0.102028
0.0386339
0.199526
0.363475
0.503361
0.61539
0.704427
0.775198
0.831845
0.877404
0.914035
0.939479
0.94524
-0.755813
-0.710483
-0.623175
-0.529016
-0.428978
-0.323235
-0.211048
-0.0906157
0.041272
0.18898
0.335518
0.45829
0.556143
0.634498
0.697555
0.749004
0.791676
0.827658
0.852876
0.858935
-0.670962
-0.630771
-0.557789
-0.473745
-0.383591
-0.288003
-0.186168
-0.076752
0.0423625
0.173854
0.301418
0.406225
0.488798
0.554677
0.607847
0.651375
0.6885
0.721194
0.746052
0.754138
-0.53964
-0.517986
-0.463144
-0.394763
-0.32079
-0.240699
-0.153775
-0.0592702
0.0440629
0.157505
0.266124
0.353675
0.42115
0.473504
0.514491
0.546783
0.571918
0.59172
0.607174
0.613444
-0.376537
-0.367074
-0.335994
-0.292892
-0.241944
-0.182705
-0.11513
-0.0383803
0.0480917
0.144675
0.237476
0.311733
0.368148
0.410929
0.443034
0.466724
0.484359
0.497422
0.505301
0.507111
-0.229427
-0.225663
-0.211953
-0.189468
-0.159424
-0.120819
-0.0725807
-0.0140956
0.055019
0.134564
0.211974
0.273678
0.319717
0.353343
0.377517
0.39466
0.406145
0.413072
0.416686
0.417443
-0.118533
-0.117947
-0.113178
-0.103254
-0.0872025
-0.0638757
-0.031512
0.0110717
0.0644323
0.128193
0.191309
0.241514
0.278433
0.304908
0.323192
0.335042
0.342332
0.346598
0.348486
0.348644
-0.0449578
-0.0457888
-0.0458609
-0.0426192
-0.0343114
-0.0198552
0.00201698
0.0327029
0.0731619
0.123331
0.173991
0.214357
0.243626
0.263917
0.277408
0.28609
0.291264
0.293841
0.29472
0.294705
-0.000908687
-0.00164604
-0.00261738
-0.00178407
0.00232027
0.0112404
0.0263423
0.0487999
0.0795042
0.118592
0.158615
0.190523
0.213521
0.229448
0.239976
0.246426
0.249987
0.251663
0.252189
0.252177
0.0252484
0.0248628
0.0243597
0.0250187
0.0278119
0.0338105
0.0442755
0.0605879
0.0837797
0.1141
0.145618
0.170842
0.188928
0.201214
0.209108
0.213901
0.216574
0.217818
0.218216
0.218213
0.0422217
0.0420404
0.0418134
0.0423662
0.0444246
0.0488491
0.0565959
0.0687421
0.0862805
0.109642
0.134211
0.153905
0.167956
0.177476
0.183609
0.187311
0.189336
0.190263
0.190562
0.19056
0.0531754
0.0530985
0.0530465
0.0535662
0.055159
0.058448
0.0642205
0.0733869
0.086773
0.104792
0.123903
0.139277
0.150248
0.157653
0.162382
0.165218
0.166771
0.167485
0.167719
0.167717
0.0599282
0.0599049
0.059953
0.0604407
0.0617317
0.0642861
0.0686911
0.0756599
0.0858945
0.0997897
0.114618
0.126567
0.135081
0.140813
0.14447
0.146662
0.147857
0.148404
0.148581
0.148577
0.0636484
0.0636468
0.0637331
0.064162
0.0651984
0.0671863
0.0705793
0.0759306
0.0837962
0.0945152
0.106001
0.115276
0.121885
0.12633
0.129161
0.130853
0.131774
0.132192
0.132326
0.132321
0.0651129
0.0651197
0.0652135
0.0655772
0.0664081
0.067964
0.0705896
0.0747126
0.080772
0.0890495
0.0979431
0.105132
0.110254
0.113695
0.115883
0.117187
0.117893
0.118212
0.118311
0.118305
0.0648583
0.0648671
0.0649523
0.0652496
0.0659084
0.0671241
0.0691608
0.0723465
0.077024
0.0834188
0.0902992
0.0958656
0.0998302
0.102491
0.104181
0.105186
0.105729
0.10597
0.106043
0.106037
0.0632743
0.0632825
0.0633537
0.0635914
0.0641088
0.0650561
0.0666356
0.0690997
0.0727133
0.0776552
0.0829772
0.0872835
0.0903495
0.0924058
0.0937091
0.0944818
0.0948965
0.0950788
0.0951328
0.0951273
0.0606574
0.0606645
0.0607221
0.0609093
0.0613133
0.0620496
0.0632738
0.0651796
0.0679718
0.0717901
0.0759028
0.0792311
0.0816004
0.0831877
0.0841919
0.0847858
0.085103
0.0852401
0.0852793
0.0852742
0.0572398
0.0572453
0.0572903
0.0574361
0.05775
0.058321
0.0592682
0.0607411
0.0628977
0.0658466
0.0690234
0.0715936
0.0734216
0.0746447
0.0754172
0.0758726
0.0761141
0.076218
0.076247
0.0762425
0.0531999
0.053204
0.0532389
0.0533517
0.0535943
0.0540354
0.0547667
0.0559035
0.0575676
0.0598424
0.0622922
0.0642734
0.0656814
0.0666223
0.0672158
0.0675651
0.0677492
0.0678269
0.0678477
0.0678439
0.0486787
0.0486816
0.0487081
0.0487948
0.0489813
0.049321
0.0498843
0.0507596
0.0520404
0.0537909
0.0556764
0.0572003
0.0582824
0.0590054
0.0594605
0.0597272
0.0598666
0.0599249
0.05994
0.0599366
0.0437859
0.0437878
0.0438078
0.043874
0.0440167
0.044277
0.0447084
0.0453793
0.0463618
0.047705
0.0491512
0.0503201
0.0511499
0.0517028
0.0520492
0.0522516
0.0523567
0.0523997
0.0524103
0.0524075
0.0386078
0.0386091
0.0386238
0.0386732
0.0387807
0.0389777
0.0393061
0.0398175
0.0405665
0.041591
0.0426935
0.0435838
0.0442152
0.0446351
0.0448983
0.0450531
0.0451316
0.045163
0.0451702
0.0451679
0.0332111
0.0332117
0.0332216
0.0332576
0.0333378
0.0334858
0.0337334
0.0341197
0.0346856
0.0354596
0.0362927
0.0369643
0.0374391
0.0377547
0.037952
0.038067
0.0381255
0.0381487
0.0381537
0.0381517
0.0276473
0.0276474
0.0276539
0.0276797
0.0277384
0.0278474
0.0280305
0.0283165
0.0287363
0.0293113
0.02993
0.0304291
0.0307821
0.0310161
0.0311616
0.0312448
0.0312862
0.0313015
0.0313041
0.0313025
0.0219588
0.0219583
0.0219616
0.0219788
0.0220197
0.0220975
0.022229
0.0224348
0.0227377
0.0231532
0.0236013
0.0239615
0.0242153
0.0243815
0.0244836
0.0245419
0.0245704
0.0245802
0.0245812
0.0245799
0.0161772
0.0161762
0.0161773
0.0161876
0.0162146
0.0162665
0.016355
0.0164951
0.0167021
0.016986
0.0172907
0.0175348
0.0177063
0.0178198
0.0178895
0.0179282
0.0179464
0.0179518
0.0179517
0.0179505
0.010332
0.0103312
0.0103307
0.0103353
0.0103499
0.01038
0.0104329
0.0105172
0.0106416
0.0108119
0.0109971
0.0111457
0.0112502
0.0113184
0.0113587
0.0113797
0.011388
0.0113884
0.0113868
0.011386
0.00444072
0.00443968
0.0044376
0.00443543
0.00443776
0.00444618
0.00446306
0.00449127
0.00453473
0.00459687
0.00467346
0.00474651
0.00479913
0.00483358
0.00485488
0.00486696
0.00487186
0.00487156
0.00486884
0.00486774
-1.71001
-0.965013
-0.507194
-0.189033
0.0557874
0.246944
0.407145
0.550005
0.702752
0.691405
-0.653521
-0.403492
-0.156704
0.0469545
0.214413
0.353379
0.471243
0.563821
0.606308
0.604001
-0.22139
-0.0707556
0.0842395
0.218419
0.333601
0.431162
0.509876
0.565039
0.596682
0.607916
0.0531485
0.149522
0.252138
0.344469
0.424962
0.492472
0.545536
0.584374
0.611291
0.625662
0.239672
0.30508
0.37746
0.443328
0.500637
0.548785
0.587957
0.61863
0.64156
0.656992
0.377464
0.427328
0.478629
0.527718
0.571184
0.608937
0.640521
0.665645
0.685415
0.701343
0.489912
0.526792
0.569113
0.608637
0.644724
0.676488
0.703522
0.72574
0.742911
0.759231
0.587749
0.62024
0.658116
0.693668
0.726494
0.755679
0.780694
0.800768
0.815327
0.831911
0.683266
0.717042
0.755029
0.789879
0.821679
0.849693
0.873084
0.891634
0.904428
0.921394
0.790198
0.827564
0.867419
0.903091
0.934078
0.960615
0.982515
0.999451
1.01114
1.02889
0.921688
0.96165
1.0007
1.03471
1.06339
1.08744
1.10743
1.12315
1.13509
1.15335
1.08423
1.12085
1.15331
1.18056
1.20377
1.22458
1.24346
1.25974
1.27354
1.29142
1.26975
1.29512
1.31521
1.33382
1.35167
1.36863
1.3847
1.40088
1.4182
1.43733
1.457
1.46794
1.48078
1.49541
1.5091
1.52131
1.53235
1.54379
1.55928
1.57873
1.63882
1.65235
1.65751
1.65878
1.66106
1.66847
1.68215
1.69977
1.71344
1.72479
1.90785
1.85725
1.80989
1.77847
1.76539
1.77004
1.79352
1.83857
1.9051
1.9992
0.305214
0.302383
0.296565
0.286071
0.274086
0.263347
0.254835
0.248549
0.2444
0.242538
0.24343
0.246817
0.252266
0.259812
0.269586
0.281245
0.293061
0.30134
0.305697
0.307694
0.232857
0.239863
0.245759
0.250052
0.251824
0.250885
0.248024
0.244644
0.241834
0.240404
0.241216
0.243786
0.24725
0.250725
0.252922
0.252643
0.249574
0.244441
0.237598
0.231623
0.221848
0.225298
0.229703
0.233091
0.2354
0.236895
0.237538
0.237304
0.23666
0.236346
0.236748
0.237712
0.23855
0.238599
0.237659
0.235858
0.233123
0.229124
0.224865
0.222609
0.218185
0.219851
0.223313
0.226716
0.229361
0.231187
0.232302
0.232827
0.232951
0.23301
0.233391
0.233819
0.233841
0.233261
0.231968
0.229882
0.226913
0.223342
0.220627
0.219933
0.218514
0.219035
0.220338
0.221829
0.223393
0.224991
0.22637
0.22739
0.228075
0.228545
0.228829
0.22882
0.228398
0.227494
0.22616
0.224715
0.223295
0.221864
0.220951
0.220737
0.217134
0.217372
0.218089
0.219004
0.219991
0.221011
0.221906
0.222748
0.22346
0.224024
0.224382
0.224426
0.224143
0.223603
0.222996
0.222065
0.221243
0.220434
0.219971
0.219886
0.214769
0.214869
0.215208
0.215744
0.216384
0.217141
0.217965
0.218795
0.219578
0.220268
0.220715
0.220822
0.22064
0.220251
0.219746
0.219237
0.218781
0.218396
0.218208
0.218171
0.211582
0.21164
0.211838
0.212162
0.212577
0.21309
0.213704
0.214412
0.215179
0.215949
0.216539
0.216829
0.216874
0.216766
0.216577
0.216357
0.21614
0.215959
0.215872
0.215851
0.208004
0.208044
0.208176
0.208403
0.208726
0.209162
0.209725
0.210419
0.211234
0.212128
0.212899
0.213381
0.213614
0.21368
0.213652
0.213581
0.213497
0.213424
0.213389
0.213375
0.204077
0.204106
0.204205
0.204382
0.204652
0.205042
0.205582
0.206298
0.207198
0.208261
0.209261
0.20997
0.21041
0.210661
0.21079
0.210846
0.210861
0.210858
0.210854
0.210846
0.199835
0.199864
0.199952
0.200118
0.200381
0.200779
0.201354
0.202148
0.203194
0.204492
0.205777
0.206751
0.207403
0.207828
0.20809
0.208244
0.208329
0.208371
0.208388
0.208382
0.195261
0.195287
0.195384
0.195563
0.195852
0.196297
0.196955
0.197887
0.199148
0.200755
0.202392
0.20367
0.20458
0.205185
0.205578
0.205823
0.205969
0.20605
0.206083
0.206078
0.190329
0.19036
0.19047
0.190676
0.191016
0.191545
0.192335
0.19347
0.195027
0.197039
0.199125
0.20079
0.201973
0.202784
0.203318
0.203657
0.203864
0.20398
0.204029
0.204024
0.184961
0.184998
0.185131
0.185383
0.1858
0.186451
0.18743
0.188843
0.190792
0.193328
0.195976
0.198101
0.199628
0.200679
0.201376
0.201823
0.202096
0.202252
0.202317
0.202313
0.179054
0.1791
0.179268
0.179584
0.180107
0.180926
0.182158
0.18394
0.186401
0.189611
0.192967
0.195666
0.19761
0.198952
0.199844
0.200417
0.200769
0.200969
0.201054
0.201049
0.172466
0.172525
0.172739
0.173143
0.173809
0.174852
0.176421
0.178685
0.18181
0.185878
0.190127
0.193541
0.196
0.197698
0.198828
0.199555
0.200002
0.200256
0.200364
0.200357
0.165005
0.165082
0.165359
0.16588
0.166738
0.168079
0.170089
0.172983
0.176964
0.182127
0.187499
0.191804
0.194901
0.197038
0.198461
0.199375
0.199938
0.200258
0.200394
0.200385
0.156415
0.156516
0.156879
0.157559
0.158673
0.160409
0.163003
0.16672
0.171805
0.17836
0.185141
0.190554
0.19444
0.197119
0.198903
0.200049
0.200754
0.201156
0.201326
0.201314
0.146343
0.14648
0.146962
0.14786
0.149323
0.151589
0.154958
0.159756
0.166268
0.174589
0.183129
0.189914
0.194774
0.198122
0.20035
0.201783
0.202666
0.203169
0.20338
0.203365
0.134301
0.134489
0.135144
0.136349
0.138292
0.141284
0.145697
0.151925
0.160282
0.170836
0.18156
0.190029
0.196085
0.200257
0.203036
0.204826
0.205932
0.206564
0.206829
0.206807
0.119597
0.119867
0.120782
0.12243
0.125051
0.129053
0.134899
0.143038
0.153787
0.167146
0.180549
0.191069
0.198584
0.20377
0.207234
0.209474
0.210866
0.211667
0.212003
0.211974
0.101237
0.10165
0.102972
0.105275
0.108884
0.114346
0.122202
0.132914
0.146754
0.163597
0.180239
0.193218
0.202499
0.208933
0.213257
0.216072
0.21784
0.218875
0.219311
0.219273
0.0776962
0.0783798
0.0803767
0.0837104
0.0888664
0.0965388
0.107272
0.12146
0.139248
0.160336
0.180804
0.196669
0.208053
0.216021
0.22144
0.225012
0.227286
0.228646
0.229234
0.229192
0.0463965
0.0476335
0.0508724
0.0560442
0.0638551
0.075016
0.0899022
0.108738
0.131465
0.157586
0.182438
0.20159
0.215424
0.225257
0.232091
0.236701
0.239702
0.241535
0.242349
0.242315
0.00263074
0.00518438
0.0111984
0.0200938
0.0326848
0.0493343
0.0701099
0.0949984
0.123707
0.155587
0.185283
0.208048
0.224638
0.236686
0.24534
0.251436
0.255601
0.258299
0.259497
0.259442
-0.0619005
-0.0548647
-0.0422988
-0.0257381
-0.00491743
0.0198677
0.0485103
0.0808148
0.116383
0.154549
0.18936
0.215913
0.235457
0.24999
0.260853
0.268968
0.274981
0.279295
0.281218
0.280927
-0.138968
-0.127104
-0.103239
-0.0753907
-0.0445711
-0.0106927
0.0263166
0.0664119
0.10934
0.154593
0.195585
0.227078
0.250755
0.268961
0.283227
0.294578
0.303809
0.310526
0.31319
0.314212
-0.216169
-0.19417
-0.160404
-0.122802
-0.082639
-0.0400449
0.00509077
0.0528094
0.102982
0.155268
0.202454
0.238807
0.266351
0.287822
0.304953
0.318828
0.330165
0.339031
0.344106
0.345455
-0.272883
-0.247912
-0.208485
-0.164107
-0.116841
-0.0670433
-0.0147927
0.0398361
0.0966897
0.155434
0.208071
0.248377
0.27871
0.302107
0.320477
0.335065
0.346722
0.355713
0.360828
0.362236
-0.317958
-0.290909
-0.247571
-0.198576
-0.146214
-0.0909292
-0.0329581
0.0275013
0.0902015
0.154721
0.212229
0.255907
0.288377
0.313062
0.332163
0.347116
0.358889
0.367943
0.37308
0.374433
-0.353636
-0.32605
-0.280099
-0.227749
-0.171599
-0.112073
-0.0494483
0.0159834
0.0838804
0.153687
0.215677
0.262374
0.296699
0.322452
0.342096
0.357275
0.369082
0.378093
0.383274
0.3846
-0.383681
-0.355714
-0.308018
-0.253187
-0.194054
-0.131088
-0.0646211
0.00503187
0.0774933
0.152138
0.218398
0.268051
0.304208
0.331012
0.351208
0.366633
0.378515
0.387532
0.392776
0.394073
-0.40975
-0.381541
-0.332544
-0.275896
-0.214492
-0.148788
-0.0791421
-0.0058663
0.0707137
0.149983
0.220543
0.273294
0.311423
0.339394
0.360227
0.375957
0.387954
0.397006
0.402295
0.403554
-0.433061
-0.404692
-0.354693
-0.296615
-0.23341
-0.165518
-0.0932517
-0.0168641
0.0634377
0.147166
0.222171
0.278306
0.318672
0.348017
0.369628
0.385759
0.397927
0.40704
0.412398
0.41361
-0.454676
-0.42597
-0.375133
-0.315908
-0.251262
-0.181596
-0.107191
-0.0281808
0.0554593
0.143533
0.22324
0.283171
0.326158
0.357167
0.37975
0.396403
0.408812
0.417982
0.423402
0.424492
-0.474899
-0.445829
-0.394269
-0.334117
-0.26833
-0.197277
-0.121165
-0.0399777
0.0466268
0.138929
0.223651
0.287897
0.333993
0.367031
0.390838
0.408167
0.42091
0.430197
0.435689
0.436633
-0.49391
-0.464541
-0.412329
-0.351439
-0.284741
-0.21264
-0.135244
-0.0523481
0.0368053
0.133189
0.223242
0.292408
0.342198
0.377725
0.403067
0.421264
0.43445
0.4439
0.449442
0.450266
-0.51197
-0.482221
-0.429459
-0.367969
-0.300578
-0.227721
-0.149459
-0.0653443
0.0258967
0.126138
0.221837
0.29656
0.350717
0.389278
0.416538
0.435843
0.449612
0.459316
0.464889
0.465649
-0.529127
-0.498992
-0.44574
-0.383697
-0.315842
-0.242523
-0.16378
-0.0789499
0.0138419
0.117628
0.219213
0.300166
0.359423
0.401649
0.431291
0.452009
0.466528
0.476565
0.482204
0.482915
-0.545346
-0.51481
-0.461125
-0.398656
-0.330488
-0.256981
-0.178142
-0.0931176
0.000612242
0.107517
0.215171
0.302999
0.368119
0.414711
0.447293
0.469806
0.485279
0.495745
0.501456
0.502155
-0.560596
-0.529655
-0.4756
-0.412824
-0.34448
-0.27102
-0.192463
-0.107766
-0.0137494
0.0957008
0.209499
0.304817
0.37655
0.428243
0.464344
0.489107
0.505854
0.516913
0.522704
0.523298
-0.574979
-0.543645
-0.489147
-0.426139
-0.357759
-0.284565
-0.206625
-0.12279
-0.0291731
0.0821358
0.202018
0.305378
0.384415
0.441821
0.482163
0.509702
0.528115
0.539967
0.545891
0.546171
-0.588264
-0.556706
-0.501771
-0.438583
-0.370276
-0.297523
-0.220515
-0.138037
-0.0455747
0.0668042
0.19257
0.304492
0.391316
0.454918
0.500191
0.531311
0.551827
0.564461
0.570309
0.570262
-0.600716
-0.568719
-0.513464
-0.450127
-0.381981
-0.309825
-0.234012
-0.153365
-0.0628154
0.0497309
0.181094
0.302004
0.396993
0.466864
0.51759
0.553542
0.577187
0.590633
0.595571
0.594863
-0.612163
-0.57981
-0.524216
-0.460767
-0.392851
-0.32141
-0.24702
-0.168636
-0.0807281
0.0309767
0.167506
0.29779
0.400997
0.477057
0.533508
0.575182
0.603954
0.619377
0.621534
0.618706
-0.622833
-0.590004
-0.534027
-0.470499
-0.402866
-0.33222
-0.259423
-0.183675
-0.0991336
0.0106542
0.1518
0.291864
0.403301
0.484901
0.546081
0.593821
0.630582
0.653278
0.653202
0.630523
-0.632655
-0.599318
-0.543002
-0.479468
-0.41222
-0.342481
-0.271523
-0.198925
-0.118741
-0.012362
0.132789
0.283601
0.404044
0.489861
0.553111
0.605374
0.650802
0.685064
0.684973
0.699151
-0.641952
-0.607717
-0.551117
-0.487689
-0.420887
-0.352133
-0.283253
-0.214277
-0.139499
-0.0383574
0.109883
0.272361
0.40307
0.491128
0.550467
0.601359
0.641208
0.670914
0.621931
0.583467
-0.651423
-0.615149
-0.55815
-0.494871
-0.428564
-0.360891
-0.294429
-0.229503
-0.161164
-0.0674086
0.0826032
0.25854
0.400776
0.490525
0.536072
0.572966
0.597138
0.575229
0.501116
0.447723
-0.661765
-0.620898
-0.564036
-0.500679
-0.435133
-0.368737
-0.304745
-0.244415
-0.183532
-0.0999195
0.050136
0.242302
0.398388
0.488931
0.521994
0.519911
0.501184
0.436562
0.346001
0.28995
-0.344919
-0.285544
-0.233431
-0.176194
-0.0733259
0.118463
0.319985
0.0994186
-0.656844
-0.636076
-0.603147
-0.544869
-0.482029
-0.416885
-0.353989
-0.298036
-0.252194
-0.208274
-0.12117
0.0671166
0.297638
0.437652
0.454073
0.390767
0.199662
0.0708906
-0.0253232
-0.665834
-0.65053
-0.608835
-0.550109
-0.486926
-0.422289
-0.361115
-0.308808
-0.270776
-0.241485
-0.172304
0.0220805
0.272315
0.418555
0.385154
0.213098
-0.0250718
-0.196321
-0.33251
-0.678931
-0.663989
-0.617345
-0.557654
-0.493702
-0.429193
-0.369039
-0.320054
-0.290629
-0.281359
-0.244532
-0.0519999
0.244039
0.396335
0.297606
0.0163725
-0.280763
-0.505294
-0.70194
-0.691033
-0.675223
-0.625935
-0.56466
-0.499933
-0.435394
-0.376271
-0.330644
-0.31012
-0.322886
-0.325582
-0.15323
0.185543
0.344813
0.17458
-0.204812
-0.573784
-0.884371
-1.18116
-0.700618
-0.684847
-0.633864
-0.571118
-0.505524
-0.440768
-0.382529
-0.340194
-0.329166
-0.367668
-0.429683
-0.307218
0.0748564
0.229439
-0.0192997
-0.443707
-0.872562
-1.28643
-1.66869
-0.708509
-0.693074
-0.641039
-0.577185
-0.510689
-0.445465
-0.387701
-0.348137
-0.346335
-0.413105
-0.559218
-0.53861
-0.117583
0.0362514
-0.271395
-0.674658
-1.11337
-1.58615
-1.89403
-2.0415
-0.715767
-0.700501
-0.647621
-0.582822
-0.515367
-0.449429
-0.391676
-0.354297
-0.361276
-0.459819
-0.726405
-0.885266
-0.422809
-0.26599
-0.566911
-0.889976
-1.24694
-1.64495
-1.84917
-1.91036
-0.722549
-0.707335
-0.653724
-0.587956
-0.519407
-0.452452
-0.394165
-0.358062
-0.372711
-0.505383
-0.927339
-1.37076
-0.879504
-0.665415
-0.894063
-1.10336
-1.28733
-1.61342
-1.82412
-1.78049
-0.729297
-0.713884
-0.659396
-0.592516
-0.52267
-0.454279
-0.394753
-0.358541
-0.378515
-0.544796
-1.13313
-1.96057
-1.44819
-1.11059
-1.23981
-1.32983
-1.29808
-1.36942
-1.52792
-1.53772
-0.736134
-0.7204
-0.664773
-0.596546
-0.525091
-0.454776
-0.393076
-0.354985
-0.376094
-0.564017
-1.29496
-2.45117
-1.93976
-1.5257
-1.57921
-1.66218
-1.33892
-1.04631
-1.29635
-1.50855
-0.74327
-0.72704
-0.669997
-0.600159
-0.526721
-0.453921
-0.389003
-0.346781
-0.363355
-0.556385
-1.36406
-2.64789
-2.16016
-1.78712
-1.93563
-2.35138
-2.40083
-2.28679
-2.17958
-2.14117
-0.750636
-0.733953
-0.675274
-0.603517
-0.527727
-0.451834
-0.382623
-0.333828
-0.338933
-0.508505
-1.2623
-2.41001
-1.97176
-1.76076
-2.19143
-3.30545
-4.26669
-4.18942
-3.71049
-3.33141
-0.758715
-0.741435
-0.680844
-0.606896
-0.528361
-0.448833
-0.374293
-0.316603
-0.303642
-0.422033
-0.982332
-1.74369
-1.3795
-1.31448
-1.96908
-3.24698
-4.56867
-4.38784
-3.68231
-3.24118
-0.767766
-0.749826
-0.68709
-0.610629
-0.529016
-0.445354
-0.364721
-0.296455
-0.260571
-0.311047
-0.603497
-0.894375
-0.585183
-0.478653
-0.788627
-1.38668
-1.92326
-1.89362
-1.61637
-1.45052
-0.778012
-0.759391
-0.694338
-0.615077
-0.530094
-0.442028
-0.354796
-0.274869
-0.214337
-0.196026
-0.248291
-0.192346
0.0827865
0.248091
0.225085
0.148764
0.100285
0.154182
0.193657
0.211382
-0.789536
-0.770557
-0.702825
-0.62054
-0.531957
-0.439244
-0.345256
-0.253886
-0.169918
-0.0949215
-0.00100061
0.216476
0.461205
0.637297
0.744154
0.822643
0.897174
0.954577
0.981576
0.986375
-0.802207
-0.782725
-0.712419
-0.626938
-0.534617
-0.437362
-0.336875
-0.234842
-0.130962
-0.0163752
0.146667
0.395465
0.628917
0.807054
0.945768
1.05085
1.13377
1.1915
1.22313
1.23301
-0.815395
-0.794966
-0.722563
-0.633738
-0.537782
-0.436122
-0.329716
-0.218623
-0.0997138
0.0396455
0.229969
0.469747
0.683215
0.850455
0.981243
1.08037
1.15567
1.20984
1.24423
1.25801
-0.825817
-0.804975
-0.731752
-0.639668
-0.540314
-0.434785
-0.323438
-0.205323
-0.0762165
0.0768969
0.273688
0.494593
0.685356
0.835984
0.951995
1.03997
1.10663
1.15637
1.19033
1.2054
-0.831805
-0.810991
-0.73698
-0.642538
-0.54046
-0.431935
-0.316988
-0.194219
-0.0590231
0.0995799
0.292886
0.49367
0.662729
0.796561
0.899789
0.978714
1.03911
1.08516
1.11728
1.13179
-0.829217
-0.809619
-0.735392
-0.639299
-0.535527
-0.425509
-0.30883
-0.183955
-0.0465717
0.111949
0.295728
0.478149
0.628283
0.747315
0.840062
0.911975
0.967847
1.01145
1.04145
1.05609
-0.812019
-0.792553
-0.722183
-0.626063
-0.522678
-0.412938
-0.296839
-0.172955
-0.0373754
0.115962
0.289249
0.452969
0.586213
0.692295
0.776
0.841878
0.893783
0.934781
0.962893
0.978194
-0.772939
-0.754988
-0.690368
-0.598185
-0.497611
-0.391625
-0.279355
-0.159772
-0.0296996
0.115192
0.273447
0.419904
0.53733
0.631104
0.706049
0.766058
0.813993
0.852315
0.879003
0.894794
-0.708179
-0.69472
-0.634804
-0.549586
-0.45663
-0.358159
-0.253851
-0.142612
-0.0223169
0.110129
0.251488
0.379577
0.480997
0.561807
0.626812
0.679654
0.722546
0.756555
0.782845
0.797485
-0.607806
-0.599773
-0.550111
-0.476959
-0.396457
-0.310643
-0.218913
-0.120318
-0.0136023
0.103001
0.22519
0.333439
0.417521
0.483434
0.535623
0.577597
0.611967
0.639531
0.65956
0.669976
-0.458487
-0.454441
-0.425039
-0.374145
-0.314596
-0.248446
-0.1748
-0.093291
-0.00295278
0.0971029
0.202358
0.294932
0.365697
0.419928
0.461642
0.493652
0.517898
0.536619
0.551561
0.559244
-0.298276
-0.29752
-0.284307
-0.257046
-0.221214
-0.177007
-0.124002
-0.0614285
0.0111323
0.0940002
0.182461
0.260336
0.319326
0.363544
0.39617
0.419815
0.436904
0.448836
0.456128
0.459135
-0.168571
-0.168819
-0.163825
-0.151845
-0.133142
-0.107281
-0.0725308
-0.0277061
0.0278533
0.0942213
0.166873
0.231124
0.279176
0.314286
0.339459
0.357054
0.368541
0.375507
0.379491
0.380824
-0.0769775
-0.0777264
-0.0773128
-0.0736029
-0.0649114
-0.0500997
-0.0279099
0.00321864
0.0444681
0.0961681
0.154446
0.206533
0.245286
0.273149
0.292313
0.304827
0.312706
0.317381
0.319607
0.3202
-0.0196874
-0.0202516
-0.0214129
-0.0213377
-0.0179222
-0.00950034
0.00516801
0.0272695
0.0579443
0.0978455
0.14394
0.185433
0.216071
0.237683
0.252371
0.261971
0.267755
0.270778
0.272
0.27225
0.0138285
0.0134926
0.0126638
0.0124566
0.0142863
0.0193114
0.028941
0.0446121
0.0674689
0.0981233
0.134263
0.167082
0.191327
0.20839
0.219796
0.226944
0.231105
0.233277
0.23415
0.234337
0.034707
0.0345216
0.0341322
0.0341489
0.0355504
0.0392134
0.0461265
0.0574648
0.0744487
0.0978782
0.126048
0.151825
0.170799
0.183977
0.192676
0.198135
0.201317
0.202948
0.20359
0.203735
0.0483781
0.0482776
0.0480914
0.0482058
0.0492806
0.0519656
0.0570794
0.0655756
0.0784219
0.0963487
0.118171
0.13827
0.153077
0.163366
0.170151
0.174369
0.176798
0.178037
0.178528
0.178642
0.0570277
0.0569709
0.0569158
0.0571199
0.0580349
0.0601251
0.0639898
0.0703894
0.0801493
0.0939136
0.110822
0.126473
0.138006
0.145991
0.151227
0.154473
0.156344
0.157297
0.157674
0.157763
0.0621399
0.0621044
0.0621089
0.0623353
0.0630998
0.0647475
0.0677334
0.0726364
0.0801049
0.0906828
0.103756
0.115901
0.124855
0.131051
0.135111
0.137624
0.139066
0.139799
0.140086
0.140151
0.064645
0.0646208
0.0646502
0.0648674
0.0654986
0.0667993
0.0691135
0.0728886
0.078633
0.0867842
0.0968942
0.106312
0.113258
0.11806
0.121202
0.123143
0.124255
0.124816
0.125033
0.125081
0.0651895
0.0651723
0.0652072
0.0653968
0.0659076
0.0669336
0.0687349
0.0716535
0.0760837
0.0823729
0.0901897
0.0974834
0.102864
0.106583
0.109012
0.11051
0.111366
0.111794
0.111958
0.111992
0.0642242
0.0642115
0.0642438
0.0644007
0.0648075
0.065612
0.0670128
0.0692721
0.0726944
0.0775523
0.0835961
0.0892407
0.0934049
0.0962804
0.098157
0.0993116
0.0999688
0.100295
0.100418
0.100443
0.0620885
0.0620789
0.0621062
0.0622321
0.0625522
0.0631794
0.0642673
0.066017
0.0686629
0.0724159
0.0770874
0.0814524
0.0846718
0.0868938
0.0883426
0.0892321
0.089737
0.0899852
0.0900762
0.0900934
0.0590433
0.0590359
0.0590579
0.059157
0.059407
0.0598953
0.0607388
0.0620923
0.0641365
0.0670356
0.0706446
0.0740176
0.0765053
0.0782204
0.079336
0.0800193
0.0804054
0.0805944
0.0806624
0.0806749
0.055293
0.0552872
0.0553043
0.0553815
0.0555753
0.0559529
0.0566051
0.0576511
0.0592301
0.0614682
0.064254
0.066857
0.0687749
0.0700966
0.070956
0.071481
0.0717762
0.0719195
0.0719699
0.0719786
0.0509961
0.0509915
0.0510045
0.0510638
0.0512131
0.0515044
0.0520074
0.0528137
0.0540306
0.055755
0.0579016
0.0599072
0.0613839
0.0624001
0.0630599
0.063463
0.0636886
0.0637972
0.0638347
0.0638407
0.0462772
0.0462737
0.0462832
0.046328
0.0464421
0.0466654
0.0470519
0.047672
0.0486076
0.049933
0.0515827
0.0531236
0.0542575
0.0550376
0.0555429
0.0558497
0.0560209
0.0561023
0.0561295
0.0561334
0.041232
0.0412291
0.0412358
0.0412693
0.0413559
0.0415264
0.0418219
0.0422956
0.0430108
0.0440253
0.0452878
0.0464665
0.0473335
0.0479286
0.0483132
0.0485462
0.0486764
0.0487373
0.0487571
0.0487596
0.0359355
0.035933
0.0359375
0.0359621
0.0360271
0.0361558
0.0363795
0.0367392
0.0372828
0.0380533
0.0390122
0.0399068
0.0405636
0.0410132
0.0413034
0.0414791
0.0415772
0.0416221
0.0416358
0.0416374
0.0304481
0.0304461
0.0304489
0.0304665
0.0305144
0.0306099
0.0307765
0.031045
0.031452
0.0320298
0.0327488
0.0334193
0.0339115
0.0342488
0.034466
0.0345964
0.0346675
0.0346999
0.0347088
0.0347096
0.0248175
0.0248159
0.0248171
0.0248288
0.0248625
0.0249312
0.025052
0.025248
0.0255457
0.0259689
0.0264965
0.0269889
0.0273509
0.0275986
0.0277572
0.0278512
0.0279017
0.0279237
0.027929
0.0279289
0.0190791
0.0190779
0.019078
0.0190848
0.019107
0.0191539
0.0192384
0.0193768
0.019587
0.0198861
0.0202592
0.0206073
0.0208602
0.0210313
0.02114
0.0212049
0.0212394
0.0212539
0.0212567
0.0212563
0.0132618
0.0132608
0.0132595
0.0132623
0.0132757
0.0133057
0.0133602
0.0134491
0.0135854
0.0137796
0.0140232
0.0142482
0.014412
0.0145235
0.0145944
0.014635
0.0146553
0.0146627
0.0146626
0.0146616
0.00739109
0.0073904
0.00738879
0.00738856
0.00739392
0.00740843
0.00743629
0.00748338
0.00755579
0.00765935
0.00778875
0.00791023
0.00799907
0.0080588
0.00809539
0.00811595
0.00812505
0.00812638
0.00812386
0.00812265
0.00444027
0.00443882
0.00443594
0.00443597
0.0044411
0.00445341
0.00447555
0.00451085
0.00456327
0.00463516
0.00471245
0.00477534
0.00481832
0.00484557
0.00486195
0.00487022
0.00487225
0.00487017
0.00486829
0.0016201
-1.36284
-0.839
-0.466224
-0.181797
0.0442265
0.226295
0.376404
0.507942
0.607571
0.616439
-0.577096
-0.325822
-0.116347
0.0612809
0.212184
0.339414
0.446584
0.531509
0.584471
0.602205
-0.15969
-0.0162571
0.114892
0.232456
0.335748
0.42453
0.497597
0.552433
0.589025
0.609403
0.0983116
0.188324
0.276946
0.358962
0.431756
0.493947
0.544687
0.584092
0.613285
0.631637
0.274313
0.334645
0.398978
0.459418
0.512257
0.557919
0.596519
0.627807
0.652071
0.667358
0.407786
0.451261
0.501347
0.546772
0.588388
0.625195
0.656861
0.682956
0.703846
0.716719
0.516313
0.55225
0.593748
0.632046
0.667668
0.699823
0.727987
0.751454
0.770044
0.780437
0.614682
0.648199
0.686361
0.723021
0.756632
0.787033
0.813482
0.83524
0.851828
0.860394
0.714086
0.75036
0.789378
0.826826
0.860376
0.88995
0.914971
0.935318
0.950435
0.958423
0.829872
0.871203
0.911637
0.949634
0.982378
1.01021
1.03336
1.05195
1.06585
1.07501
0.975518
1.01888
1.05726
1.0915
1.12005
1.1443
1.16523
1.18289
1.19693
1.20816
1.15458
1.19248
1.22095
1.24561
1.26686
1.28635
1.30486
1.32218
1.33821
1.35287
1.3529
1.37411
1.38926
1.40524
1.42167
1.43709
1.45094
1.46435
1.47992
1.49841
1.54397
1.55114
1.56179
1.57345
1.58354
1.59291
1.60317
1.61429
1.62595
1.6349
1.75684
1.75864
1.75078
1.73452
1.72364
1.72302
1.73528
1.75998
1.79405
1.81852
2.17717
1.98335
1.88232
1.82424
1.79478
1.78835
1.80341
1.84418
1.92023
2.06339
-0.627967
-0.63605
-0.597413
-0.539005
-0.47525
-0.409443
0.447207
0.505991
0.492769
0.398877
0.304085
0.210298
-0.119331
-0.452607
-0.903916
-1.51256
-2.37407
)
;

boundaryField
{
    wall-4
    {
        type            zeroGradient;
    }
    pressure-outlet-7
    {
        type            fixedValue;
        value           uniform 0;
    }
    velocity-inlet-6
    {
        type            zeroGradient;
    }
    velocity-inlet-5
    {
        type            zeroGradient;
    }
    frontAndBackPlanes
    {
        type            empty;
    }
}


// ************************************************************************* //
