/*--------------------------------*- C++ -*----------------------------------*\
  =========                 |
  \\      /  F ield         | OpenFOAM: The Open Source CFD Toolbox
   \\    /   O peration     | Website:  https://openfoam.org
    \\  /    A nd           | Version:  10
     \\/     M anipulation  |
\*---------------------------------------------------------------------------*/
FoamFile
{
    format      ascii;
    class       volVectorField;
    location    "52";
    object      U;
}
// * * * * * * * * * * * * * * * * * * * * * * * * * * * * * * * * * * * * * //

dimensions      [0 1 -1 0 0 0 0];

internalField   nonuniform List<vector> 
2200
(
(0.878836 -0.0304142 0)
(1.00578 -0.0512837 0)
(1.00328 -0.0354037 0)
(1.00024 -0.0244563 0)
(0.999822 -0.0166916 0)
(1 -0.0107587 0)
(1.00003 -0.00687484 0)
(1.00003 -0.00422024 0)
(1.00001 -0.00223897 0)
(1.00018 -0.000718469 0)
(1 0.00104134 0)
(0.999869 0.00255842 0)
(1.00001 0.00450357 0)
(1.00003 0.00707303 0)
(1.00009 0.0108597 0)
(1.00006 0.016694 0)
(1.00037 0.024411 0)
(1.00349 0.0349276 0)
(1.00596 0.0513748 0)
(0.879024 0.0303118 0)
(0.712 -0.0327635 0)
(0.996631 -0.0630165 0)
(1.0333 -0.0561636 0)
(1.02487 -0.0464044 0)
(1.0159 -0.0360886 0)
(1.00968 -0.0263661 0)
(1.00591 -0.0181334 0)
(1.00374 -0.0114444 0)
(1.00255 -0.00605938 0)
(1.00208 -0.00153412 0)
(1.0022 0.00261726 0)
(1.00267 0.00706327 0)
(1.00363 0.0123576 0)
(1.00572 0.0189657 0)
(1.00942 0.0272165 0)
(1.01543 0.0369022 0)
(1.02453 0.0473642 0)
(1.03309 0.0578461 0)
(0.996678 0.0631407 0)
(0.711769 0.0330156 0)
(0.535531 -0.023894 0)
(0.969889 -0.0569469 0)
(1.05643 -0.0547238 0)
(1.0523 -0.0488125 0)
(1.03624 -0.0404905 0)
(1.0244 -0.0322948 0)
(1.0159 -0.0240272 0)
(1.01042 -0.0161468 0)
(1.00722 -0.00887518 0)
(1.00564 -0.00226103 0)
(1.00539 0.004039 0)
(1.00685 0.0105591 0)
(1.01017 0.0175913 0)
(1.01565 0.0252579 0)
(1.0241 0.0333073 0)
(1.03619 0.0413384 0)
(1.05226 0.0493794 0)
(1.05634 0.0533763 0)
(0.969218 0.0576197 0)
(0.534436 0.0239296 0)
(0.392236 -0.0136608 0)
(0.911724 -0.0464049 0)
(1.05746 -0.0469861 0)
(1.06939 -0.044277 0)
(1.05485 -0.0381697 0)
(1.03937 -0.0315145 0)
(1.02751 -0.024712 0)
(1.01901 -0.0174925 0)
(1.01364 -0.0100281 0)
(1.01104 -0.00244773 0)
(1.01103 0.00508215 0)
(1.01344 0.0125181 0)
(1.01842 0.0197352 0)
(1.02679 0.0266683 0)
(1.03855 0.0330441 0)
(1.05392 0.0395002 0)
(1.06815 0.0455777 0)
(1.05557 0.0482769 0)
(0.909942 0.046973 0)
(0.390004 0.0137752 0)
(0.307619 -0.00450874 0)
(0.846713 -0.0323808 0)
(1.04953 -0.0399291 0)
(1.07961 -0.0382228 0)
(1.06822 -0.03356 0)
(1.05164 -0.0279697 0)
(1.0383 -0.0225767 0)
(1.02808 -0.016538 0)
(1.02104 -0.0096113 0)
(1.01716 -0.00201661 0)
(1.01682 0.00581076 0)
(1.0203 0.0130782 0)
(1.02732 0.0196237 0)
(1.03727 0.0252628 0)
(1.05035 0.030254 0)
(1.06684 0.0355745 0)
(1.0779 0.0399044 0)
(1.04746 0.0416256 0)
(0.843176 0.0329143 0)
(0.303931 0.00472035 0)
(0.264135 9.46317e-05 0)
(0.788742 -0.0201031 0)
(1.03302 -0.0315095 0)
(1.08336 -0.0321471 0)
(1.07724 -0.0288954 0)
(1.06084 -0.0240027 0)
(1.04723 -0.0195431 0)
(1.03636 -0.0144152 0)
(1.02852 -0.00841803 0)
(1.02405 -0.00141887 0)
(1.02373 0.00596357 0)
(1.02758 0.0128341 0)
(1.03469 0.0184632 0)
(1.04524 0.0230799 0)
(1.05865 0.026997 0)
(1.07488 0.0314093 0)
(1.08036 0.0341724 0)
(1.02923 0.0332485 0)
(0.782865 0.0207154 0)
(0.259006 0.000109343 0)
(0.240204 0.00106728 0)
(0.738295 -0.0123111 0)
(1.01377 -0.0250154 0)
(1.08411 -0.0267911 0)
(1.08296 -0.0244917 0)
(1.0677 -0.0204017 0)
(1.05416 -0.0164229 0)
(1.04333 -0.0119762 0)
(1.03518 -0.00654119 0)
(1.03031 -0.000113574 0)
(1.02989 0.006573 0)
(1.03398 0.0124246 0)
(1.0416 0.0171822 0)
(1.05176 0.0210817 0)
(1.06494 0.0245084 0)
(1.07971 0.0279585 0)
(1.08023 0.0295256 0)
(1.00799 0.0271427 0)
(0.729394 0.0131048 0)
(0.233456 -0.000847136 0)
(0.225749 0.000951143 0)
(0.69501 -0.00807141 0)
(0.992644 -0.0208496 0)
(1.08194 -0.0232617 0)
(1.0867 -0.0214269 0)
(1.07328 -0.0178097 0)
(1.05983 -0.0140274 0)
(1.04926 -0.00971328 0)
(1.04134 -0.00485671 0)
(1.03637 0.000714174 0)
(1.03552 0.00659251 0)
(1.03907 0.0119526 0)
(1.04595 0.0162108 0)
(1.05598 0.0196746 0)
(1.06921 0.0227331 0)
(1.082 0.0256046 0)
(1.07565 0.0265977 0)
(0.983503 0.0233063 0)
(0.682395 0.009077 0)
(0.217083 -0.000721946 0)
(0.216163 0.000611721 0)
(0.659707 -0.00572248 0)
(0.972386 -0.0177038 0)
(1.07947 -0.0203479 0)
(1.09019 -0.018799 0)
(1.07812 -0.0157197 0)
(1.06468 -0.0120308 0)
(1.05421 -0.00791667 0)
(1.04634 -0.0030928 0)
(1.04137 0.00229509 0)
(1.04074 0.00776479 0)
(1.04428 0.0123171 0)
(1.05088 0.0161093 0)
(1.0603 0.0193821 0)
(1.073 0.022094 0)
(1.08388 0.0242154 0)
(1.07167 0.024791 0)
(0.96015 0.0208398 0)
(0.642739 0.00700161 0)
(0.205143 -0.000349956 0)
(0.208828 0.000293634 0)
(0.630801 -0.00424526 0)
(0.95306 -0.0151194 0)
(1.076 -0.0180888 0)
(1.09313 -0.0168022 0)
(1.08279 -0.0138954 0)
(1.06936 -0.0103808 0)
(1.05888 -0.00626468 0)
(1.05117 -0.00162707 0)
(1.04621 0.00332142 0)
(1.04462 0.00823076 0)
(1.04722 0.0127775 0)
(1.05342 0.0164462 0)
(1.06283 0.0193288 0)
(1.07566 0.0218379 0)
(1.08464 0.0236097 0)
(1.06414 0.0235633 0)
(0.935044 0.0188941 0)
(0.607893 0.0058413 0)
(0.194796 2.39367e-05 0)
(0.202987 7.78398e-05 0)
(0.607492 -0.00318241 0)
(0.935184 -0.0126344 0)
(1.07294 -0.0157481 0)
(1.09639 -0.0146861 0)
(1.08731 -0.0120396 0)
(1.07386 -0.00851413 0)
(1.06317 -0.00456879 0)
(1.05506 2.73336e-05 0)
(1.04975 0.00511346 0)
(1.0486 0.0101661 0)
(1.05133 0.0141386 0)
(1.05723 0.0173311 0)
(1.06632 0.0199478 0)
(1.07843 0.0219464 0)
(1.08523 0.023111 0)
(1.05815 0.0225808 0)
(0.912227 0.0172831 0)
(0.57835 0.0051449 0)
(0.18546 0.00029966 0)
(0.198287 -5.30123e-06 0)
(0.589027 -0.00235155 0)
(0.919393 -0.0103915 0)
(1.06957 -0.0136296 0)
(1.09947 -0.0126169 0)
(1.09203 -0.00993429 0)
(1.07845 -0.00648955 0)
(1.06755 -0.00256443 0)
(1.05934 0.00194888 0)
(1.05385 0.00669387 0)
(1.05142 0.011162 0)
(1.05323 0.0152654 0)
(1.05887 0.0182753 0)
(1.06796 0.0204292 0)
(1.08033 0.0222154 0)
(1.08501 0.0230805 0)
(1.04871 0.0219421 0)
(0.887504 0.015981 0)
(0.550977 0.00472703 0)
(0.176217 0.000465913 0)
(0.194643 2.25034e-05 0)
(0.574214 -0.00159142 0)
(0.904891 -0.00820463 0)
(1.06698 -0.0112018 0)
(1.1031 -0.0101616 0)
(1.09697 -0.00751848 0)
(1.08336 -0.00400665 0)
(1.07203 -0.000236936 0)
(1.06318 0.00414703 0)
(1.05693 0.00902908 0)
(1.05484 0.0138202 0)
(1.05681 0.0171203 0)
(1.0622 0.0195049 0)
(1.07098 0.0214011 0)
(1.08229 0.0227412 0)
(1.08435 0.0232945 0)
(1.04053 0.021606 0)
(0.864846 0.0150697 0)
(0.526911 0.00453343 0)
(0.167488 0.0005601 0)
(0.192429 5.09061e-05 0)
(0.563454 -0.000822648 0)
(0.893219 -0.0060615 0)
(1.06424 -0.00900418 0)
(1.10654 -0.00783779 0)
(1.10206 -0.00496556 0)
(1.08824 -0.00133795 0)
(1.07654 0.00254387 0)
(1.06732 0.00691852 0)
(1.06077 0.0114956 0)
(1.05718 0.0156926 0)
(1.05793 0.0190714 0)
(1.06305 0.0213048 0)
(1.07204 0.0225487 0)
(1.08328 0.0236758 0)
(1.0828 0.0237183 0)
(1.02885 0.0214937 0)
(0.839828 0.0143503 0)
(0.503169 0.00439031 0)
(0.158566 0.000588026 0)
(0.191464 9.98007e-05 0)
(0.555852 -0.00024399 0)
(0.882749 -0.00400631 0)
(1.06259 -0.00619848 0)
(1.11044 -0.00484475 0)
(1.10725 -0.00198652 0)
(1.09348 0.00177012 0)
(1.08122 0.00579793 0)
(1.07122 0.0103063 0)
(1.06349 0.0150696 0)
(1.05987 0.019219 0)
(1.06116 0.0220567 0)
(1.066 0.0235052 0)
(1.0745 0.0246163 0)
(1.0836 0.0251223 0)
(1.08023 0.0247464 0)
(1.0177 0.0219027 0)
(0.816418 0.0140519 0)
(0.481493 0.00442557 0)
(0.150056 0.000619848 0)
(0.191959 7.76691e-05 0)
(0.551374 0.00075192 0)
(0.876303 -0.00167039 0)
(1.06144 -0.00367681 0)
(1.11451 -0.00200472 0)
(1.11289 0.00125418 0)
(1.09902 0.00525287 0)
(1.08651 0.00948671 0)
(1.07619 0.0140809 0)
(1.06819 0.0186346 0)
(1.06314 0.0223128 0)
(1.06203 0.0246544 0)
(1.06582 0.0262246 0)
(1.07431 0.0267497 0)
(1.08341 0.0268479 0)
(1.07647 0.025996 0)
(1.00301 0.0223632 0)
(0.790335 0.0139876 0)
(0.458937 0.00450653 0)
(0.14104 0.000639341 0)
(0.193874 0.00019217 0)
(0.551521 0.00148918 0)
(0.871247 0.000368522 0)
(1.06215 -0.00020871 0)
(1.11945 0.0018627 0)
(1.11886 0.00518433 0)
(1.10501 0.00938672 0)
(1.09188 0.0140542 0)
(1.0805 0.019028 0)
(1.07073 0.0238216 0)
(1.06494 0.0273566 0)
(1.06464 0.0295318 0)
(1.06848 0.030098 0)
(1.07595 0.0303317 0)
(1.08195 0.0296202 0)
(1.07114 0.0279712 0)
(0.988788 0.0234881 0)
(0.765535 0.0143532 0)
(0.43751 0.00473205 0)
(0.132165 0.000673387 0)
(0.197857 0.000654625 0)
(0.554029 0.00227426 0)
(0.871327 0.00328759 0)
(1.06412 0.0030065 0)
(1.12488 0.00567723 0)
(1.12541 0.00962821 0)
(1.11128 0.0144396 0)
(1.0977 0.0193544 0)
(1.08573 0.0243985 0)
(1.07542 0.0289978 0)
(1.06814 0.0322706 0)
(1.06483 0.0334949 0)
(1.06634 0.0339962 0)
(1.07365 0.0333753 0)
(1.08011 0.0326456 0)
(1.06446 0.0304452 0)
(0.970269 0.0249595 0)
(0.736872 0.0150096 0)
(0.413821 0.00506174 0)
(0.122302 0.000715656 0)
(0.204187 0.000865617 0)
(0.560606 0.00338027 0)
(0.87489 0.00572248 0)
(1.06869 0.00732419 0)
(1.13157 0.0107069 0)
(1.13274 0.0150874 0)
(1.11804 0.02028 0)
(1.10329 0.0258781 0)
(1.08976 0.031505 0)
(1.07735 0.0365733 0)
(1.06845 0.0395055 0)
(1.06573 0.040384 0)
(1.06843 0.0400852 0)
(1.07439 0.0392618 0)
(1.07653 0.0369634 0)
(1.05586 0.0336515 0)
(0.95181 0.0270328 0)
(0.708958 0.0160128 0)
(0.390425 0.00549458 0)
(0.11226 0.000758646 0)
(0.212449 0.00103905 0)
(0.571754 0.00470097 0)
(0.882935 0.00879981 0)
(1.07575 0.0118114 0)
(1.13948 0.0162458 0)
(1.1414 0.0214256 0)
(1.12598 0.0275838 0)
(1.11033 0.0335169 0)
(1.0958 0.0393181 0)
(1.08211 0.0441314 0)
(1.07133 0.0470508 0)
(1.06517 0.047337 0)
(1.06406 0.0459747 0)
(1.06935 0.0433428 0)
(1.07243 0.0418077 0)
(1.0452 0.0375213 0)
(0.927648 0.0294826 0)
(0.675729 0.0173795 0)
(0.36338 0.00600797 0)
(0.100771 0.000811519 0)
(0.224576 0.00136055 0)
(0.589569 0.0066326 0)
(0.897206 0.0131238 0)
(1.08624 0.0179928 0)
(1.14926 0.0232993 0)
(1.15112 0.0292511 0)
(1.13439 0.0361299 0)
(1.11663 0.0430445 0)
(1.09933 0.0497163 0)
(1.08274 0.055216 0)
(1.06959 0.0575225 0)
(1.06379 0.0566407 0)
(1.06431 0.054349 0)
(1.06898 0.0517909 0)
(1.06579 0.0478413 0)
(1.03204 0.0420662 0)
(0.903294 0.0326289 0)
(0.642624 0.0189975 0)
(0.335967 0.00656681 0)
(0.0889415 0.000854531 0)
(0.240151 0.00192174 0)
(0.613063 0.00846731 0)
(0.918165 0.0178393 0)
(1.10099 0.0249966 0)
(1.16093 0.0319776 0)
(1.16244 0.0389873 0)
(1.14406 0.0472901 0)
(1.1247 0.0550013 0)
(1.10577 0.0619338 0)
(1.08707 0.0666094 0)
(1.0713 0.0677364 0)
(1.06186 0.0664568 0)
(1.05831 0.0631214 0)
(1.06027 0.0588782 0)
(1.05869 0.0546046 0)
(1.0158 0.047751 0)
(0.871477 0.0360895 0)
(0.60225 0.0208483 0)
(0.303729 0.00715787 0)
(0.0754134 0.000873251 0)
(0.261835 0.00277352 0)
(0.645592 0.0122579 0)
(0.946527 0.0246766 0)
(1.1202 0.0347089 0)
(1.17546 0.0430072 0)
(1.17567 0.052133 0)
(1.15493 0.0614533 0)
(1.1325 0.0701419 0)
(1.10961 0.0775613 0)
(1.08677 0.0821153 0)
(1.06831 0.082644 0)
(1.0582 0.078888 0)
(1.05602 0.0745324 0)
(1.05795 0.0694291 0)
(1.04747 0.0630139 0)
(0.995805 0.0538785 0)
(0.838594 0.0403511 0)
(0.561484 0.0229822 0)
(0.27084 0.00775635 0)
(0.0616954 0.000849481 0)
(0.293199 0.0037036 0)
(0.691458 0.0155336 0)
(0.98565 0.0331708 0)
(1.14608 0.0467146 0)
(1.19346 0.0576523 0)
(1.19129 0.0684981 0)
(1.16718 0.0793114 0)
(1.14196 0.0885649 0)
(1.11666 0.0956518 0)
(1.09153 0.0990207 0)
(1.06937 0.0970306 0)
(1.05522 0.0928379 0)
(1.04784 0.0863768 0)
(1.0456 0.0792774 0)
(1.03574 0.072122 0)
(0.971895 0.0612004 0)
(0.796063 0.044681 0)
(0.511007 0.0251754 0)
(0.231663 0.00815187 0)
(0.0462486 0.000749516 0)
(0.329529 0.00707134 0)
(0.749461 0.0246499 0)
(1.03462 0.0464139 0)
(1.17766 0.0641163 0)
(1.21525 0.0767757 0)
(1.20867 0.0909643 0)
(1.17999 0.102759 0)
(1.15029 0.112213 0)
(1.1197 0.118748 0)
(1.08856 0.120608 0)
(1.06311 0.117369 0)
(1.04821 0.109671 0)
(1.04272 0.101623 0)
(1.04078 0.0934288 0)
(1.01875 0.0833539 0)
(0.941957 0.0693042 0)
(0.751391 0.0502983 0)
(0.46021 0.0277005 0)
(0.192656 0.00842086 0)
(0.0318343 0.000619173 0)
(0.409359 0.0106429 0)
(0.836694 0.0357404 0)
(1.09966 0.0671787 0)
(1.21695 0.089594 0)
(1.24109 0.105271 6.44551e-34)
(1.22737 0.121118 -2.89962e-34)
(1.19206 0.132876 0)
(1.15718 0.140999 0)
(1.12212 0.145099 0)
(1.08829 0.143932 0)
(1.05991 0.137274 0)
(1.04135 0.127875 0)
(1.03041 0.117547 0)
(1.02238 0.106421 0)
(0.999412 0.0950867 0)
(0.906747 0.0787128 0)
(0.692963 0.0548433 0)
(0.394062 0.0291421 0)
(0.143705 0.00810485 0)
(0.0152449 0.000730516 0)
(0.480438 0.0259249 4.79846e-20)
(0.938896 0.0594753 -3.63127e-20)
(1.17056 0.101714 0)
(1.25767 0.128221 2.79618e-20)
(1.26856 0.143475 -2.26752e-20)
(1.24529 0.161412 3.05936e-34)
(1.20302 0.171281 0)
(1.16298 0.177316 1.62419e-20)
(1.12274 0.179275 -5.33038e-20)
(1.08277 0.175772 1.08722e-20)
(1.04902 0.16536 0)
(1.02854 0.151994 -2.7512e-20)
(1.01962 0.138817 -3.29779e-20)
(1.01198 0.127634 5.76885e-20)
(0.96888 0.111986 -4.55622e-20)
(0.850671 0.0889912 0)
(0.614887 0.0603528 -1.64318e-20)
(0.316375 0.0294476 0)
(0.0928873 0.00782415 -9.05948e-20)
(-0.00185041 0.000600383 1.06767e-19)
(0.516758 0.053454 -6.27069e-21)
(1.00305 0.102617 1.09451e-19)
(1.22006 0.151591 -6.35499e-21)
(1.29093 0.175738 -6.95826e-20)
(1.2928 0.192999 -4.80704e-20)
(1.26049 0.209054 7.81867e-20)
(1.21176 0.216118 0)
(1.16591 0.219506 0)
(1.11966 0.218288 8.48271e-20)
(1.07405 0.210047 0)
(1.03719 0.196925 9.94439e-20)
(1.0133 0.182464 2.952e-20)
(0.997206 0.168872 4.26268e-22)
(0.977061 0.151559 -6.28885e-20)
(0.93017 0.133398 0)
(0.797799 0.10708 0)
(0.548619 0.0689825 -2.68392e-19)
(0.259697 0.0312417 6.74453e-19)
(0.0645416 0.00741255 -3.98707e-19)
(-0.0119052 -0.000695022 -4.70087e-19)
(0.524683 0.0760377 -6.3353e-20)
(1.04119 0.159373 2.4089e-20)
(1.25711 0.212154 1.30062e-20)
(1.31726 0.234952 1.21475e-19)
(1.31177 0.250458 1.4397e-20)
(1.27205 0.262056 -2.03966e-19)
(1.21774 0.265186 6.94473e-20)
(1.16673 0.265128 0)
(1.1156 0.260708 -1.79484e-19)
(1.06654 0.250723 1.59121e-19)
(1.02517 0.235704 -2.68425e-19)
(0.995759 0.216895 1.25807e-19)
(0.976906 0.198074 -8.15133e-20)
(0.958866 0.182858 1.83653e-19)
(0.899521 0.161011 0)
(0.757603 0.125271 -6.71472e-20)
(0.51197 0.0796408 0)
(0.246774 0.0348715 3.70651e-19)
(0.0617877 0.00894128 -8.76287e-19)
(-0.0131149 -0.00206399 5.49324e-19)
(0.520134 0.107802 1.78327e-19)
(1.06086 0.215689 -7.79661e-20)
(1.27854 0.276758 -1.64989e-20)
(1.3343 0.299036 0)
(1.32384 0.312555 -8.98027e-20)
(1.27882 0.319024 1.10755e-19)
(1.21978 0.317297 -7.43748e-20)
(1.16375 0.31307 0)
(1.10728 0.304484 1.27565e-19)
(1.05182 0.289803 -1.11847e-19)
(1.00281 0.267823 2.32817e-19)
(0.971073 0.247363 0)
(0.952304 0.230006 -1.73359e-19)
(0.923992 0.209321 9.76751e-20)
(0.867833 0.18497 2.46318e-19)
(0.730988 0.148381 -2.16745e-19)
(0.49653 0.0955677 3.43932e-19)
(0.246417 0.0448459 -7.6256e-19)
(0.0691452 0.0120659 4.81364e-19)
(-0.00958733 -0.00213403 -6.01995e-19)
(0.509024 0.13208 -6.28943e-20)
(1.06928 0.269897 4.50508e-20)
(1.28973 0.342791 -5.47916e-20)
(1.34332 0.364727 1.08632e-19)
(1.32931 0.375885 -1.02291e-19)
(1.28051 0.377298 3.51527e-20)
(1.21776 0.371053 3.60101e-21)
(1.15757 0.362838 -1.45028e-19)
(1.09659 0.350242 -1.33942e-19)
(1.03693 0.331731 -2.40475e-19)
(0.988419 0.308579 -5.00641e-19)
(0.953799 0.285899 -1.54247e-19)
(0.926597 0.263762 2.28235e-21)
(0.90565 0.242732 -3.34792e-19)
(0.843054 0.217075 -5.8328e-21)
(0.706388 0.170781 3.15662e-19)
(0.485709 0.111702 -9.51705e-20)
(0.251575 0.0561011 -5.51258e-20)
(0.0805375 0.0171238 0)
(-0.00357187 -0.00123218 1.2814e-18)
(0.492463 0.152824 0)
(1.06401 0.319408 -4.39344e-21)
(1.29196 0.405741 -9.63333e-21)
(1.34551 0.428485 -1.281e-20)
(1.32894 0.438597 9.91654e-20)
(1.27757 0.435715 -8.17662e-20)
(1.21206 0.425088 8.12891e-20)
(1.14877 0.412507 2.3804e-19)
(1.08511 0.395625 -7.44896e-20)
(1.02252 0.372135 1.18953e-19)
(0.966851 0.343559 2.69133e-19)
(0.926437 0.317256 3.36243e-19)
(0.903072 0.294308 -2.02534e-19)
(0.869414 0.272042 3.62538e-19)
(0.813768 0.241569 -2.87325e-19)
(0.687579 0.197677 0)
(0.482072 0.132574 -7.22796e-19)
(0.263274 0.0710127 9.72791e-19)
(0.0957865 0.0252694 7.26186e-20)
(0.00432706 0.000934535 -1.3557e-18)
(0.478086 0.173042 -5.0938e-21)
(1.05621 0.367627 6.83134e-21)
(1.28919 0.466761 7.03616e-20)
(1.3428 0.490598 -9.19628e-20)
(1.32413 0.499513 8.19975e-20)
(1.27094 0.492541 -7.93754e-20)
(1.2035 0.478081 1.61305e-19)
(1.13785 0.461714 -7.16227e-20)
(1.07057 0.440806 -3.0089e-19)
(1.00254 0.413528 -1.67647e-22)
(0.944423 0.38277 -2.92594e-19)
(0.905657 0.352985 -3.61699e-19)
(0.875682 0.327529 2.23603e-19)
(0.852277 0.304676 -1.30492e-19)
(0.791203 0.275068 3.12392e-19)
(0.668164 0.22082 0)
(0.474745 0.15336 -4.489e-19)
(0.270028 0.0856638 6.62992e-19)
(0.107561 0.0339981 1.2549e-18)
(0.0111789 0.00350666 -1.47601e-18)
(0.464212 0.19084 -5.09919e-20)
(1.04414 0.412324 1.9476e-20)
(1.28229 0.524257 -4.82719e-20)
(1.33624 0.549434 9.53295e-20)
(1.31594 0.557918 1.1964e-20)
(1.2614 0.547676 -1.55943e-19)
(1.19235 0.529806 -9.3421e-20)
(1.12452 0.509743 -9.13431e-20)
(1.0549 0.485212 -1.69721e-19)
(0.986003 0.454079 2.7312e-19)
(0.925995 0.418695 2.9588e-19)
(0.881055 0.385298 5.7398e-19)
(0.852306 0.36054 0)
(0.817616 0.333416 6.44639e-21)
(0.763694 0.298941 -8.58256e-19)
(0.649726 0.248416 2.0068e-19)
(0.470065 0.174368 9.71665e-19)
(0.276634 0.101868 -2.86727e-19)
(0.117803 0.0434577 5.96119e-19)
(0.0171077 0.00643009 -4.97051e-20)
(0.454466 0.209056 5.87707e-21)
(1.03286 0.455227 4.13287e-20)
(1.27317 0.579334 -2.16036e-20)
(1.32705 0.606141 1.06925e-19)
(1.30517 0.613689 -1.66358e-19)
(1.24951 0.600221 1.55115e-19)
(1.17925 0.579384 9.677e-20)
(1.1099 0.556309 2.73196e-19)
(1.03801 0.528157 3.40998e-19)
(0.965213 0.493206 -3.1497e-19)
(0.90042 0.454059 0)
(0.855619 0.419978 -2.17008e-19)
(0.825626 0.39105 2.4915e-19)
(0.800316 0.363979 3.14468e-19)
(0.742459 0.331179 -1.8185e-19)
(0.630375 0.26949 -4.43657e-19)
(0.46084 0.194436 -1.32379e-19)
(0.278713 0.116814 -1.74626e-21)
(0.124092 0.0520666 0)
(0.0212152 0.00901617 0)
(0.446439 0.225322 -6.74096e-20)
(1.0211 0.495567 0)
(1.26227 0.630976 -7.27953e-21)
(1.31573 0.659579 -9.95663e-21)
(1.29268 0.666673 1.88538e-19)
(1.23614 0.650564 -4.79768e-20)
(1.16486 0.62707 9.8344e-20)
(1.09415 0.600963 -1.85029e-19)
(1.02068 0.569991 2.58631e-19)
(0.946328 0.53219 -1.03227e-19)
(0.880793 0.489797 1.69484e-19)
(0.83426 0.45269 6.87947e-19)
(0.802289 0.422084 1.43252e-20)
(0.765808 0.390703 -3.27825e-19)
(0.714501 0.350581 6.07538e-19)
(0.610509 0.295001 4.07189e-21)
(0.451156 0.21311 1.41625e-19)
(0.276064 0.130359 -6.75392e-19)
(0.125457 0.0589997 6.96381e-19)
(0.0233969 0.0109459 -8.20482e-19)
(0.439847 0.243404 3.04548e-23)
(1.00959 0.533746 0)
(1.25025 0.679869 0)
(1.30313 0.710611 -4.58724e-21)
(1.27891 0.716836 -5.64089e-20)
(1.22163 0.698125 7.30381e-20)
(1.14972 0.672245 -1.83786e-19)
(1.07808 0.64375 0)
(1.00267 0.60994 -3.8125e-19)
(0.925082 0.568725 4.56041e-19)
(0.856912 0.523053 4.82483e-19)
(0.808111 0.483135 -2.52477e-19)
(0.774353 0.449224 -3.05509e-19)
(0.748957 0.417332 7.16292e-19)
(0.691986 0.37951 -2.15843e-19)
(0.589426 0.311144 -2.57693e-19)
(0.436637 0.229758 -1.54205e-19)
(0.270324 0.140823 -7.28596e-19)
(0.122795 0.0642964 1.06536e-19)
(0.0237509 0.0119427 8.85843e-19)
(0.435762 0.261577 -3.42605e-20)
(0.999201 0.570419 -4.43384e-20)
(1.23759 0.725848 2.36163e-20)
(1.28954 0.758368 -1.90638e-22)
(1.26453 0.764207 -5.62625e-20)
(1.20673 0.743388 1.19351e-19)
(1.13418 0.715418 0)
(1.06141 0.684519 1.11588e-19)
(0.984611 0.648587 -8.79879e-20)
(0.905999 0.605369 7.60183e-19)
(0.835878 0.557559 -1.09864e-19)
(0.785506 0.513736 1.25122e-19)
(0.75184 0.477069 0)
(0.713631 0.440226 -3.87809e-19)
(0.663844 0.39313 4.69728e-19)
(0.56787 0.33217 0)
(0.423892 0.243032 -3.32247e-19)
(0.261696 0.150172 9.77057e-19)
(0.118505 0.0670658 1.15348e-19)
(0.0225055 0.0126498 -1.08973e-18)
(0.433284 0.278522 -8.78911e-20)
(0.989057 0.604691 1.12871e-19)
(1.22461 0.769056 0)
(1.27565 0.803657 9.3792e-21)
(1.24972 0.808735 0)
(1.19136 0.78588 -1.53193e-19)
(1.1184 0.756053 0)
(1.04501 0.723332 0)
(0.966924 0.685244 -1.16021e-19)
(0.885821 0.639387 -7.22501e-19)
(0.812639 0.58854 -8.91428e-19)
(0.760037 0.541059 1.46248e-19)
(0.723385 0.500311 5.27545e-19)
(0.69609 0.462024 4.26971e-19)
(0.641679 0.417799 -1.50687e-18)
(0.546523 0.34218 -6.04361e-19)
(0.406266 0.254054 3.53975e-19)
(0.250692 0.155455 0)
(0.112156 0.0683775 9.90891e-19)
(0.0206027 0.0125434 -1.17374e-18)
(0.431756 0.29424 1.06268e-19)
(0.980018 0.637781 -1.32163e-19)
(1.21177 0.809675 0)
(1.26148 0.845873 -1.10571e-20)
(1.23489 0.850717 2.07441e-21)
(1.17616 0.826197 0)
(1.10279 0.794714 5.63924e-20)
(1.02861 0.760102 7.70334e-20)
(0.949329 0.720521 -2.18503e-19)
(0.866516 0.673457 9.58348e-20)
(0.790267 0.62038 0)
(0.736023 0.569502 6.05561e-19)
(0.699516 0.525542 5.18431e-21)
(0.660416 0.480893 2.30288e-19)
(0.612857 0.424772 2.73534e-19)
(0.524069 0.358319 0)
(0.391264 0.261141 -5.77933e-19)
(0.238687 0.15879 1.13353e-18)
(0.105273 0.0683185 -1.19898e-18)
(0.0184319 0.0120171 2.5268e-18)
(0.430522 0.309295 0)
(0.970915 0.668568 0)
(1.19908 0.847612 -6.39739e-20)
(1.24755 0.885767 0)
(1.22012 0.889974 0)
(1.16092 0.863867 -1.27689e-19)
(1.08734 0.830944 5.77169e-20)
(1.01279 0.794993 1.76219e-20)
(0.932291 0.753885 -5.00303e-20)
(0.84725 0.704867 0)
(0.769056 0.649453 -1.35594e-19)
(0.710556 0.595762 -4.93924e-19)
(0.669116 0.545976 -5.94891e-19)
(0.641477 0.497147 -2.39176e-19)
(0.589905 0.444945 2.96197e-19)
(0.502121 0.360854 -6.98139e-19)
(0.371934 0.265811 1.24348e-18)
(0.22675 0.158968 2.12043e-21)
(0.0984783 0.0672889 -1.14795e-18)
(0.016565 0.0113611 -1.70343e-19)
(0.429515 0.323883 0)
(0.963001 0.698744 -1.08552e-19)
(1.18684 0.883428 7.89583e-20)
(1.23366 0.922887 0)
(1.20565 0.926981 0)
(1.14623 0.899582 2.5634e-19)
(1.07247 0.86537 0)
(0.997253 0.827946 0)
(0.915589 0.785776 -4.78865e-19)
(0.828913 0.736195 1.32113e-19)
(0.746823 0.67883 -1.20234e-18)
(0.685686 0.621205 0)
(0.64528 0.56878 -6.45499e-19)
(0.603605 0.513217 1.06042e-20)
(0.559042 0.444217 -9.51792e-19)
(0.478778 0.37022 3.75607e-19)
(0.357592 0.264868 1.48038e-21)
(0.216006 0.156324 -1.30756e-18)
(0.0930715 0.0648126 6.16806e-19)
(0.0140923 0.00981094 1.82217e-19)
(0.428505 0.338142 0)
(0.954926 0.726584 -1.52095e-19)
(1.17487 0.916807 8.34481e-20)
(1.2203 0.95794 1.05173e-19)
(1.19156 0.961424 -1.33307e-20)
(1.13179 0.932782 2.58102e-20)
(1.05794 0.89751 -3.48887e-20)
(0.982413 0.859142 4.60717e-19)
(0.899659 0.815929 5.1225e-19)
(0.810705 0.765026 1.00686e-18)
(0.726797 0.706438 9.99002e-19)
(0.660781 0.647538 1.75508e-19)
(0.612233 0.58759 9.2871e-19)
(0.582082 0.524887 5.73562e-19)
(0.533362 0.459726 6.83253e-19)
(0.455762 0.36244 -4.10982e-19)
(0.338623 0.25881 -4.77266e-19)
(0.209206 0.148028 5.5999e-19)
(0.0938862 0.0674171 -3.31141e-19)
(0.0183269 0.0163633 5.89716e-19)
(0.427665 0.351927 2.15313e-19)
(0.948006 0.753978 2.38013e-19)
(1.16342 0.948434 4.87841e-20)
(1.20713 0.990488 1.60775e-20)
(1.17792 0.993902 9.40888e-21)
(1.11804 0.964266 -7.11515e-20)
(1.04413 0.928019 3.36557e-20)
(0.96805 0.88855 -2.00627e-20)
(0.884265 0.844659 -5.95838e-19)
(0.793971 0.793638 -1.09254e-18)
(0.706259 0.734183 6.93799e-20)
(0.636578 0.670904 0)
(0.588479 0.609104 0)
(0.540599 0.540793 -2.99044e-19)
(0.497253 0.451007 -1.11777e-18)
(0.429284 0.361309 8.8528e-19)
(0.331235 0.23914 5.2175e-19)
(0.216982 0.129309 0)
(0.108001 0.0411126 1.06113e-18)
(0.0120467 -0.00913317 -6.29536e-19)
(0.426792 0.36518 -1.1415e-19)
(0.940749 0.778855 1.01069e-19)
(1.15224 0.977779 -1.17943e-19)
(1.19464 1.02122 -9.42708e-20)
(1.16482 1.024 -1.26121e-20)
(1.10467 0.993365 -2.26432e-20)
(1.03076 0.956376 0)
(0.95455 0.916348 -5.78876e-19)
(0.869976 0.87185 7.3032e-20)
(0.777524 0.820096 0)
(0.68757 0.760346 0)
(0.612647 0.697327 1.11897e-19)
(0.55312 0.628598 1.50353e-19)
(0.515033 0.549827 -3.22861e-19)
(0.465155 0.464668 8.02335e-19)
(0.397115 0.338245 -9.64576e-19)
(0.305505 0.215874 -1.11651e-18)
(0.227276 0.111443 9.88913e-19)
(0.166435 0.0847205 -3.7756e-19)
(0.113024 0.0792204 2.19721e-19)
(0.425987 0.377615 1.4395e-19)
(0.934529 0.803423 0)
(1.14158 1.00563 0)
(1.18238 1.04965 -2.56636e-20)
(1.15218 1.05239 2.07771e-20)
(1.09204 1.02099 -2.05787e-20)
(1.01821 0.983291 1.49389e-19)
(0.941634 0.9425 5.92967e-19)
(0.856182 0.897655 1.08077e-18)
(0.762567 0.846089 -8.21392e-20)
(0.668951 0.786257 1.69699e-19)
(0.589674 0.72 -1.00074e-18)
(0.53001 0.650852 -9.97099e-19)
(0.469033 0.569438 -1.73255e-19)
(0.415228 0.451257 0)
(0.356229 0.335644 -6.53579e-21)
(0.281722 0.146762 6.151e-19)
(0.258096 0.0100063 -1.03507e-18)
(0.221708 -0.0929733 7.86939e-19)
(0.085624 -0.0968838 6.52263e-19)
(0.424976 0.389671 -3.18324e-19)
(0.927755 0.825422 -1.43814e-19)
(1.13111 1.03146 6.95901e-21)
(1.17073 1.07673 5.55707e-20)
(1.14001 1.07889 0)
(1.07967 1.04674 -7.39266e-20)
(1.00591 1.00865 -2.14674e-19)
(0.929306 0.967718 -1.56546e-21)
(0.84325 0.922739 -5.66325e-19)
(0.747552 0.871045 -8.05956e-20)
(0.651534 0.811929 7.48592e-20)
(0.567189 0.748185 8.79095e-19)
(0.49246 0.674143 9.73025e-19)
(0.438109 0.579569 1.68718e-19)
(0.375652 0.47469 8.62079e-19)
(0.287894 0.302958 0)
(0.16732 0.132278 0)
(0.000376006 0.199102 7.11642e-19)
(-0.0779539 0.630048 -2.92208e-20)
(0.00755586 1.53805 -8.77179e-19)
(0.424089 0.400995 1.76048e-19)
(0.922065 0.847599 4.02479e-19)
(1.12113 1.05632 -5.50517e-19)
(1.15919 1.10207 2.7436e-19)
(1.1281 1.10443 -6.63425e-21)
(1.06777 1.07192 -2.73442e-20)
(0.994116 1.03357 0)
(0.91714 0.992397 -4.94344e-19)
(0.830187 0.947683 0)
(0.733447 0.896873 1.13574e-18)
(0.633803 0.838599 -9.10445e-20)
(0.544087 0.773032 1.02087e-19)
(0.469944 0.701993 1.11407e-18)
(0.384528 0.614937 -3.65852e-19)
(0.284185 0.467628 -4.38556e-19)
(0.194289 0.357719 0)
(0.0850594 0.494695 0)
(0.0257462 1.33651 0)
(0.0722772 2.4647 -4.042e-19)
(0.0994885 2.91146 -2.48921e-19)
(0.422736 0.411751 0)
(0.915691 0.867024 0)
(1.11131 1.07927 2.01018e-19)
(1.14833 1.12637 -2.22617e-19)
(1.11673 1.12836 9.70578e-20)
(1.05619 1.09545 3.41027e-20)
(0.982584 1.05714 2.7662e-20)
(0.905616 1.01641 -2.15369e-20)
(0.818248 0.972247 7.98169e-20)
(0.719541 0.922193 -1.30344e-18)
(0.617181 0.865718 1.6507e-19)
(0.522841 0.805833 8.78388e-19)
(0.430326 0.734531 -1.10988e-18)
(0.350427 0.628312 -1.21914e-18)
(0.266635 0.52784 4.10188e-19)
(0.188413 0.664512 0)
(0.120409 1.56362 5.66401e-19)
(0.122364 2.69484 6.19601e-19)
(0.13036 3.08848 -6.92628e-19)
(0.122197 3.22247 7.42682e-19)
(0.421556 0.422255 0)
(0.910471 0.88687 3.57198e-19)
(1.10203 1.10144 -5.03582e-20)
(1.13762 1.14895 3.13931e-19)
(1.10565 1.15137 -1.01878e-19)
(1.04514 1.11845 0)
(0.971651 1.08025 0)
(0.894377 1.03971 0)
(0.806251 0.996418 4.50077e-19)
(0.706775 0.94803 6.02048e-20)
(0.601311 0.893392 0)
(0.501661 0.832602 -8.73549e-19)
(0.415082 0.765922 0)
(0.299491 0.676875 8.72537e-19)
(0.204014 0.739046 -5.88485e-19)
(0.152712 1.46301 -4.73147e-19)
(0.155293 2.68245 -1.10361e-18)
(0.177443 3.1267 -5.81725e-19)
(0.168245 3.26696 -7.89178e-19)
(0.154518 3.30719 5.91177e-19)
(0.420025 0.431734 -1.24994e-19)
(0.904452 0.903771 1.53651e-20)
(1.09287 1.12171 -5.61498e-20)
(1.12761 1.17071 -2.42351e-19)
(1.09516 1.17293 0)
(1.03447 1.13987 0)
(0.961022 1.10204 0)
(0.883852 1.06238 3.45177e-20)
(0.79557 1.02021 -5.68891e-19)
(0.694376 0.973242 0)
(0.586579 0.921108 0)
(0.484891 0.868039 0)
(0.374012 0.801262 0)
(0.305987 0.769033 6.37942e-19)
(0.270131 1.15963 1.5679e-18)
(0.246378 2.38804 4.63552e-19)
(0.260785 3.08295 9.33542e-19)
(0.255391 3.28222 -7.15804e-19)
(0.206709 3.34783 2.64157e-19)
(0.174384 3.36062 0)
(0.418686 0.440982 1.28779e-19)
(0.899507 0.921966 -7.94404e-19)
(1.08407 1.14202 -2.13114e-19)
(1.11751 1.19138 -4.67497e-20)
(1.08472 1.19425 2.36216e-20)
(1.02409 1.16144 -7.87043e-20)
(0.950818 1.12397 -3.23344e-21)
(0.873446 1.08478 -3.8595e-19)
(0.784557 1.04389 0)
(0.683086 0.999334 -7.62285e-20)
(0.573428 0.950372 6.93445e-20)
(0.466973 0.896484 0)
(0.375371 0.843587 0)
(0.320252 0.957498 -7.98448e-19)
(0.271583 1.85503 9.89589e-20)
(0.268032 2.94393 -3.48312e-19)
(0.291105 3.28619 7.27996e-19)
(0.263232 3.38456 5.27219e-19)
(0.197913 3.40899 -7.16785e-19)
(0.173236 3.41867 3.5516e-19)
(0.416659 0.450454 2.53499e-19)
(0.892934 0.938247 7.75169e-19)
(1.07451 1.162 2.55775e-19)
(1.10731 1.21302 0)
(1.07412 1.21568 0)
(1.0134 1.18271 6.1472e-20)
(0.940291 1.14568 7.07813e-20)
(0.863235 1.10755 3.44181e-19)
(0.774556 1.06799 2.23362e-20)
(0.671862 1.02517 9.75798e-19)
(0.561042 0.978711 -1.15173e-18)
(0.449396 0.929072 0)
(0.373851 0.920956 0)
(0.333463 1.32704 -5.4449e-19)
(0.333743 2.49045 -6.54352e-19)
(0.377151 3.19738 0)
(0.401634 3.36791 -7.37137e-19)
(0.331574 3.43059 4.87091e-20)
(0.262447 3.47549 3.46925e-19)
(0.240046 3.50081 -1.14696e-19)
(0.414644 0.460265 -4.82642e-19)
(0.887142 0.958182 -3.72415e-19)
(1.06447 1.18399 0)
(1.09596 1.23499 0)
(1.06257 1.23833 0)
(1.00211 1.20554 0)
(0.929403 1.16877 -8.31945e-20)
(0.8524 1.13094 3.03056e-19)
(0.763443 1.09265 0)
(0.661425 1.05257 -8.88521e-19)
(0.550469 1.0102 2.06577e-18)
(0.440807 0.971232 8.42816e-20)
(0.392571 1.04446 1.12415e-19)
(0.385838 1.74847 8.8773e-19)
(0.399504 2.90142 -4.7762e-19)
(0.437721 3.31878 0)
(0.421064 3.44147 2.0675e-19)
(0.335548 3.52993 9.16103e-20)
(0.260439 3.59366 1.48753e-19)
(0.18509 3.57312 -1.17474e-20)
(0.411629 0.470583 2.29791e-19)
(0.878786 0.975698 -3.8128e-19)
(1.05307 1.20585 0)
(1.08416 1.25868 -6.83317e-20)
(1.05047 1.26148 2.34002e-19)
(0.990097 1.22824 0)
(0.917822 1.19167 0)
(0.841513 1.15485 -5.26338e-19)
(0.753364 1.1178 -5.70489e-20)
(0.650896 1.07933 8.71625e-19)
(0.536208 1.0381 -9.8199e-19)
(0.446177 1.01627 5.7255e-19)
(0.407795 1.22652 0)
(0.42124 2.18755 -4.70816e-19)
(0.464744 3.14528 3.08591e-19)
(0.528386 3.42187 1.93852e-19)
(0.52016 3.51792 0)
(0.457472 3.59923 -3.70769e-20)
(0.387718 3.63993 -4.10773e-19)
(0.307156 3.61157 -9.62064e-20)
(0.408636 0.481056 -4.58799e-19)
(0.871573 0.998314 5.46212e-19)
(1.04118 1.23035 3.77197e-19)
(1.07094 1.2825 -9.35083e-20)
(1.03719 1.28591 -3.57799e-19)
(0.977322 1.25268 0)
(0.90579 1.2162 9.50357e-21)
(0.829907 1.17939 1.90817e-19)
(0.741952 1.14341 3.05555e-20)
(0.641189 1.1076 -7.53021e-19)
(0.52848 1.07288 -5.21373e-20)
(0.448382 1.08177 -6.46173e-19)
(0.446759 1.46365 7.05952e-19)
(0.494059 2.55364 1.54945e-19)
(0.559563 3.30686 -2.72518e-19)
(0.611363 3.47327 1.41464e-19)
(0.571673 3.52398 0)
(0.514055 3.52771 0)
(0.420778 3.49188 -6.81814e-19)
(0.192635 3.28258 1.25867e-18)
(0.403969 0.4919 2.19943e-19)
(0.860799 1.01699 5.39073e-19)
(1.02757 1.25417 -3.85889e-19)
(1.05729 1.30836 3.41027e-19)
(1.02337 1.31079 3.7554e-19)
(0.963893 1.27672 0)
(0.893177 1.24013 -9.98278e-22)
(0.818484 1.20419 1.56594e-19)
(0.732077 1.16917 0)
(0.631824 1.13448 0)
(0.523722 1.10411 0)
(0.45876 1.15537 0)
(0.485436 1.69737 -7.96731e-19)
(0.551022 2.85946 -2.06509e-19)
(0.627464 3.3939 0)
(0.670928 3.48575 -2.42374e-20)
(0.668978 3.49124 0)
(0.746486 3.33166 1.41254e-19)
(0.842147 2.96226 -1.78181e-18)
(0.448226 2.58154 1.86867e-18)
(0.399962 0.502017 -4.48594e-19)
(0.851623 1.0426 -3.45881e-19)
(1.01339 1.28146 -2.56698e-19)
(1.04187 1.33416 -3.18944e-19)
(1.00811 1.33706 -1.83385e-19)
(0.949497 1.30281 0)
(0.879975 1.26612 4.36055e-21)
(0.806177 1.22984 -4.2491e-20)
(0.720466 1.19556 -2.29649e-19)
(0.6228 1.16309 0)
(0.520028 1.14264 5.13519e-20)
(0.474736 1.25459 -5.83928e-20)
(0.535056 1.95842 0)
(0.627115 3.0833 2.69394e-19)
(0.718292 3.43624 0)
(0.748326 3.47217 -1.00878e-19)
(0.752378 3.38106 2.77614e-19)
(0.745575 2.99959 -1.3943e-19)
(0.500901 1.98824 2.74734e-19)
(-0.342798 0.495796 -6.68357e-19)
(0.392161 0.51261 -1.33587e-20)
(0.83737 1.06201 -1.7712e-19)
(0.996771 1.3074 3.53668e-19)
(1.02572 1.36279 -1.97657e-20)
(0.991979 1.36437 -5.8634e-20)
(0.934111 1.329 0)
(0.86584 1.29198 6.59683e-20)
(0.793766 1.25663 -8.06473e-20)
(0.710439 1.22325 4.11685e-19)
(0.611233 1.19136 -5.07197e-19)
(0.522669 1.18061 -6.06861e-19)
(0.500118 1.36832 0)
(0.587284 2.25598 4.03083e-19)
(0.688935 3.21591 -5.5947e-20)
(0.762859 3.41586 2.84274e-20)
(0.771574 3.40673 0)
(0.700887 3.17546 -1.45851e-19)
(0.531707 2.39891 1.53632e-19)
(0.101381 0.626844 -1.82282e-19)
(-0.249606 -0.39546 -1.67742e-19)
(0.385773 0.523585 4.19663e-19)
(0.825336 1.09073 -1.73682e-19)
(0.979376 1.33798 2.49966e-19)
(1.00729 1.39117 1.9289e-19)
(0.973963 1.39334 1.18052e-19)
(0.917414 1.35786 2.23773e-19)
(0.850856 1.32088 -1.47379e-19)
(0.780183 1.28508 1.56855e-20)
(0.697963 1.25243 -3.01645e-19)
(0.601628 1.22375 3.32109e-20)
(0.525864 1.22952 9.73319e-20)
(0.528922 1.5187 -3.98754e-19)
(0.641408 2.52498 1.09261e-19)
(0.752307 3.29142 -2.14392e-19)
(0.815955 3.39195 3.4919e-20)
(0.790132 3.31142 7.88019e-20)
(0.663689 2.8622 -2.07921e-19)
(0.404999 1.62819 1.35379e-19)
(0.0594314 0.049588 0)
(-0.080009 -0.159581 -2.93266e-19)
(0.374901 0.530929 0)
(0.806408 1.10967 -6.59415e-19)
(0.958833 1.36569 2.40035e-20)
(0.988012 1.4228 -3.16965e-19)
(0.954953 1.42344 0)
(0.899667 1.38667 -1.65684e-19)
(0.834919 1.34919 1.49454e-19)
(0.766631 1.31447 -1.46734e-20)
(0.687956 1.28279 2.12897e-19)
(0.594584 1.25639 3.63615e-19)
(0.53062 1.28085 4.68894e-19)
(0.563352 1.67458 4.79106e-20)
(0.696161 2.7657 -2.9636e-19)
(0.801213 3.31771 1.34084e-20)
(0.834516 3.34715 6.23719e-21)
(0.761016 3.13031 7.67011e-20)
(0.525299 2.31843 8.84708e-20)
(0.116442 0.442138 -1.04856e-19)
(-0.137348 -0.24591 0)
(-0.116027 -0.207681 0)
(0.364505 0.541413 -4.06871e-19)
(0.790052 1.14011 6.54544e-19)
(0.93741 1.39912 0)
(0.965967 1.45343 0)
(0.933632 1.45477 0)
(0.880357 1.41799 0)
(0.817998 1.38075 -7.92537e-20)
(0.751794 1.34546 -1.60084e-20)
(0.674958 1.3145 -3.49742e-20)
(0.588246 1.29214 3.80688e-20)
(0.537485 1.34581 -3.88347e-19)
(0.599309 1.85726 2.82847e-19)
(0.749307 2.95468 0)
(0.842415 3.32125 3.61803e-20)
(0.863952 3.28665 5.9453e-20)
(0.720908 2.86579 -2.30683e-20)
(0.39285 1.68184 1.0391e-19)
(0.016314 -0.041295 5.98384e-20)
(-0.156456 -0.202356 -2.44095e-19)
(-0.0574172 -0.13728 -2.85485e-19)
(0.348494 0.545023 2.0609e-19)
(0.764609 1.15605 3.06078e-19)
(0.912183 1.42733 -9.32732e-21)
(0.942836 1.48753 1.679e-19)
(0.911053 1.48721 0)
(0.859879 1.44907 3.14833e-19)
(0.799954 1.41105 -6.46566e-20)
(0.736892 1.37682 1.83827e-20)
(0.663318 1.34652 -3.58678e-20)
(0.583476 1.32854 2.75195e-20)
(0.548723 1.41515 2.62198e-19)
(0.641627 2.06556 -1.30149e-19)
(0.796773 3.07305 -1.12753e-19)
(0.875794 3.30695 1.70743e-21)
(0.85452 3.18016 -3.13249e-20)
(0.625169 2.51001 1.41786e-19)
(0.188102 0.71676 -7.92577e-20)
(-0.0850508 -0.273723 1.17123e-19)
(-0.128567 -0.222744 -3.58037e-19)
(-0.0594699 -0.122495 2.50356e-19)
(0.331843 0.550887 -1.92777e-19)
(0.74134 1.18437 0)
(0.886136 1.46219 -2.24646e-19)
(0.916249 1.51955 -3.23888e-19)
(0.885645 1.52 0)
(0.837568 1.482 -2.45913e-19)
(0.780748 1.44446 0)
(0.720537 1.40949 -1.18324e-19)
(0.647942 1.37989 -2.08164e-20)
(0.579544 1.36827 6.93437e-20)
(0.561409 1.49907 -1.27756e-19)
(0.682436 2.26543 7.18891e-20)
(0.838466 3.14539 1.7857e-19)
(0.904021 3.28384 1.09629e-20)
(0.846048 3.03725 -3.16791e-20)
(0.527303 2.07806 -4.83968e-20)
(0.0756091 0.117634 1.24473e-19)
(-0.184544 -0.257904 -1.38417e-19)
(-0.104583 -0.210058 4.64387e-22)
(-0.050352 -0.0745987 -2.61856e-20)
(0.309027 0.547386 3.83535e-19)
(0.70873 1.1943 -2.93502e-19)
(0.855488 1.48818 2.39313e-19)
(0.88804 1.5549 1.56047e-19)
(0.858749 1.55386 2.82785e-20)
(0.813993 1.51456 1.54944e-19)
(0.760089 1.47591 0)
(0.703901 1.44171 -3.82234e-20)
(0.635454 1.41321 0)
(0.575637 1.40835 -6.48554e-20)
(0.577391 1.5847 1.2674e-19)
(0.725084 2.44639 -3.29935e-21)
(0.875835 3.18669 -6.21714e-20)
(0.922742 3.24107 3.78216e-20)
(0.798634 2.83977 -1.24437e-20)
(0.377891 1.51391 6.323e-20)
(-0.0520425 -0.131025 -1.87839e-19)
(-0.227546 -0.256278 -1.07259e-19)
(-0.123694 -0.247527 -4.1184e-20)
(-0.0701871 -0.0840691 1.95022e-19)
(0.285502 0.544313 4.3017e-21)
(0.678655 1.21816 1.50597e-19)
(0.823257 1.52086 0)
(0.855472 1.58633 2.93365e-19)
(0.828724 1.58667 -4.17945e-19)
(0.788247 1.54766 1.56654e-19)
(0.738076 1.5098 -1.04744e-19)
(0.685886 1.47472 9.91343e-20)
(0.619839 1.44765 -8.80472e-20)
(0.571182 1.45128 -2.0291e-21)
(0.592507 1.67859 2.76737e-20)
(0.765349 2.60166 5.07796e-20)
(0.903255 3.19469 3.58666e-20)
(0.928534 3.19038 -5.88655e-20)
(0.747199 2.60077 -5.80505e-20)
(0.284112 1.01362 1.11344e-19)
(-0.050507 -0.249407 -1.09916e-19)
(-0.204736 -0.294834 7.56047e-20)
(-0.11563 -0.274755 1.71277e-21)
(-0.077273 -0.102718 -1.66688e-19)
(0.255477 0.527075 7.13584e-19)
(0.63699 1.21538 -1.50101e-19)
(0.785338 1.54034 -4.09697e-19)
(0.821054 1.61986 3.32594e-19)
(0.79747 1.62051 -1.82737e-19)
(0.76101 1.58037 3.02847e-19)
(0.714169 1.54112 1.63128e-19)
(0.667142 1.50638 0)
(0.607296 1.48051 1.01237e-19)
(0.565821 1.49336 -1.46427e-20)
(0.609339 1.76542 -1.24384e-20)
(0.8021 2.72182 -7.12976e-21)
(0.925871 3.19626 1.89565e-20)
(0.929681 3.1235 8.79312e-21)
(0.676278 2.39082 -8.82751e-20)
(0.165455 0.462593 -3.33295e-20)
(-0.0500013 -0.27404 1.09716e-19)
(-0.12475 -0.290966 4.97601e-20)
(-0.0982214 -0.25833 1.63472e-20)
(-0.0520745 -0.10734 1.40607e-19)
(0.223948 0.505759 0)
(0.597388 1.22689 1.39738e-19)
(0.744816 1.56612 -1.86062e-19)
(0.781982 1.64693 3.22603e-19)
(0.763115 1.65089 -3.99142e-19)
(0.730829 1.61133 1.66393e-19)
(0.688816 1.57345 0)
(0.646825 1.53786 0)
(0.593207 1.51301 0)
(0.558536 1.53638 2.09777e-20)
(0.621343 1.85001 -1.96566e-20)
(0.831445 2.81033 1.73987e-20)
(0.938892 3.19304 4.73355e-20)
(0.919557 3.0513 4.76568e-20)
(0.60972 2.14274 -8.48497e-20)
(0.0601284 0.147739 5.83385e-20)
(-0.13113 -0.285942 3.06627e-21)
(-0.107807 -0.302794 -1.15005e-19)
(-0.0851979 -0.218857 1.36816e-20)
(-0.0272931 -0.0748613 0)
(0.186058 0.46365 6.54023e-19)
(0.54386 1.19906 -1.30668e-19)
(0.698331 1.5727 4.65611e-21)
(0.741674 1.67498 0)
(0.72705 1.68152 -1.91872e-19)
(0.699239 1.6427 1.84944e-20)
(0.661353 1.60282 0)
(0.625277 1.56713 5.03734e-20)
(0.579167 1.54237 -3.97498e-20)
(0.551371 1.57462 0)
(0.633275 1.91992 0)
(0.852351 2.87175 -3.17662e-20)
(0.948476 3.18745 -6.1502e-20)
(0.907462 2.97992 2.855e-21)
(0.535995 1.91935 -2.17581e-20)
(0.0157448 0.00183955 3.11881e-20)
(-0.157787 -0.288884 0)
(-0.119267 -0.33437 -6.60148e-20)
(-0.0854863 -0.21388 -1.01024e-19)
(-0.016851 -0.0599354 2.46771e-19)
(0.146261 0.410034 5.39575e-19)
(0.492819 1.18459 -1.25112e-19)
(0.648169 1.58247 1.77156e-19)
(0.695862 1.69289 -4.39814e-19)
(0.687251 1.70443 0)
(0.664731 1.66896 0)
(0.632476 1.63089 0)
(0.602611 1.59499 5.31806e-20)
(0.563401 1.57003 -4.19618e-20)
(0.541735 1.6089 0)
(0.637074 1.98048 0)
(0.86554 2.90722 1.0045e-19)
(0.950867 3.19009 -3.62563e-20)
(0.889028 2.92268 4.35335e-20)
(0.52706 1.77563 5.22509e-20)
(0.025039 -0.0429771 0)
(-0.16627 -0.292269 -1.24264e-20)
(-0.140515 -0.370701 -2.18973e-20)
(-0.0867996 -0.24272 2.14519e-19)
(-0.00982163 -0.0630785 -2.62098e-19)
(0.102763 0.32864 -5.01526e-19)
(0.424793 1.10965 1.31302e-19)
(0.592196 1.56412 3.72386e-19)
(0.649413 1.7091 2.53068e-19)
(0.645273 1.72804 -2.04943e-19)
(0.629286 1.69679 -1.3586e-19)
(0.601232 1.656 9.29126e-20)
(0.577655 1.61961 0)
(0.547129 1.59303 0)
(0.529944 1.63288 0)
(0.636411 2.00708 -7.59893e-20)
(0.873906 2.92822 -1.00353e-19)
(0.947239 3.19798 3.38599e-20)
(0.866366 2.91887 -1.92087e-20)
(0.484426 1.70205 1.14044e-20)
(-0.0535626 0.0853638 0)
(-0.246077 -0.198755 3.49775e-20)
(-0.229993 -0.322357 -1.10291e-19)
(-0.129745 -0.234671 2.64441e-19)
(-0.00279028 0.0197934 -1.51821e-19)
(0.0541585 0.22728 5.30541e-19)
(0.359041 1.04655 -4.35858e-19)
(0.529049 1.53907 0)
(0.595666 1.70815 1.2551e-19)
(0.600491 1.73836 9.08021e-20)
(0.590721 1.71397 1.91426e-19)
(0.568848 1.67641 -8.68502e-20)
(0.551774 1.64049 0)
(0.528295 1.61332 0)
(0.515432 1.65037 -1.51258e-19)
(0.622578 2.0074 -3.59471e-21)
(0.882501 2.91923 8.45975e-20)
(0.954464 3.20862 5.39634e-20)
(0.823351 2.96183 1.11917e-19)
(0.425592 1.73479 -1.51424e-19)
(-0.150824 0.419281 2.97198e-19)
(-0.342192 -0.252924 -2.04649e-19)
(-0.405449 -0.647907 0)
(-0.346088 -0.728257 -2.40069e-20)
(-0.0993665 -0.297402 4.22666e-19)
(0.0150092 0.136633 5.4292e-19)
(0.266922 0.887012 0)
(0.461575 1.472 0)
(0.542295 1.70069 0)
(0.553795 1.75067 7.61616e-20)
(0.551356 1.73505 -1.89679e-19)
(0.533375 1.69489 -8.48592e-20)
(0.522102 1.65716 0)
(0.507538 1.6267 0)
(0.499069 1.65787 9.37411e-20)
(0.609263 1.97635 3.14866e-20)
(0.867638 2.88855 -4.142e-20)
(0.990117 3.21091 3.28386e-20)
(0.928804 3.07644 1.41999e-19)
(0.595416 1.99894 -2.55377e-19)
(0.118986 0.515667 4.10934e-19)
(-0.258458 -0.340167 -4.12851e-19)
(-0.435474 -0.915563 0)
(-0.403771 -1.23255 2.19488e-20)
(-0.2414 -0.956353 6.01984e-19)
(-0.00450464 0.0749946 -5.05184e-19)
(0.182608 0.741513 1.73991e-19)
(0.38305 1.37097 2.7026e-19)
(0.480987 1.65997 -1.46761e-20)
(0.505839 1.74018 -1.64041e-19)
(0.508532 1.73718 -1.05807e-19)
(0.498021 1.70575 2.38315e-19)
(0.491244 1.66846 -5.36921e-21)
(0.482875 1.63439 0)
(0.478485 1.6557 2.55519e-20)
(0.577202 1.91786 -1.4144e-20)
(0.878759 2.78177 3.90995e-20)
(1.07254 3.1642 0)
(1.13321 3.03957 -6.14959e-20)
(1.07427 2.4951 0)
(0.763279 1.42104 -8.34548e-20)
(0.320726 0.443664 -1.40968e-20)
(0.0515619 -0.51798 0)
(-0.240053 -1.41135 0)
(-0.203516 -1.35574 4.55157e-19)
(-0.00178375 0.0105596 4.06121e-19)
(0.0814259 0.388016 -1.52255e-19)
(0.319294 1.20436 1.21002e-19)
(0.423991 1.60053 -1.90826e-19)
(0.455681 1.73388 7.48713e-20)
(0.463623 1.74393 -2.56003e-20)
(0.457591 1.7195 1.60646e-20)
(0.452928 1.67576 -3.16315e-20)
(0.452253 1.6336 -2.04418e-20)
(0.453981 1.64065 -1.80782e-20)
(0.530629 1.82412 4.64507e-21)
(0.809838 2.59244 0)
(1.0747 3.02423 4.46468e-21)
(1.10812 2.95282 0)
(1.07195 2.61219 0)
(0.932658 1.87813 0)
(0.598543 0.961203 1.96762e-19)
(0.337633 0.0421868 -4.17749e-19)
(0.131797 -0.605697 -1.53118e-20)
(-0.0357695 -0.966507 3.53099e-19)
(0.00795635 -0.0443566 7.25805e-20)
(0.020762 0.145167 6.80529e-20)
(0.209283 0.909551 -5.54491e-20)
(0.35347 1.46623 -4.20255e-20)
(0.405665 1.68371 3.39712e-20)
(0.418647 1.72756 2.3889e-20)
(0.416786 1.71977 1.67804e-20)
(0.411484 1.68021 0)
(0.412426 1.62777 -8.47967e-21)
(0.418099 1.61518 -4.81763e-21)
(0.450436 1.71582 1.1541e-20)
(0.628031 2.29707 0)
(0.894447 2.86667 1.61261e-20)
(0.949194 2.8467 -2.29024e-20)
(0.925223 2.65876 0)
(0.843494 2.23158 0)
(0.612762 1.51407 -1.94103e-20)
(0.378328 0.753635 0)
(0.174187 -0.00556955 -1.58565e-20)
(0.040822 -0.343679 0)
(0.00305434 -0.0773929 0)
(0.00268981 -0.00365775 0)
(0.0874244 0.485994 0)
(0.267331 1.25715 0)
(0.340922 1.62203 -8.43473e-34)
(0.364112 1.71899 6.31864e-34)
(0.365663 1.71672 0)
(0.361985 1.6865 0)
(0.359919 1.62094 0)
(0.365305 1.58837 0)
(0.373184 1.6388 0)
(0.445437 2.02794 0)
(0.692171 2.70973 0)
(0.729031 2.78575 0)
(0.705683 2.71031 0)
(0.666722 2.46926 0)
(0.537507 1.98714 0)
(0.357101 1.36119 0)
(0.181775 0.740526 0)
(0.0450219 0.257892 0)
(-0.00466554 -0.0783522 0)
(0.00540571 -0.0851754 0)
(0.0251975 0.157286 0)
(0.181072 0.951829 0)
(0.27592 1.47892 0)
(0.310953 1.67596 0)
(0.315529 1.70596 0)
(0.312278 1.68674 0)
(0.305385 1.61887 0)
(0.306904 1.57119 0)
(0.306315 1.59976 0)
(0.317759 1.89922 0)
(0.528483 2.59211 0)
(0.559158 2.77997 0)
(0.536301 2.76176 0)
(0.506001 2.62742 0)
(0.426173 2.30073 0)
(0.281921 1.74655 0)
(0.138931 1.18863 0)
(0.0305707 0.643004 0)
(-0.00635385 -0.0737852 0)
(0.00757765 -0.116008 0)
(0.0083517 0.029551 0)
(0.0998413 0.719239 0)
(0.206023 1.36853 0)
(0.248641 1.63806 0)
(0.258076 1.69558 0)
(0.257629 1.68464 0)
(0.249696 1.62113 0)
(0.247825 1.5634 0)
(0.249427 1.5846 0)
(0.222273 1.83338 0)
(0.38885 2.51095 0)
(0.42022 2.7942 0)
(0.38722 2.82117 0)
(0.358396 2.75345 0)
(0.305355 2.52595 0)
(0.200059 2.06669 0)
(0.0916657 1.54924 0)
(0.016174 0.923962 0)
(-0.00350738 -0.0683983 0)
(0.00485874 -0.142795 0)
(0.0133925 -0.04382 0)
(0.0565327 0.468347 0)
(0.159591 1.23055 0)
(0.194025 1.58928 0)
(0.199999 1.68267 0)
(0.20018 1.68008 0)
(0.193334 1.62585 0)
(0.191181 1.56596 0)
(0.20181 1.58486 0)
(0.152542 1.80079 0)
(0.276422 2.45188 0)
(0.308089 2.80512 0)
(0.267779 2.87532 0)
(0.241672 2.84759 0)
(0.202478 2.68443 0)
(0.130333 2.29337 0)
(0.0521202 1.7969 0)
(0.00643264 1.09729 0)
(0.00418278 -0.0850913 0)
(0.0233676 -0.192483 0)
(0.0524114 -0.0961529 0)
(0.0409462 0.314451 0)
(0.117855 1.12983 0)
(0.137933 1.54826 0)
(0.14182 1.67149 0)
(0.144073 1.67581 0)
(0.140795 1.6296 0)
(0.138931 1.57212 0)
(0.158526 1.58989 0)
(0.102571 1.78176 0)
(0.187422 2.41687 0)
(0.214633 2.82013 0)
(0.178112 2.92588 0)
(0.153409 2.92084 0)
(0.127823 2.80157 0)
(0.0775967 2.46278 0)
(0.0246099 1.98436 0)
(-0.00510414 1.19189 0)
(0.0126654 -0.172653 0)
(0.0392326 -0.300111 0)
(0.0648903 -0.145949 0)
(0.0281593 0.318863 0)
(0.0573481 1.07602 0)
(0.0706716 1.52171 0)
(0.0776358 1.65941 0)
(0.0859295 1.66919 0)
(0.0906575 1.62897 0)
(0.0915469 1.57692 0)
(0.118892 1.59522 0)
(0.0638659 1.77153 0)
(0.122784 2.39035 0)
(0.14319 2.83202 0)
(0.111777 2.96604 0)
(0.0910651 2.97794 0)
(0.0731804 2.88184 0)
(0.0368319 2.56964 0)
(0.000951218 2.08176 0)
(-0.00957266 1.18923 0)
(0.0131243 -0.28294 0)
(0.0350354 -0.362171 0)
(0.0352019 -0.124766 0)
(-0.0106288 0.370594 0)
(-0.0246841 1.07757 0)
(-0.0131158 1.51285 0)
(0.00704705 1.65071 0)
(0.0291059 1.65929 0)
(0.046077 1.62182 0)
(0.0494936 1.57591 0)
(0.0824482 1.59872 0)
(0.0367284 1.76632 0)
(0.0746479 2.38004 0)
(0.0869313 2.84491 0)
(0.0617528 2.99875 0)
(0.0454949 3.02269 0)
(0.0332705 2.94041 0)
(0.00952783 2.64401 0)
(-0.0105771 2.15007 0)
(-0.0138784 1.163 0)
(0.00831391 -0.335494 0)
(0.0018193 -0.369654 0)
(-0.02505 -0.0206354 0)
(-0.0830463 0.510139 0)
(-0.110501 1.14111 0)
(-0.0993407 1.49963 0)
(-0.0654853 1.62474 0)
(-0.0296593 1.64065 0)
(0.00264024 1.60702 0)
(0.0122194 1.56919 0)
(0.04933 1.59857 0)
(0.0149021 1.76234 0)
(0.0430959 2.36997 0)
(0.0452658 2.85427 0)
(0.024733 3.02251 0)
(0.012026 3.05507 0)
(0.00253841 2.97667 0)
(-0.0137716 2.68107 0)
(-0.0265877 2.15465 0)
(-0.0157947 1.09839 0)
(-0.0041679 -0.306043 0)
(-0.0340458 -0.256774 0)
(-0.0826957 0.110689 0)
(-0.133854 0.627805 0)
(-0.163473 1.16034 0)
(-0.146932 1.45563 0)
(-0.112204 1.57435 0)
(-0.0734925 1.60482 0)
(-0.0321395 1.58146 0)
(-0.0190844 1.55267 0)
(0.0220656 1.59452 0)
(-0.00311358 1.76276 0)
(0.0171969 2.36757 0)
(0.0135879 2.86005 0)
(-0.00138138 3.0389 0)
(-0.0118012 3.07745 0)
(-0.0189905 3.00057 0)
(-0.0289406 2.70047 0)
(-0.032268 2.14145 0)
(-0.0173567 1.00676 0)
(-0.0104139 -0.216422 0)
(-0.0457851 -0.119807 0)
(-0.0996926 0.241336 0)
(-0.15077 0.718261 0)
(-0.16638 1.15766 0)
(-0.160015 1.40101 0)
(-0.127289 1.51567 0)
(-0.0944123 1.55735 0)
(-0.0530765 1.54825 0)
(-0.0399862 1.53089 0)
(0.00183869 1.58676 0)
(-0.0154662 1.75962 0)
(-0.00104624 2.36775 0)
(-0.00895291 2.86625 0)
(-0.0188059 3.05005 0)
(-0.0269228 3.09054 0)
(-0.0319932 3.01063 0)
(-0.0383706 2.70085 0)
(-0.0356226 2.10792 0)
(-0.016325 0.906851 0)
(-0.0107557 -0.11202 0)
(-0.0451692 0.0317491 0)
(-0.0963402 0.370777 0)
(-0.143169 0.795749 0)
(-0.158079 1.15928 0)
(-0.150046 1.36304 0)
(-0.122372 1.46775 0)
(-0.098033 1.51255 0)
(-0.0615755 1.51372 0)
(-0.0510748 1.5078 0)
(-0.00995933 1.57673 0)
(-0.026339 1.76001 0)
(-0.0146803 2.3681 0)
(-0.0243016 2.87115 0)
(-0.0301823 3.05782 0)
(-0.0360615 3.0996 0)
(-0.0387878 3.01589 0)
(-0.0415706 2.69357 0)
(-0.0348742 2.0614 0)
(-0.0126099 0.814632 0)
(-0.0085862 -0.0169775 0)
(-0.0375734 0.164348 0)
(-0.0810004 0.481391 0)
(-0.119032 0.860743 0)
(-0.137078 1.16628 0)
(-0.129252 1.3411 0)
(-0.110141 1.43468 0)
(-0.0923732 1.47886 0)
(-0.0613378 1.48529 0)
(-0.0548661 1.4879 0)
(-0.0160058 1.56628 0)
(-0.0332391 1.75895 0)
(-0.0244637 2.37322 0)
(-0.033812 2.87764 0)
(-0.0370447 3.06379 0)
(-0.0407037 3.10426 0)
(-0.0410623 3.01487 0)
(-0.0408344 2.67707 0)
(-0.0317874 2.00471 0)
(-0.00841871 0.733718 0)
(-0.00588799 0.0584516 0)
(-0.0278221 0.276379 0)
(-0.0625177 0.576373 0)
(-0.0924978 0.916564 0)
(-0.107398 1.18009 0)
(-0.104896 1.33232 0)
(-0.0938665 1.41604 0)
(-0.0832895 1.45664 0)
(-0.0577789 1.46463 0)
(-0.0543656 1.47174 0)
(-0.0186078 1.55676 0)
(-0.0383897 1.7599 0)
(-0.0297466 2.37605 0)
(-0.0385143 2.883 0)
(-0.0401256 3.06891 0)
(-0.0418948 3.10845 0)
(-0.0413484 3.01172 0)
(-0.0392218 2.66311 0)
(-0.0276048 1.95109 0)
(-0.00493827 0.66967 0)
(-0.00344577 0.109433 0)
(-0.0185891 0.358758 0)
(-0.0449075 0.650156 0)
(-0.0686832 0.963194 0)
(-0.0810321 1.19632 0)
(-0.0822799 1.33158 0)
(-0.0764498 1.40716 0)
(-0.0705621 1.44361 0)
(-0.050147 1.45061 0)
(-0.0506615 1.46024 0)
(-0.0193551 1.54986 0)
(-0.039298 1.76208 0)
(-0.0319682 2.38228 0)
(-0.039644 2.88814 0)
(-0.0406377 3.07173 0)
(-0.041281 3.10842 0)
(-0.0397811 3.00447 0)
(-0.035816 2.63513 0)
(-0.023243 1.89024 0)
(-0.00240309 0.618095 0)
(-0.00180914 0.142628 0)
(-0.0116457 0.419302 0)
(-0.0309789 0.707423 0)
(-0.049267 1.00052 0)
(-0.0593636 1.21268 0)
(-0.0631864 1.33557 0)
(-0.0611246 1.40404 0)
(-0.0591653 1.43579 0)
(-0.0431014 1.44162 0)
(-0.0466452 1.45283 0)
(-0.0193962 1.54584 0)
(-0.0375419 1.76398 0)
(-0.0319129 2.38541 0)
(-0.0392434 2.89164 0)
(-0.0396447 3.07308 0)
(-0.0401779 3.10724 0)
(-0.038095 2.99811 0)
(-0.033119 2.61621 0)
(-0.0193307 1.83823 0)
(-0.000701885 0.579897 0)
(-0.000805975 0.161767 0)
(-0.00674824 0.459796 0)
(-0.0205013 0.749482 0)
(-0.0347779 1.0297 0)
(-0.0427823 1.22761 0)
(-0.0477962 1.34102 0)
(-0.0475619 1.40352 0)
(-0.0477212 1.4315 0)
(-0.0354415 1.43581 0)
(-0.0424953 1.44796 0)
(-0.0180553 1.54367 0)
(-0.0368729 1.76926 0)
(-0.0305945 2.39093 0)
(-0.0381054 2.89455 0)
(-0.0384776 3.07274 0)
(-0.0382443 3.10392 0)
(-0.0352164 2.98476 0)
(-0.0298675 2.58245 0)
(-0.0156036 1.77825 0)
(0.000292231 0.548842 0)
(-0.00030144 0.172621 0)
(-0.0036871 0.48754 0)
(-0.013269 0.781837 0)
(-0.0243356 1.05321 0)
(-0.0308958 1.2411 0)
(-0.0362324 1.34762 0)
(-0.0378194 1.40454 0)
(-0.0399608 1.42829 0)
(-0.0300875 1.43138 0)
(-0.0389529 1.44404 0)
(-0.0160062 1.54223 0)
(-0.0333234 1.77213 0)
(-0.0293589 2.39325 0)
(-0.0365556 2.89567 0)
(-0.0366272 3.07206 0)
(-0.0363772 3.10117 0)
(-0.033968 2.97689 0)
(-0.0280899 2.56226 0)
(-0.0128356 1.73173 0)
(0.000741422 0.527733 0)
(-3.62153e-05 0.177671 0)
(-0.00177203 0.503992 0)
(-0.00827267 0.803856 0)
(-0.0168868 1.07073 0)
(-0.0224821 1.25226 0)
(-0.0272136 1.35459 0)
(-0.0288371 1.40752 0)
(-0.0322843 1.42779 0)
(-0.0243635 1.4288 0)
(-0.0347203 1.44126 0)
(-0.0139926 1.54082 0)
(-0.0312682 1.77746 0)
(-0.0281936 2.39826 0)
(-0.0355371 2.8986 0)
(-0.0355923 3.07163 0)
(-0.0348847 3.09694 0)
(-0.0321408 2.96187 0)
(-0.0261467 2.52596 0)
(-0.0109256 1.67475 0)
(0.000871235 0.507852 0)
(6.03607e-05 0.180317 0)
(-0.000837913 0.515749 0)
(-0.00529705 0.822138 0)
(-0.0121818 1.0864 0)
(-0.0170153 1.26239 0)
(-0.0216839 1.36054 0)
(-0.0233802 1.41035 0)
(-0.027157 1.42832 0)
(-0.0196836 1.42771 0)
(-0.030368 1.43921 0)
(-0.0116045 1.53999 0)
(-0.0292208 1.78019 0)
(-0.0260621 2.40107 0)
(-0.0342696 2.90006 0)
(-0.0340661 3.07144 0)
(-0.0341117 3.09485 0)
(-0.0315729 2.95417 0)
(-0.0255106 2.50679 0)
(-0.00961463 1.63523 0)
(0.000752359 0.494892 0)
(9.54049e-05 0.180856 0)
(-0.000296967 0.521685 0)
(-0.00320327 0.833692 0)
(-0.00820205 1.09763 0)
(-0.0122662 1.27152 0)
(-0.0167294 1.36728 0)
(-0.0183384 1.41447 0)
(-0.0228033 1.43022 0)
(-0.0160182 1.42771 0)
(-0.0272134 1.43831 0)
(-0.0100097 1.54029 0)
(-0.0273754 1.78655 0)
(-0.0253617 2.40734 0)
(-0.0332693 2.9035 0)
(-0.032861 3.07156 0)
(-0.0329356 3.091 0)
(-0.0304747 2.9387 0)
(-0.0243702 2.46875 0)
(-0.00854235 1.58065 0)
(0.000587964 0.478702 0)
(0.000124305 0.18116 0)
(-8.83511e-05 0.526625 0)
(-0.00237463 0.842984 0)
(-0.00654142 1.10638 0)
(-0.00966141 1.2782 0)
(-0.0137245 1.3716 0)
(-0.0148832 1.41663 0)
(-0.0193306 1.43071 0)
(-0.0129582 1.42805 0)
(-0.0247689 1.43768 0)
(-0.00897493 1.54084 0)
(-0.0259491 1.79034 0)
(-0.0247759 2.41128 0)
(-0.0331403 2.90592 0)
(-0.0326824 3.07227 0)
(-0.0332148 3.08921 0)
(-0.0304482 2.93068 0)
(-0.0238805 2.44901 0)
(-0.00791897 1.54764 0)
(0.000315802 0.469224 0)
(5.75467e-05 0.181049 0)
(-0.000138131 0.53022 0)
(-0.00193266 0.85163 0)
(-0.00550548 1.11524 0)
(-0.00850816 1.28631 0)
(-0.0122263 1.3778 0)
(-0.0133735 1.42009 0)
(-0.0178063 1.43224 0)
(-0.0122295 1.42885 0)
(-0.0238885 1.4379 0)
(-0.00829712 1.54206 0)
(-0.0256163 1.79829 0)
(-0.0245201 2.41976 0)
(-0.0332007 2.91065 0)
(-0.0330341 3.07258 0)
(-0.0329659 3.08572 0)
(-0.0300336 2.91448 0)
(-0.0233793 2.40944 0)
(-0.00764162 1.49531 0)
(0.00022031 0.453427 0)
(2.56755e-05 0.181295 0)
(-0.000396743 0.532802 0)
(-0.00209278 0.856594 0)
(-0.00516479 1.12009 0)
(-0.00777987 1.28984 0)
(-0.0107907 1.38054 0)
(-0.0120181 1.42166 0)
(-0.0163486 1.43305 0)
(-0.0118529 1.42963 0)
(-0.0231374 1.43784 0)
(-0.0085999 1.54259 0)
(-0.0253939 1.8026 0)
(-0.0250044 2.42465 0)
(-0.0348933 2.91363 0)
(-0.0340823 3.07322 0)
(-0.0342531 3.08377 0)
(-0.0308896 2.90553 0)
(-0.0233195 2.38871 0)
(-0.00715376 1.46679 0)
(-4.84017e-06 0.44548 0)
(3.69192e-05 0.18206 0)
(-0.000360603 0.537161 0)
(-0.00205272 0.864664 0)
(-0.00483998 1.12862 0)
(-0.00770333 1.29686 0)
(-0.0103484 1.38583 0)
(-0.0114501 1.42515 0)
(-0.0157918 1.43542 0)
(-0.0120329 1.43152 0)
(-0.0227432 1.43807 0)
(-0.0090959 1.54409 0)
(-0.0254544 1.81119 0)
(-0.0258791 2.43472 0)
(-0.0358531 2.91864 0)
(-0.0346886 3.07286 0)
(-0.0344406 3.07938 0)
(-0.0305847 2.88702 0)
(-0.0227294 2.34687 0)
(-0.00720536 1.41592 0)
(0.000138225 0.42965 0)
(-5.00446e-05 0.182357 0)
(-0.000554611 0.539308 0)
(-0.00232605 0.868368 0)
(-0.00468399 1.13235 0)
(-0.00753651 1.30013 0)
(-0.010249 1.38824 0)
(-0.0116739 1.42688 0)
(-0.0157273 1.43681 0)
(-0.0128705 1.43269 0)
(-0.022694 1.43831 0)
(-0.0111829 1.54448 0)
(-0.0267703 1.81537 0)
(-0.0269439 2.43993 0)
(-0.0375238 2.92088 0)
(-0.0360923 3.07271 0)
(-0.036024 3.07667 0)
(-0.0317184 2.87676 0)
(-0.0228982 2.32509 0)
(-0.00672592 1.39099 0)
(0.000264057 0.423821 0)
(-0.000200878 0.185302 0)
(-0.000946226 0.546269 0)
(-0.00276969 0.87796 0)
(-0.00491939 1.14128 0)
(-0.00723075 1.30847 0)
(-0.00990032 1.39454 0)
(-0.0115016 1.4315 0)
(-0.0151251 1.44039 0)
(-0.0134589 1.43641 0)
(-0.0228101 1.44006 0)
(-0.0142849 1.54854 0)
(-0.0288949 1.82635 0)
(-0.0293786 2.45294 0)
(-0.0388843 2.92677 0)
(-0.036603 3.07064 0)
(-0.0362042 3.06818 0)
(-0.0314563 2.84872 0)
(-0.0227879 2.26801 0)
(-0.007865 1.32556 0)
(-0.000970454 0.399506 0)
(-0.236005 1.56665 1.26275e-22)
(0.394601 3.23296 1.8826e-20)
(0.0906077 3.46426 6.24846e-20)
(0.197321 3.4336 0)
(0.156192 3.38833 0)
(0.150416 3.34164 -3.80125e-19)
(0.15273 3.3152 3.93886e-19)
(0.125525 3.27284 -4.1455e-19)
(0.112809 3.18018 7.64842e-21)
(0.0955729 2.56872 5.68295e-19)
(-0.105287 2.32117 1.02571e-23)
(0.130313 3.28831 1.66347e-19)
(0.00950949 3.43701 0)
(0.0961728 3.39028 0)
(0.0717608 3.34454 1.12838e-20)
(0.0768704 3.30738 7.88327e-19)
(0.0732182 3.27674 -4.39608e-19)
(0.049658 3.24149 -7.38551e-21)
(0.0500457 3.08414 7.04517e-21)
(0.000655499 2.08711 0)
(-0.0279414 2.0716 1.80847e-19)
(0.0849737 3.14003 -1.91389e-19)
(0.023065 3.34498 0)
(0.0712879 3.32453 3.62857e-19)
(0.0509424 3.30297 -1.35511e-21)
(0.0517971 3.28155 -4.09941e-19)
(0.045474 3.26642 -5.09118e-19)
(0.030098 3.24602 -2.11987e-22)
(0.0406659 3.11956 7.26886e-21)
(-0.0168029 2.21184 0)
(-0.0408617 2.01679 -4.60962e-20)
(0.027442 3.11729 0)
(-0.0142744 3.30866 -1.91831e-19)
(0.0205507 3.30723 -1.57688e-19)
(0.0157614 3.28358 1.43237e-20)
(0.0218042 3.26149 -2.65522e-19)
(0.026757 3.24649 2.36546e-19)
(0.02127 3.23366 -8.49403e-21)
(0.0418561 3.12564 1.12093e-20)
(0.00719878 2.25063 2.91901e-19)
(-0.0529335 2.02431 -1.48571e-19)
(0.0129242 3.08958 0)
(-0.00796995 3.26669 4.14131e-19)
(0.0107562 3.26208 -2.28733e-19)
(0.0137987 3.24824 -6.9964e-22)
(0.016616 3.23777 -2.08208e-21)
(0.0212238 3.23326 -1.55478e-20)
(0.0218116 3.22433 -3.0174e-19)
(0.0429026 3.12778 8.29031e-21)
(-0.00312558 2.31227 -6.11436e-19)
(-0.0500149 2.08405 0)
(-0.0104399 3.08579 -2.27957e-19)
(-0.0287351 3.24268 1.89394e-20)
(-0.0153052 3.24688 -1.58585e-20)
(-0.00585592 3.23222 1.62486e-20)
(0.00316155 3.21969 2.69802e-19)
(0.0155343 3.21138 2.82229e-19)
(0.0209038 3.20545 5.93684e-19)
(0.0427035 3.12404 3.2903e-19)
(0.0105834 2.35428 -1.66785e-20)
(-0.0512929 2.14093 0)
(-0.0199867 3.08186 2.35843e-19)
(-0.0192394 3.21381 -2.47567e-19)
(-0.0117129 3.21273 -1.7133e-20)
(-0.000458539 3.20248 3.54289e-20)
(0.00746086 3.19602 3.65108e-22)
(0.0165711 3.19535 -1.90566e-20)
(0.0218333 3.19111 -3.10411e-19)
(0.0423246 3.12164 -3.20046e-19)
(0.0038442 2.41982 -1.72765e-20)
(-0.0477072 2.22817 2.72112e-19)
(-0.0286696 3.08541 -1.26423e-20)
(-0.0322085 3.19388 8.72344e-21)
(-0.0237379 3.19534 0)
(-0.0134778 3.18549 0)
(-0.0013437 3.17775 0)
(0.0131681 3.17193 0)
(0.0206433 3.16933 3.46272e-19)
(0.0412042 3.11264 -3.56861e-19)
(0.015332 2.46392 3.5268e-19)
(-0.0464123 2.30634 2.63754e-20)
(-0.0329917 3.08466 2.89834e-19)
(-0.0211326 3.16956 0)
(-0.0146313 3.16539 -1.95247e-20)
(-0.00401558 3.15769 1.9968e-20)
(0.00526351 3.15335 0)
(0.0149574 3.15403 -1.08267e-20)
(0.0207407 3.15285 -3.36076e-19)
(0.0401565 3.10933 3.58237e-19)
(0.0104173 2.53308 0)
(-0.0437425 2.40353 1.59997e-20)
(-0.0358596 3.0862 -4.44501e-19)
(-0.0300777 3.14975 0)
(-0.022494 3.14685 0)
(-0.0136662 3.1391 2.14216e-20)
(-0.00208384 3.1335 -1.80785e-19)
(0.011554 3.12916 -2.26047e-20)
(0.0191701 3.12932 1.92704e-19)
(0.0385836 3.09616 0)
(0.0192162 2.58107 0)
(-0.0400604 2.49049 -4.69897e-19)
(-0.0385645 3.08227 1.59263e-19)
(-0.0205944 3.12431 0)
(-0.012843 3.11629 0)
(-0.00336511 3.10961 0)
(0.00556034 3.10673 3.72377e-19)
(0.0144551 3.10869 0)
(0.0201678 3.11068 -2.05593e-19)
(0.0378609 3.09052 1.27055e-20)
(0.0149476 2.65384 2.15232e-19)
(-0.0377297 2.58965 1.67626e-19)
(-0.0398117 3.07581 -1.62962e-20)
(-0.0296447 3.10135 1.95294e-19)
(-0.021051 3.09504 1.89837e-19)
(-0.0124351 3.0884 0)
(-0.000762321 3.0841 -1.91366e-19)
(0.0124378 3.08143 0)
(0.0209952 3.08448 0)
(0.0385273 3.07216 0)
(0.022289 2.70643 -2.16231e-19)
(-0.0351149 2.67832 -1.77461e-19)
(-0.042969 3.06239 1.8325e-19)
(-0.0235481 3.07218 -1.84091e-19)
(-0.0130706 3.06222 -2.9026e-19)
(-0.00281555 3.05703 0)
(0.00711502 3.05561 2.59663e-20)
(0.0168073 3.0587 -1.32548e-20)
(0.0247874 3.06316 9.88366e-20)
(0.041716 3.06164 1.2272e-19)
(0.020844 2.78045 -1.26279e-19)
(-0.0343651 2.77312 1.82084e-19)
(-0.0460743 3.04532 -1.75553e-19)
(-0.0329439 3.0459 1.25134e-20)
(-0.0209194 3.04034 7.39286e-20)
(-0.0111874 3.03622 -1.06137e-19)
(0.000302176 3.03368 0)
(0.0138084 3.03207 1.14065e-19)
(0.0256213 3.03559 4.95083e-21)
(0.044615 3.03659 -2.37545e-19)
(0.0286849 2.83262 -6.55248e-21)
(-0.0295696 2.85508 -5.20162e-20)
(-0.0442683 3.0215 1.27191e-20)
(-0.0231646 3.01776 -6.60136e-20)
(-0.0111867 3.01443 2.70248e-20)
(-0.00221741 3.01411 1.29352e-19)
(0.00627088 3.01344 -5.50011e-20)
(0.0144706 3.01425 -5.47454e-20)
(0.0233479 3.01705 -5.68536e-20)
(0.041815 3.02184 1.22017e-19)
(0.0248341 2.90033 5.96529e-20)
(-0.0176467 2.94062 4.18146e-20)
(-0.0259763 3.00087 1.84861e-20)
(-0.0161513 3.00086 3.63778e-20)
(-0.00937752 3.00161 -7.45633e-20)
(-0.00416149 3.00264 2.5198e-20)
(0.000682181 3.00215 5.12215e-20)
(0.00544008 3.00064 -5.34687e-20)
(0.0107315 2.999 -5.58478e-20)
(0.0217971 2.99714 7.56254e-21)
(0.0165219 2.94913 5.36414e-20)
)
;

boundaryField
{
    wall-4
    {
        type            noSlip;
    }
    pressure-outlet-7
    {
        type            zeroGradient;
    }
    velocity-inlet-6
    {
        type            fixedValue;
        value           uniform (0 3 0);
    }
    velocity-inlet-5
    {
        type            fixedValue;
        value           uniform (1 0 0);
    }
    frontAndBackPlanes
    {
        type            empty;
    }
}


// ************************************************************************* //
