/*--------------------------------*- C++ -*----------------------------------*\
  =========                 |
  \\      /  F ield         | OpenFOAM: The Open Source CFD Toolbox
   \\    /   O peration     | Website:  https://openfoam.org
    \\  /    A nd           | Version:  10
     \\/     M anipulation  |
\*---------------------------------------------------------------------------*/
FoamFile
{
    format      ascii;
    class       volScalarField;
    location    "26";
    object      p;
}
// * * * * * * * * * * * * * * * * * * * * * * * * * * * * * * * * * * * * * //

dimensions      [0 2 -2 0 0 0 0];

internalField   nonuniform List<scalar> 
8800
(
0.470211
0.422424
0.383731
0.35473
0.333857
0.319009
0.308385
0.300866
0.295989
0.29384
0.294985
0.299056
0.305601
0.314839
0.327561
0.345256
0.370005
0.403925
0.446457
0.505157
0.301471
0.309149
0.316616
0.319922
0.318412
0.313324
0.306821
0.300717
0.295945
0.293019
0.292623
0.294998
0.299371
0.305222
0.311919
0.318145
0.321749
0.320991
0.315543
0.306838
0.27989
0.286052
0.290178
0.293119
0.29516
0.295751
0.294621
0.292476
0.290392
0.289378
0.290201
0.292448
0.295133
0.297219
0.297752
0.296496
0.294109
0.290682
0.286108
0.282342
0.274116
0.276767
0.279522
0.281928
0.283561
0.284712
0.285428
0.285503
0.285134
0.284962
0.285562
0.28658
0.287283
0.287234
0.286532
0.285365
0.283487
0.280867
0.278435
0.276931
0.268786
0.270213
0.272001
0.274042
0.275831
0.277166
0.278132
0.278881
0.279412
0.279843
0.280313
0.280625
0.280562
0.280135
0.279318
0.277968
0.276188
0.274272
0.272929
0.272099
0.263776
0.264696
0.26596
0.267555
0.26921
0.270746
0.272021
0.273043
0.273916
0.274655
0.275128
0.275231
0.274985
0.27436
0.273314
0.271968
0.270518
0.269159
0.268292
0.267747
0.258981
0.25965
0.260643
0.261988
0.263438
0.264926
0.266375
0.267668
0.26877
0.269691
0.270255
0.270347
0.269994
0.269232
0.268202
0.26706
0.26588
0.264831
0.264195
0.263799
0.254345
0.254855
0.255684
0.256887
0.25823
0.259653
0.261126
0.262589
0.263932
0.265059
0.265751
0.265863
0.265477
0.264762
0.26387
0.262885
0.261884
0.26103
0.260537
0.260238
0.249854
0.250251
0.250959
0.252064
0.253359
0.254743
0.256202
0.257714
0.259207
0.260553
0.261419
0.261654
0.261411
0.260862
0.260128
0.259282
0.258417
0.257716
0.257331
0.257099
0.245452
0.245761
0.246388
0.247439
0.248709
0.250086
0.251569
0.253147
0.254788
0.256368
0.257466
0.257903
0.257861
0.257496
0.256916
0.256209
0.255459
0.25487
0.254569
0.25439
0.241126
0.241366
0.241932
0.242954
0.244222
0.24564
0.247221
0.248926
0.250713
0.252508
0.253939
0.25471
0.254913
0.254707
0.254259
0.253681
0.25304
0.252549
0.252316
0.252178
0.23683
0.237004
0.237525
0.238547
0.239839
0.241292
0.242922
0.244776
0.246848
0.249019
0.250811
0.251869
0.252332
0.252392
0.252167
0.251729
0.251193
0.250787
0.250619
0.25052
0.232624
0.232737
0.233203
0.234187
0.235476
0.23696
0.238669
0.240641
0.242906
0.245445
0.247739
0.249317
0.250219
0.25062
0.250647
0.250422
0.25006
0.249779
0.249679
0.249615
0.228494
0.228559
0.22897
0.229897
0.231174
0.232714
0.234563
0.236813
0.239502
0.242588
0.245467
0.247531
0.248826
0.249552
0.249891
0.249944
0.249812
0.249689
0.249653
0.249608
0.224144
0.224198
0.224539
0.225366
0.226582
0.228139
0.230111
0.232594
0.235689
0.239402
0.243035
0.245801
0.24771
0.248953
0.249723
0.250145
0.250333
0.250414
0.250441
0.250399
0.219146
0.219192
0.219516
0.220319
0.221583
0.223279
0.225515
0.228435
0.232149
0.236694
0.241235
0.244794
0.24732
0.249077
0.250292
0.251074
0.251548
0.251798
0.251867
0.25182
0.21323
0.213275
0.213636
0.21447
0.215858
0.217785
0.220379
0.22383
0.228324
0.233919
0.239591
0.244119
0.247424
0.249791
0.251466
0.252627
0.253388
0.253784
0.253884
0.253829
0.206078
0.206127
0.206555
0.207534
0.209142
0.211428
0.214557
0.21878
0.224305
0.231221
0.238285
0.243965
0.248149
0.251179
0.253369
0.254923
0.255955
0.256462
0.256584
0.256519
0.197378
0.197428
0.197963
0.199173
0.201159
0.203985
0.207874
0.213133
0.220013
0.228599
0.237351
0.244374
0.249583
0.253395
0.256132
0.258087
0.259363
0.259981
0.260141
0.260071
0.186817
0.186867
0.187531
0.189076
0.191601
0.195179
0.200103
0.206719
0.215321
0.225992
0.236803
0.245471
0.251885
0.25652
0.259974
0.262427
0.263952
0.264678
0.264876
0.264795
0.173973
0.174016
0.174843
0.176831
0.180119
0.184741
0.19104
0.199437
0.210238
0.223481
0.236776
0.247394
0.25524
0.26097
0.265175
0.268078
0.269921
0.270806
0.271053
0.27096
0.158261
0.158311
0.159375
0.161939
0.166221
0.17225
0.180393
0.191118
0.204701
0.221098
0.237357
0.250259
0.259798
0.26678
0.271839
0.275369
0.277583
0.278673
0.27897
0.278857
0.138577
0.138648
0.140078
0.143498
0.149173
0.157148
0.167804
0.181598
0.198717
0.218959
0.238707
0.254256
0.265737
0.274146
0.280235
0.284483
0.287163
0.288481
0.288826
0.288685
0.113181
0.113312
0.115371
0.120193
0.127985
0.13876
0.152941
0.170824
0.192394
0.217239
0.241008
0.259537
0.273192
0.283214
0.290496
0.295614
0.298868
0.300444
0.30083
0.300652
0.0790335
0.0793244
0.0826805
0.0901026
0.101472
0.116569
0.135725
0.158962
0.185996
0.216201
0.24447
0.266261
0.282286
0.29409
0.302739
0.308887
0.312811
0.314667
0.31508
0.314854
0.0302942
0.0315216
0.0383325
0.0511463
0.0687503
0.0904978
0.116492
0.146477
0.179965
0.216169
0.249276
0.274504
0.293021
0.306738
0.316916
0.324279
0.329
0.331173
0.331592
0.331302
-0.0422035
-0.0342842
-0.0185604
0.00415013
0.0311715
0.0618461
0.0962176
0.134002
0.174687
0.21749
0.255919
0.284996
0.306397
0.322423
0.334568
0.343594
0.349541
0.352381
0.352999
0.352805
-0.119986
-0.101856
-0.0764619
-0.0434318
-0.00672108
0.0330544
0.0759353
0.121752
0.170099
0.220323
0.26519
0.299253
0.324551
0.343764
0.358643
0.370111
0.377754
0.381579
0.382753
0.382752
-0.183644
-0.162655
-0.129404
-0.0878841
-0.0426008
0.00566158
0.0567155
0.110341
0.166119
0.223419
0.274292
0.312854
0.341575
0.363518
0.380556
0.393569
0.402735
0.407453
0.408336
0.408452
-0.235512
-0.212653
-0.174293
-0.126743
-0.0747383
-0.0194193
0.0387795
0.099479
0.162143
0.22603
0.282362
0.324847
0.356377
0.380368
0.398969
0.413202
0.423449
0.428434
0.429492
0.429711
-0.278464
-0.254598
-0.212676
-0.160385
-0.103033
-0.0419417
0.0223288
0.0892397
0.158077
0.227937
0.289156
0.334994
0.36878
0.394359
0.414096
0.4292
0.439833
0.44531
0.446735
0.446983
-0.315164
-0.2907
-0.246114
-0.190113
-0.128294
-0.0623167
0.0071856
0.0795516
0.15392
0.229167
0.294765
0.343514
0.379142
0.405894
0.426368
0.441971
0.452778
0.458565
0.460214
0.460463
-0.347535
-0.322695
-0.276037
-0.216925
-0.151386
-0.081187
-0.00707454
0.0701718
0.149558
0.229758
0.299384
0.350754
0.387952
0.415592
0.436508
0.452286
0.463188
0.469051
0.470791
0.470989
-0.377016
-0.351833
-0.303492
-0.24172
-0.172962
-0.0990686
-0.020859
0.0608104
0.144829
0.229691
0.303146
0.357008
0.395672
0.42408
0.445344
0.461207
0.472118
0.47803
0.479876
0.48005
-0.40447
-0.378979
-0.329155
-0.265126
-0.193541
-0.116376
-0.0344862
0.0512241
0.139569
0.228882
0.306113
0.362464
0.402589
0.431803
0.453457
0.469465
0.480389
0.486221
0.48815
0.488351
-0.430606
-0.40475
-0.353559
-0.287566
-0.213453
-0.133381
-0.0481759
0.0412392
0.133637
0.227254
0.308255
0.367209
0.408948
0.4391
0.461229
0.477427
0.488388
0.494122
0.496018
0.496233
-0.455714
-0.429462
-0.37717
-0.309316
-0.232952
-0.150274
-0.0620751
0.0307389
0.12694
0.224737
0.309593
0.371366
0.414934
0.446178
0.468924
0.485421
0.496465
0.502141
0.503907
0.504058
-0.480133
-0.453373
-0.400097
-0.330557
-0.252198
-0.167181
-0.0762696
0.0196567
0.119421
0.221295
0.310128
0.374936
0.420566
0.45313
0.476659
0.493571
0.504741
0.510362
0.511967
0.51203
-0.50393
-0.476752
-0.422452
-0.351409
-0.271259
-0.184148
-0.0907974
0.00796975
0.111061
0.216884
0.309746
0.377845
0.425849
0.459978
0.484466
0.501894
0.51321
0.518741
0.520211
0.520153
-0.527188
-0.499509
-0.444327
-0.371916
-0.29016
-0.201182
-0.105653
-0.00431973
0.101837
0.211414
0.30834
0.380003
0.430727
0.466713
0.492343
0.510369
0.521817
0.527197
0.528489
0.52833
-0.549995
-0.521769
-0.465706
-0.392074
-0.308897
-0.21826
-0.120798
-0.0171803
0.0917501
0.204852
0.305832
0.381281
0.435088
0.47329
0.500288
0.518975
0.530511
0.535631
0.536704
0.536466
-0.572351
-0.543521
-0.486602
-0.411859
-0.327415
-0.235329
-0.136175
-0.0305555
0.0808492
0.197201
0.302121
0.381511
0.438778
0.479646
0.508322
0.527718
0.539192
0.543928
0.544738
0.54443
-0.594084
-0.564693
-0.506968
-0.431229
-0.345664
-0.252315
-0.151709
-0.0443517
0.0692166
0.188487
0.297125
0.380524
0.441578
0.485657
0.516511
0.536728
0.547857
0.551925
0.552401
0.552038
-0.615158
-0.585234
-0.526765
-0.450126
-0.363584
-0.269149
-0.167297
-0.0584767
0.0569394
0.178748
0.290806
0.37815
0.443229
0.491098
0.524906
0.546365
0.556781
0.55956
0.559503
0.559126
-0.635635
-0.605106
-0.545955
-0.468508
-0.381104
-0.285742
-0.182848
-0.0728218
0.0441198
0.168073
0.283144
0.374247
0.443418
0.495562
0.533375
0.557196
0.566943
0.567339
0.565954
0.565688
-0.655343
-0.624289
-0.564481
-0.486305
-0.398161
-0.302013
-0.198265
-0.0872721
0.0308887
0.156584
0.274173
0.368707
0.441838
0.498421
0.541305
0.569477
0.58028
0.577931
0.573251
0.571981
-0.674367
-0.642772
-0.582363
-0.503545
-0.41479
-0.318008
-0.213607
-0.101887
0.0171772
0.144206
0.263771
0.361278
0.438175
0.498861
0.547371
0.582256
0.598072
0.597372
0.586866
0.568475
-0.692642
-0.660554
-0.599724
-0.520416
-0.431281
-0.334059
-0.229289
-0.117154
0.00243246
0.130274
0.251242
0.351082
0.431704
0.495653
0.548697
0.59107
0.612651
0.606022
0.591547
0.570955
-0.710005
-0.677784
-0.616385
-0.536672
-0.447339
-0.34982
-0.245082
-0.132741
-0.0130167
0.115098
0.236772
0.337857
0.421958
0.488038
0.540101
0.583505
0.606431
0.591558
0.519916
0.484495
-0.725819
-0.695581
-0.632004
-0.551731
-0.46226
-0.364814
-0.260696
-0.148426
-0.0289498
0.0988265
0.220377
0.321484
0.408004
0.476373
0.518394
0.551105
0.558141
0.509657
0.436153
0.389893
-0.781063
-0.711007
-0.646279
-0.566857
-0.477461
-0.380418
-0.276195
-0.164468
-0.0457018
0.0810643
0.20157
0.301633
0.386909
0.462269
0.465118
0.481588
0.449814
0.385337
0.306271
0.261567
-0.742131
-0.726428
-0.666959
-0.588347
-0.499467
-0.402801
-0.299666
-0.188927
-0.0716547
0.0528774
0.170204
0.267052
0.343774
0.417405
0.41767
0.310137
0.203131
0.129745
0.0538858
0.0912965
-0.772513
-0.743702
-0.68359
-0.605261
-0.516602
-0.420309
-0.317082
-0.207172
-0.091252
0.0310415
0.144971
0.237444
0.306528
0.345852
0.299961
0.151468
0.017316
-0.0777079
-0.18207
-0.123929
-0.795856
-0.764
-0.702859
-0.624191
-0.53557
-0.439458
-0.33647
-0.227577
-0.113311
0.0062362
0.116071
0.202796
0.262175
0.270957
0.163701
-0.0211913
-0.185676
-0.31307
-0.454486
-0.412135
-0.818522
-0.785146
-0.722927
-0.643471
-0.554718
-0.458777
-0.356407
-0.248645
-0.136204
-0.0197177
0.0852829
0.165631
0.210778
0.184406
0.0208242
-0.19267
-0.402031
-0.591667
-0.799904
-0.800369
-0.840344
-0.806725
-0.743689
-0.66355
-0.574634
-0.478922
-0.377272
-0.270741
-0.160352
-0.0472469
0.0523841
0.125674
0.153396
0.0922146
-0.116023
-0.347414
-0.590171
-0.80943
-1.08336
-1.42208
-0.862346
-0.828859
-0.765388
-0.684806
-0.595718
-0.500187
-0.39918
-0.293893
-0.185628
-0.0760829
0.0180195
0.0834162
0.0938821
-0.018652
-0.235333
-0.467362
-0.700179
-0.899333
-0.976354
-1.08847
-0.885315
-0.85197
-0.788317
-0.707547
-0.618411
-0.523144
-0.422866
-0.318981
-0.213135
-0.107606
-0.0194609
0.0365717
0.0225746
-0.132275
-0.340563
-0.553431
-0.738971
-0.847816
-0.872163
-0.893075
-0.909585
-0.876357
-0.812612
-0.731823
-0.6428
-0.547948
-0.448617
-0.346415
-0.243386
-0.142486
-0.0607564
-0.0161666
-0.0536971
-0.236359
-0.435579
-0.623249
-0.767002
-0.81695
-0.83223
-0.834848
-0.935349
-0.902087
-0.83831
-0.757581
-0.668793
-0.574552
-0.476388
-0.376173
-0.27638
-0.180696
-0.105933
-0.0752531
-0.130284
-0.33386
-0.52376
-0.692495
-0.795486
-0.807604
-0.810548
-0.810762
-0.962571
-0.929212
-0.865397
-0.784763
-0.696342
-0.602875
-0.506104
-0.40818
-0.312028
-0.222079
-0.155152
-0.136196
-0.222438
-0.423597
-0.604838
-0.749222
-0.791866
-0.799259
-0.799781
-0.798842
-0.990939
-0.957408
-0.893729
-0.813232
-0.725295
-0.632779
-0.537631
-0.442295
-0.350192
-0.266424
-0.207924
-0.202952
-0.322791
-0.508069
-0.672075
-0.783346
-0.789133
-0.79031
-0.791273
-0.790811
-1.01987
-0.986367
-0.922946
-0.842715
-0.755392
-0.664008
-0.570699
-0.478245
-0.390532
-0.313426
-0.262938
-0.277809
-0.415863
-0.58504
-0.730362
-0.771002
-0.790179
-0.787131
-0.785003
-0.784325
-1.04895
-1.01567
-0.952502
-0.87277
-0.786211
-0.696134
-0.604885
-0.515574
-0.432524
-0.362432
-0.319911
-0.352138
-0.510704
-0.656339
-0.766788
-0.810231
-0.796787
-0.786718
-0.782082
-0.779996
-1.07725
-1.0445
-0.981808
-0.902739
-0.817137
-0.72856
-0.639571
-0.553585
-0.475435
-0.412388
-0.379198
-0.426106
-0.610458
-0.733732
-0.781437
-0.798872
-0.80582
-0.80394
-0.800817
-0.79869
-1.10355
-1.07145
-1.01
-0.931779
-0.847344
-0.760465
-0.673891
-0.591313
-0.518223
-0.462307
-0.438828
-0.499676
-0.712831
-0.87452
-0.812607
-0.833729
-0.876809
-0.897167
-0.898003
-0.894616
-1.12647
-1.09554
-1.03575
-0.958794
-0.875828
-0.790774
-0.706718
-0.62755
-0.559336
-0.510888
-0.493827
-0.576767
-0.815006
-1.12004
-1.36334
-1.22123
-1.1305
-1.11417
-1.09863
-1.08562
-1.14434
-1.11524
-1.05755
-0.982468
-0.901279
-0.818277
-0.736668
-0.660777
-0.596774
-0.555622
-0.544954
-0.647848
-0.885706
-1.16648
-1.53912
-1.3076
-1.22776
-1.21491
-1.21353
-1.21345
-1.1555
-1.12891
-1.07408
-1.00129
-0.922249
-0.841445
-0.762191
-0.689021
-0.628503
-0.592838
-0.593657
-0.695574
-0.832305
-0.653145
-0.211174
-0.691751
-1.15907
-1.27091
-1.26418
-1.26104
-1.158
-1.13497
-1.08379
-1.01387
-0.937272
-0.858772
-0.781601
-0.710119
-0.652037
-0.618918
-0.630514
-0.748601
-0.919708
-0.925556
-0.99084
-1.37732
-1.48613
-1.40966
-1.30756
-1.32351
-1.15084
-1.13178
-1.08521
-1.01905
-0.945172
-0.868876
-0.793206
-0.722273
-0.663403
-0.631157
-0.64923
-0.843303
-1.39229
-2.32465
-3.09792
-3.52181
-3.36819
-2.86794
-2.41773
-2.2328
-1.13247
-1.11725
-1.07731
-1.01608
-0.945281
-0.870946
-0.795845
-0.723775
-0.660446
-0.618219
-0.628684
-0.830448
-1.45455
-2.29901
-3.05423
-3.43053
-3.3116
-2.96698
-2.6064
-2.42207
-1.10407
-1.09331
-1.06035
-1.00524
-0.937739
-0.865028
-0.7895
-0.713715
-0.64249
-0.580456
-0.556263
-0.580086
-0.789173
-0.96037
-1.02228
-0.868916
-0.586372
-0.295701
-0.0884875
0.0081214
-1.06888
-1.06226
-1.03701
-0.988395
-0.924163
-0.852485
-0.775515
-0.694741
-0.610733
-0.524862
-0.424106
-0.288534
-0.056589
0.391479
0.932013
1.46818
1.88076
2.13107
2.24942
2.28153
-1.03124
-1.02752
-1.0109
-0.968729
-0.90748
-0.836215
-0.757298
-0.671434
-0.576455
-0.468952
-0.340299
-0.194974
0.0972134
0.691233
1.37048
1.9814
2.41684
2.66449
2.77374
2.80516
-0.995972
-0.993673
-0.984233
-0.950138
-0.891895
-0.819724
-0.739072
-0.650096
-0.553262
-0.439939
-0.319261
-0.18823
-0.0202524
0.419675
0.961843
1.41953
1.75164
1.93986
2.02502
2.0507
-0.963441
-0.962422
-0.959269
-0.934014
-0.877895
-0.804201
-0.722702
-0.635337
-0.541045
-0.435679
-0.331659
-0.229261
-0.126277
0.13939
0.52709
0.849523
1.08594
1.22845
1.29916
1.32019
-0.941155
-0.942291
-0.942035
-0.918886
-0.860266
-0.784615
-0.704497
-0.621704
-0.534302
-0.440483
-0.353679
-0.282833
-0.22175
-0.0637423
0.195385
0.422425
0.591161
0.689835
0.734188
0.74367
-0.897076
-0.900436
-0.901721
-0.87945
-0.822609
-0.751526
-0.678048
-0.604013
-0.527088
-0.446467
-0.375541
-0.32861
-0.290188
-0.190928
-0.0161261
0.131987
0.237325
0.29864
0.326449
0.333195
-0.800957
-0.803909
-0.803862
-0.787451
-0.747812
-0.695529
-0.639037
-0.579794
-0.516411
-0.448667
-0.391202
-0.359546
-0.34135
-0.271217
-0.148275
-0.0502682
0.0151342
0.0506217
0.0651366
0.0666037
-0.679534
-0.680527
-0.680306
-0.673324
-0.655338
-0.628052
-0.593082
-0.551468
-0.50273
-0.447079
-0.397433
-0.368301
-0.353988
-0.304651
-0.224983
-0.161644
-0.121071
-0.0998781
-0.0914911
-0.0913994
-0.584747
-0.584786
-0.585208
-0.584816
-0.580648
-0.570308
-0.552154
-0.525061
-0.488647
-0.44252
-0.396527
-0.35908
-0.330899
-0.291369
-0.246308
-0.213584
-0.192096
-0.179172
-0.173515
-0.173898
-0.530843
-0.530796
-0.531658
-0.53371
-0.534554
-0.531585
-0.522359
-0.504338
-0.476679
-0.437492
-0.393963
-0.351226
-0.308713
-0.2754
-0.253372
-0.23475
-0.220598
-0.211601
-0.207849
-0.209256
-0.507656
-0.507635
-0.50832
-0.510283
-0.511789
-0.510726
-0.505022
-0.49185
-0.469047
-0.435401
-0.395179
-0.355158
-0.313021
-0.288392
-0.277032
-0.262879
-0.247764
-0.23578
-0.230517
-0.232058
-0.504298
-0.504036
-0.504069
-0.505027
-0.505758
-0.504535
-0.49951
-0.488088
-0.467616
-0.436626
-0.401706
-0.373189
-0.345445
-0.330995
-0.31996
-0.299029
-0.278698
-0.264131
-0.258527
-0.260364
-0.51708
-0.516501
-0.515863
-0.51568
-0.51507
-0.512568
-0.50661
-0.49491
-0.473737
-0.442213
-0.410279
-0.395005
-0.399271
-0.404306
-0.373201
-0.339915
-0.312747
-0.297287
-0.291279
-0.293694
-0.545554
-0.544603
-0.543498
-0.542451
-0.540593
-0.53665
-0.529311
-0.516364
-0.492847
-0.45657
-0.419648
-0.402588
-0.419611
-0.427642
-0.399554
-0.36712
-0.34875
-0.33872
-0.336278
-0.335788
-0.588982
-0.588029
-0.586721
-0.585224
-0.58288
-0.578774
-0.571816
-0.559387
-0.535223
-0.493381
-0.440472
-0.398958
-0.399853
-0.408122
-0.385202
-0.358191
-0.337665
-0.329681
-0.326727
-0.32747
-0.646847
-0.645889
-0.644806
-0.643719
-0.642566
-0.641347
-0.639674
-0.635314
-0.621847
-0.584786
-0.509712
-0.425507
-0.39337
-0.392709
-0.370252
-0.339058
-0.310283
-0.292023
-0.292062
-0.2936
-0.715907
-0.715341
-0.715239
-0.716041
-0.718914
-0.725646
-0.738312
-0.75836
-0.782949
-0.781222
-0.681569
-0.540576
-0.467283
-0.444763
-0.399077
-0.338859
-0.290296
-0.268696
-0.2686
-0.26889
-0.788454
-0.788807
-0.79066
-0.795238
-0.80568
-0.826764
-0.86601
-0.934621
-1.03769
-1.11217
-0.98825
-0.764519
-0.629794
-0.56253
-0.467386
-0.363788
-0.280216
-0.250649
-0.258219
-0.262044
-0.850205
-0.851911
-0.856453
-0.866298
-0.887031
-0.927497
-1.00365
-1.14335
-1.36683
-1.56304
-1.41886
-1.08004
-0.867411
-0.743904
-0.592642
-0.448942
-0.36042
-0.33691
-0.341841
-0.347681
-0.881968
-0.885083
-0.892227
-0.907243
-0.938039
-0.99744
-1.11032
-1.32291
-1.67169
-1.98899
-1.83743
-1.4039
-1.12726
-0.952892
-0.775842
-0.633235
-0.565274
-0.557564
-0.5582
-0.562042
-0.866058
-0.869875
-0.878411
-0.896532
-0.933338
-1.00378
-1.13669
-1.38454
-1.81702
-2.20674
-2.09043
-1.61974
-1.33152
-1.15298
-0.983286
-0.885989
-0.845209
-0.833873
-0.829744
-0.830978
-0.794361
-0.798144
-0.806407
-0.823899
-0.859755
-0.928666
-1.06029
-1.30972
-1.71444
-2.07844
-2.00293
-1.62517
-1.4092
-1.2877
-1.21968
-1.1457
-1.10752
-1.08949
-1.07987
-1.07819
-0.674691
-0.677264
-0.683455
-0.697219
-0.72613
-0.782214
-0.889648
-1.09386
-1.41691
-1.67156
-1.61108
-1.41429
-1.33195
-1.34134
-1.40492
-1.36206
-1.29573
-1.25988
-1.24131
-1.2352
-0.525787
-0.527437
-0.531033
-0.539613
-0.558517
-0.596038
-0.66869
-0.808819
-1.03958
-1.21973
-1.19157
-1.13198
-1.12217
-1.23577
-1.40384
-1.37413
-1.29426
-1.24919
-1.22592
-1.21713
-0.374632
-0.374928
-0.375905
-0.379402
-0.388561
-0.407959
-0.446707
-0.524014
-0.666561
-0.80877
-0.825132
-0.804659
-0.785096
-0.901969
-1.06891
-1.0758
-1.03745
-1.01299
-1.00015
-0.994077
-0.240403
-0.239821
-0.239142
-0.239173
-0.241337
-0.247297
-0.260408
-0.28831
-0.347772
-0.429281
-0.439371
-0.412476
-0.422587
-0.534679
-0.654184
-0.68081
-0.679039
-0.677249
-0.676695
-0.675496
-0.134398
-0.133475
-0.132199
-0.13083
-0.129599
-0.128434
-0.12742
-0.126722
-0.12558
-0.122844
-0.135738
-0.13978
-0.194187
-0.283774
-0.346995
-0.367062
-0.375709
-0.381318
-0.385384
-0.386472
-0.0583909
-0.0575243
-0.0564964
-0.0553906
-0.0537351
-0.0509417
-0.0463654
-0.0385767
-0.0250745
-0.00505521
0.0103639
-0.0143974
-0.0725316
-0.118958
-0.145253
-0.156912
-0.163964
-0.168555
-0.172264
-0.1736
-0.00753738
-0.00731431
-0.00641876
-0.00528383
-0.00423323
-0.00348596
-0.00259992
-0.00111505
0.00139072
0.00554815
0.0101069
0.00776637
-0.00260236
-0.0143741
-0.0188128
-0.0217976
-0.0239213
-0.0243954
-0.0252936
-0.0263936
-0.545676
-0.352711
-0.128599
0.0608053
0.213671
0.336001
0.438472
0.52493
0.563627
0.540916
-0.194861
-0.058151
0.0869612
0.212504
0.3189
0.40762
0.479561
0.530666
0.556788
0.568465
0.0518642
0.144559
0.242735
0.329893
0.405093
0.46811
0.518163
0.554698
0.580733
0.598269
0.229198
0.293665
0.362425
0.42534
0.479985
0.526306
0.564199
0.594225
0.61841
0.636427
0.365075
0.412036
0.461938
0.509477
0.551367
0.587792
0.618804
0.644418
0.665671
0.683341
0.475836
0.51108
0.551708
0.589657
0.624323
0.655239
0.682123
0.704579
0.723005
0.740276
0.572376
0.602461
0.638182
0.671777
0.703001
0.731237
0.755829
0.77617
0.792074
0.809133
0.663471
0.693547
0.728626
0.761575
0.791974
0.819243
0.842655
0.861549
0.875204
0.89225
0.76036
0.794013
0.831337
0.865504
0.896058
0.922683
0.944989
0.962531
0.974602
0.992027
0.876418
0.914325
0.953427
0.98809
1.01775
1.04277
1.06336
1.07942
1.09102
1.10912
1.02205
1.06082
1.09699
1.12788
1.15374
1.176
1.19518
1.21082
1.22333
1.24135
1.19715
1.2291
1.25541
1.27794
1.29802
1.31683
1.33462
1.35116
1.36656
1.38465
1.38597
1.40329
1.41848
1.4348
1.45076
1.46534
1.4786
1.49256
1.51014
1.53031
1.56804
1.57747
1.58904
1.59989
1.6092
1.61884
1.62968
1.64108
1.65247
1.66783
1.77517
1.77887
1.76395
1.74916
1.74293
1.74864
1.76714
1.79747
1.82967
1.85633
2.08152
1.94666
1.87006
1.82776
1.81035
1.81432
1.84174
1.89816
2.00079
2.22516
0.360809
0.358679
0.354192
0.345562
0.333332
0.321192
0.310946
0.30302
0.297349
0.294011
0.293535
0.296135
0.30112
0.308248
0.317563
0.329048
0.341659
0.352666
0.358765
0.361808
0.285272
0.291117
0.297455
0.301945
0.304408
0.304073
0.301319
0.297479
0.293915
0.291565
0.291288
0.293341
0.296875
0.30106
0.304787
0.306608
0.305626
0.302107
0.296914
0.290281
0.276876
0.279172
0.282576
0.285571
0.287643
0.289131
0.289868
0.289519
0.288434
0.287451
0.287482
0.288753
0.290427
0.291612
0.291695
0.290727
0.289117
0.286733
0.283437
0.280504
0.271402
0.272487
0.274325
0.276711
0.27874
0.280165
0.28117
0.281883
0.282219
0.282334
0.282664
0.283286
0.283716
0.283639
0.283108
0.28216
0.280608
0.278454
0.276318
0.27492
0.266251
0.266912
0.268029
0.269751
0.271548
0.273189
0.274479
0.27546
0.276269
0.276937
0.277479
0.27781
0.277801
0.277457
0.276734
0.275543
0.274
0.272362
0.270979
0.270183
0.261355
0.261811
0.262611
0.263943
0.265464
0.267007
0.268481
0.269758
0.270824
0.271745
0.272441
0.272739
0.272626
0.272116
0.27121
0.270037
0.268752
0.267485
0.266486
0.265953
0.256643
0.256981
0.257611
0.258732
0.260085
0.261509
0.26298
0.264427
0.265741
0.266863
0.267709
0.268082
0.267932
0.26734
0.266456
0.265433
0.264364
0.263317
0.262538
0.262145
0.252088
0.252343
0.252856
0.253835
0.255086
0.256447
0.25788
0.259365
0.260844
0.2622
0.263238
0.263701
0.263586
0.263079
0.262341
0.261472
0.260549
0.259677
0.259057
0.258759
0.247644
0.247837
0.248267
0.249159
0.250365
0.251701
0.253119
0.254623
0.256187
0.257725
0.258987
0.259633
0.259699
0.259377
0.258808
0.258085
0.25728
0.256531
0.25603
0.255801
0.243286
0.243428
0.243793
0.244621
0.245793
0.247122
0.248581
0.250156
0.251824
0.253535
0.255052
0.255986
0.256311
0.256196
0.255779
0.255191
0.254522
0.25389
0.253488
0.253315
0.238975
0.239075
0.23939
0.24019
0.241376
0.242743
0.244269
0.245978
0.247855
0.249826
0.25167
0.252944
0.253523
0.253602
0.253356
0.252904
0.252341
0.251795
0.251473
0.251347
0.234708
0.234765
0.235031
0.235793
0.236974
0.238356
0.239899
0.241659
0.243685
0.245959
0.248218
0.249908
0.250877
0.251328
0.251388
0.251161
0.250755
0.25033
0.250098
0.250021
0.230557
0.23058
0.230806
0.231514
0.232667
0.234078
0.235718
0.237667
0.23996
0.242594
0.24536
0.247602
0.249028
0.249805
0.250149
0.25017
0.249975
0.24972
0.249589
0.24955
0.226382
0.226381
0.226565
0.227191
0.228266
0.229657
0.231354
0.233473
0.236088
0.239242
0.242659
0.245525
0.247498
0.248763
0.249463
0.249831
0.249987
0.249987
0.249981
0.249967
0.221743
0.221738
0.221901
0.222468
0.223492
0.224909
0.226736
0.229102
0.232119
0.235862
0.240073
0.243781
0.246428
0.248251
0.249479
0.250275
0.250738
0.250985
0.251093
0.251092
0.216325
0.216309
0.216489
0.217054
0.21813
0.219672
0.221744
0.224513
0.228132
0.232706
0.237919
0.242568
0.245992
0.248431
0.250145
0.251339
0.252128
0.252608
0.252806
0.252812
0.209826
0.209805
0.210018
0.210662
0.211847
0.2136
0.216028
0.21932
0.223691
0.229286
0.235754
0.241609
0.245975
0.249152
0.251427
0.253056
0.254197
0.254886
0.25515
0.25516
0.201934
0.201903
0.202168
0.202949
0.204372
0.206489
0.209454
0.213522
0.218938
0.225882
0.233904
0.241175
0.246626
0.2506
0.253488
0.255584
0.257059
0.257918
0.258241
0.258261
0.19234
0.192294
0.192624
0.193619
0.195402
0.198046
0.201767
0.206863
0.213629
0.222275
0.23222
0.241207
0.247945
0.252897
0.256479
0.25905
0.260906
0.26196
0.26235
0.262382
0.180674
0.180607
0.181021
0.182289
0.18459
0.187986
0.192746
0.199214
0.207739
0.218521
0.230822
0.241879
0.25015
0.256209
0.260635
0.26388
0.266047
0.267283
0.267765
0.26781
0.166455
0.166361
0.1669
0.168528
0.171512
0.175925
0.182088
0.190365
0.201142
0.214601
0.229762
0.243273
0.253363
0.260768
0.266169
0.270051
0.272678
0.274172
0.274766
0.274824
0.148872
0.148761
0.149508
0.151652
0.155518
0.161328
0.169368
0.180057
0.193755
0.210549
0.229146
0.245544
0.257753
0.266723
0.273253
0.277931
0.28109
0.282909
0.283625
0.283686
0.1265
0.126383
0.127492
0.130449
0.135622
0.143427
0.15411
0.168078
0.185559
0.206472
0.229143
0.248867
0.263478
0.274217
0.282047
0.28766
0.291478
0.293686
0.294533
0.294592
0.0970341
0.0969554
0.0987458
0.10311
0.11048
0.121365
0.135903
0.154334
0.176667
0.20258
0.229967
0.25342
0.270691
0.283394
0.292695
0.299409
0.304017
0.306663
0.307644
0.307693
0.0563217
0.056434
0.0597303
0.0670255
0.078463
0.0944048
0.114623
0.139055
0.167433
0.199207
0.231868
0.259365
0.279484
0.294304
0.305233
0.31322
0.318762
0.321895
0.32299
0.323016
-0.00340491
-0.00205748
0.00593511
0.0196394
0.0386721
0.0626823
0.090869
0.122927
0.158447
0.196769
0.235071
0.26677
0.289821
0.306835
0.319503
0.328894
0.335503
0.339189
0.340384
0.340375
-0.0749441
-0.0727641
-0.0575929
-0.0338078
-0.00425059
0.0292513
0.066208
0.106473
0.149727
0.195384
0.240387
0.277488
0.304618
0.324872
0.340171
0.351697
0.359969
0.364549
0.365826
0.365906
-0.14854
-0.141485
-0.119098
-0.0853622
-0.0460597
-0.00334771
0.042312
0.0907925
0.141832
0.19491
0.246748
0.28939
0.320676
0.344261
0.362409
0.376392
0.386457
0.391371
0.39328
0.393729
-0.20736
-0.198453
-0.171355
-0.130882
-0.0840302
-0.0335394
0.0198892
0.0759751
0.134347
0.194448
0.252677
0.300326
0.335217
0.361518
0.381742
0.397295
0.408497
0.414621
0.417461
0.418068
-0.255181
-0.245723
-0.215157
-0.169795
-0.117206
-0.0605141
-0.000596681
0.0621233
0.127105
0.193627
0.257674
0.309752
0.347656
0.376075
0.397863
0.414671
0.426929
0.433946
0.437146
0.437815
-0.295207
-0.285556
-0.252742
-0.203592
-0.146347
-0.0845529
-0.0191714
0.0492835
0.120106
0.192415
0.261696
0.317649
0.358073
0.388163
0.411086
0.428676
0.441522
0.449262
0.452653
0.453359
-0.329978
-0.320262
-0.285755
-0.23357
-0.172517
-0.10641
-0.0362922
0.0372037
0.113253
0.190796
0.264847
0.324275
0.366852
0.398258
0.421955
0.439985
0.453139
0.461142
0.464644
0.465387
-0.361068
-0.351338
-0.315556
-0.260798
-0.196552
-0.126743
-0.0524661
0.025529
0.106326
0.188701
0.267212
0.329887
0.374416
0.40694
0.431212
0.449465
0.462706
0.470807
0.474266
0.475078
-0.389678
-0.379912
-0.343062
-0.286129
-0.219136
-0.146074
-0.0681161
0.0139435
0.0991039
0.186022
0.268799
0.334647
0.381097
0.414684
0.439494
0.457994
0.471285
0.479488
0.482965
0.483619
-0.416579
-0.406758
-0.36896
-0.310159
-0.240722
-0.164784
-0.0835393
0.00220767
0.0914072
0.182627
0.269588
0.338614
0.387045
0.421796
0.447226
0.466015
0.479421
0.487589
0.491076
0.491615
-0.442251
-0.432369
-0.393694
-0.333291
-0.261629
-0.183127
-0.0989348
-0.0098371
0.0831025
0.178421
0.26951
0.341843
0.392444
0.428534
0.454714
0.473884
0.487447
0.495607
0.499048
0.499573
-0.46712
-0.457076
-0.417586
-0.3557
-0.282081
-0.201293
-0.114441
-0.0222947
0.0741127
0.173334
0.268551
0.344396
0.397397
0.435016
0.462124
0.481813
0.49562
0.503807
0.507127
0.507641
-0.491345
-0.481072
-0.440861
-0.377564
-0.302203
-0.219374
-0.130128
-0.0352129
0.0643929
0.16734
0.266679
0.346191
0.401862
0.441283
0.469519
0.489865
0.503985
0.512205
0.515391
0.51585
-0.514978
-0.504493
-0.463585
-0.398989
-0.322058
-0.237395
-0.146014
-0.0486045
0.0539377
0.160391
0.263773
0.347135
0.40579
0.44732
0.476908
0.498045
0.512522
0.52074
0.523765
0.524126
-0.538148
-0.527365
-0.48575
-0.419994
-0.341659
-0.255368
-0.162087
-0.0624461
0.042751
0.15245
0.259756
0.347123
0.409089
0.453076
0.48428
0.506341
0.521192
0.529372
0.532173
0.532401
-0.56077
-0.549716
-0.507401
-0.440575
-0.360983
-0.273249
-0.17829
-0.0766899
0.0308663
0.143525
0.254593
0.346024
0.411595
0.458456
0.491622
0.514761
0.529942
0.537937
0.540448
0.540548
-0.582872
-0.571531
-0.528507
-0.460703
-0.379985
-0.290986
-0.194569
-0.0912592
0.0183611
0.133669
0.248236
0.343704
0.413124
0.463308
0.498915
0.52337
0.538784
0.546362
0.548449
0.548409
-0.604292
-0.592727
-0.549017
-0.480328
-0.398606
-0.3085
-0.210843
-0.106065
0.00532902
0.122947
0.240672
0.340046
0.413461
0.467411
0.506106
0.532357
0.547906
0.554615
0.556001
0.5558
-0.625135
-0.613253
-0.568898
-0.499412
-0.416806
-0.325741
-0.227011
-0.121016
-0.00813245
0.111452
0.231934
0.334956
0.412375
0.470431
0.512993
0.541968
0.557913
0.563047
0.563026
0.562544
-0.645253
-0.633074
-0.588117
-0.517898
-0.434498
-0.34262
-0.242988
-0.135988
-0.0219054
0.0992734
0.222093
0.328371
0.409662
0.471936
0.519085
0.552223
0.569898
0.573222
0.570191
0.568368
-0.664688
-0.65224
-0.606624
-0.535732
-0.451641
-0.359067
-0.258691
-0.150897
-0.0358677
0.0865663
0.211257
0.320262
0.405169
0.471444
0.52346
0.562322
0.584492
0.588624
0.581777
0.571111
-0.683355
-0.6707
-0.624522
-0.553065
-0.468443
-0.375367
-0.274459
-0.166155
-0.0504892
0.0727908
0.198836
0.309973
0.398258
0.468278
0.524681
0.570349
0.600098
0.608993
0.602635
0.592071
-0.701219
-0.688355
-0.641815
-0.569856
-0.484892
-0.391521
-0.290268
-0.181772
-0.0657993
0.0578571
0.184689
0.297216
0.388297
0.461797
0.520154
0.570512
0.603958
0.617325
0.583633
0.528012
-0.718029
-0.704455
-0.658406
-0.586057
-0.501109
-0.407654
-0.306161
-0.197625
-0.081725
0.0418535
0.168806
0.281903
0.374456
0.4518
0.508515
0.551416
0.585328
0.579433
0.522125
0.454009
-0.734056
-0.719838
-0.674108
-0.601093
-0.516771
-0.423298
-0.32235
-0.213652
-0.0981168
0.0249607
0.151241
0.263954
0.355836
0.439413
0.489817
0.542657
0.520585
0.483718
0.413494
0.341778
-0.719679
-0.701727
-0.653574
-0.576984
-0.487915
-0.390884
-0.284848
-0.173437
-0.0551289
0.0709782
0.190704
0.290095
0.373369
0.460991
0.516898
0.432543
0.390994
0.329127
0.25399
0.203653
-0.743884
-0.727197
-0.692113
-0.624919
-0.540941
-0.448053
-0.347071
-0.23915
-0.124658
-0.00322667
0.120567
0.230657
0.318444
0.396278
0.466406
0.469969
0.348615
0.263904
0.200022
0.112755
-0.763374
-0.747695
-0.70673
-0.638135
-0.553913
-0.461543
-0.361781
-0.25487
-0.141536
-0.0218058
0.0998101
0.20717
0.291613
0.356723
0.383565
0.314436
0.167115
0.0666456
-0.0115905
-0.105487
-0.783244
-0.770865
-0.725333
-0.655429
-0.571102
-0.478614
-0.378977
-0.272526
-0.160283
-0.0423455
0.0760638
0.17856
0.256033
0.305223
0.282296
0.149452
-0.0129609
-0.138404
-0.242455
-0.387111
-0.806243
-0.793264
-0.74581
-0.674793
-0.590212
-0.497717
-0.39827
-0.292538
-0.181584
-0.0657946
0.048914
0.145914
0.215415
0.245824
0.184393
-0.00887866
-0.205568
-0.372776
-0.526884
-0.733033
-0.82812
-0.815415
-0.766866
-0.694719
-0.609697
-0.517261
-0.41825
-0.313477
-0.204052
-0.0907651
0.0198671
0.110877
0.171737
0.174122
0.0583457
-0.158891
-0.390827
-0.620257
-0.812595
-1.25469
-0.849747
-0.837621
-0.788595
-0.715613
-0.630239
-0.537809
-0.439242
-0.335436
-0.227649
-0.117087
-0.0108387
0.0735637
0.124429
0.0899301
-0.0696738
-0.292394
-0.533473
-0.773236
-0.981213
-1.32575
-0.872186
-0.860257
-0.811182
-0.737706
-0.652099
-0.559668
-0.461508
-0.358646
-0.252551
-0.144877
-0.0432376
0.0341273
0.0727969
0.0141089
-0.185993
-0.40078
-0.622451
-0.814352
-0.896128
-0.933269
-0.895793
-0.884137
-0.834957
-0.761264
-0.675618
-0.58334
-0.485737
-0.384038
-0.279955
-0.175649
-0.0792321
-0.00970524
0.0147312
-0.0713228
-0.29033
-0.492778
-0.675146
-0.801558
-0.840225
-0.853659
-0.920775
-0.909331
-0.860056
-0.786273
-0.700703
-0.608741
-0.511892
-0.4116
-0.309887
-0.209457
-0.118913
-0.0575572
-0.0521333
-0.176914
-0.384467
-0.573154
-0.731692
-0.798697
-0.817761
-0.821113
-0.947243
-0.935951
-0.886528
-0.812704
-0.727302
-0.635816
-0.539915
-0.4413
-0.342308
-0.246201
-0.162256
-0.109136
-0.133065
-0.278863
-0.472819
-0.650716
-0.769832
-0.814909
-0.806628
-0.805297
-0.97506
-0.963763
-0.914333
-0.840471
-0.75532
-0.664455
-0.569708
-0.473029
-0.377101
-0.285789
-0.208933
-0.165075
-0.211068
-0.376742
-0.553688
-0.716411
-0.776868
-0.792413
-0.795273
-0.795288
-1.00383
-0.992573
-0.943317
-0.86936
-0.784568
-0.694472
-0.601079
-0.506592
-0.414066
-0.327997
-0.258493
-0.226138
-0.284078
-0.465529
-0.627
-0.750737
-0.798931
-0.790206
-0.789077
-0.78835
-1.03306
-1.02195
-0.972608
-0.899017
-0.814694
-0.725528
-0.633683
-0.541635
-0.452816
-0.372347
-0.310633
-0.287332
-0.365389
-0.549245
-0.689714
-0.785689
-0.797124
-0.789355
-0.783535
-0.781198
-1.0619
-1.05115
-1.00197
-0.928873
-0.84518
-0.757112
-0.667025
-0.57762
-0.492771
-0.418094
-0.364582
-0.347732
-0.4605
-0.635372
-0.742042
-0.771165
-0.796302
-0.795224
-0.788278
-0.785267
-1.08958
-1.07917
-1.03066
-0.958068
-0.875293
-0.788509
-0.700376
-0.613778
-0.533045
-0.464343
-0.418945
-0.414769
-0.555548
-0.740259
-0.792232
-0.774371
-0.812047
-0.832095
-0.838133
-0.836313
-1.11466
-1.10475
-1.05724
-0.985751
-0.904094
-0.818795
-0.732765
-0.649097
-0.572428
-0.509884
-0.472268
-0.484213
-0.64641
-0.879219
-1.03186
-0.972811
-0.980062
-0.989651
-0.990736
-0.981866
-1.13581
-1.12657
-1.08044
-1.01047
-0.930421
-0.846859
-0.76299
-0.682254
-0.609422
-0.552734
-0.523258
-0.543304
-0.736049
-1.00137
-1.45522
-1.58441
-1.28397
-1.21002
-1.19106
-1.17467
-1.15121
-1.14276
-1.09878
-1.03084
-0.952831
-0.871304
-0.789691
-0.711589
-0.642329
-0.59022
-0.569854
-0.588519
-0.795975
-0.91732
-0.874575
-0.920248
-1.09736
-1.23148
-1.22993
-1.23119
-1.15934
-1.15166
-1.11059
-1.04544
-0.969848
-0.890613
-0.811275
-0.735361
-0.66873
-0.619803
-0.606664
-0.63344
-0.800831
-0.758097
-0.376042
-0.436227
-0.919679
-1.23677
-1.26274
-1.27297
-1.15731
-1.15088
-1.11486
-1.05284
-0.980137
-0.903389
-0.826123
-0.751766
-0.685862
-0.638837
-0.628051
-0.685273
-0.969018
-1.36831
-1.90054
-2.46913
-2.64877
-2.36587
-1.88206
-1.63242
-1.14425
-1.13977
-1.10977
-1.05216
-0.98266
-0.908601
-0.832957
-0.759073
-0.691928
-0.641157
-0.628469
-0.686492
-1.14687
-2.01692
-3.02822
-3.53912
-3.68942
-3.4583
-3.04964
-2.76273
-1.1203
-1.11693
-1.09404
-1.04312
-0.977348
-0.90588
-0.831256
-0.756259
-0.68538
-0.624863
-0.592352
-0.613914
-0.940912
-1.44963
-2.04172
-2.4102
-2.34727
-2.05113
-1.69948
-1.43365
-1.08785
-1.08565
-1.06983
-1.02668
-0.965265
-0.895961
-0.821611
-0.744211
-0.665764
-0.590675
-0.518164
-0.472125
-0.39851
-0.303093
-0.0304893
0.327514
0.718633
1.06506
1.27985
1.38544
-1.05067
-1.04941
-1.03918
-1.00548
-0.948906
-0.881013
-0.806265
-0.725429
-0.639049
-0.544686
-0.435891
-0.30718
-0.0956351
0.352221
0.996254
1.64152
2.17178
2.51858
2.7052
2.77485
-1.01336
-1.01264
-1.00729
-0.98188
-0.931254
-0.86426
-0.788804
-0.704854
-0.613106
-0.50824
-0.392012
-0.251763
-0.0999247
0.284374
0.90613
1.50971
1.99239
2.30211
2.46284
2.52533
-0.979111
-0.97784
-0.975737
-0.960873
-0.916193
-0.849682
-0.772273
-0.687316
-0.594757
-0.49304
-0.380274
-0.266813
-0.146858
0.0619662
0.500884
0.924441
1.25468
1.47029
1.58588
1.63859
-0.952823
-0.951818
-0.952077
-0.943133
-0.901896
-0.833907
-0.755396
-0.671798
-0.583661
-0.488941
-0.388567
-0.298891
-0.212297
-0.0997955
0.189252
0.490926
0.72808
0.890322
0.976074
1.00872
-0.924869
-0.92578
-0.928737
-0.921153
-0.878815
-0.808882
-0.731461
-0.653223
-0.572753
-0.488093
-0.40241
-0.33593
-0.280029
-0.217626
-0.0278345
0.175416
0.336192
0.442103
0.49586
0.517382
-0.854313
-0.856771
-0.860351
-0.853165
-0.817605
-0.758648
-0.693088
-0.626544
-0.557838
-0.485347
-0.414125
-0.361884
-0.328735
-0.29837
-0.160653
-0.0256198
0.0752752
0.14122
0.173557
0.184268
-0.738204
-0.73994
-0.741935
-0.737552
-0.717342
-0.682571
-0.63933
-0.59141
-0.538344
-0.479563
-0.420201
-0.376983
-0.356966
-0.350927
-0.240662
-0.148958
-0.0850905
-0.046641
-0.0290985
-0.0240713
-0.626419
-0.627277
-0.627583
-0.62654
-0.620201
-0.606663
-0.585284
-0.555729
-0.517847
-0.471169
-0.419642
-0.376995
-0.352458
-0.328597
-0.270657
-0.215875
-0.176826
-0.153264
-0.141816
-0.138622
-0.552678
-0.553062
-0.553179
-0.554452
-0.555092
-0.552257
-0.543235
-0.525909
-0.499567
-0.462634
-0.417079
-0.373083
-0.335068
-0.29879
-0.262269
-0.236416
-0.21676
-0.203465
-0.196222
-0.194167
-0.515974
-0.516271
-0.516477
-0.518138
-0.520258
-0.520537
-0.516438
-0.505462
-0.48604
-0.455967
-0.415252
-0.371857
-0.329001
-0.288754
-0.269552
-0.254469
-0.24047
-0.228462
-0.222094
-0.220673
-0.50367
-0.50384
-0.503803
-0.50482
-0.506442
-0.506768
-0.503939
-0.495699
-0.479419
-0.452714
-0.416783
-0.380082
-0.345532
-0.31452
-0.30171
-0.287658
-0.269791
-0.253001
-0.24232
-0.241122
-0.508658
-0.508572
-0.508055
-0.5081
-0.508525
-0.507866
-0.504542
-0.496566
-0.480878
-0.455288
-0.421405
-0.394494
-0.379348
-0.373652
-0.359528
-0.334841
-0.307562
-0.287998
-0.277575
-0.276112
-0.529395
-0.529023
-0.528129
-0.527383
-0.52658
-0.524451
-0.51968
-0.510456
-0.493304
-0.466594
-0.42927
-0.405117
-0.402218
-0.427371
-0.411978
-0.373402
-0.343466
-0.325471
-0.31897
-0.317797
-0.565572
-0.565031
-0.563896
-0.562585
-0.56092
-0.557783
-0.552098
-0.542059
-0.523626
-0.493942
-0.447116
-0.411284
-0.401483
-0.42337
-0.41177
-0.380119
-0.354502
-0.339388
-0.332901
-0.333219
-0.616582
-0.615769
-0.614619
-0.613303
-0.611644
-0.609122
-0.60516
-0.598201
-0.583499
-0.555229
-0.498181
-0.432046
-0.388264
-0.393608
-0.386361
-0.362601
-0.338831
-0.32097
-0.316702
-0.316244
-0.680772
-0.679905
-0.679113
-0.678537
-0.678486
-0.679618
-0.682672
-0.687769
-0.691875
-0.68564
-0.631159
-0.520608
-0.435091
-0.413984
-0.395644
-0.354547
-0.313257
-0.283201
-0.27222
-0.276012
-0.752926
-0.752286
-0.752542
-0.753965
-0.757959
-0.767166
-0.785228
-0.8174
-0.868162
-0.92466
-0.893057
-0.72324
-0.577677
-0.517558
-0.46503
-0.387265
-0.310789
-0.264188
-0.25911
-0.261813
-0.822091
-0.822064
-0.824055
-0.828769
-0.839316
-0.861146
-0.902861
-0.979618
-1.11126
-1.27805
-1.29887
-1.04962
-0.81142
-0.696587
-0.587529
-0.455899
-0.344476
-0.279332
-0.278075
-0.284944
-0.871038
-0.871903
-0.875921
-0.884513
-0.902763
-0.939212
-1.00865
-1.13969
-1.37373
-1.69134
-1.77616
-1.43176
-1.10493
-0.920662
-0.763734
-0.596706
-0.478785
-0.437835
-0.435151
-0.439985
-0.880207
-0.881951
-0.887676
-0.899326
-0.923669
-0.971619
-1.06282
-1.23673
-1.55473
-1.9856
-2.14362
-1.74659
-1.36321
-1.15087
-0.958809
-0.811278
-0.71551
-0.698136
-0.693305
-0.693318
-0.836371
-0.83859
-0.84455
-0.857052
-0.883346
-0.934948
-1.03296
-1.22032
-1.56359
-2.02251
-2.22692
-1.85892
-1.49575
-1.31077
-1.15828
-1.05137
-0.996306
-0.973445
-0.964092
-0.960484
-0.738567
-0.740707
-0.745737
-0.756639
-0.779792
-0.825734
-0.913541
-1.08187
-1.38666
-1.76925
-1.92273
-1.66889
-1.45358
-1.34405
-1.3283
-1.29973
-1.23929
-1.20174
-1.1823
-1.1735
-0.600476
-0.602586
-0.606126
-0.613645
-0.630374
-0.664195
-0.729417
-0.85498
-1.08466
-1.36448
-1.4464
-1.32718
-1.24804
-1.25245
-1.38813
-1.447
-1.36137
-1.30255
-1.27089
-1.25563
-0.448653
-0.449602
-0.450975
-0.454488
-0.463761
-0.483607
-0.522891
-0.599869
-0.747252
-0.947567
-1.02538
-0.988571
-0.972928
-1.01686
-1.18244
-1.28994
-1.22091
-1.1701
-1.143
-1.12977
-0.304144
-0.304418
-0.304182
-0.30462
-0.307725
-0.315783
-0.332946
-0.368018
-0.440018
-0.562755
-0.633681
-0.624778
-0.589096
-0.639165
-0.793359
-0.87551
-0.866392
-0.851407
-0.843306
-0.838905
-0.183438
-0.183287
-0.182164
-0.181058
-0.180554
-0.181227
-0.184032
-0.191023
-0.207368
-0.246072
-0.279473
-0.259504
-0.255851
-0.338313
-0.448066
-0.501065
-0.513678
-0.5176
-0.52079
-0.522566
-0.0928473
-0.0925294
-0.0912835
-0.0899943
-0.0884596
-0.0863382
-0.0832019
-0.0782517
-0.0697325
-0.0529306
-0.0355622
-0.0323465
-0.0871834
-0.160372
-0.216297
-0.247502
-0.256163
-0.262173
-0.267023
-0.270079
-0.00752205
-0.00694057
-0.00586564
-0.00469322
-0.00384686
-0.0030899
-0.00195669
-2.40909e-05
0.00321257
0.00818572
0.0100589
0.00334349
-0.00784587
-0.0197491
-0.0196162
-0.0233577
-0.0241684
-0.0247686
-0.0258524
-0.0931889
-1.67844
-0.902288
-0.424034
-0.141074
0.0666709
0.228025
0.355866
0.4623
0.571537
0.66455
-0.524497
-0.301103
-0.100178
0.0677575
0.208091
0.323728
0.418885
0.496726
0.545247
0.551846
-0.143315
-0.013476
0.112145
0.224351
0.321094
0.403063
0.470344
0.521461
0.554618
0.57405
0.0926325
0.179916
0.265281
0.343803
0.412639
0.471457
0.519783
0.557595
0.586188
0.606326
0.261566
0.320951
0.383961
0.441966
0.492788
0.536885
0.574174
0.60495
0.629876
0.647567
0.392836
0.436275
0.485718
0.52903
0.569015
0.604517
0.63546
0.66177
0.683551
0.698285
0.501263
0.537278
0.576685
0.612785
0.6467
0.677705
0.70516
0.728631
0.7479
0.759983
0.597865
0.630022
0.665338
0.699101
0.730848
0.760059
0.785891
0.807718
0.825062
0.834845
0.691037
0.724258
0.760331
0.795031
0.826958
0.855785
0.880798
0.90147
0.917191
0.925583
0.794352
0.832155
0.870856
0.90759
0.940044
0.968248
0.991968
1.01119
1.0255
1.03412
0.922206
0.964733
1.00405
1.04019
1.07084
1.09671
1.11842
1.13619
1.14981
1.16006
1.08404
1.12578
1.1597
1.18922
1.21386
1.2355
1.25518
1.27269
1.2875
1.30024
1.27456
1.30545
1.32695
1.34618
1.36429
1.38158
1.39785
1.41372
1.43027
1.44723
1.47268
1.48413
1.49524
1.50939
1.52371
1.53658
1.54799
1.55888
1.57182
1.58872
1.65857
1.6685
1.67719
1.67963
1.68049
1.68479
1.69564
1.71163
1.72927
1.73388
1.95964
1.90426
1.85347
1.81323
1.79088
1.78688
1.80037
1.83418
1.89063
1.9662
0.503024
0.444331
0.401847
0.367984
0.343318
0.32575
0.313214
0.304248
0.298082
0.294518
0.294003
0.296726
0.302045
0.309886
0.320736
0.335738
0.356713
0.385783
0.424527
0.472342
0.304586
0.313339
0.318865
0.319683
0.316189
0.310126
0.303666
0.29815
0.294235
0.292467
0.293497
0.296954
0.30212
0.308506
0.315207
0.32043
0.322025
0.318769
0.311397
0.303727
0.281635
0.283666
0.288271
0.291779
0.294282
0.295695
0.295383
0.293607
0.291353
0.289682
0.289553
0.291219
0.293804
0.296315
0.297707
0.297302
0.295395
0.292555
0.288481
0.284087
0.274758
0.275624
0.278109
0.280825
0.282834
0.284185
0.285145
0.285553
0.285341
0.284972
0.285161
0.28607
0.287006
0.287352
0.286941
0.286008
0.28453
0.282236
0.279557
0.277576
0.269154
0.269616
0.271018
0.273048
0.274991
0.276562
0.277685
0.278535
0.279175
0.279626
0.280074
0.280506
0.280641
0.280388
0.279782
0.278706
0.277106
0.275204
0.273504
0.272472
0.264032
0.264318
0.265248
0.266743
0.268391
0.270007
0.271425
0.272559
0.273497
0.274308
0.27493
0.275224
0.275149
0.274722
0.273881
0.272662
0.271238
0.26981
0.268649
0.26801
0.259172
0.259372
0.260076
0.261286
0.26271
0.264183
0.265666
0.26705
0.268244
0.269259
0.270025
0.270356
0.270223
0.269654
0.268737
0.267636
0.266472
0.265328
0.264452
0.263998
0.254489
0.254637
0.255204
0.25625
0.257547
0.258936
0.260388
0.261869
0.263286
0.264532
0.265468
0.265874
0.265719
0.265147
0.264329
0.263382
0.262385
0.261427
0.260732
0.260392
0.249963
0.250076
0.250543
0.251473
0.252698
0.254044
0.255466
0.256958
0.258473
0.259914
0.261058
0.261606
0.261578
0.261164
0.26051
0.259713
0.258844
0.258036
0.257481
0.25722
0.245533
0.245618
0.246013
0.246872
0.24806
0.249387
0.250817
0.25235
0.253969
0.255605
0.256991
0.257755
0.257929
0.257709
0.257224
0.256572
0.255828
0.255133
0.254683
0.254485
0.241184
0.241247
0.241586
0.242397
0.243572
0.244913
0.246414
0.248064
0.249814
0.251621
0.253287
0.254403
0.254871
0.254847
0.254503
0.253978
0.253356
0.252763
0.252402
0.252253
0.236866
0.236908
0.237199
0.237984
0.239174
0.24055
0.242084
0.243822
0.245794
0.247937
0.249982
0.251428
0.252157
0.252402
0.252309
0.251965
0.251461
0.250959
0.250678
0.250577
0.232638
0.232662
0.232906
0.233639
0.234805
0.236196
0.237786
0.239621
0.241739
0.244152
0.246647
0.248623
0.249841
0.250469
0.250669
0.250561
0.250247
0.249895
0.249711
0.249656
0.228489
0.228496
0.228704
0.229375
0.2305
0.231912
0.233597
0.235637
0.238105
0.241008
0.244085
0.246603
0.248258
0.249255
0.249749
0.249954
0.249889
0.249738
0.249664
0.249639
0.224131
0.224147
0.224315
0.224894
0.225929
0.227316
0.229068
0.231284
0.234065
0.237478
0.241263
0.244541
0.246854
0.248395
0.24939
0.24997
0.250262
0.250379
0.250434
0.250429
0.219124
0.219134
0.219304
0.219852
0.220898
0.222371
0.224323
0.226883
0.23019
0.234326
0.239011
0.243161
0.246166
0.248282
0.24974
0.250738
0.251341
0.251697
0.251851
0.251854
0.213203
0.213212
0.21341
0.213978
0.215101
0.216748
0.218988
0.221986
0.225943
0.230993
0.236801
0.242026
0.245907
0.248706
0.250704
0.252107
0.253052
0.253629
0.25386
0.25387
0.206044
0.206054
0.206282
0.206966
0.208259
0.210193
0.212873
0.216518
0.221373
0.2276
0.234801
0.241334
0.246223
0.249791
0.25236
0.254218
0.255502
0.25627
0.256554
0.256568
0.197331
0.19734
0.197621
0.198473
0.200068
0.202457
0.205779
0.210318
0.216363
0.224107
0.233038
0.241115
0.24718
0.251643
0.254877
0.257194
0.258813
0.259743
0.260098
0.260127
0.186754
0.186761
0.187103
0.188182
0.190216
0.193245
0.197451
0.203181
0.210767
0.220417
0.231482
0.241462
0.248932
0.254387
0.258377
0.261331
0.263293
0.264398
0.264822
0.264861
0.173887
0.173889
0.174307
0.175671
0.178321
0.182246
0.187657
0.194956
0.204534
0.216583
0.230246
0.242477
0.251623
0.258334
0.263227
0.266772
0.269133
0.27046
0.270985
0.271037
0.158146
0.158148
0.158684
0.16044
0.163877
0.169002
0.176031
0.185418
0.197556
0.212588
0.229388
0.244287
0.255399
0.263567
0.269521
0.273778
0.276628
0.278248
0.27889
0.278949
0.13842
0.138426
0.13915
0.141509
0.146049
0.152865
0.162107
0.174301
0.18976
0.208506
0.229059
0.247065
0.260441
0.270275
0.277445
0.282568
0.286003
0.287971
0.288736
0.288797
0.112965
0.112983
0.114043
0.117404
0.123724
0.132985
0.145406
0.161427
0.181188
0.204488
0.229438
0.25098
0.266892
0.278597
0.287156
0.293302
0.29746
0.29984
0.300735
0.300788
0.0787146
0.0787658
0.0805415
0.0858778
0.0953168
0.10854
0.125647
0.146869
0.17207
0.200806
0.230768
0.256213
0.27489
0.288644
0.298761
0.306102
0.311117
0.313966
0.314989
0.315018
0.0298058
0.0301276
0.034163
0.0440557
0.0594297
0.0791106
0.103006
0.131051
0.162876
0.197852
0.233301
0.262889
0.28447
0.300394
0.312215
0.32093
0.326966
0.330367
0.331517
0.3315
-0.0415815
-0.0390332
-0.0274506
-0.00787703
0.0172593
0.0460801
0.0786416
0.114776
0.154103
0.195976
0.237431
0.271606
0.296495
0.314978
0.32892
0.33946
0.346956
0.351313
0.352864
0.352953
-0.117749
-0.110938
-0.0903131
-0.0605336
-0.0253758
0.0128415
0.05419
0.0985838
0.145741
0.195138
0.243608
0.283541
0.312811
0.3348
0.351672
0.364806
0.37444
0.380089
0.382412
0.382787
-0.181569
-0.174707
-0.147317
-0.109209
-0.0655389
-0.0187398
0.030948
0.0833355
0.138114
0.194751
0.249846
0.295063
0.32823
0.353263
0.372585
0.387555
0.398616
0.405737
0.408108
0.408413
-0.233471
-0.226208
-0.195081
-0.151167
-0.101102
-0.0473543
0.0094553
0.0689695
0.130742
0.194131
0.255334
0.305264
0.341739
0.36917
0.390256
0.406632
0.418829
0.42666
0.429137
0.42965
-0.276456
-0.268929
-0.235444
-0.187233
-0.132133
-0.0727952
-0.0100481
0.0556352
0.123616
0.193106
0.259837
0.313907
0.353118
0.382432
0.404863
0.422221
0.435054
0.443274
0.44627
0.446912
-0.313184
-0.305505
-0.270383
-0.218991
-0.159682
-0.0956527
-0.0278338
0.0432103
0.116711
0.19169
0.263405
0.321135
0.362662
0.393446
0.41681
0.434743
0.447954
0.456339
0.459696
0.460407
-0.345596
-0.337828
-0.301541
-0.247454
-0.184697
-0.116687
-0.0444304
0.0313733
0.109843
0.189843
0.266147
0.327223
0.370791
0.402765
0.426774
0.444991
0.458336
0.466761
0.470271
0.470957
-0.375108
-0.367245
-0.33001
-0.273636
-0.207943
-0.136464
-0.0603001
0.0197721
0.102793
0.187468
0.268127
0.332384
0.377881
0.410935
0.435476
0.453888
0.46729
0.47569
0.47932
0.480044
-0.402576
-0.394625
-0.356539
-0.298246
-0.22999
-0.155456
-0.0758122
0.00813215
0.0953484
0.184442
0.269318
0.336749
0.384166
0.418322
0.443432
0.4621
0.475557
0.483909
0.487539
0.488361
-0.428667
-0.4206
-0.381755
-0.321799
-0.251208
-0.173957
-0.0912057
-0.00374583
0.0873578
0.18065
0.269678
0.340336
0.38982
0.425216
0.451009
0.469995
0.483557
0.491861
0.495393
0.496261
-0.453762
-0.445551
-0.405964
-0.344549
-0.271871
-0.192199
-0.106646
-0.0159886
0.0787153
0.176006
0.269156
0.343219
0.394998
0.431821
0.458443
0.477871
0.491612
0.499924
0.503343
0.504107
-0.47814
-0.469766
-0.429486
-0.366668
-0.292153
-0.21032
-0.122241
-0.0286765
0.0693603
0.170468
0.267751
0.345411
0.399705
0.438193
0.46584
0.485853
0.499857
0.508185
0.511495
0.512103
-0.501901
-0.493296
-0.452456
-0.388308
-0.312141
-0.22837
-0.13803
-0.041835
0.0592719
0.164001
0.265374
0.34679
0.403912
0.444344
0.473231
0.493965
0.508295
0.516621
0.519806
0.52027
-0.525125
-0.51637
-0.474859
-0.409529
-0.33187
-0.246374
-0.154018
-0.0554575
0.0484506
0.156556
0.261918
0.347267
0.407541
0.450252
0.480612
0.502201
0.516888
0.525165
0.52816
0.528492
-0.54785
-0.538929
-0.496733
-0.430328
-0.351341
-0.264308
-0.170162
-0.0695065
0.0369005
0.148113
0.25733
0.346728
0.410463
0.455832
0.487968
0.510554
0.525599
0.533742
0.536462
0.536657
-0.570078
-0.560971
-0.518098
-0.45069
-0.370515
-0.282124
-0.186418
-0.083929
0.0246912
0.13872
0.251574
0.345032
0.412506
0.460971
0.495288
0.519053
0.53438
0.542236
0.544594
0.544643
-0.591725
-0.582443
-0.538894
-0.470576
-0.389336
-0.299767
-0.202702
-0.0986342
0.0119122
0.128421
0.244611
0.342058
0.413466
0.46548
0.502541
0.527821
0.543315
0.550555
0.55237
0.552263
-0.61274
-0.603272
-0.559078
-0.489941
-0.407753
-0.317158
-0.218935
-0.113524
-0.00134871
0.117298
0.236451
0.337692
0.413121
0.469089
0.509615
0.537091
0.552769
0.558796
0.559632
0.559328
-0.633102
-0.623445
-0.578624
-0.508733
-0.425712
-0.334218
-0.235022
-0.128496
-0.0149842
0.105442
0.227154
0.331859
0.411243
0.471411
0.516187
0.547054
0.563616
0.567778
0.566523
0.565703
-0.652748
-0.642902
-0.597491
-0.526903
-0.44314
-0.350891
-0.25088
-0.143458
-0.0288724
0.0929782
0.216792
0.324513
0.407655
0.471974
0.521557
0.557404
0.57694
0.580111
0.57525
0.572199
-0.6717
-0.661682
-0.615669
-0.544454
-0.460064
-0.3672
-0.266534
-0.158441
-0.0430439
0.0798718
0.205302
0.315453
0.402091
0.470265
0.524604
0.56683
0.59258
0.599395
0.592445
0.574615
-0.689984
-0.679762
-0.633277
-0.561551
-0.476715
-0.383457
-0.282362
-0.173915
-0.0580586
0.0654647
0.191982
0.303913
0.393713
0.465494
0.523268
0.571715
0.604882
0.611595
0.608529
0.56178
-0.707874
-0.696748
-0.65025
-0.578062
-0.492992
-0.399564
-0.298183
-0.189651
-0.0736722
0.0500018
0.176978
0.289895
0.381938
0.457253
0.515219
0.56379
0.597774
0.608324
0.557789
0.492397
-0.726332
-0.71169
-0.666408
-0.593904
-0.509187
-0.4157
-0.314244
-0.205642
-0.0898879
0.0334865
0.160205
0.273248
0.365755
0.44579
0.500134
0.530765
0.558832
0.539054
0.473321
0.403528
-0.744412
-0.746777
-0.685775
-0.60669
-0.522498
-0.429133
-0.329964
-0.221245
-0.105994
0.0166759
0.142289
0.254359
0.34517
0.433468
0.46337
0.45439
0.471495
0.419598
0.346763
0.272356
-0.720055
-0.718991
-0.661743
-0.583928
-0.495021
-0.398149
-0.294363
-0.183247
-0.0654277
0.0599524
0.178672
0.277085
0.357164
0.443133
0.4743
0.378102
0.297588
0.233596
0.159119
0.00470399
-0.76046
-0.734657
-0.674698
-0.596186
-0.507414
-0.410944
-0.307798
-0.197449
-0.080796
0.042697
0.158393
0.253217
0.326313
0.382372
0.358975
0.234683
0.111543
0.0278347
-0.0597435
-0.235902
-0.784393
-0.753783
-0.693105
-0.614689
-0.526067
-0.429895
-0.326719
-0.217302
-0.102185
0.0187669
0.130747
0.220455
0.284821
0.30948
0.235396
0.0654175
-0.0811637
-0.189375
-0.310322
-0.562838
-0.807663
-0.77465
-0.712859
-0.633788
-0.545107
-0.449072
-0.346354
-0.238014
-0.124642
-0.00659151
0.100901
0.184475
0.237083
0.228733
0.0916141
-0.108069
-0.293704
-0.447621
-0.620963
-1.03436
-0.829784
-0.796014
-0.733238
-0.653377
-0.564543
-0.468707
-0.3667
-0.259544
-0.148101
-0.0332697
0.0690947
0.145981
0.182717
0.139663
-0.0487461
-0.273229
-0.506968
-0.714322
-0.981135
-1.66154
-0.851542
-0.817873
-0.754461
-0.674039
-0.585029
-0.489417
-0.388102
-0.282202
-0.172871
-0.0615444
0.0353186
0.104629
0.124124
0.0385693
-0.17835
-0.412378
-0.654581
-0.884092
-1.08166
-1.86715
-0.874037
-0.840442
-0.776743
-0.695995
-0.606852
-0.511433
-0.410776
-0.306152
-0.199051
-0.0914407
-0.000262751
0.0604281
0.059977
-0.0769335
-0.289418
-0.514076
-0.725584
-0.873065
-0.905122
-0.959769
-0.897669
-0.86421
-0.800357
-0.719516
-0.630401
-0.535324
-0.435488
-0.332406
-0.227925
-0.124641
-0.0396689
0.0105847
-0.015153
-0.185183
-0.38919
-0.588367
-0.750434
-0.827699
-0.84692
-0.8555
-0.922759
-0.889283
-0.82537
-0.744546
-0.655607
-0.561035
-0.462259
-0.361017
-0.259551
-0.161204
-0.0828934
-0.0453924
-0.0919767
-0.285979
-0.480482
-0.65706
-0.783688
-0.816595
-0.820298
-0.820704
-0.949354
-0.915738
-0.851795
-0.771024
-0.682387
-0.588513
-0.49102
-0.391912
-0.293887
-0.201022
-0.130135
-0.106043
-0.173561
-0.379795
-0.565054
-0.722917
-0.786677
-0.802134
-0.805008
-0.804904
-0.977295
-0.943565
-0.87956
-0.798883
-0.710662
-0.617651
-0.521665
-0.424995
-0.330823
-0.243906
-0.181296
-0.167518
-0.273458
-0.466636
-0.639307
-0.768641
-0.805424
-0.797167
-0.795545
-0.794841
-1.00608
-0.972179
-0.908392
-0.827907
-0.740229
-0.648258
-0.554007
-0.460077
-0.37013
-0.289625
-0.235386
-0.240478
-0.370062
-0.547783
-0.69999
-0.777179
-0.785699
-0.788728
-0.788447
-0.788176
-1.03537
-1.00147
-0.93792
-0.857745
-0.770754
-0.680002
-0.587701
-0.496789
-0.41138
-0.337757
-0.291378
-0.315351
-0.463316
-0.619849
-0.751929
-0.785188
-0.790644
-0.786079
-0.78193
-0.780619
-1.06421
-1.03081
-0.967428
-0.887858
-0.801717
-0.712367
-0.62223
-0.534567
-0.453947
-0.3874
-0.349503
-0.388582
-0.560833
-0.691361
-0.776813
-0.820889
-0.803477
-0.791103
-0.786436
-0.784076
-1.09186
-1.05908
-0.99634
-0.917508
-0.832401
-0.744651
-0.656858
-0.572571
-0.496953
-0.43748
-0.409589
-0.463083
-0.661548
-0.786034
-0.779598
-0.787398
-0.82363
-0.837188
-0.837406
-0.834757
-1.11691
-1.08511
-1.02348
-0.945719
-0.861881
-0.77591
-0.690595
-0.609726
-0.53912
-0.486973
-0.467299
-0.537937
-0.763781
-0.987242
-0.985142
-0.970637
-0.981203
-0.99292
-0.986382
-0.977771
-1.1379
-1.10765
-1.04737
-0.971257
-0.889034
-0.804973
-0.722177
-0.644681
-0.578654
-0.534002
-0.519916
-0.615558
-0.857362
-1.20263
-1.69311
-1.38071
-1.23004
-1.19972
-1.18172
-1.17181
-1.15312
-1.1249
-1.0667
-0.992676
-0.912428
-0.830512
-0.750109
-0.675693
-0.613488
-0.575361
-0.569739
-0.674964
-0.878049
-0.938431
-0.825644
-0.999238
-1.19041
-1.23168
-1.231
-1.23161
-1.1609
-1.13511
-1.07997
-1.00852
-0.930586
-0.850951
-0.772806
-0.700611
-0.641576
-0.607386
-0.617314
-0.717166
-0.806614
-0.587084
-0.275806
-0.678549
-1.13352
-1.25682
-1.27039
-1.27227
-1.15951
-1.13707
-1.08583
-1.01742
-0.942164
-0.864814
-0.788496
-0.717444
-0.6595
-0.627365
-0.64473
-0.802842
-1.15071
-1.63873
-2.19368
-2.61761
-2.5728
-2.11624
-1.71134
-1.64192
-1.14616
-1.12872
-1.08333
-1.0184
-0.946159
-0.870965
-0.795711
-0.724477
-0.663812
-0.62813
-0.644268
-0.861345
-1.52881
-2.56154
-3.31677
-3.68522
-3.61512
-3.25641
-2.87254
-2.70927
-1.12188
-1.10905
-1.07132
-1.01139
-0.94229
-0.868966
-0.793764
-0.720175
-0.653306
-0.602314
-0.600685
-0.733557
-1.18532
-1.73513
-2.29087
-2.4255
-2.21751
-1.8753
-1.55164
-1.38002
-1.08916
-1.08049
-1.05145
-0.997457
-0.931366
-0.859443
-0.783345
-0.705013
-0.628016
-0.554013
-0.493905
-0.407541
-0.377203
-0.186451
0.145749
0.518914
0.906088
1.18878
1.34483
1.40933
-1.05173
-1.04646
-1.02568
-0.97924
-0.915921
-0.844629
-0.766609
-0.68337
-0.592677
-0.494705
-0.370596
-0.233049
0.0933353
0.665557
1.323
1.92851
2.36788
2.62993
2.75197
2.78533
-1.01412
-1.01137
-0.997816
-0.959121
-0.899297
-0.827762
-0.748048
-0.660015
-0.563399
-0.450843
-0.324363
-0.179228
0.0440401
0.584692
1.21747
1.7708
2.16927
2.39821
2.50381
2.53543
-0.97847
-0.977203
-0.971347
-0.942005
-0.885011
-0.812006
-0.730781
-0.642156
-0.546026
-0.4358
-0.323787
-0.208149
-0.0762098
0.265428
0.723176
1.10211
1.37772
1.53836
1.61828
1.64915
-0.952142
-0.951889
-0.95041
-0.926914
-0.870091
-0.795376
-0.714247
-0.628766
-0.537422
-0.437608
-0.341784
-0.254849
-0.176798
0.0275527
0.34651
0.617852
0.819823
0.941616
0.997646
1.01226
-0.924824
-0.927424
-0.927939
-0.904887
-0.845673
-0.770567
-0.69268
-0.613592
-0.531027
-0.443742
-0.365489
-0.308182
-0.258784
-0.135005
0.0768671
0.26226
0.396819
0.474265
0.509721
0.519561
-0.855011
-0.858797
-0.85933
-0.839414
-0.789587
-0.726274
-0.660066
-0.592712
-0.522211
-0.448065
-0.384049
-0.345776
-0.318727
-0.236235
-0.0904347
0.029514
0.113137
0.160815
0.181123
0.184161
-0.739092
-0.741128
-0.741176
-0.729683
-0.701283
-0.661889
-0.616171
-0.565774
-0.509821
-0.448374
-0.395769
-0.367393
-0.349691
-0.291888
-0.192355
-0.113375
-0.0627867
-0.0356634
-0.0255183
-0.0247996
-0.627029
-0.627425
-0.627465
-0.624169
-0.614398
-0.59698
-0.571405
-0.537726
-0.495561
-0.445022
-0.397357
-0.364293
-0.344959
-0.301884
-0.241616
-0.194254
-0.163095
-0.146357
-0.139339
-0.139561
-0.553071
-0.553
-0.55371
-0.555052
-0.55423
-0.548541
-0.535753
-0.513789
-0.482323
-0.439745
-0.395181
-0.354368
-0.317494
-0.280811
-0.248908
-0.225667
-0.209258
-0.199236
-0.194525
-0.195301
-0.516262
-0.516255
-0.517108
-0.519292
-0.520754
-0.51914
-0.51215
-0.496999
-0.47186
-0.436312
-0.393762
-0.35116
-0.306889
-0.277612
-0.262429
-0.247372
-0.233824
-0.224551
-0.22073
-0.222058
-0.503867
-0.503754
-0.504146
-0.505665
-0.506888
-0.5059
-0.500806
-0.488829
-0.467623
-0.435525
-0.397992
-0.36295
-0.326797
-0.305957
-0.295571
-0.279171
-0.260713
-0.246725
-0.240712
-0.242891
-0.508726
-0.508299
-0.507974
-0.508342
-0.508433
-0.506668
-0.501336
-0.489992
-0.46942
-0.438724
-0.4059
-0.384665
-0.374441
-0.365433
-0.348597
-0.320773
-0.296752
-0.28166
-0.27555
-0.277297
-0.529319
-0.528591
-0.527714
-0.527054
-0.525763
-0.522482
-0.515767
-0.503431
-0.48127
-0.447763
-0.414629
-0.40144
-0.41488
-0.424925
-0.393133
-0.356823
-0.33229
-0.321594
-0.317733
-0.318563
-0.565386
-0.564523
-0.563237
-0.561858
-0.559605
-0.555321
-0.547783
-0.534602
-0.510077
-0.470736
-0.427122
-0.400908
-0.4124
-0.420735
-0.394793
-0.366602
-0.345807
-0.334537
-0.33284
-0.333738
-0.616219
-0.615225
-0.613978
-0.612549
-0.610522
-0.607351
-0.602176
-0.592336
-0.571228
-0.52923
-0.465526
-0.404236
-0.389857
-0.394704
-0.375967
-0.3491
-0.329242
-0.318143
-0.315806
-0.315991
-0.680319
-0.679495
-0.678787
-0.678422
-0.67886
-0.680868
-0.684967
-0.690164
-0.69123
-0.666981
-0.580151
-0.469832
-0.419036
-0.41114
-0.377744
-0.333752
-0.293628
-0.274763
-0.274913
-0.276512
-0.752478
-0.752304
-0.753061
-0.755516
-0.761736
-0.774832
-0.799206
-0.840289
-0.898746
-0.929639
-0.816768
-0.638481
-0.536618
-0.493737
-0.427572
-0.349209
-0.284841
-0.255771
-0.261012
-0.261829
-0.821814
-0.822808
-0.825955
-0.833051
-0.848431
-0.878828
-0.935678
-1.03776
-1.19645
-1.32803
-1.19365
-0.915422
-0.743566
-0.647509
-0.522952
-0.392597
-0.303085
-0.275834
-0.281799
-0.286577
-0.871078
-0.873508
-0.879435
-0.892018
-0.918072
-0.968547
-1.06406
-1.24214
-1.53084
-1.79145
-1.64094
-1.24815
-0.995999
-0.847809
-0.676577
-0.532229
-0.443933
-0.434431
-0.437419
-0.442576
-0.880625
-0.884293
-0.89248
-0.90941
-0.943853
-1.01011
-1.136
-1.37362
-1.7719
-2.13321
-2.00036
-1.53137
-1.24519
-1.05894
-0.878133
-0.753784
-0.705888
-0.694994
-0.692729
-0.695179
-0.837072
-0.84105
-0.84968
-0.867908
-0.905085
-0.976328
-1.11196
-1.36826
-1.79517
-2.18861
-2.09558
-1.65427
-1.38509
-1.22379
-1.10605
-1.0142
-0.98122
-0.968075
-0.961491
-0.961351
-0.739391
-0.742764
-0.750189
-0.766127
-0.79911
-0.862736
-0.984401
-1.21529
-1.58327
-1.89471
-1.82865
-1.5374
-1.39645
-1.32836
-1.31787
-1.27032
-1.21688
-1.1904
-1.17664
-1.17297
-0.601491
-0.604056
-0.609151
-0.620461
-0.644541
-0.691636
-0.7822
-0.955249
-1.23164
-1.4409
-1.39162
-1.27776
-1.23334
-1.31588
-1.44953
-1.40581
-1.32813
-1.28411
-1.26144
-1.25322
-0.449197
-0.450115
-0.452291
-0.458189
-0.471986
-0.500049
-0.555071
-0.662823
-0.849335
-1.01014
-1.00778
-0.974701
-0.967238
-1.08998
-1.26503
-1.25365
-1.19198
-1.15425
-1.13498
-1.12667
-0.304452
-0.304233
-0.304235
-0.305743
-0.31096
-0.322867
-0.347441
-0.397837
-0.497706
-0.615393
-0.632179
-0.608627
-0.597692
-0.707303
-0.852957
-0.874339
-0.857975
-0.846685
-0.84079
-0.837391
-0.183569
-0.182743
-0.181621
-0.180695
-0.180705
-0.182282
-0.186818
-0.197511
-0.222133
-0.259995
-0.276877
-0.253186
-0.287314
-0.395448
-0.483786
-0.510413
-0.515804
-0.51927
-0.52198
-0.5223
-0.0928738
-0.0919407
-0.0906942
-0.0892591
-0.0874955
-0.0849323
-0.081029
-0.0745864
-0.0630108
-0.0459204
-0.0305518
-0.0512697
-0.123934
-0.192711
-0.235315
-0.252049
-0.259415
-0.264716
-0.268914
-0.270283
-0.0304543
-0.0301873
-0.029271
-0.0284172
-0.027289
-0.0255407
-0.0227651
-0.0181345
-0.0101698
0.00254745
0.0158795
0.0137245
-0.0167611
-0.0460324
-0.0739693
-0.0825216
-0.0860353
-0.0884806
-0.0911143
-0.0934143
-1.22132
-0.615068
-0.270912
-0.0326747
0.151316
0.294468
0.411815
0.513561
0.629765
0.623506
-0.362875
-0.193757
-0.0124165
0.14139
0.268874
0.373507
0.460165
0.526047
0.553879
0.55802
-0.0605179
0.0508163
0.170296
0.274617
0.363901
0.438572
0.498117
0.540099
0.566315
0.582946
0.147706
0.223699
0.30578
0.379468
0.443333
0.49695
0.539967
0.572865
0.598197
0.61654
0.301363
0.356607
0.413979
0.468234
0.515685
0.556367
0.590348
0.61806
0.640762
0.658909
0.422967
0.463407
0.507584
0.549577
0.587336
0.620552
0.649211
0.673159
0.692924
0.710607
0.525429
0.557509
0.595005
0.630061
0.662614
0.691904
0.71743
0.738755
0.755876
0.773209
0.618055
0.647709
0.682468
0.715246
0.745825
0.773436
0.797346
0.816949
0.831687
0.848821
0.710413
0.742118
0.778012
0.811343
0.841805
0.868801
0.891709
0.909973
0.922756
0.940034
0.815251
0.851288
0.889735
0.924336
0.954695
0.98068
1.00216
1.01896
1.03068
1.04855
0.945264
0.984408
1.02281
1.05616
1.08433
1.10806
1.12782
1.14345
1.15535
1.17363
1.10658
1.14318
1.17517
1.20202
1.22497
1.24557
1.26427
1.28037
1.29413
1.31203
1.29142
1.31672
1.33676
1.35534
1.37305
1.38986
1.40578
1.42182
1.43898
1.45813
1.47838
1.48932
1.50209
1.51669
1.53034
1.54245
1.55341
1.5648
1.58022
1.59967
1.66034
1.67385
1.67893
1.67994
1.68193
1.68934
1.7031
1.72074
1.73449
1.74584
1.92929
1.87873
1.83129
1.79973
1.78672
1.79129
1.81453
1.85961
1.92631
2.02044
0.359649
0.356637
0.350574
0.339641
0.32714
0.315815
0.30673
0.299928
0.295391
0.293385
0.294479
0.298333
0.304388
0.31259
0.323028
0.3353
0.34762
0.35631
0.360816
0.362972
0.287962
0.294611
0.29986
0.303471
0.304575
0.302925
0.299445
0.295609
0.292551
0.291122
0.292061
0.294961
0.298933
0.303068
0.306029
0.306507
0.304149
0.299738
0.293425
0.287595
0.277882
0.280844
0.284206
0.286693
0.288448
0.289617
0.289816
0.289022
0.287877
0.287297
0.288002
0.289594
0.291135
0.291817
0.291319
0.290001
0.28805
0.285142
0.281785
0.279495
0.271869
0.273294
0.275514
0.277793
0.279517
0.280702
0.281563
0.282094
0.282278
0.282451
0.282968
0.283554
0.283749
0.283424
0.2827
0.281476
0.279595
0.277314
0.275532
0.274448
0.266554
0.267376
0.268854
0.270645
0.272398
0.273876
0.274994
0.27588
0.276617
0.277228
0.277686
0.277852
0.277672
0.277154
0.276201
0.274805
0.273189
0.271593
0.270536
0.269873
0.261575
0.262132
0.263241
0.264691
0.266234
0.267757
0.269145
0.270309
0.271299
0.272138
0.272648
0.272733
0.272426
0.271712
0.270648
0.269406
0.268104
0.266922
0.266186
0.265726
0.256809
0.257226
0.258131
0.2594
0.260786
0.262239
0.26371
0.265102
0.266324
0.267338
0.267967
0.268072
0.267688
0.266927
0.265958
0.264901
0.263818
0.262874
0.262314
0.26197
0.252214
0.252537
0.2533
0.254444
0.255755
0.257153
0.258615
0.260108
0.261542
0.262784
0.263555
0.263707
0.263373
0.262734
0.26192
0.261013
0.260091
0.259322
0.258887
0.258623
0.247739
0.247996
0.248661
0.249737
0.25102
0.252397
0.253858
0.255398
0.256964
0.258426
0.2594
0.259728
0.259579
0.259118
0.258463
0.257688
0.256884
0.256241
0.255898
0.255693
0.243354
0.243558
0.24415
0.245179
0.246439
0.247833
0.249352
0.250978
0.252676
0.254356
0.255611
0.256215
0.256301
0.256019
0.2555
0.254867
0.254186
0.253654
0.253388
0.25323
0.239021
0.239182
0.239727
0.240751
0.242036
0.243482
0.245098
0.246895
0.248833
0.250804
0.252408
0.25331
0.253616
0.253514
0.253152
0.252635
0.252049
0.251601
0.2514
0.251281
0.234732
0.234849
0.235344
0.23635
0.237643
0.239102
0.240746
0.242634
0.244791
0.247144
0.249168
0.25047
0.251157
0.251403
0.251306
0.250975
0.250529
0.250186
0.250053
0.249972
0.230562
0.230647
0.231091
0.232052
0.233345
0.234862
0.236648
0.238769
0.241232
0.244018
0.246591
0.24841
0.24949
0.25002
0.250198
0.250092
0.249841
0.249636
0.249568
0.249516
0.226379
0.226431
0.226812
0.227686
0.228927
0.230458
0.232353
0.23471
0.237597
0.240989
0.244223
0.246608
0.248207
0.249181
0.249667
0.249935
0.249995
0.249982
0.249979
0.249937
0.221725
0.221787
0.22212
0.22293
0.224159
0.22576
0.227844
0.230521
0.233894
0.237995
0.242065
0.245222
0.24743
0.248927
0.249919
0.250542
0.250883
0.251055
0.251104
0.251061
0.216301
0.216368
0.216708
0.217532
0.218843
0.220631
0.223029
0.226204
0.230295
0.235336
0.240406
0.24442
0.247318
0.249362
0.250797
0.251774
0.252408
0.25274
0.252825
0.252774
0.209795
0.209872
0.210278
0.211184
0.21265
0.214718
0.217553
0.221357
0.226325
0.232541
0.238876
0.24396
0.247694
0.250385
0.252309
0.253681
0.254601
0.255065
0.255175
0.255115
0.201893
0.201987
0.202483
0.203579
0.205337
0.207849
0.211331
0.216045
0.22221
0.229915
0.237781
0.244112
0.248765
0.252162
0.254623
0.256392
0.257568
0.258136
0.258277
0.25821
0.192285
0.192397
0.193026
0.194409
0.196609
0.199752
0.204122
0.210015
0.217706
0.227282
0.237015
0.244824
0.250614
0.254844
0.257854
0.260076
0.261534
0.26222
0.262397
0.262322
0.180599
0.180734
0.181531
0.183311
0.186139
0.190172
0.195742
0.203197
0.212835
0.224725
0.23672
0.246323
0.253419
0.258586
0.262408
0.265073
0.266782
0.267601
0.267825
0.26774
0.166353
0.166527
0.167557
0.169847
0.173527
0.178762
0.18593
0.195416
0.207525
0.222267
0.236983
0.248697
0.257352
0.263679
0.268287
0.271512
0.273558
0.274564
0.274841
0.274742
0.148739
0.148999
0.150383
0.153354
0.158165
0.165048
0.174347
0.186505
0.201757
0.219988
0.237924
0.252106
0.262585
0.270249
0.275798
0.279689
0.28216
0.283384
0.28371
0.283588
0.126326
0.126751
0.128712
0.13274
0.139179
0.148377
0.160656
0.176359
0.195583
0.21803
0.239724
0.256723
0.26926
0.278444
0.285098
0.28978
0.29278
0.294253
0.294625
0.294474
0.0968115
0.0975782
0.100581
0.106387
0.115477
0.128147
0.144609
0.164999
0.189176
0.216614
0.242579
0.26271
0.277527
0.288409
0.296335
0.301966
0.305583
0.307328
0.30774
0.307552
0.0560606
0.0576287
0.0628799
0.0721958
0.0858896
0.103961
0.126296
0.15274
0.182894
0.216037
0.246695
0.270192
0.28745
0.300183
0.309548
0.316293
0.320631
0.322652
0.323081
0.322853
-0.00363512
0.00117488
0.0121568
0.0284428
0.050117
0.0762351
0.106389
0.140233
0.177244
0.216617
0.252209
0.279179
0.298954
0.313627
0.324559
0.332549
0.337724
0.340038
0.340459
0.340201
-0.0751244
-0.0666231
-0.046519
-0.0196571
0.0120071
0.0472448
0.0858664
0.127675
0.172206
0.218751
0.260445
0.292066
0.315458
0.333046
0.346355
0.356236
0.362771
0.365509
0.365904
0.365872
-0.146905
-0.132316
-0.103138
-0.0662788
-0.0251609
0.0190378
0.0661165
0.115916
0.168046
0.221863
0.269796
0.306175
0.333254
0.353906
0.369865
0.382033
0.389514
0.392564
0.393636
0.39379
-0.205322
-0.187068
-0.15226
-0.108069
-0.0592735
-0.00727585
0.0475071
0.104783
0.164093
0.224773
0.278453
0.319047
0.349245
0.372267
0.390051
0.403519
0.412166
0.416411
0.41792
0.418146
-0.253088
-0.232858
-0.193772
-0.144188
-0.0894022
-0.0310495
0.0303149
0.094235
0.160078
0.227032
0.285887
0.330121
0.36283
0.387658
0.406823
0.421374
0.431119
0.435926
0.437683
0.437901
-0.293151
-0.271862
-0.229611
-0.17573
-0.116048
-0.0524081
0.0145728
0.0842971
0.15598
0.228599
0.292064
0.33941
0.374166
0.400368
0.420471
0.435718
0.446135
0.451398
0.453211
0.453424
-0.327978
-0.305979
-0.261205
-0.203879
-0.140126
-0.0719531
-6.90014e-05
0.0748065
0.151742
0.229517
0.297158
0.347243
0.383688
0.410904
0.43159
0.447193
0.457819
0.46336
0.465242
0.465424
-0.359114
-0.336625
-0.289831
-0.22958
-0.162376
-0.090262
-0.0140388
0.0654735
0.147223
0.229785
0.301348
0.353962
0.391897
0.419928
0.440996
0.456713
0.46743
0.473013
0.474892
0.475081
-0.387716
-0.364857
-0.316346
-0.253613
-0.183394
-0.107809
-0.0277083
0.0560312
0.142251
0.229361
0.304707
0.359817
0.399194
0.427991
0.449427
0.465284
0.476036
0.481743
0.483495
0.483585
-0.414655
-0.391351
-0.341377
-0.276484
-0.2036
-0.124933
-0.0413406
0.0462664
0.136671
0.228157
0.307268
0.364898
0.405808
0.435468
0.457335
0.473375
0.484156
0.489868
0.491558
0.491536
-0.440372
-0.416603
-0.365408
-0.29855
-0.223271
-0.141857
-0.055117
0.0360378
0.130371
0.226091
0.309006
0.369336
0.411966
0.442641
0.465049
0.481343
0.492207
0.497846
0.499525
0.499473
-0.465208
-0.440968
-0.388685
-0.320017
-0.242628
-0.158746
-0.0691512
0.0252557
0.123267
0.223119
0.30995
0.373216
0.417775
0.44965
0.47276
0.489424
0.500422
0.505982
0.507599
0.507513
-0.489375
-0.46469
-0.411331
-0.341051
-0.261771
-0.175673
-0.0835087
0.0138739
0.115331
0.219205
0.310048
0.376465
0.423241
0.456552
0.480533
0.497671
0.508836
0.514324
0.515811
0.515708
-0.512995
-0.48782
-0.433452
-0.361724
-0.280748
-0.192675
-0.098203
0.00188638
0.106548
0.214273
0.309164
0.379012
0.428329
0.463349
0.488379
0.506081
0.517413
0.522783
0.524117
0.523964
-0.53609
-0.510397
-0.455077
-0.382055
-0.299568
-0.209733
-0.113205
-0.0106912
0.0968904
0.208257
0.307219
0.38075
0.432967
0.470011
0.49629
0.514628
0.526105
0.531305
0.532442
0.532214
-0.558627
-0.532469
-0.476218
-0.40203
-0.318199
-0.226812
-0.128474
-0.023817
0.0863846
0.201153
0.304119
0.381524
0.437018
0.47649
0.504275
0.523299
0.534806
0.539719
0.54063
0.540341
-0.580626
-0.553993
-0.496855
-0.421609
-0.336588
-0.24385
-0.14394
-0.0374166
0.0751113
0.19297
0.299778
0.38117
0.440292
0.482697
0.512379
0.532149
0.543478
0.5479
0.548533
0.548187
-0.601988
-0.574894
-0.51694
-0.44075
-0.354682
-0.260767
-0.15951
-0.0513906
0.0631484
0.183732
0.294127
0.379511
0.442556
0.488462
0.520671
0.54141
0.552211
0.555723
0.555959
0.555582
-0.622732
-0.595122
-0.536439
-0.459393
-0.372407
-0.277488
-0.175089
-0.0656295
0.0505815
0.173514
0.287136
0.37639
0.443516
0.493481
0.529146
0.55157
0.561569
0.5633
0.562742
0.562384
-0.64274
-0.614678
-0.5553
-0.477484
-0.389705
-0.293929
-0.190593
-0.0800494
0.0375374
0.162419
0.278812
0.371679
0.442856
0.497239
0.537474
0.563146
0.573035
0.571894
0.569012
0.568199
-0.662098
-0.63353
-0.573478
-0.494966
-0.406499
-0.310009
-0.205903
-0.0945094
0.0241543
0.150567
0.269215
0.365288
0.440299
0.499004
0.544678
0.575822
0.588555
0.586118
0.577007
0.558831
-0.680726
-0.65168
-0.591113
-0.512038
-0.423084
-0.32606
-0.221439
-0.109481
0.00989395
0.137389
0.257737
0.356522
0.435291
0.497781
0.548987
0.58764
0.607254
0.607658
0.591107
0.6028
-0.698757
-0.669116
-0.608152
-0.528642
-0.439407
-0.342019
-0.237188
-0.124932
-0.00523606
0.122814
0.244235
0.344855
0.427247
0.492394
0.546049
0.589831
0.613538
0.61246
0.551433
0.529762
-0.716769
-0.686405
-0.624347
-0.544371
-0.454991
-0.357449
-0.25295
-0.140599
-0.0209428
0.107074
0.228801
0.330042
0.415569
0.48262
0.530632
0.573093
0.587954
0.556816
0.484758
0.439869
-0.735407
-0.704308
-0.639261
-0.558916
-0.469446
-0.372215
-0.268362
-0.156313
-0.0371328
0.0902132
0.211371
0.312096
0.398676
0.469567
0.514079
0.522045
0.507565
0.450101
0.37509
0.328662
-0.336661
-0.228164
-0.113215
0.00894927
0.133526
0.244299
0.333057
0.185922
-0.755302
-0.736267
-0.698937
-0.631355
-0.547276
-0.454779
-0.354536
-0.247229
-0.133327
-0.0127303
0.110127
0.21923
0.305928
0.378171
0.429543
0.399597
0.254413
0.16446
0.0939929
-0.772208
-0.759308
-0.715579
-0.646267
-0.561982
-0.469556
-0.369923
-0.263255
-0.150453
-0.0315923
0.0885053
0.193593
0.274834
0.33225
0.333048
0.230568
0.0788545
-0.0330185
-0.126604
-0.794642
-0.78202
-0.735422
-0.665021
-0.580602
-0.488105
-0.388515
-0.282368
-0.170737
-0.0538214
0.0627857
0.162595
0.236234
0.276539
0.234335
0.0698789
-0.108281
-0.252425
-0.378495
-0.817138
-0.804265
-0.756207
-0.684655
-0.599861
-0.507401
-0.408156
-0.302884
-0.192681
-0.0781053
0.0346221
0.128724
0.194189
0.212064
0.124713
-0.0852703
-0.300678
-0.498819
-0.687546
-0.838686
-0.826384
-0.777558
-0.705004
-0.619815
-0.527381
-0.428609
-0.32433
-0.215718
-0.103785
0.00467092
0.0924415
0.148699
0.131449
-0.00733466
-0.228843
-0.469996
-0.705166
-0.918458
-0.860521
-0.84865
-0.799654
-0.726453
-0.640954
-0.548502
-0.450132
-0.34678
-0.2398
-0.130619
-0.0265895
0.0544262
0.0997602
0.0511952
-0.128903
-0.34864
-0.584064
-0.810903
-0.95088
-0.99413
-0.883511
-0.871869
-0.822789
-0.749276
-0.663655
-0.571276
-0.473375
-0.371061
-0.265931
-0.159875
-0.0607547
0.0128367
0.0443866
-0.0249772
-0.239847
-0.448724
-0.65031
-0.808636
-0.858237
-0.886387
-0.907681
-0.896348
-0.847196
-0.773559
-0.68796
-0.595829
-0.498566
-0.397541
-0.294601
-0.192167
-0.0985817
-0.0329956
-0.0169029
-0.123199
-0.33824
-0.533911
-0.703876
-0.80319
-0.833038
-0.83484
-0.933355
-0.922175
-0.872961
-0.799274
-0.713807
-0.622072
-0.525665
-0.426186
-0.325786
-0.227454
-0.140104
-0.0826098
-0.0924582
-0.22855
-0.429479
-0.613219
-0.755508
-0.803476
-0.809023
-0.811333
-0.960446
-0.949295
-0.900111
-0.826376
-0.741134
-0.64994
-0.554594
-0.45691
-0.359409
-0.265636
-0.185176
-0.13608
-0.172674
-0.32823
-0.514501
-0.687186
-0.782799
-0.802401
-0.79985
-0.799363
-0.988723
-0.977489
-0.928534
-0.854726
-0.769794
-0.679302
-0.585203
-0.489584
-0.395324
-0.306581
-0.233352
-0.195075
-0.248305
-0.422093
-0.591711
-0.738702
-0.777937
-0.786876
-0.791012
-0.791181
-1.01763
-1.00643
-0.957685
-0.884043
-0.799532
-0.709893
-0.617242
-0.523942
-0.43323
-0.349928
-0.284222
-0.256573
-0.322294
-0.506781
-0.662215
-0.768687
-0.812692
-0.794263
-0.786127
-0.784574
-1.04653
-1.0355
-0.98706
-0.913856
-0.829914
-0.741284
-0.650289
-0.559537
-0.47267
-0.39507
-0.337412
-0.317144
-0.411974
-0.591038
-0.718633
-0.790739
-0.794717
-0.790027
-0.784022
-0.780977
-1.07442
-1.06398
-1.01617
-0.943447
-0.860316
-0.772878
-0.683738
-0.595717
-0.512914
-0.441182
-0.391707
-0.380001
-0.508555
-0.683761
-0.765505
-0.76021
-0.80011
-0.805488
-0.802209
-0.799954
-1.10063
-1.09045
-1.04403
-0.972003
-0.889898
-0.803841
-0.716744
-0.631596
-0.552915
-0.487274
-0.445711
-0.449774
-0.601288
-0.807603
-0.87266
-0.814626
-0.862983
-0.889448
-0.898666
-0.896479
-1.12358
-1.11389
-1.06896
-0.998427
-0.91761
-0.833186
-0.748205
-0.66602
-0.591302
-0.531784
-0.498009
-0.51508
-0.6919
-0.952432
-1.2913
-1.30232
-1.16602
-1.11987
-1.10776
-1.08844
-1.14144
-1.13245
-1.08976
-1.02115
-0.94217
-0.859606
-0.776862
-0.697479
-0.626486
-0.572311
-0.547333
-0.5676
-0.772331
-1.00755
-1.32341
-1.47529
-1.24464
-1.22018
-1.21509
-1.21279
-1.15272
-1.14474
-1.10488
-1.03888
-0.962068
-0.881687
-0.801201
-0.72425
-0.656495
-0.606071
-0.589929
-0.606847
-0.796877
-0.785953
-0.453762
-0.453898
-0.959284
-1.25523
-1.26264
-1.26245
-1.15549
-1.14898
-1.11282
-1.05013
-0.975894
-0.89789
-0.819605
-0.74457
-0.67857
-0.630902
-0.61894
-0.656315
-0.853791
-0.944244
-0.891491
-1.19746
-1.46212
-1.46293
-1.35112
-1.29838
-1.14921
-1.14381
-1.11207
-1.05362
-0.982469
-0.906983
-0.830565
-0.756619
-0.690334
-0.642396
-0.631598
-0.694792
-1.08027
-1.81708
-2.76783
-3.37879
-3.50699
-3.12958
-2.62477
-2.27115
-1.131
-1.12695
-1.10088
-1.04846
-0.981191
-0.908227
-0.833137
-0.758917
-0.690282
-0.635305
-0.616158
-0.655679
-1.11077
-1.85665
-2.73551
-3.29182
-3.42294
-3.14901
-2.78246
-2.49007
-1.10281
-1.10021
-1.08025
-1.03495
-0.97233
-0.901727
-0.827324
-0.751229
-0.677088
-0.609768
-0.558583
-0.554896
-0.673068
-0.889133
-1.00899
-0.967045
-0.734342
-0.437578
-0.178722
-0.0316154
-1.06775
-1.0662
-1.05313
-1.01513
-0.957604
-0.888971
-0.814388
-0.735447
-0.652652
-0.568395
-0.474086
-0.376249
-0.199539
0.147468
0.653144
1.21178
1.69445
2.02452
2.20388
2.27034
-1.03031
-1.02941
-1.0222
-0.99299
-0.939854
-0.872628
-0.797596
-0.714946
-0.625622
-0.52362
-0.409742
-0.268254
-0.0789897
0.367735
1.03297
1.69357
2.22346
2.56136
2.73193
2.79563
-0.995251
-0.994542
-0.991066
-0.971062
-0.923297
-0.856808
-0.780276
-0.695546
-0.602545
-0.498347
-0.38167
-0.254004
-0.121789
0.165772
0.698524
1.20344
1.60435
1.86133
1.99207
2.0429
-0.964118
-0.962861
-0.961864
-0.950964
-0.909097
-0.84231
-0.764212
-0.679584
-0.588813
-0.490289
-0.383384
-0.281433
-0.176165
-0.0226895
0.337466
0.698907
0.979356
1.16776
1.27086
1.31471
-0.941674
-0.941431
-0.943138
-0.935117
-0.893101
-0.823379
-0.744772
-0.66323
-0.578497
-0.48841
-0.395157
-0.318307
-0.248702
-0.165001
0.0669496
0.315827
0.514697
0.64881
0.717045
0.742208
-0.896699
-0.898443
-0.901918
-0.894978
-0.854525
-0.787697
-0.714568
-0.641148
-0.565953
-0.487185
-0.408903
-0.35006
-0.306079
-0.260464
-0.101439
0.0631434
0.189764
0.273166
0.315631
0.332055
-0.799915
-0.802469
-0.804973
-0.798633
-0.770224
-0.722575
-0.667378
-0.609647
-0.548505
-0.482778
-0.41801
-0.371494
-0.346856
-0.329448
-0.206991
-0.0947099
-0.0141777
0.0361752
0.0598856
0.0672643
-0.678756
-0.680041
-0.68084
-0.678138
-0.665625
-0.642704
-0.611412
-0.573087
-0.527947
-0.475622
-0.420532
-0.378201
-0.357758
-0.340191
-0.263522
-0.190483
-0.138795
-0.108427
-0.0944894
-0.0905328
-0.58425
-0.584808
-0.584927
-0.585315
-0.583396
-0.576412
-0.562386
-0.539876
-0.508314
-0.466668
-0.418378
-0.37514
-0.343528
-0.313337
-0.266897
-0.228473
-0.20167
-0.184683
-0.175492
-0.17297
-0.530512
-0.530835
-0.531017
-0.532661
-0.53444
-0.533814
-0.52793
-0.514325
-0.49203
-0.459182
-0.41589
-0.371555
-0.329605
-0.289665
-0.26266
-0.243449
-0.227142
-0.215474
-0.209097
-0.207816
-0.507409
-0.507663
-0.507798
-0.509221
-0.511231
-0.511723
-0.508531
-0.499308
-0.481844
-0.453644
-0.41551
-0.374762
-0.334351
-0.297111
-0.282775
-0.270123
-0.255253
-0.241028
-0.232203
-0.230536
-0.504163
-0.504212
-0.503939
-0.50447
-0.505536
-0.505465
-0.502546
-0.494701
-0.47899
-0.453169
-0.418818
-0.387409
-0.362168
-0.339401
-0.328346
-0.309532
-0.288364
-0.270585
-0.260228
-0.259002
-0.517081
-0.516859
-0.51613
-0.515741
-0.515522
-0.514132
-0.510139
-0.50164
-0.485404
-0.459527
-0.424728
-0.400627
-0.395154
-0.410346
-0.390327
-0.356212
-0.324809
-0.303998
-0.292745
-0.292168
-0.545688
-0.545179
-0.544023
-0.543003
-0.54171
-0.538956
-0.533537
-0.523689
-0.505657
-0.477509
-0.436048
-0.408235
-0.403965
-0.431547
-0.417057
-0.382563
-0.356097
-0.342476
-0.33731
-0.335726
-0.589268
-0.588571
-0.587394
-0.586023
-0.584218
-0.581108
-0.575792
-0.566527
-0.548825
-0.51857
-0.465999
-0.417129
-0.391753
-0.408401
-0.399273
-0.370735
-0.347728
-0.332456
-0.327119
-0.327119
-0.647256
-0.646398
-0.645349
-0.644264
-0.643146
-0.64197
-0.640683
-0.638238
-0.630253
-0.60899
-0.550777
-0.464095
-0.400421
-0.392314
-0.382102
-0.355165
-0.322582
-0.299819
-0.291499
-0.293441
-0.716376
-0.715577
-0.715215
-0.715465
-0.717103
-0.72166
-0.731091
-0.74752
-0.770821
-0.790187
-0.744562
-0.606393
-0.494667
-0.456413
-0.424243
-0.367987
-0.31314
-0.273736
-0.266037
-0.268873
-0.788839
-0.788457
-0.789508
-0.792438
-0.799436
-0.814478
-0.843423
-0.895869
-0.982866
-1.08682
-1.079
-0.871929
-0.683437
-0.597701
-0.519023
-0.413
-0.318547
-0.262144
-0.255734
-0.261288
-0.850335
-0.850736
-0.853744
-0.860399
-0.874809
-0.903972
-0.959572
-1.06331
-1.24565
-1.49179
-1.53552
-1.24249
-0.955685
-0.807154
-0.669183
-0.517891
-0.39186
-0.33753
-0.338249
-0.345092
-0.881731
-0.883085
-0.888005
-0.89832
-0.919961
-0.96292
-1.04472
-1.20041
-1.48118
-1.86258
-1.98533
-1.60501
-1.24796
-1.03685
-0.862617
-0.696103
-0.595783
-0.561505
-0.557424
-0.559776
-0.865437
-0.867505
-0.873309
-0.885735
-0.91182
-0.962884
-1.0596
-1.24258
-1.58147
-2.04352
-2.23429
-1.84353
-1.44706
-1.2472
-1.05972
-0.92714
-0.852901
-0.837123
-0.831229
-0.829566
-0.793462
-0.795821
-0.801471
-0.813504
-0.838777
-0.888612
-0.983616
-1.16546
-1.4965
-1.92634
-2.1174
-1.79371
-1.50098
-1.34163
-1.24801
-1.18373
-1.12648
-1.09745
-1.0838
-1.07793
-0.674165
-0.675644
-0.679714
-0.688977
-0.709165
-0.749574
-0.82707
-0.975782
-1.24526
-1.57441
-1.68506
-1.50534
-1.35939
-1.31492
-1.38175
-1.39281
-1.32269
-1.27501
-1.24898
-1.23676
-0.525104
-0.526477
-0.52888
-0.534367
-0.54734
-0.57413
-0.626296
-0.727344
-0.915625
-1.15345
-1.22732
-1.15464
-1.12183
-1.16328
-1.32135
-1.41466
-1.33165
-1.26807
-1.23555
-1.22001
-0.374209
-0.374798
-0.375291
-0.377108
-0.383025
-0.396531
-0.423974
-0.478599
-0.58653
-0.749196
-0.829687
-0.815998
-0.789992
-0.832303
-0.995659
-1.09043
-1.05587
-1.02328
-1.00559
-0.996403
-0.240192
-0.240225
-0.239457
-0.238945
-0.239898
-0.243677
-0.252604
-0.271661
-0.312496
-0.394481
-0.445364
-0.428532
-0.401984
-0.469781
-0.607356
-0.675469
-0.680578
-0.677893
-0.676933
-0.676299
-0.134328
-0.134069
-0.132816
-0.131492
-0.130211
-0.129003
-0.127895
-0.127013
-0.126604
-0.120371
-0.134032
-0.131621
-0.159554
-0.239211
-0.319803
-0.359367
-0.371922
-0.378702
-0.383592
-0.38642
-0.0583968
-0.0580619
-0.0569503
-0.0559776
-0.0546882
-0.0525096
-0.0489444
-0.043015
-0.0327283
-0.0151031
0.00568417
0.00505696
-0.0440676
-0.0978551
-0.137122
-0.151131
-0.161057
-0.166361
-0.170576
-0.173341
-0.030455
-0.0297615
-0.0288734
-0.0278806
-0.0265124
-0.0243184
-0.0207538
-0.01468
-0.00446156
0.00964921
0.0180357
0.00142666
-0.0331695
-0.0598175
-0.0809698
-0.084481
-0.0872762
-0.0897645
-0.0923435
-0.0262714
-0.872028
-0.49433
-0.240514
-0.0299469
0.140572
0.277854
0.389203
0.484253
0.552391
0.550142
-0.313223
-0.140203
0.0169159
0.152194
0.268055
0.365322
0.445767
0.508225
0.546603
0.561211
-0.0159622
0.091371
0.194731
0.287827
0.368998
0.438142
0.494828
0.538046
0.568676
0.588928
0.182535
0.254746
0.3276
0.394969
0.453688
0.504194
0.546291
0.580106
0.606959
0.625762
0.331146
0.380121
0.436557
0.48642
0.531116
0.570251
0.603971
0.63226
0.655575
0.671628
0.449346
0.48813
0.531807
0.571039
0.607441
0.640265
0.66921
0.693906
0.714343
0.727576
0.550548
0.584012
0.620578
0.65526
0.687718
0.717532
0.744033
0.766551
0.784808
0.795544
0.644143
0.676087
0.711277
0.745416
0.777125
0.806045
0.831471
0.852704
0.869213
0.878005
0.74048
0.775606
0.812928
0.848889
0.881245
0.909887
0.934393
0.954399
0.969388
0.977499
0.854337
0.894764
0.934212
0.971427
1.00351
1.03082
1.05359
1.07199
1.0858
1.09497
0.998776
1.0418
1.07937
1.11316
1.14133
1.16526
1.18599
1.20349
1.21742
1.22861
1.17674
1.2144
1.24271
1.26709
1.28818
1.30755
1.32586
1.34307
1.35901
1.37356
1.37455
1.39564
1.41068
1.42658
1.44291
1.45826
1.47201
1.48531
1.50084
1.51922
1.56548
1.5726
1.58313
1.59471
1.60465
1.61387
1.62418
1.63531
1.64695
1.65583
1.77844
1.78022
1.77233
1.75582
1.7447
1.74419
1.75636
1.78098
1.81511
1.83966
2.19812
2.00423
1.90318
1.84537
1.81628
1.80966
1.82487
1.8657
1.94156
2.08452
-0.719472
-0.723997
-0.685134
-0.615385
-0.531248
-0.437963
0.416127
0.486542
0.487078
0.411949
0.344267
0.271437
0.0212374
-0.22436
-0.523165
-0.922081
-1.35117
)
;

boundaryField
{
    wall-4
    {
        type            zeroGradient;
    }
    pressure-outlet-7
    {
        type            fixedValue;
        value           uniform 0;
    }
    velocity-inlet-6
    {
        type            zeroGradient;
    }
    velocity-inlet-5
    {
        type            zeroGradient;
    }
    frontAndBackPlanes
    {
        type            empty;
    }
}


// ************************************************************************* //
