/*--------------------------------*- C++ -*----------------------------------*\
  =========                 |
  \\      /  F ield         | OpenFOAM: The Open Source CFD Toolbox
   \\    /   O peration     | Website:  https://openfoam.org
    \\  /    A nd           | Version:  10
     \\/     M anipulation  |
\*---------------------------------------------------------------------------*/
FoamFile
{
    format      ascii;
    class       volScalarField;
    location    "74";
    object      p;
}
// * * * * * * * * * * * * * * * * * * * * * * * * * * * * * * * * * * * * * //

dimensions      [0 2 -2 0 0 0 0];

internalField   nonuniform List<scalar> 
8800
(
0.834206
0.786421
0.747736
0.718746
0.69789
0.683072
0.672494
0.665041
0.660258
0.658253
0.659576
0.663813
0.670492
0.679834
0.692632
0.710378
0.735163
0.769109
0.811664
0.870367
0.665447
0.673126
0.680608
0.68392
0.682423
0.677356
0.670884
0.664831
0.660141
0.657343
0.657121
0.659681
0.664212
0.670188
0.676979
0.683274
0.686925
0.686194
0.680782
0.672098
0.643837
0.649998
0.654129
0.657081
0.65914
0.659758
0.658672
0.656597
0.654623
0.653772
0.654796
0.65723
0.660068
0.662277
0.662905
0.66172
0.65939
0.656005
0.651449
0.647689
0.638005
0.640657
0.643414
0.645824
0.64747
0.648648
0.649412
0.649562
0.649313
0.649326
0.650148
0.651375
0.652259
0.652356
0.65177
0.650696
0.648893
0.646332
0.643934
0.642431
0.632594
0.63402
0.635805
0.637846
0.639642
0.641002
0.642017
0.642852
0.643519
0.644156
0.644885
0.645447
0.645597
0.645348
0.644678
0.64345
0.641771
0.639934
0.638633
0.637801
0.627479
0.6284
0.629648
0.631224
0.632872
0.634417
0.635732
0.636843
0.637869
0.638845
0.639626
0.640031
0.640049
0.639655
0.638808
0.637633
0.636326
0.63508
0.634263
0.633711
0.622524
0.623194
0.624163
0.625477
0.626903
0.628385
0.629859
0.631231
0.632501
0.633706
0.634635
0.635095
0.635082
0.634628
0.633863
0.632946
0.631959
0.631052
0.630474
0.630067
0.61768
0.618197
0.618988
0.620132
0.621429
0.62283
0.624316
0.625846
0.627356
0.628806
0.62994
0.63052
0.630581
0.630263
0.629711
0.629024
0.628282
0.627618
0.627192
0.626874
0.612875
0.613286
0.61395
0.614971
0.6162
0.617559
0.61905
0.620672
0.622389
0.624119
0.625516
0.626305
0.626573
0.626485
0.626164
0.625696
0.625165
0.624697
0.624382
0.624123
0.608021
0.608355
0.608931
0.609875
0.611058
0.612407
0.613941
0.61567
0.617588
0.619625
0.62136
0.622464
0.623025
0.623204
0.623125
0.62289
0.62256
0.622256
0.622026
0.621808
0.603026
0.603303
0.603818
0.604719
0.605888
0.607267
0.608881
0.610762
0.612923
0.615316
0.617478
0.618985
0.619898
0.620384
0.62057
0.620574
0.620445
0.620285
0.620124
0.619934
0.5978
0.598032
0.598508
0.599396
0.600591
0.602043
0.603782
0.605869
0.608341
0.611176
0.61386
0.61585
0.617177
0.618015
0.618501
0.618746
0.618827
0.618803
0.618699
0.618529
0.592246
0.592443
0.592901
0.593804
0.595067
0.596638
0.598557
0.600919
0.603784
0.607171
0.610486
0.613054
0.614865
0.616107
0.616931
0.617446
0.617749
0.617853
0.617796
0.617639
0.58626
0.586429
0.586884
0.587833
0.589205
0.590946
0.593114
0.595829
0.599194
0.603259
0.607339
0.610596
0.61298
0.61469
0.615901
0.616739
0.617265
0.617493
0.617477
0.617328
0.579719
0.579863
0.580333
0.581356
0.582884
0.584855
0.587347
0.590514
0.594503
0.5994
0.604404
0.608484
0.611548
0.61381
0.615464
0.616655
0.617441
0.617799
0.617821
0.617674
0.572479
0.5726
0.573097
0.574226
0.575959
0.57823
0.581137
0.584877
0.589638
0.595551
0.601669
0.606731
0.610598
0.613513
0.615691
0.617291
0.618366
0.618859
0.618915
0.618767
0.564349
0.564459
0.564994
0.566261
0.568258
0.570908
0.574344
0.5788
0.584517
0.591667
0.599123
0.605354
0.610168
0.613849
0.616658
0.618738
0.620138
0.620772
0.620859
0.620706
0.555096
0.555193
0.555791
0.557222
0.559555
0.562696
0.566801
0.572152
0.579048
0.587704
0.596763
0.604377
0.61031
0.614892
0.618447
0.621088
0.622855
0.623638
0.623752
0.62359
0.544396
0.544475
0.54516
0.546819
0.549591
0.55336
0.558305
0.564777
0.573131
0.583617
0.594591
0.603832
0.611079
0.616724
0.621126
0.624437
0.626613
0.627548
0.627685
0.62751
0.531864
0.531929
0.532715
0.534686
0.538017
0.542589
0.548608
0.556499
0.566664
0.579371
0.592616
0.60376
0.612525
0.619405
0.6248
0.628874
0.631493
0.632578
0.632729
0.632538
0.516928
0.516982
0.517912
0.5203
0.524373
0.529999
0.537415
0.547119
0.559546
0.574945
0.590863
0.604207
0.614702
0.622992
0.629535
0.63446
0.637541
0.638759
0.638913
0.638702
0.498796
0.498837
0.499984
0.502961
0.508049
0.515102
0.524378
0.536437
0.551704
0.570352
0.58938
0.605221
0.617671
0.627545
0.635341
0.641213
0.644745
0.646063
0.646202
0.645971
0.476278
0.476318
0.477816
0.481683
0.488235
0.497296
0.509121
0.524287
0.543124
0.565659
0.588252
0.60687
0.621469
0.633088
0.642242
0.649088
0.653012
0.654372
0.654476
0.654225
0.447583
0.447645
0.449741
0.455043
0.463883
0.475892
0.491315
0.510608
0.5339
0.561016
0.587612
0.60924
0.626129
0.639589
0.650197
0.657956
0.662146
0.663459
0.663507
0.663241
0.409598
0.409767
0.413099
0.421055
0.433751
0.45029
0.470842
0.495554
0.524294
0.556677
0.587635
0.612425
0.631685
0.647014
0.659083
0.667583
0.67183
0.672988
0.67296
0.672686
0.35637
0.357389
0.364028
0.377459
0.396871
0.420421
0.448056
0.479618
0.514772
0.552987
0.588517
0.616512
0.638133
0.6553
0.668672
0.677612
0.681639
0.682543
0.682438
0.682167
0.278772
0.286275
0.301658
0.325361
0.354776
0.387717
0.424006
0.463442
0.505684
0.550181
0.590563
0.62194
0.646082
0.66519
0.679736
0.688848
0.692475
0.693115
0.692962
0.69273
0.195405
0.213134
0.238054
0.272643
0.312467
0.354916
0.399884
0.44733
0.49698
0.548328
0.594318
0.629704
0.656764
0.678091
0.693826
0.702564
0.705374
0.705719
0.705589
0.705429
0.125862
0.146762
0.179544
0.22337
0.272356
0.323755
0.377134
0.432423
0.489308
0.547261
0.598515
0.637546
0.667118
0.690073
0.706141
0.714115
0.71638
0.716662
0.716584
0.716457
0.0688941
0.0914752
0.129866
0.180221
0.23644
0.295361
0.356171
0.418647
0.482316
0.546522
0.60271
0.645083
0.676837
0.700993
0.717208
0.724737
0.726741
0.727015
0.726978
0.726878
0.0215008
0.0452761
0.08751
0.143037
0.205064
0.270194
0.337379
0.406237
0.476114
0.546175
0.607038
0.652561
0.686355
0.711693
0.728167
0.735406
0.73726
0.737566
0.737572
0.737493
-0.0185889
0.00583469
0.0509735
0.110587
0.177501
0.247916
0.320646
0.395191
0.470746
0.54629
0.611624
0.660195
0.696021
0.722537
0.739354
0.746576
0.748471
0.748734
0.74876
0.7487
-0.053434
-0.0286039
0.0188121
0.081804
0.152852
0.227873
0.305531
0.385227
0.466033
0.54676
0.616413
0.668004
0.705864
0.733601
0.750984
0.758483
0.760357
0.760628
0.76066
0.760617
-0.0845594
-0.0593868
-0.0101197
0.0557537
0.130379
0.209448
0.291542
0.375958
0.461675
0.547362
0.621228
0.675815
0.715741
0.744817
0.762929
0.770708
0.772691
0.772943
0.772967
0.772943
-0.112967
-0.0874975
-0.0366546
0.0317143
0.109485
0.192158
0.278257
0.367028
0.45738
0.547844
0.625856
0.683433
0.725456
0.755871
0.774733
0.782864
0.784967
0.785223
0.78524
0.785222
-0.139488
-0.113683
-0.0614517
0.00912465
0.0897123
0.175613
0.265354
0.358154
0.452885
0.547981
0.630109
0.690682
0.734763
0.766529
0.786093
0.79457
0.796814
0.797073
0.797053
0.797036
-0.164523
-0.138387
-0.0848284
-0.012401
0.0707209
0.159529
0.252582
0.349115
0.447995
0.547609
0.63384
0.697413
0.743537
0.776576
0.796774
0.805547
0.807878
0.808114
0.808061
0.808035
-0.188552
-0.161999
-0.107398
-0.0331054
0.0522662
0.143692
0.239767
0.339756
0.442561
0.546574
0.636933
0.703562
0.75171
0.785925
0.806626
0.815566
0.817935
0.818147
0.818058
0.818019
-0.211718
-0.184709
-0.129174
-0.0531906
0.0341884
0.127969
0.226791
0.329968
0.436469
0.544765
0.639308
0.709096
0.759297
0.794578
0.815595
0.824597
0.826923
0.827094
0.826973
0.82692
-0.234179
-0.206788
-0.150229
-0.0727819
0.0164006
0.112292
0.213587
0.31968
0.429643
0.542097
0.640884
0.714006
0.766357
0.802626
0.823788
0.83264
0.834883
0.834998
0.834846
0.83478
-0.256076
-0.228216
-0.170695
-0.0919372
-0.00115169
0.0966227
0.200135
0.308874
0.422048
0.538492
0.641585
0.71828
0.773007
0.810267
0.831353
0.839841
0.841868
0.84192
0.841753
0.841676
-0.27749
-0.249054
-0.19066
-0.11068
-0.0184641
0.0809625
0.18645
0.297561
0.413669
0.533891
0.641333
0.721906
0.779351
0.81771
0.838526
0.846356
0.848015
0.84797
0.847788
0.847706
-0.298289
-0.269306
-0.210068
-0.129006
-0.0355293
0.0653528
0.172565
0.285782
0.404533
0.528283
0.640037
0.724823
0.785451
0.82523
0.845675
0.852457
0.853445
0.853227
0.853051
0.852978
-0.318457
-0.288952
-0.228924
-0.146884
-0.0523106
0.0498326
0.158549
0.273592
0.394692
0.521664
0.637622
0.726912
0.791303
0.833069
0.853315
0.858694
0.858459
0.857815
0.857679
0.857675
-0.338073
-0.30797
-0.247221
-0.164298
-0.0687594
0.0344693
0.144472
0.261078
0.384214
0.514068
0.634008
0.728011
0.796778
0.841317
0.862034
0.866089
0.863916
0.862135
0.862007
0.862359
-0.356987
-0.326353
-0.264914
-0.181205
-0.084829
0.0193349
0.130418
0.248335
0.373197
0.505565
0.629147
0.727909
0.801618
0.849768
0.872135
0.875933
0.871947
0.86787
0.866462
0.866718
-0.375293
-0.3441
-0.282029
-0.197642
-0.100556
0.00438487
0.11633
0.235309
0.361579
0.496086
0.622902
0.726327
0.80555
0.858035
0.883319
0.888932
0.884968
0.87751
0.870255
0.857219
-0.392927
-0.361201
-0.298681
-0.213809
-0.116217
-0.0106978
0.101814
0.221546
0.348861
0.485046
0.614692
0.722579
0.808161
0.865662
0.894341
0.903657
0.90005
0.885816
0.86434
0.85487
-0.409729
-0.377824
-0.314689
-0.229516
-0.131457
-0.0255779
0.0870819
0.207353
0.33532
0.472658
0.604494
0.716064
0.80841
0.871356
0.901187
0.910747
0.908148
0.881777
0.81491
0.785256
-0.425047
-0.395256
-0.329758
-0.244293
-0.14547
-0.0397519
0.0724549
0.192956
0.32117
0.459027
0.592188
0.706352
0.804595
0.874197
0.898219
0.902733
0.885555
0.827922
0.75837
0.715932
-0.479349
-0.410593
-0.343346
-0.259277
-0.159952
-0.0547352
0.0578556
0.178059
0.306013
0.443651
0.577087
0.692604
0.79252
0.869387
0.868214
0.864789
0.807359
0.732684
0.654536
0.611065
-0.440899
-0.424966
-0.36359
-0.278412
-0.181375
-0.0761758
0.0353949
0.155019
0.28212
0.41862
0.550608
0.665244
0.758811
0.841871
0.821354
0.699221
0.588765
0.511972
0.436632
0.46458
-0.470819
-0.441861
-0.379639
-0.295312
-0.19833
-0.0932458
0.0186266
0.137646
0.263737
0.39855
0.52793
0.638424
0.722048
0.765822
0.711636
0.554596
0.421749
0.326994
0.226596
0.27417
-0.493814
-0.461946
-0.398656
-0.314215
-0.217118
-0.112146
-0.000346615
0.117852
0.242569
0.375028
0.500741
0.604899
0.679245
0.687865
0.574565
0.396181
0.23931
0.117363
-0.0155134
0.0159748
-0.516222
-0.482906
-0.418525
-0.3332
-0.236041
-0.131236
-0.0199747
0.0972565
0.220382
0.350057
0.471048
0.566916
0.625262
0.602042
0.436826
0.235961
0.0425562
-0.127545
-0.317116
-0.337482
-0.538013
-0.504305
-0.439102
-0.353044
-0.255781
-0.151226
-0.0406419
0.07548
0.196726
0.323163
0.438616
0.525918
0.564206
0.503171
0.305418
0.0909833
-0.128664
-0.319406
-0.561862
-0.85657
-0.560078
-0.5264
-0.460721
-0.374234
-0.276829
-0.172483
-0.0625186
0.0524391
0.171666
0.294542
0.404004
0.482683
0.498488
0.385416
0.190787
-0.0227839
-0.229497
-0.403311
-0.474212
-0.552051
-0.583352
-0.549656
-0.483731
-0.39708
-0.299674
-0.195642
-0.0864007
0.0272017
0.144062
0.262791
0.365776
0.433
0.422947
0.275953
0.0885773
-0.105942
-0.271535
-0.366175
-0.39065
-0.406402
-0.60814
-0.574361
-0.508297
-0.421653
-0.324443
-0.220908
-0.112644
-0.000719218
0.113326
0.22721
0.323231
0.375441
0.347247
0.174041
-0.00427818
-0.173585
-0.302697
-0.342678
-0.355445
-0.356736
-0.634641
-0.600684
-0.534484
-0.447949
-0.351086
-0.248286
-0.14127
-0.031375
0.0793937
0.187821
0.275891
0.313129
0.263767
0.0798807
-0.089346
-0.240977
-0.318818
-0.335958
-0.337368
-0.337187
-0.662909
-0.628685
-0.562321
-0.475967
-0.379619
-0.277768
-0.172282
-0.0647803
0.0422768
0.144704
0.223877
0.248898
0.162492
-0.00616449
-0.166859
-0.291841
-0.329239
-0.327604
-0.326721
-0.326148
-0.692663
-0.658201
-0.591706
-0.505625
-0.40996
-0.309301
-0.205652
-0.100908
0.00201751
0.0979757
0.168132
0.175574
0.0707841
-0.0858339
-0.228255
-0.306355
-0.316662
-0.319276
-0.319943
-0.319674
-0.723355
-0.688759
-0.622387
-0.536702
-0.441927
-0.342731
-0.241229
-0.139626
-0.0411924
0.0480096
0.109171
0.101256
-0.0113956
-0.153252
-0.27341
-0.305582
-0.314204
-0.315618
-0.315351
-0.315046
-0.754528
-0.719837
-0.653904
-0.568807
-0.475178
-0.377744
-0.278736
-0.180644
-0.087059
-0.00447525
0.0461137
0.0308632
-0.0865343
-0.207812
-0.303724
-0.322239
-0.313115
-0.311944
-0.311853
-0.311615
-0.785283
-0.750741
-0.685428
-0.601339
-0.509181
-0.413871
-0.317727
-0.223481
-0.135102
-0.0588186
-0.0181866
-0.0333885
-0.151975
-0.248671
-0.305527
-0.314849
-0.312089
-0.310801
-0.310245
-0.310016
-0.814109
-0.780297
-0.715987
-0.633386
-0.543181
-0.450422
-0.357553
-0.267454
-0.184509
-0.114414
-0.0774048
-0.103688
-0.204213
-0.28594
-0.290438
-0.30892
-0.312715
-0.311085
-0.31047
-0.310035
-0.839394
-0.806634
-0.744486
-0.663812
-0.576158
-0.486473
-0.397358
-0.311715
-0.234146
-0.170364
-0.133391
-0.170946
-0.248364
-0.30518
-0.324323
-0.318651
-0.317518
-0.316809
-0.316194
-0.315708
-0.859034
-0.828015
-0.768708
-0.691231
-0.606837
-0.520914
-0.436065
-0.355243
-0.282887
-0.225345
-0.190672
-0.224774
-0.281972
-0.338757
-0.362152
-0.338503
-0.326416
-0.323988
-0.322788
-0.322339
-0.870838
-0.842523
-0.787039
-0.7137
-0.633753
-0.552444
-0.472511
-0.39684
-0.329672
-0.277709
-0.245577
-0.267935
-0.295855
-0.343023
-0.333479
-0.325296
-0.322487
-0.321518
-0.321371
-0.321447
-0.872235
-0.84794
-0.79742
-0.729503
-0.655232
-0.579654
-0.505382
-0.435271
-0.373358
-0.326112
-0.29075
-0.301691
-0.291929
-0.296458
-0.301294
-0.311357
-0.316165
-0.317761
-0.31847
-0.31851
-0.86097
-0.841432
-0.797708
-0.737081
-0.669843
-0.601109
-0.533357
-0.469271
-0.412749
-0.369552
-0.3283
-0.327414
-0.299794
-0.279634
-0.300211
-0.314715
-0.321716
-0.324462
-0.325266
-0.325424
-0.835239
-0.820607
-0.786159
-0.735202
-0.676606
-0.615843
-0.555302
-0.497542
-0.446531
-0.407422
-0.362235
-0.354808
-0.346283
-0.340213
-0.340795
-0.340894
-0.340562
-0.340329
-0.340073
-0.340126
-0.797629
-0.788211
-0.763651
-0.724031
-0.67553
-0.623601
-0.57058
-0.519069
-0.473143
-0.43813
-0.408226
-0.39051
-0.387975
-0.426934
-0.424386
-0.383023
-0.360721
-0.352102
-0.348986
-0.348066
-0.754807
-0.749443
-0.734994
-0.706395
-0.668541
-0.625181
-0.57933
-0.53335
-0.491083
-0.458441
-0.43014
-0.401974
-0.379468
-0.391065
-0.391601
-0.367805
-0.339359
-0.324803
-0.320863
-0.319633
-0.716404
-0.71314
-0.706255
-0.687643
-0.658531
-0.622453
-0.582648
-0.540674
-0.499728
-0.464666
-0.437813
-0.386444
-0.312712
-0.229146
-0.13777
-0.124729
-0.18191
-0.230953
-0.254745
-0.258601
-0.688789
-0.686748
-0.683223
-0.67197
-0.649336
-0.618465
-0.582491
-0.542586
-0.500126
-0.459764
-0.429777
-0.37668
-0.329089
-0.295191
-0.38512
-0.57643
-0.705639
-0.703775
-0.63013
-0.615955
-0.667966
-0.66721
-0.666046
-0.660472
-0.643546
-0.615961
-0.581139
-0.540542
-0.495385
-0.447185
-0.409755
-0.390731
-0.456897
-0.680724
-0.970126
-1.11031
-1.14768
-1.08903
-0.982451
-0.931108
-0.655852
-0.655591
-0.654993
-0.65244
-0.640697
-0.61488
-0.579416
-0.536825
-0.487785
-0.43078
-0.385351
-0.350571
-0.392356
-0.493946
-0.664599
-0.799002
-0.770862
-0.629007
-0.482937
-0.412777
-0.647568
-0.647387
-0.646826
-0.645908
-0.638956
-0.615354
-0.578595
-0.532859
-0.477989
-0.413312
-0.345905
-0.275348
-0.168799
-0.0174948
0.171928
0.348361
0.547304
0.704431
0.792826
0.82685
-0.642529
-0.64248
-0.642316
-0.642492
-0.638122
-0.617801
-0.57966
-0.529727
-0.469459
-0.39515
-0.303941
-0.213096
-0.0137096
0.319745
0.70417
1.08819
1.39831
1.5762
1.65176
1.67251
-0.638525
-0.638584
-0.638636
-0.638517
-0.637449
-0.621732
-0.583174
-0.529182
-0.463354
-0.380101
-0.279212
-0.174348
0.0334973
0.40529
0.822349
1.20515
1.50898
1.67983
1.74314
1.75626
-0.635419
-0.635497
-0.635391
-0.634584
-0.633983
-0.626397
-0.589341
-0.532398
-0.461852
-0.375712
-0.273344
-0.166856
-0.00661384
0.330054
0.675331
0.988307
1.22643
1.35421
1.39817
1.40592
-0.634026
-0.634929
-0.637241
-0.641107
-0.645354
-0.637195
-0.597102
-0.537661
-0.467326
-0.381341
-0.283761
-0.183903
-0.0600277
0.200267
0.460684
0.674545
0.828516
0.905895
0.932982
0.93806
-0.63156
-0.633443
-0.638819
-0.651675
-0.666184
-0.650396
-0.601209
-0.54575
-0.480119
-0.395352
-0.303955
-0.214882
-0.119671
0.0634313
0.241467
0.375727
0.464417
0.508365
0.527674
0.534309
-0.64903
-0.649908
-0.647421
-0.629771
-0.603522
-0.588713
-0.583231
-0.557686
-0.497759
-0.413872
-0.330689
-0.253246
-0.179473
-0.045221
0.0831551
0.174507
0.233803
0.265102
0.281589
0.287343
-0.695316
-0.694151
-0.680528
-0.625699
-0.550897
-0.532092
-0.582547
-0.581649
-0.521638
-0.435717
-0.355573
-0.289162
-0.232422
-0.128889
-0.0271091
0.0504501
0.105569
0.137434
0.152141
0.155898
-0.762156
-0.760925
-0.773749
-0.786954
-0.784207
-0.755694
-0.736486
-0.657182
-0.556463
-0.456977
-0.376815
-0.320587
-0.277364
-0.188653
-0.0998516
-0.0301204
0.0235419
0.0555906
0.0683561
0.0701572
-0.916355
-0.939115
-0.999755
-1.06862
-1.09274
-1.05345
-0.942044
-0.755348
-0.596689
-0.472979
-0.388636
-0.336909
-0.299159
-0.224709
-0.148745
-0.0898338
-0.0436876
-0.0166662
-0.00674703
-0.00630858
-1.048
-1.07682
-1.13143
-1.18088
-1.20037
-1.15847
-1.01905
-0.795028
-0.607511
-0.471241
-0.38582
-0.337472
-0.300681
-0.240877
-0.180127
-0.131063
-0.0943717
-0.0726316
-0.0643385
-0.0642992
-0.996576
-1.01915
-1.0592
-1.09744
-1.11303
-1.0729
-0.926991
-0.728442
-0.563313
-0.441201
-0.364741
-0.319723
-0.287304
-0.243542
-0.198112
-0.160335
-0.132402
-0.116212
-0.110841
-0.11175
-0.7435
-0.764072
-0.802092
-0.845842
-0.869828
-0.837468
-0.721499
-0.587076
-0.471165
-0.384383
-0.326
-0.289568
-0.264651
-0.235452
-0.204418
-0.178472
-0.158942
-0.148262
-0.145199
-0.146613
-0.380003
-0.393435
-0.420818
-0.457169
-0.489294
-0.492136
-0.460176
-0.410372
-0.359082
-0.312919
-0.277581
-0.253466
-0.237958
-0.222058
-0.204453
-0.19089
-0.181187
-0.17686
-0.176077
-0.177469
-0.0693639
-0.0765558
-0.0948995
-0.12655
-0.167573
-0.207346
-0.234156
-0.247677
-0.249174
-0.238833
-0.225217
-0.213996
-0.208778
-0.203535
-0.199601
-0.198212
-0.199567
-0.202672
-0.204156
-0.2049
0.106763
0.102716
0.089742
0.0624557
0.0186041
-0.0364597
-0.0896329
-0.131854
-0.159694
-0.173488
-0.175302
-0.172198
-0.171715
-0.176239
-0.184833
-0.194961
-0.205155
-0.212666
-0.21518
-0.215469
0.166324
0.163667
0.153947
0.131709
0.0935863
0.0427757
-0.0113467
-0.0607869
-0.0988282
-0.123309
-0.132907
-0.132698
-0.133266
-0.146967
-0.16433
-0.18007
-0.193071
-0.200924
-0.203095
-0.203296
0.16385
0.161981
0.154907
0.138406
0.109625
0.0701244
0.0250906
-0.0199491
-0.0589877
-0.0882973
-0.103386
-0.10616
-0.107714
-0.124971
-0.143307
-0.158048
-0.168693
-0.17378
-0.175176
-0.17556
0.137954
0.136728
0.131867
0.120365
0.100016
0.0712258
0.0362639
-0.000880322
-0.0358239
-0.0660372
-0.0871784
-0.0997099
-0.107561
-0.119713
-0.129937
-0.137238
-0.141774
-0.143408
-0.144083
-0.144649
0.106895
0.10616
0.103006
0.0953179
0.0814002
0.061106
0.0352539
0.00608948
-0.0238583
-0.0531452
-0.0807257
-0.10619
-0.123257
-0.123384
-0.120886
-0.120688
-0.11954
-0.118747
-0.118839
-0.11939
0.0770797
0.0767845
0.0748892
0.0700066
0.0608459
0.047016
0.0286675
0.00708106
-0.0168404
-0.0433502
-0.0737878
-0.108831
-0.128583
-0.119984
-0.109861
-0.10364
-0.101573
-0.100679
-0.100632
-0.101034
0.0505963
0.0504648
0.0494848
0.0466503
0.0410239
0.0322277
0.0201458
0.00547607
-0.0117294
-0.0324287
-0.0585867
-0.0885571
-0.10154
-0.093322
-0.0856255
-0.0836798
-0.0836262
-0.0840822
-0.0840088
-0.084046
0.0268434
0.0268925
0.0265323
0.0252614
0.0225002
0.0179046
0.0113969
0.0033495
-0.00631082
-0.0183247
-0.0340737
-0.0508709
-0.0557216
-0.0516936
-0.0510258
-0.0538104
-0.0571299
-0.0588922
-0.0587141
-0.0583584
0.00450667
0.00461378
0.00474783
0.00515309
0.00528494
0.00483161
0.00371817
0.00215737
0.000245853
-0.00178684
-0.0043156
-0.00718369
-0.00903865
-0.011989
-0.0149775
-0.0164765
-0.0174363
-0.0172936
-0.0164013
-0.0154267
-0.0934844
0.0714806
0.263516
0.431041
0.564112
0.667918
0.753178
0.825848
0.859278
0.836105
0.203442
0.322527
0.450423
0.560607
0.653047
0.729167
0.790725
0.834503
0.856421
0.868683
0.418357
0.49986
0.587215
0.664125
0.73009
0.785229
0.82911
0.861234
0.884582
0.90269
0.576606
0.635019
0.695374
0.751584
0.800323
0.841743
0.875822
0.903076
0.925645
0.94402
0.700249
0.742667
0.78801
0.83115
0.869312
0.90267
0.93127
0.955127
0.975372
0.993252
0.803446
0.835916
0.873607
0.908743
0.941032
0.970014
0.99537
1.01672
1.03448
1.05185
0.895297
0.923755
0.957445
0.989341
1.01908
1.04609
1.06971
1.08934
1.10479
1.12187
0.983465
1.01252
1.04636
1.07826
1.10774
1.13422
1.15701
1.17544
1.18877
1.2058
1.07852
1.11164
1.14819
1.18168
1.21165
1.23777
1.25967
1.27691
1.28875
1.30615
1.19337
1.23114
1.26972
1.30392
1.33322
1.35793
1.37827
1.39413
1.40558
1.42364
1.33822
1.37673
1.41283
1.44349
1.46914
1.49121
1.51025
1.52576
1.53817
1.55617
1.51324
1.54485
1.571
1.59343
1.61339
1.63209
1.6498
1.66627
1.68161
1.69967
1.70182
1.71901
1.73404
1.75025
1.76615
1.78067
1.79387
1.80779
1.82533
1.84548
1.88352
1.89305
1.90458
1.91539
1.92467
1.93425
1.94502
1.95639
1.96774
1.9831
2.09074
2.0944
2.07945
2.06464
2.05836
2.06403
2.08251
2.11282
2.14499
2.17164
2.39706
2.2622
2.18555
2.14316
2.12573
2.1297
2.15709
2.21351
2.31613
2.54049
0.724802
0.722675
0.718193
0.709572
0.697355
0.685235
0.67502
0.667145
0.661556
0.658341
0.658034
0.660817
0.665955
0.673203
0.682608
0.69416
0.706819
0.717859
0.723974
0.72703
0.649243
0.655091
0.661426
0.665924
0.668402
0.668087
0.665364
0.661576
0.658096
0.655877
0.655779
0.658024
0.661724
0.666039
0.669865
0.671761
0.670834
0.66736
0.6622
0.655579
0.640797
0.643094
0.646501
0.649502
0.651586
0.653094
0.653865
0.653572
0.652579
0.651741
0.65197
0.653449
0.655304
0.656639
0.65684
0.655965
0.654427
0.652099
0.648842
0.645924
0.635256
0.636342
0.638179
0.640564
0.642597
0.644038
0.645077
0.645856
0.646294
0.646567
0.64712
0.647984
0.648627
0.648727
0.648339
0.647509
0.646053
0.643979
0.6419
0.640519
0.630013
0.630675
0.631787
0.6335
0.635292
0.63694
0.638257
0.639304
0.640229
0.641078
0.641878
0.642497
0.642742
0.642615
0.642077
0.641045
0.639634
0.638103
0.636793
0.636016
0.624986
0.625446
0.626235
0.627542
0.629043
0.630578
0.632068
0.633401
0.634587
0.635711
0.636709
0.637355
0.637563
0.637336
0.636675
0.635713
0.634609
0.633492
0.632587
0.632072
0.620094
0.620437
0.621052
0.62213
0.62344
0.624835
0.626302
0.627789
0.62922
0.630579
0.631788
0.632573
0.632825
0.632607
0.632053
0.631311
0.630487
0.62964
0.628979
0.628603
0.61528
0.615547
0.616044
0.616964
0.618151
0.619472
0.620901
0.622437
0.624044
0.625656
0.62712
0.628102
0.628495
0.628446
0.628108
0.627592
0.626977
0.626364
0.625886
0.625599
0.610462
0.610674
0.611088
0.611899
0.613008
0.614285
0.615709
0.6173
0.619049
0.620913
0.622682
0.623946
0.624596
0.624802
0.624706
0.62442
0.62402
0.623603
0.623267
0.623043
0.605549
0.605719
0.606075
0.606814
0.60788
0.60914
0.610598
0.612281
0.614199
0.616335
0.618469
0.620113
0.621106
0.621616
0.621787
0.621743
0.621564
0.621326
0.621109
0.620931
0.600451
0.600587
0.600902
0.601597
0.602651
0.603939
0.605471
0.607289
0.609433
0.611898
0.614479
0.616594
0.617999
0.618863
0.619339
0.619555
0.619596
0.619536
0.619419
0.619276
0.595073
0.595183
0.59547
0.596148
0.597222
0.598585
0.600235
0.602245
0.60468
0.607563
0.610693
0.613376
0.615268
0.616542
0.617363
0.617865
0.618144
0.618259
0.618231
0.618115
0.589318
0.589404
0.589675
0.590359
0.591492
0.592972
0.594795
0.597065
0.599873
0.603282
0.607082
0.610447
0.612917
0.614669
0.615883
0.616719
0.617262
0.617546
0.617597
0.617502
0.583072
0.583137
0.583401
0.584114
0.585342
0.586987
0.589047
0.591657
0.594939
0.599
0.603618
0.607801
0.61096
0.613275
0.614944
0.616157
0.616989
0.61746
0.617588
0.617509
0.5762
0.576245
0.57651
0.577275
0.578638
0.580504
0.582876
0.585918
0.589798
0.594662
0.600272
0.605439
0.609415
0.612396
0.6146
0.616241
0.61741
0.618082
0.618284
0.618218
0.568549
0.56857
0.568836
0.569677
0.571221
0.57337
0.57614
0.579732
0.584356
0.590206
0.597019
0.603362
0.608306
0.612073
0.614915
0.617063
0.618615
0.619506
0.619783
0.619726
0.559882
0.559894
0.560178
0.561117
0.562895
0.565393
0.568673
0.572958
0.578507
0.585566
0.593833
0.601578
0.607669
0.612359
0.615951
0.618714
0.620704
0.621832
0.622182
0.622131
0.549922
0.549904
0.550238
0.551323
0.553393
0.556353
0.560279
0.565431
0.572131
0.580672
0.590692
0.600102
0.607545
0.613324
0.617796
0.621272
0.62377
0.625157
0.625581
0.625531
0.538349
0.538306
0.538689
0.539968
0.542407
0.545963
0.550707
0.556955
0.565092
0.575454
0.587579
0.598957
0.607976
0.615029
0.620534
0.624829
0.62791
0.62957
0.630061
0.630008
0.524664
0.524594
0.525058
0.52659
0.529517
0.533844
0.539648
0.547301
0.557247
0.569848
0.584493
0.598175
0.609013
0.617525
0.624236
0.629473
0.633193
0.635131
0.635677
0.635614
0.508194
0.508096
0.508688
0.510576
0.514156
0.519514
0.526721
0.536205
0.548453
0.56381
0.581451
0.597798
0.61071
0.620876
0.628944
0.635243
0.639651
0.641851
0.64243
0.642351
0.487972
0.487847
0.488646
0.491054
0.495555
0.502347
0.511469
0.523391
0.538594
0.557341
0.57851
0.597887
0.613123
0.62513
0.634675
0.642149
0.647252
0.649667
0.650246
0.650142
0.462538
0.462399
0.463537
0.466753
0.472652
0.481544
0.493386
0.508625
0.527639
0.550522
0.575783
0.598541
0.616301
0.630298
0.641448
0.650149
0.655878
0.658417
0.658951
0.658816
0.429514
0.4294
0.431162
0.435783
0.444011
0.456189
0.472023
0.491816
0.515705
0.543551
0.573454
0.599881
0.620306
0.636389
0.649196
0.659106
0.665298
0.667819
0.668257
0.668087
0.384643
0.384701
0.387845
0.395401
0.407955
0.425498
0.447255
0.473188
0.503146
0.536772
0.571774
0.602044
0.625199
0.643377
0.657834
0.668794
0.675152
0.677464
0.677762
0.677561
0.319938
0.3212
0.3289
0.343018
0.363505
0.389592
0.419697
0.453455
0.490591
0.530646
0.571013
0.605154
0.630983
0.651184
0.667098
0.678745
0.684928
0.686795
0.686918
0.686703
0.243287
0.245145
0.259898
0.284178
0.315775
0.35193
0.391115
0.433168
0.47793
0.524972
0.571422
0.610189
0.639301
0.661943
0.679456
0.69164
0.69736
0.698835
0.698903
0.698769
0.164269
0.170657
0.192449
0.227154
0.269285
0.315223
0.363437
0.413815
0.466254
0.520339
0.572952
0.616369
0.648695
0.673706
0.692874
0.704958
0.709706
0.710646
0.710655
0.710584
0.099574
0.108363
0.134778
0.176624
0.227
0.281256
0.337596
0.395751
0.455495
0.516326
0.574779
0.622482
0.65766
0.684498
0.704448
0.716196
0.720484
0.721314
0.721359
0.72134
0.0469633
0.0563575
0.0863811
0.133537
0.190129
0.251081
0.314283
0.379296
0.445696
0.512826
0.576783
0.628509
0.666314
0.694811
0.715402
0.72698
0.730975
0.731732
0.731824
0.731854
0.0029918
0.0126709
0.0451755
0.0963736
0.158066
0.224575
0.293595
0.364604
0.436996
0.509949
0.579108
0.634667
0.674976
0.705089
0.726442
0.737991
0.741733
0.742572
0.74271
0.742795
-0.0347178
-0.0249375
0.00941474
0.0638419
0.129761
0.201013
0.275112
0.351445
0.429284
0.50765
0.581755
0.641045
0.683842
0.715577
0.73771
0.749431
0.753297
0.75418
0.754358
0.754468
-0.0678661
-0.0580703
-0.022311
0.034837
0.104305
0.179655
0.25826
0.339402
0.422259
0.505713
0.584574
0.647521
0.692802
0.726207
0.749286
0.761473
0.765511
0.766437
0.766594
0.766702
-0.0977659
-0.0879573
-0.0510547
0.00844059
0.0809563
0.159905
0.242531
0.328054
0.415573
0.503869
0.587344
0.653904
0.70168
0.7368
0.760921
0.773672
0.777926
0.778873
0.778993
0.779091
-0.125339
-0.115511
-0.077635
-0.0160588
0.059141
0.141285
0.227524
0.317057
0.408934
0.501852
0.589841
0.66
0.710275
0.747118
0.772269
0.78555
0.79007
0.791034
0.791125
0.791194
-0.151181
-0.141305
-0.102536
-0.0392141
0.0384191
0.12343
0.212936
0.306146
0.402095
0.499446
0.591888
0.665644
0.718398
0.756906
0.783057
0.79683
0.801612
0.802576
0.802613
0.802643
-0.17579
-0.165819
-0.126182
-0.0613495
0.018491
0.106068
0.198536
0.295118
0.394886
0.496493
0.593334
0.670723
0.72597
0.766091
0.793128
0.807271
0.812198
0.81316
0.81316
0.813156
-0.199488
-0.189336
-0.148954
-0.0826633
-0.00085386
0.0890141
0.184166
0.283845
0.387172
0.49286
0.594064
0.675163
0.732946
0.774631
0.802423
0.816788
0.821764
0.822678
0.82264
0.822604
-0.222388
-0.212051
-0.171011
-0.10331
-0.0197629
0.0721683
0.169733
0.272233
0.378862
0.488439
0.593984
0.678917
0.739346
0.782575
0.810937
0.825359
0.830252
0.831106
0.831043
0.830981
-0.244701
-0.234115
-0.192368
-0.123401
-0.0383097
0.0554636
0.155188
0.260238
0.369911
0.483173
0.593007
0.681936
0.745211
0.790054
0.818858
0.833123
0.837787
0.838543
0.838422
0.838349
-0.266402
-0.255568
-0.213159
-0.14301
-0.0565235
0.0388833
0.14053
0.247866
0.360308
0.477013
0.591053
0.684161
0.750602
0.797236
0.82637
0.840212
0.84447
0.845057
0.8449
0.844809
-0.287552
-0.276457
-0.233346
-0.162145
-0.0744077
0.022435
0.125777
0.235145
0.350071
0.469944
0.588056
0.685521
0.755531
0.804292
0.833775
0.84689
0.850442
0.850751
0.85055
0.850453
-0.308043
-0.296741
-0.252931
-0.180775
-0.091936
0.00616956
0.110973
0.222122
0.339247
0.461995
0.583964
0.685922
0.759956
0.811371
0.841455
0.853605
0.855979
0.855726
0.85546
0.855398
-0.328001
-0.316392
-0.271922
-0.198898
-0.109093
-0.00988981
0.0961924
0.208861
0.327903
0.45322
0.578754
0.685238
0.763755
0.818503
0.849794
0.861084
0.861762
0.860312
0.859772
0.859837
-0.34728
-0.335389
-0.290303
-0.216486
-0.125812
-0.0256697
0.0815051
0.195467
0.316134
0.443661
0.572438
0.683332
0.766724
0.825545
0.858979
0.870217
0.869208
0.865692
0.863827
0.863484
-0.365954
-0.353792
-0.30803
-0.233498
-0.142068
-0.0411097
0.0669856
0.182012
0.304036
0.433439
0.565054
0.680063
0.76859
0.83214
0.868687
0.881423
0.880249
0.874602
0.868561
0.861216
-0.383946
-0.371559
-0.325201
-0.25009
-0.158064
-0.0564705
0.0523169
0.168121
0.291198
0.422099
0.556135
0.67496
0.768974
0.838138
0.878566
0.894521
0.895603
0.88885
0.877237
0.873173
-0.401214
-0.388616
-0.341805
-0.266241
-0.173817
-0.0717519
0.0375044
0.153768
0.277562
0.409502
0.545445
0.667577
0.767009
0.84273
0.88674
0.905755
0.908589
0.903672
0.865124
0.813721
-0.417491
-0.404178
-0.357694
-0.281883
-0.189437
-0.0871257
0.0224824
0.139058
0.263166
0.395681
0.532866
0.65757
0.761443
0.84515
0.890766
0.906983
0.908468
0.884917
0.827213
0.76586
-0.433074
-0.41898
-0.372856
-0.296343
-0.20439
-0.102117
0.00702786
0.12404
0.248157
0.3808
0.518402
0.644607
0.750891
0.845509
0.88813
0.918126
0.875366
0.820869
0.747107
0.679775
-0.4188
-0.400574
-0.349755
-0.268856
-0.170436
-0.0651953
0.0494752
0.169493
0.297203
0.434549
0.567788
0.683497
0.782394
0.880804
0.90615
0.818439
0.759792
0.688212
0.612457
0.563098
-0.442809
-0.4262
-0.39019
-0.318877
-0.227354
-0.126291
-0.0167853
0.0997037
0.223304
0.355128
0.491683
0.617396
0.723479
0.810436
0.883384
0.861136
0.729049
0.638144
0.570242
0.486105
-0.461875
-0.446248
-0.404532
-0.331834
-0.239825
-0.139181
-0.0307585
0.0848502
0.20758
0.338172
0.473411
0.597529
0.700757
0.776525
0.800308
0.710477
0.562269
0.460552
0.381647
0.292698
-0.48145
-0.469001
-0.422781
-0.34902
-0.256935
-0.155818
-0.047422
0.0679256
0.189825
0.319032
0.451644
0.571342
0.664911
0.726411
0.699635
0.558406
0.399734
0.277524
0.176279
0.0401637
-0.504103
-0.491267
-0.443043
-0.368119
-0.275911
-0.174678
-0.0664206
0.0483735
0.169209
0.29658
0.425838
0.539833
0.623508
0.663375
0.599293
0.409455
0.223601
0.0676536
-0.0747852
-0.27182
-0.525708
-0.513272
-0.463942
-0.387768
-0.295179
-0.194023
-0.0861902
0.0277487
0.147229
0.272314
0.397647
0.505067
0.581009
0.583644
0.469541
0.267235
0.0514537
-0.150117
-0.325951
-0.713863
-0.547408
-0.535346
-0.485564
-0.408501
-0.315607
-0.214469
-0.107087
0.00595232
0.123919
0.246401
0.367305
0.467044
0.530889
0.500561
0.344028
0.140069
-0.0792354
-0.291601
-0.470761
-0.742125
-0.570028
-0.558123
-0.508172
-0.43059
-0.337518
-0.236399
-0.129441
-0.0173036
0.0990527
0.218684
0.334754
0.426134
0.474244
0.426356
0.231733
0.0349147
-0.164519
-0.332806
-0.40599
-0.445191
-0.594051
-0.582276
-0.532147
-0.45432
-0.361275
-0.260369
-0.154006
-0.0430235
0.0713599
0.187593
0.298064
0.38078
0.411118
0.326721
0.131541
-0.0530999
-0.219734
-0.327566
-0.365855
-0.374796
-0.619681
-0.607931
-0.557656
-0.479707
-0.386824
-0.286334
-0.180804
-0.0712638
0.0407423
0.15302
0.257105
0.330941
0.333384
0.219461
0.0396271
-0.130908
-0.272303
-0.328519
-0.340602
-0.345463
-0.647104
-0.635285
-0.584782
-0.506772
-0.414167
-0.314297
-0.20984
-0.102069
0.00716284
0.115
0.211958
0.275988
0.253339
0.119287
-0.0458608
-0.20588
-0.306561
-0.335408
-0.331641
-0.331732
-0.676037
-0.664417
-0.613504
-0.535483
-0.443274
-0.344218
-0.241107
-0.135428
-0.0293624
0.073551
0.162937
0.21489
0.182976
0.0274463
-0.123075
-0.26337
-0.304933
-0.317423
-0.322401
-0.322669
-0.706325
-0.694691
-0.643606
-0.565678
-0.474017
-0.375997
-0.274514
-0.171263
-0.0687686
0.0288557
0.110274
0.150817
0.112205
-0.0506512
-0.190669
-0.288283
-0.334069
-0.320869
-0.317862
-0.317542
-0.737447
-0.725805
-0.674795
-0.597042
-0.506111
-0.409391
-0.309835
-0.209365
-0.110838
-0.0187247
0.0544354
0.0861749
0.0267263
-0.11841
-0.244187
-0.298256
-0.31286
-0.313757
-0.313882
-0.313635
-0.768665
-0.7571
-0.706154
-0.629036
-0.539101
-0.443987
-0.346715
-0.249377
-0.155186
-0.068779
-0.00322988
0.0139698
-0.0539853
-0.17586
-0.276313
-0.300022
-0.307309
-0.311004
-0.311049
-0.311002
-0.798775
-0.787645
-0.736969
-0.66084
-0.572301
-0.479183
-0.384588
-0.290745
-0.201172
-0.120774
-0.0609257
-0.0571628
-0.123469
-0.22509
-0.294925
-0.34719
-0.322761
-0.311987
-0.310193
-0.309818
-0.826317
-0.815678
-0.766071
-0.691237
-0.604784
-0.514137
-0.422689
-0.332731
-0.247947
-0.173695
-0.118364
-0.119255
-0.186393
-0.261278
-0.31249
-0.305342
-0.311164
-0.313323
-0.312995
-0.312605
-0.849604
-0.839653
-0.791563
-0.719059
-0.635318
-0.54776
-0.460025
-0.374399
-0.29452
-0.226137
-0.176193
-0.174407
-0.237078
-0.294155
-0.322918
-0.326969
-0.3227
-0.321814
-0.320495
-0.319773
-0.866307
-0.857259
-0.811543
-0.742364
-0.662381
-0.57882
-0.495419
-0.414625
-0.339822
-0.276858
-0.232687
-0.225185
-0.272354
-0.318002
-0.340695
-0.334604
-0.329007
-0.325501
-0.324221
-0.323676
-0.874416
-0.866144
-0.82394
-0.759236
-0.684211
-0.6058
-0.527622
-0.452096
-0.382697
-0.324731
-0.284325
-0.26949
-0.294898
-0.301637
-0.313997
-0.316386
-0.318137
-0.318453
-0.318999
-0.319316
-0.869483
-0.8628
-0.827106
-0.767849
-0.699177
-0.627176
-0.555203
-0.485644
-0.421869
-0.368597
-0.330398
-0.306011
-0.30806
-0.27677
-0.290815
-0.30568
-0.31521
-0.319336
-0.320677
-0.320981
-0.850513
-0.845909
-0.818023
-0.766899
-0.70602
-0.641706
-0.576926
-0.513948
-0.45602
-0.407741
-0.372502
-0.347838
-0.326051
-0.29638
-0.306704
-0.319271
-0.327295
-0.330941
-0.332093
-0.332348
-0.817966
-0.814654
-0.795832
-0.755435
-0.704235
-0.64883
-0.592008
-0.535923
-0.483825
-0.440484
-0.413075
-0.381419
-0.365956
-0.370069
-0.377995
-0.364721
-0.357219
-0.351274
-0.348584
-0.34754
-0.776529
-0.774425
-0.763753
-0.73561
-0.694952
-0.64905
-0.600412
-0.551044
-0.504149
-0.464914
-0.438516
-0.414719
-0.391567
-0.419993
-0.425902
-0.393853
-0.365159
-0.348456
-0.342919
-0.341045
-0.734739
-0.733495
-0.728188
-0.711804
-0.681809
-0.644219
-0.6031
-0.55956
-0.516421
-0.478283
-0.452098
-0.418433
-0.368633
-0.321088
-0.335379
-0.325295
-0.298268
-0.300891
-0.30138
-0.301649
-0.701251
-0.700593
-0.697869
-0.688491
-0.667724
-0.637657
-0.602046
-0.562681
-0.521044
-0.481073
-0.449864
-0.404462
-0.346063
-0.218566
-0.0347227
-0.00930151
-0.12426
-0.21968
-0.28538
-0.300951
-0.677496
-0.676778
-0.675328
-0.671562
-0.657353
-0.632499
-0.599907
-0.562249
-0.520376
-0.475496
-0.435419
-0.395637
-0.38294
-0.462006
-0.669594
-0.879659
-1.00211
-1.02916
-0.93884
-0.858064
-0.661362
-0.661118
-0.660535
-0.658599
-0.650806
-0.629849
-0.598577
-0.560292
-0.516038
-0.465882
-0.41594
-0.382724
-0.407104
-0.543004
-0.785697
-1.05014
-1.13786
-1.08019
-0.954226
-0.843775
-0.651258
-0.651209
-0.650847
-0.650161
-0.646428
-0.62918
-0.598075
-0.557783
-0.509805
-0.454125
-0.391485
-0.348889
-0.295203
-0.275023
-0.248178
-0.241585
-0.175084
-0.0285329
0.102734
0.186589
-0.644676
-0.644644
-0.644355
-0.643882
-0.642269
-0.629982
-0.59934
-0.555982
-0.503928
-0.440631
-0.364507
-0.287123
-0.17406
0.0433962
0.336743
0.649203
0.945788
1.16763
1.28738
1.33703
-0.640481
-0.640523
-0.640554
-0.640575
-0.639668
-0.632035
-0.602558
-0.556799
-0.499031
-0.428487
-0.340848
-0.239115
-0.0978059
0.190837
0.603681
1.01475
1.38497
1.63467
1.75283
1.78879
-0.636719
-0.636824
-0.636846
-0.636744
-0.636955
-0.63301
-0.607976
-0.559871
-0.497481
-0.422011
-0.328422
-0.217828
-0.0940671
0.187511
0.577926
0.948997
1.27102
1.48552
1.58218
1.60792
-0.63452
-0.634793
-0.635192
-0.635631
-0.635486
-0.635992
-0.615698
-0.564936
-0.500786
-0.422843
-0.328834
-0.223642
-0.124595
0.105627
0.424701
0.708892
0.944637
1.09355
1.15638
1.17247
-0.632384
-0.633512
-0.636142
-0.643172
-0.653887
-0.656451
-0.626219
-0.571331
-0.508942
-0.432192
-0.341709
-0.244384
-0.154835
0.0119203
0.245594
0.437791
0.582422
0.668069
0.704891
0.717199
-0.635335
-0.636781
-0.639266
-0.642426
-0.646961
-0.644516
-0.614761
-0.575504
-0.522831
-0.448004
-0.360906
-0.274573
-0.199311
-0.0792396
0.0834174
0.21289
0.301958
0.353255
0.378265
0.389962
-0.670067
-0.670527
-0.669512
-0.645141
-0.58535
-0.533725
-0.555853
-0.577918
-0.542304
-0.468205
-0.383234
-0.306248
-0.241179
-0.151594
-0.029675
0.0685936
0.136765
0.178
0.199848
0.209387
-0.722897
-0.720655
-0.716206
-0.697759
-0.648827
-0.612773
-0.622671
-0.633824
-0.578282
-0.492561
-0.404412
-0.335303
-0.283751
-0.213346
-0.113087
-0.0278619
0.036321
0.0818409
0.104665
0.112087
-0.833331
-0.829701
-0.858632
-0.912401
-0.955164
-0.945403
-0.89469
-0.780061
-0.640393
-0.518661
-0.421598
-0.356599
-0.311999
-0.252466
-0.165401
-0.0920016
-0.0354414
0.00483864
0.0239029
0.0295126
-1.0012
-1.00765
-1.05551
-1.12475
-1.16807
-1.15959
-1.08371
-0.8908
-0.691191
-0.53532
-0.427703
-0.362396
-0.322201
-0.270858
-0.199021
-0.138204
-0.0899653
-0.0556686
-0.0395418
-0.0359968
-1.04724
-1.05864
-1.09641
-1.14166
-1.17434
-1.16686
-1.08385
-0.880887
-0.676824
-0.519925
-0.41419
-0.351924
-0.314426
-0.270997
-0.21552
-0.167175
-0.129513
-0.103649
-0.0916046
-0.088945
-0.891112
-0.900539
-0.932551
-0.974511
-1.00764
-1.0027
-0.91715
-0.74667
-0.588479
-0.463933
-0.377567
-0.324375
-0.291049
-0.260008
-0.221271
-0.185697
-0.157594
-0.138663
-0.130238
-0.129301
-0.56063
-0.571663
-0.597032
-0.636074
-0.674047
-0.684013
-0.636346
-0.546997
-0.455365
-0.380857
-0.324034
-0.28603
-0.260976
-0.241545
-0.216294
-0.194237
-0.176821
-0.165622
-0.161055
-0.161225
-0.207632
-0.213825
-0.22974
-0.258265
-0.295523
-0.32814
-0.337815
-0.332806
-0.314489
-0.289397
-0.262929
-0.242005
-0.228191
-0.220037
-0.208122
-0.198779
-0.193346
-0.19085
-0.191017
-0.191724
0.0377882
0.0345582
0.0250729
0.00306711
-0.0339066
-0.0821828
-0.131772
-0.16936
-0.194358
-0.204073
-0.202738
-0.196187
-0.191237
-0.190726
-0.191462
-0.195676
-0.200836
-0.207586
-0.211865
-0.212655
0.148707
0.146602
0.14022
0.122799
0.0894012
0.0399016
-0.0168863
-0.0693686
-0.110875
-0.138232
-0.150946
-0.15252
-0.150586
-0.155881
-0.168173
-0.181789
-0.195768
-0.206028
-0.211281
-0.211911
0.170484
0.16918
0.164561
0.151298
0.124971
0.0847571
0.0362103
-0.0138987
-0.0584187
-0.0922506
-0.111931
-0.117682
-0.115893
-0.124654
-0.144122
-0.161603
-0.176044
-0.185719
-0.189664
-0.190318
0.152593
0.151836
0.148595
0.13916
0.1202
0.0906879
0.0532493
0.0119332
-0.0276733
-0.0619006
-0.0862659
-0.0981838
-0.101407
-0.1115
-0.128533
-0.141928
-0.151752
-0.15718
-0.158996
-0.159613
0.122565
0.122213
0.120083
0.113706
0.100666
0.0799271
0.0524485
0.0202331
-0.0130148
-0.0443881
-0.0717243
-0.0931439
-0.109421
-0.118347
-0.12335
-0.127037
-0.12931
-0.129989
-0.130135
-0.130705
0.0915951
0.0915437
0.0902575
0.0861824
0.0775352
0.0633743
0.0438707
0.0200415
-0.00635293
-0.0339181
-0.0627662
-0.0938635
-0.123539
-0.127866
-0.120074
-0.114745
-0.111257
-0.109504
-0.108902
-0.10923
0.0633483
0.0633509
0.0627487
0.0603301
0.0549051
0.0456892
0.0325385
0.0158802
-0.0035803
-0.0256314
-0.0520278
-0.0847195
-0.114616
-0.114854
-0.103651
-0.0968518
-0.0941046
-0.0930904
-0.0928085
-0.0927966
0.0383598
0.0385075
0.0382108
0.0369966
0.0339881
0.0286141
0.0206908
0.0103687
-0.00216185
-0.0168855
-0.0354569
-0.0594287
-0.0782813
-0.0757431
-0.0705648
-0.0689112
-0.0705911
-0.0725729
-0.0731226
-0.0727871
0.00458064
0.00464936
0.00495579
0.00528354
0.0051404
0.0043704
0.0029294
0.00124293
-0.000676746
-0.00301065
-0.00570202
-0.00829847
-0.00983904
-0.0138595
-0.0155234
-0.0172547
-0.0175232
-0.0169247
-0.0158751
-0.039298
-1.11954
-0.448357
-0.000735771
0.255827
0.43929
0.578904
0.686077
0.77186
0.865034
0.956331
-0.0802929
0.111829
0.287249
0.434796
0.557633
0.657086
0.737578
0.803489
0.844489
0.847988
0.246788
0.360478
0.471855
0.570782
0.655502
0.726689
0.784924
0.829229
0.8578
0.875146
0.453571
0.530925
0.607519
0.677604
0.738506
0.790474
0.833285
0.866937
0.892625
0.911535
0.605578
0.657863
0.716157
0.768233
0.813989
0.853793
0.887639
0.91579
0.938915
0.955791
0.725996
0.766347
0.811428
0.85095
0.887659
0.920468
0.94924
0.973876
0.994526
1.00869
0.827597
0.861691
0.898246
0.932085
0.963948
0.993242
1.01932
1.04173
1.06027
1.07195
0.92003
0.95083
0.984486
1.01682
1.04731
1.07545
1.1004
1.12154
1.1384
1.14789
1.01051
1.04289
1.07801
1.11184
1.14299
1.17113
1.19558
1.2158
1.2312
1.23937
1.11214
1.14955
1.18771
1.22385
1.2558
1.28357
1.30694
1.32587
1.33996
1.34843
1.23887
1.28117
1.32028
1.35607
1.38641
1.41202
1.43352
1.4511
1.46458
1.47473
1.40026
1.44168
1.47534
1.50484
1.52933
1.55081
1.57037
1.58776
1.60248
1.61517
1.59059
1.62137
1.64258
1.66168
1.67972
1.69692
1.71311
1.72891
1.74541
1.76233
1.7884
1.79978
1.81081
1.82489
1.83916
1.85198
1.86333
1.87418
1.88707
1.90395
1.97417
1.98406
1.9927
1.99514
1.99601
2.00026
2.01104
2.02697
2.04459
2.04918
2.27519
2.21978
2.16895
2.1287
2.10631
2.10225
2.11575
2.14954
2.20598
2.28153
0.867019
0.808325
0.765849
0.731993
0.707342
0.689796
0.677298
0.668386
0.662299
0.658851
0.658503
0.661404
0.666873
0.674833
0.685772
0.700837
0.721855
0.750956
0.789723
0.837551
0.668562
0.677323
0.68286
0.683686
0.680208
0.674172
0.667752
0.662299
0.658489
0.656875
0.65809
0.661719
0.667027
0.673523
0.680304
0.685585
0.687217
0.683985
0.676656
0.668988
0.645582
0.647613
0.652219
0.655735
0.658252
0.659687
0.65941
0.657689
0.655522
0.653986
0.654044
0.655912
0.658666
0.661315
0.662816
0.662493
0.660649
0.657859
0.653815
0.649434
0.638647
0.639514
0.642
0.644719
0.646735
0.648105
0.649102
0.64957
0.649452
0.649236
0.649633
0.650764
0.651896
0.652405
0.652124
0.651296
0.6499
0.647673
0.645043
0.64308
0.632962
0.633424
0.634823
0.63685
0.638797
0.640383
0.641541
0.642458
0.643207
0.643826
0.644512
0.645208
0.645575
0.645516
0.645072
0.64413
0.642641
0.64083
0.639193
0.638179
0.627737
0.628024
0.628945
0.630421
0.632056
0.633671
0.635111
0.636307
0.637364
0.638366
0.639268
0.639878
0.640086
0.639905
0.63928
0.638245
0.636978
0.63568
0.634604
0.633982
0.622717
0.622918
0.62361
0.62479
0.626184
0.627642
0.629133
0.630565
0.631878
0.633116
0.634215
0.634923
0.635144
0.634901
0.63427
0.633414
0.63246
0.631485
0.630713
0.630276
0.61783
0.617982
0.618532
0.619524
0.620766
0.62212
0.623567
0.625082
0.626609
0.628094
0.629424
0.630299
0.630606
0.630457
0.630007
0.629377
0.62866
0.627932
0.627369
0.627042
0.612993
0.613112
0.613564
0.614423
0.615567
0.616866
0.618289
0.619849
0.621526
0.623263
0.624873
0.625984
0.626491
0.626563
0.626346
0.625943
0.625433
0.624918
0.624515
0.624263
0.608114
0.60821
0.608592
0.609363
0.610447
0.611713
0.613152
0.614783
0.616611
0.618604
0.620547
0.62199
0.6228
0.623153
0.623189
0.62302
0.622728
0.622401
0.622127
0.621928
0.6031
0.603179
0.603511
0.604225
0.60528
0.606552
0.608044
0.609789
0.611811
0.614101
0.616447
0.618316
0.619504
0.620185
0.620506
0.620586
0.620519
0.620366
0.6202
0.620041
0.597857
0.597922
0.598221
0.598903
0.599962
0.601287
0.602875
0.604781
0.60706
0.609721
0.612562
0.614949
0.616585
0.617647
0.618295
0.618644
0.618803
0.618826
0.618755
0.618627
0.592289
0.592344
0.592621
0.593297
0.594395
0.595816
0.59755
0.599679
0.602289
0.60542
0.608868
0.611876
0.614042
0.615546
0.616563
0.61722
0.617625
0.617823
0.617836
0.617731
0.58629
0.586336
0.586602
0.587296
0.58847
0.590032
0.59197
0.594398
0.597428
0.601144
0.605334
0.609089
0.611885
0.613908
0.615348
0.616367
0.61704
0.617414
0.617504
0.617418
0.579736
0.579774
0.580038
0.580771
0.58206
0.583815
0.586027
0.588839
0.592401
0.596842
0.601932
0.606585
0.610131
0.612768
0.614702
0.616117
0.6171
0.61767
0.617836
0.617765
0.572481
0.57251
0.572781
0.573576
0.575019
0.577028
0.579594
0.582893
0.587123
0.592453
0.598636
0.604366
0.6088
0.612161
0.614682
0.616559
0.617899
0.61868
0.618921
0.61886
0.564341
0.564367
0.564653
0.565525
0.567171
0.569499
0.572515
0.576432
0.581492
0.587914
0.595419
0.602434
0.607924
0.612135
0.61535
0.617782
0.619532
0.620541
0.620857
0.620804
0.555068
0.555092
0.555406
0.556383
0.558288
0.561022
0.564614
0.569304
0.575395
0.583156
0.592258
0.600802
0.607538
0.612752
0.616782
0.619872
0.622095
0.623354
0.623744
0.623695
0.544352
0.544366
0.544719
0.545842
0.548079
0.551349
0.555667
0.56133
0.568705
0.578109
0.589133
0.599488
0.607687
0.614081
0.619067
0.62291
0.625684
0.627212
0.627673
0.627624
0.531798
0.531807
0.532203
0.533522
0.536193
0.540148
0.545395
0.552297
0.561283
0.572704
0.586033
0.598521
0.608417
0.616175
0.622282
0.626996
0.630386
0.632193
0.632717
0.632661
0.516836
0.516841
0.5173
0.518888
0.522134
0.526995
0.533456
0.541957
0.55298
0.566885
0.582964
0.597936
0.609779
0.619091
0.626494
0.632193
0.636253
0.638335
0.638905
0.638836
0.498671
0.498672
0.499226
0.5012
0.505245
0.511339
0.51943
0.530037
0.543664
0.560628
0.579962
0.597782
0.611828
0.622894
0.631706
0.638529
0.643288
0.645616
0.646205
0.646115
0.476106
0.476102
0.476826
0.479403
0.484621
0.49247
0.502828
0.516271
0.533255
0.553968
0.57711
0.598139
0.614618
0.627605
0.637968
0.645987
0.651422
0.653926
0.654496
0.654378
0.447346
0.447342
0.448359
0.451934
0.459027
0.469514
0.48315
0.50048
0.521783
0.54704
0.574555
0.59912
0.618204
0.633235
0.645237
0.654486
0.660486
0.663049
0.663549
0.663397
0.409254
0.409268
0.41093
0.416453
0.42687
0.441559
0.460066
0.482708
0.509476
0.540113
0.572516
0.600854
0.62265
0.639782
0.653461
0.663843
0.670196
0.672652
0.67303
0.672841
0.355851
0.356105
0.359908
0.369931
0.386559
0.408167
0.433768
0.463407
0.496827
0.533602
0.571266
0.603479
0.627997
0.647209
0.662482
0.673768
0.680149
0.68231
0.682532
0.682315
0.279345
0.281748
0.292904
0.312599
0.339615
0.370872
0.405518
0.443419
0.484326
0.527785
0.571048
0.607354
0.634762
0.656194
0.673079
0.685035
0.691202
0.69298
0.693066
0.692852
0.19795
0.204491
0.224304
0.254347
0.292255
0.333451
0.377173
0.4234
0.472011
0.52259
0.572154
0.613295
0.644081
0.668078
0.686744
0.699088
0.704479
0.705673
0.705665
0.705517
0.128092
0.135044
0.161612
0.200436
0.247589
0.297899
0.350309
0.404667
0.460819
0.518318
0.573888
0.619489
0.653292
0.679361
0.699098
0.711047
0.715677
0.716621
0.716631
0.716523
0.0709869
0.0781947
0.108876
0.153951
0.207994
0.265762
0.325666
0.387359
0.45051
0.514546
0.575785
0.625526
0.662047
0.6898
0.710218
0.721907
0.726123
0.72696
0.727011
0.726936
0.023585
0.0311045
0.0643176
0.114146
0.173647
0.23748
0.303685
0.371786
0.441252
0.511345
0.577935
0.631594
0.670661
0.700009
0.721142
0.732746
0.736682
0.737487
0.737597
0.737544
-0.0165397
-0.00886116
0.0261097
0.0795024
0.143579
0.212537
0.284162
0.357899
0.43307
0.508772
0.580428
0.637861
0.679417
0.710377
0.732247
0.743923
0.747905
0.748663
0.748763
0.748747
-0.0514274
-0.0436579
-0.0074369
0.0489107
0.116789
0.190152
0.266558
0.34535
0.42574
0.506683
0.583182
0.644308
0.688347
0.72093
0.743649
0.755712
0.759815
0.760555
0.760668
0.760655
-0.082594
-0.0747404
-0.0375126
0.0213529
0.0924604
0.169659
0.25032
0.333697
0.418923
0.504823
0.586004
0.650761
0.697287
0.731563
0.755272
0.767826
0.772123
0.772876
0.772971
0.772967
-0.111026
-0.103104
-0.0650323
-0.00397949
0.0699336
0.150518
0.234991
0.322558
0.412291
0.50292
0.58866
0.657019
0.706047
0.742046
0.76678
0.779846
0.784357
0.785156
0.78525
0.785235
-0.137521
-0.12951
-0.0906333
-0.027742
0.0487038
0.132316
0.220221
0.311629
0.405575
0.500728
0.590951
0.662908
0.714421
0.752108
0.777829
0.791432
0.796146
0.797022
0.797071
0.797043
-0.162564
-0.154445
-0.114804
-0.0503719
0.0284045
0.114731
0.205749
0.300679
0.398566
0.498065
0.592711
0.668275
0.722274
0.761604
0.788244
0.802296
0.807173
0.808084
0.808093
0.808043
-0.186562
-0.178292
-0.137873
-0.0720768
0.00878449
0.0975356
0.191376
0.289539
0.391116
0.494786
0.593811
0.673044
0.729548
0.770459
0.797914
0.812269
0.817225
0.818136
0.818104
0.818031
-0.209691
-0.201282
-0.160263
-0.0930422
-0.010333
0.0805938
0.176979
0.278102
0.383112
0.490766
0.594144
0.677144
0.736231
0.778689
0.806799
0.82126
0.826217
0.827111
0.82703
0.826937
-0.232149
-0.223533
-0.181927
-0.113404
-0.029056
0.0638185
0.16249
0.266299
0.374486
0.485928
0.593626
0.680534
0.742354
0.786379
0.814988
0.82939
0.834216
0.835018
0.834916
0.834803
-0.254005
-0.245245
-0.202936
-0.133254
-0.0474373
0.0471754
0.147887
0.254115
0.3652
0.480213
0.592166
0.683161
0.747977
0.793688
0.822671
0.836773
0.841291
0.841977
0.841828
0.841704
-0.275307
-0.26636
-0.223406
-0.152633
-0.0654936
0.0306587
0.133172
0.241558
0.355273
0.473602
0.589697
0.684964
0.753137
0.800785
0.830085
0.84361
0.847577
0.848055
0.847867
0.847737
-0.296015
-0.28691
-0.243271
-0.171522
-0.0832061
0.0142874
0.118389
0.228673
0.344736
0.466087
0.586158
0.68586
0.757826
0.807837
0.837576
0.850231
0.85327
0.853356
0.853123
0.853008
-0.316124
-0.306843
-0.262543
-0.189905
-0.100552
-0.00188556
0.103587
0.215523
0.333642
0.457716
0.581504
0.685733
0.76196
0.814948
0.845542
0.857217
0.858805
0.85806
0.857712
0.857677
-0.335632
-0.326164
-0.281222
-0.207765
-0.117502
-0.0178031
0.0888398
0.202186
0.32207
0.448535
0.575741
0.684455
0.765375
0.822066
0.854306
0.865418
0.865185
0.862812
0.861913
0.862141
-0.354481
-0.344827
-0.299277
-0.225075
-0.134
-0.0334226
0.0742191
0.188741
0.310118
0.438628
0.568876
0.681883
0.767834
0.828941
0.863834
0.875599
0.874247
0.869615
0.866905
0.866325
-0.372707
-0.362875
-0.316702
-0.241842
-0.150078
-0.0487601
0.0597039
0.175164
0.297763
0.427967
0.560841
0.677799
0.769046
0.835255
0.873692
0.887841
0.887554
0.881435
0.873623
0.858835
-0.390342
-0.380309
-0.333602
-0.258248
-0.165976
-0.06411
0.0449278
0.16101
0.284483
0.415958
0.551023
0.671583
0.768392
0.840681
0.883044
0.900628
0.903029
0.894051
0.884458
0.840441
-0.407645
-0.39674
-0.349882
-0.27417
-0.181617
-0.0793901
0.0300449
0.146479
0.270475
0.40276
0.539409
0.662936
0.764824
0.844251
0.889487
0.907799
0.909356
0.901164
0.849554
0.790467
-0.425593
-0.411126
-0.365318
-0.289457
-0.197213
-0.0948387
0.014783
0.131563
0.255711
0.388338
0.525837
0.651459
0.756907
0.845542
0.890012
0.894944
0.897543
0.860015
0.792963
0.728732
-0.443301
-0.446142
-0.386052
-0.301793
-0.209473
-0.107492
-0.000224897
0.116927
0.240942
0.37348
0.510937
0.637333
0.744064
0.8458
0.85311
0.866667
0.838092
0.770313
0.693493
0.622676
-0.419184
-0.417783
-0.358683
-0.274729
-0.177314
-0.0721042
0.0401252
0.160004
0.287445
0.424421
0.557217
0.672738
0.770017
0.867069
0.869645
0.764461
0.675673
0.604958
0.530195
0.388205
-0.45895
-0.432975
-0.370985
-0.286157
-0.189206
-0.0840364
0.0276396
0.146989
0.273651
0.409414
0.540214
0.653108
0.741321
0.803877
0.768159
0.630153
0.506071
0.421041
0.335593
0.174557
-0.482527
-0.451823
-0.389012
-0.304782
-0.207713
-0.102706
0.00921315
0.12784
0.253274
0.386956
0.514645
0.622156
0.701309
0.728722
0.6443
0.476108
0.333524
0.227781
0.111535
-0.120374
-0.505481
-0.472501
-0.408565
-0.323677
-0.226544
-0.121641
-0.0100637
0.107667
0.231613
0.362729
0.486193
0.586338
0.653564
0.6453
0.505419
0.315022
0.141654
-0.00192024
-0.162447
-0.541682
-0.527447
-0.493674
-0.428741
-0.342971
-0.245765
-0.141074
-0.0301523
0.0865396
0.208762
0.336869
0.455174
0.546705
0.595161
0.557133
0.369945
0.160371
-0.053884
-0.232995
-0.47937
-1.01839
-0.549206
-0.515404
-0.449823
-0.363481
-0.266135
-0.161694
-0.0514323
0.0641029
0.184351
0.309022
0.421513
0.504447
0.532601
0.443612
0.245698
0.0296499
-0.187807
-0.388019
-0.554527
-1.13254
-0.571886
-0.538035
-0.472102
-0.385456
-0.288012
-0.1838
-0.0741803
0.0401431
0.158238
0.279128
0.385383
0.458617
0.461175
0.329371
0.138418
-0.0673689
-0.25536
-0.384368
-0.418235
-0.464813
-0.595908
-0.562024
-0.495892
-0.409172
-0.311822
-0.208016
-0.0992279
0.0135795
0.129081
0.245466
0.345036
0.404824
0.384922
0.224042
0.0411807
-0.139773
-0.285658
-0.347743
-0.370411
-0.376124
-0.621622
-0.587541
-0.521285
-0.434614
-0.337537
-0.234338
-0.126663
-0.0157151
0.0967537
0.207968
0.300137
0.344305
0.308628
0.125878
-0.0476927
-0.206588
-0.316996
-0.343688
-0.344838
-0.345215
-0.649115
-0.614733
-0.548328
-0.461772
-0.365125
-0.262773
-0.156488
-0.0477456
0.061222
0.166705
0.250334
0.281739
0.213468
0.0358546
-0.128884
-0.268999
-0.316193
-0.330491
-0.331785
-0.331389
-0.678282
-0.64354
-0.576989
-0.490637
-0.394577
-0.293294
-0.188688
-0.0825182
0.022517
0.121756
0.196254
0.213333
0.114583
-0.0472819
-0.197693
-0.307977
-0.321691
-0.321582
-0.322712
-0.322401
-0.708663
-0.673771
-0.607086
-0.521046
-0.425764
-0.325804
-0.223189
-0.119971
-0.0192474
0.0733379
0.138868
0.138015
0.0288894
-0.120699
-0.252514
-0.292174
-0.314055
-0.317329
-0.317657
-0.317416
-0.739912
-0.704706
-0.638264
-0.552704
-0.458431
-0.360077
-0.259778
-0.159886
-0.0638335
0.0220137
0.0778724
0.0653799
-0.050416
-0.181282
-0.288521
-0.329439
-0.31769
-0.314241
-0.313734
-0.313515
-0.771101
-0.73594
-0.669984
-0.585115
-0.492139
-0.395721
-0.298097
-0.201889
-0.110874
-0.0314684
0.0132823
-0.00112652
-0.12103
-0.227291
-0.307431
-0.305204
-0.309766
-0.310962
-0.31105
-0.310919
-0.801239
-0.766613
-0.701131
-0.617557
-0.526251
-0.432165
-0.3376
-0.245388
-0.159728
-0.0865307
-0.0489406
-0.0677638
-0.179568
-0.267729
-0.293252
-0.31452
-0.312513
-0.310815
-0.309954
-0.309638
-0.828744
-0.79509
-0.730861
-0.648969
-0.559879
-0.4686
-0.377543
-0.289626
-0.2094
-0.142451
-0.105763
-0.138809
-0.226716
-0.294406
-0.302461
-0.30918
-0.312839
-0.313196
-0.312806
-0.312321
-0.851928
-0.819741
-0.757408
-0.678137
-0.59189
-0.503997
-0.416952
-0.333664
-0.258729
-0.198133
-0.162165
-0.199647
-0.266372
-0.31817
-0.346841
-0.331131
-0.323077
-0.321046
-0.320077
-0.319531
-0.86851
-0.838461
-0.77889
-0.703311
-0.6209
-0.537159
-0.454669
-0.376392
-0.306631
-0.252004
-0.219476
-0.247583
-0.291059
-0.347793
-0.350126
-0.333127
-0.3268
-0.324725
-0.323863
-0.323661
-0.876174
-0.848784
-0.793447
-0.72263
-0.645293
-0.566723
-0.489527
-0.416564
-0.35202
-0.302538
-0.269978
-0.286223
-0.293683
-0.31858
-0.314971
-0.316984
-0.318283
-0.318711
-0.319211
-0.319324
-0.871967
-0.848867
-0.799241
-0.734369
-0.663487
-0.591212
-0.520116
-0.452967
-0.39371
-0.348507
-0.31062
-0.315383
-0.291784
-0.276079
-0.291612
-0.309824
-0.317781
-0.320213
-0.320914
-0.320914
-0.85265
-0.835451
-0.79443
-0.737258
-0.674221
-0.609385
-0.545201
-0.484262
-0.430509
-0.38922
-0.353387
-0.341888
-0.309233
-0.28226
-0.308728
-0.324109
-0.329508
-0.331742
-0.332264
-0.332405
-0.819822
-0.807958
-0.777688
-0.730711
-0.676877
-0.620605
-0.563847
-0.509257
-0.460888
-0.423975
-0.391679
-0.374284
-0.366958
-0.369237
-0.36868
-0.361448
-0.353566
-0.349663
-0.347896
-0.347433
-0.778127
-0.770761
-0.751876
-0.71627
-0.672433
-0.625076
-0.575768
-0.527163
-0.483286
-0.450025
-0.422924
-0.403997
-0.397833
-0.432772
-0.41282
-0.37739
-0.355174
-0.344872
-0.341763
-0.340642
-0.735943
-0.731773
-0.721653
-0.698177
-0.663704
-0.624209
-0.581578
-0.537795
-0.496472
-0.463323
-0.435126
-0.397822
-0.339181
-0.32348
-0.337142
-0.305763
-0.299998
-0.301099
-0.302163
-0.301051
-0.701956
-0.699751
-0.69442
-0.67948
-0.653693
-0.620253
-0.582813
-0.5421
-0.500611
-0.463349
-0.43778
-0.38054
-0.292149
-0.12528
0.0115852
-0.0693305
-0.174553
-0.259927
-0.295283
-0.306991
-0.677196
-0.676152
-0.67415
-0.665945
-0.646005
-0.617041
-0.581848
-0.541808
-0.498109
-0.454097
-0.419274
-0.385454
-0.404086
-0.552729
-0.791388
-0.947902
-1.03783
-0.990116
-0.893639
-0.851688
-0.661294
-0.660849
-0.660082
-0.65604
-0.641855
-0.615326
-0.580076
-0.538794
-0.49205
-0.439462
-0.398929
-0.378566
-0.460132
-0.650073
-0.93336
-1.11582
-1.12414
-1.0171
-0.880805
-0.827472
-0.651262
-0.651064
-0.650471
-0.64905
-0.639783
-0.615071
-0.578747
-0.535013
-0.483057
-0.421798
-0.367429
-0.315568
-0.280995
-0.263015
-0.243731
-0.222839
-0.105974
0.0423102
0.152626
0.207045
-0.644689
-0.64453
-0.644079
-0.643831
-0.638218
-0.616541
-0.579009
-0.531388
-0.473459
-0.404532
-0.323595
-0.239053
-0.0781687
0.184519
0.490652
0.802879
1.06941
1.2389
1.31931
1.34615
-0.640505
-0.640535
-0.640576
-0.640626
-0.638129
-0.619765
-0.581415
-0.529196
-0.465949
-0.386479
-0.28891
-0.191537
0.02508
0.389808
0.810251
1.21023
1.52832
1.70787
1.77806
1.79396
-0.636784
-0.636842
-0.636794
-0.636392
-0.635505
-0.623912
-0.585971
-0.530175
-0.461795
-0.376616
-0.274145
-0.165803
0.0177125
0.381009
0.766531
1.11914
1.3944
1.54679
1.60082
1.61112
-0.634654
-0.634967
-0.635478
-0.635586
-0.635927
-0.629922
-0.592934
-0.534448
-0.463656
-0.377243
-0.276803
-0.173668
-0.0329832
0.266939
0.570535
0.835518
1.03202
1.13347
1.16811
1.17409
-0.632923
-0.63444
-0.638928
-0.648461
-0.659197
-0.646483
-0.600088
-0.541174
-0.47302
-0.387661
-0.292964
-0.197534
-0.0884235
0.131135
0.347571
0.516493
0.633262
0.690978
0.713069
0.718864
-0.63614
-0.637746
-0.640978
-0.644228
-0.649166
-0.631498
-0.595759
-0.551424
-0.488448
-0.404104
-0.316951
-0.23445
-0.151294
0.0042245
0.153563
0.262018
0.332041
0.367888
0.385596
0.39212
-0.670346
-0.67066
-0.662199
-0.618869
-0.554663
-0.535963
-0.572308
-0.565824
-0.508588
-0.424575
-0.343632
-0.271129
-0.20558
-0.0892972
0.0235621
0.105821
0.160748
0.190719
0.205999
0.210846
-0.722096
-0.71915
-0.710166
-0.67404
-0.627347
-0.608383
-0.636544
-0.612043
-0.537424
-0.446634
-0.366792
-0.306407
-0.257629
-0.162427
-0.0677601
0.00617105
0.0622601
0.095722
0.109894
0.112357
-0.829721
-0.839437
-0.88339
-0.939071
-0.957721
-0.924021
-0.848278
-0.708823
-0.577614
-0.466165
-0.384437
-0.330411
-0.291283
-0.208776
-0.126259
-0.0621197
-0.0125679
0.0167992
0.0278246
0.0290869
-0.998302
-1.02754
-1.09117
-1.15083
-1.17251
-1.13024
-1.00206
-0.786607
-0.607995
-0.475277
-0.388928
-0.339215
-0.302012
-0.235704
-0.166923
-0.11245
-0.0704788
-0.0458477
-0.0364587
-0.0364701
-1.0497
-1.07444
-1.11913
-1.16108
-1.1778
-1.13759
-0.992847
-0.774081
-0.592793
-0.45998
-0.37783
-0.330715
-0.295737
-0.243195
-0.190257
-0.146939
-0.114913
-0.0959363
-0.0895616
-0.0899671
-0.893144
-0.914449
-0.953059
-0.993703
-1.01202
-0.972866
-0.833595
-0.66494
-0.521473
-0.415541
-0.347059
-0.30565
-0.276429
-0.240931
-0.202692
-0.170597
-0.146752
-0.133252
-0.129094
-0.130293
-0.565035
-0.582128
-0.615445
-0.656429
-0.68407
-0.669126
-0.593478
-0.500078
-0.41601
-0.349674
-0.302742
-0.272088
-0.251943
-0.228837
-0.20471
-0.184947
-0.170265
-0.162647
-0.160643
-0.162113
-0.210214
-0.22024
-0.242499
-0.276326
-0.31366
-0.33529
-0.337385
-0.324441
-0.302798
-0.275479
-0.251606
-0.234132
-0.224085
-0.214056
-0.203054
-0.195759
-0.19146
-0.190855
-0.191261
-0.192362
0.0361577
0.0310859
0.0158362
-0.0136018
-0.0570488
-0.107876
-0.152112
-0.183373
-0.20078
-0.204462
-0.199619
-0.193298
-0.190938
-0.190581
-0.19332
-0.197794
-0.204315
-0.210267
-0.212515
-0.212993
0.147603
0.144401
0.133199
0.108258
0.0663569
0.0116753
-0.0439929
-0.0917135
-0.126073
-0.146446
-0.15274
-0.151537
-0.151952
-0.161395
-0.174738
-0.189156
-0.201392
-0.209463
-0.211881
-0.21207
0.169855
0.167622
0.159278
0.139932
0.106408
0.0611045
0.0110583
-0.0371896
-0.0766705
-0.104039
-0.116376
-0.116929
-0.117681
-0.134158
-0.153336
-0.169339
-0.181633
-0.1883
-0.19016
-0.190476
0.152283
0.15075
0.144852
0.131002
0.106678
0.0727568
0.0328076
-0.00829585
-0.0455101
-0.0756364
-0.0936968
-0.100352
-0.10455
-0.120288
-0.135563
-0.14724
-0.155122
-0.158351
-0.159351
-0.159826
0.122459
0.121512
0.11757
0.108122
0.0912292
0.066971
0.0367474
0.0035932
-0.0289753
-0.0587109
-0.0831493
-0.102373
-0.11454
-0.121048
-0.125246
-0.128511
-0.129831
-0.130026
-0.130379
-0.130985
0.0916155
0.0911269
0.0886754
0.0825075
0.0711479
0.054285
0.0323644
0.00710065
-0.0199479
-0.0483627
-0.0779527
-0.110224
-0.129303
-0.123958
-0.117299
-0.112516
-0.110234
-0.109053
-0.108992
-0.109497
0.0634348
0.0631881
0.0618341
0.0580543
0.0507846
0.0396249
0.0245613
0.00649361
-0.0142054
-0.0382943
-0.0674827
-0.102135
-0.118933
-0.109305
-0.0993035
-0.0952805
-0.0934047
-0.0929119
-0.0927558
-0.0929679
0.0384673
0.0384042
0.0377809
0.0357675
0.0316078
0.0249947
0.0157723
0.00443003
-0.00920155
-0.0255996
-0.0471454
-0.0707706
-0.0793552
-0.0733756
-0.0690529
-0.0695385
-0.0716819
-0.0730527
-0.0729559
-0.0728109
0.0156716
0.0158234
0.0157988
0.0154917
0.0145091
0.012454
0.0091582
0.00474715
-0.000598972
-0.00694472
-0.0152788
-0.0254964
-0.0328795
-0.0310119
-0.0315849
-0.0335414
-0.0369415
-0.0395413
-0.0399606
-0.0391774
-0.739404
-0.178903
0.139469
0.351799
0.513146
0.635046
0.731625
0.814135
0.921305
0.920476
0.0605728
0.205997
0.364244
0.499469
0.61017
0.699284
0.772452
0.828386
0.851313
0.855703
0.319647
0.417547
0.523219
0.614884
0.692738
0.757425
0.808995
0.845336
0.868126
0.885383
0.503565
0.570932
0.643807
0.709181
0.765619
0.813036
0.851231
0.880594
0.903852
0.922656
0.641737
0.692057
0.742983
0.791892
0.834634
0.871448
0.902407
0.927879
0.949339
0.96775
0.75382
0.790571
0.831421
0.869777
0.904564
0.935356
0.962095
0.984614
1.0036
1.02142
0.850423
0.880347
0.915418
0.948296
0.978962
1.00671
1.03103
1.05144
1.06803
1.08542
0.939354
0.967655
1.00088
1.03231
1.06173
1.08836
1.11149
1.1305
1.14487
1.162
1.02941
1.06027
1.09525
1.12775
1.15748
1.18385
1.20625
1.22412
1.23665
1.2539
1.13279
1.16845
1.20629
1.24033
1.27022
1.29582
1.31697
1.33352
1.34505
1.36289
1.26177
1.30077
1.33886
1.37187
1.39976
1.42326
1.44282
1.45827
1.47006
1.48831
1.4228
1.4588
1.49084
1.51758
1.54035
1.56082
1.57939
1.5954
1.60908
1.62695
1.60744
1.63247
1.65232
1.6708
1.68843
1.70516
1.72101
1.73699
1.7541
1.77323
1.79408
1.80492
1.81763
1.83217
1.84577
1.85783
1.86873
1.88007
1.89546
1.91489
1.97596
1.98939
1.99444
1.99546
1.99742
2.00478
2.01847
2.03606
2.0498
2.06114
2.24481
2.19423
2.14676
2.11518
2.10212
2.10666
2.12991
2.17496
2.24165
2.33577
0.723642
0.720635
0.714578
0.703657
0.691172
0.679872
0.670827
0.66409
0.659654
0.657798
0.659071
0.663096
0.669288
0.677593
0.688109
0.700438
0.712798
0.721514
0.726029
0.728196
0.651934
0.658583
0.663834
0.667456
0.668577
0.666952
0.663513
0.659743
0.65679
0.655521
0.65665
0.65973
0.663851
0.6681
0.671147
0.671689
0.66938
0.665009
0.658717
0.652894
0.641803
0.644766
0.648134
0.65063
0.652399
0.653594
0.653838
0.653115
0.652087
0.651682
0.652597
0.654383
0.65609
0.656906
0.656513
0.655277
0.65339
0.65053
0.6472
0.644913
0.635723
0.637149
0.639366
0.641647
0.64338
0.644589
0.645499
0.646113
0.646424
0.64679
0.647547
0.648364
0.648753
0.648587
0.647993
0.646875
0.645082
0.642871
0.641128
0.640044
0.630317
0.631137
0.632607
0.634391
0.636145
0.637638
0.6388
0.639775
0.640658
0.641491
0.642231
0.64267
0.642726
0.642408
0.641627
0.640376
0.638879
0.637377
0.636367
0.6357
0.625208
0.625764
0.626853
0.628279
0.629806
0.631332
0.632754
0.634004
0.635152
0.636246
0.637092
0.637513
0.637509
0.637058
0.636223
0.635175
0.634041
0.632985
0.632305
0.631836
0.620264
0.62068
0.621552
0.622776
0.624124
0.625559
0.627045
0.628511
0.629904
0.631227
0.632252
0.632764
0.632771
0.632364
0.6317
0.630904
0.630049
0.62927
0.628774
0.628417
0.615413
0.61574
0.616462
0.617539
0.618797
0.62017
0.621654
0.623232
0.62485
0.626438
0.627694
0.628366
0.628518
0.628307
0.62787
0.627291
0.626659
0.626099
0.625732
0.625446
0.610567
0.610832
0.611448
0.612427
0.613628
0.614975
0.616481
0.618153
0.619968
0.621848
0.623404
0.624338
0.624746
0.624785
0.624583
0.62423
0.623805
0.623421
0.623151
0.622914
0.605632
0.605853
0.606396
0.607316
0.608486
0.609841
0.611408
0.613208
0.615241
0.617447
0.619385
0.62068
0.621413
0.621736
0.621786
0.621672
0.621444
0.621214
0.621021
0.620818
0.600515
0.600704
0.601198
0.602089
0.603264
0.60467
0.606339
0.608316
0.610624
0.613226
0.615637
0.617375
0.61849
0.619141
0.619473
0.619598
0.619574
0.619485
0.619353
0.619174
0.595123
0.595287
0.595753
0.596646
0.597868
0.599368
0.601188
0.603404
0.606062
0.609159
0.612143
0.61441
0.615972
0.617
0.617649
0.618025
0.61822
0.618263
0.618183
0.61802
0.589354
0.5895
0.589956
0.590881
0.59219
0.593833
0.595865
0.598394
0.601497
0.605206
0.608885
0.611782
0.613872
0.615332
0.61634
0.617022
0.617435
0.6176
0.617564
0.617411
0.583095
0.583228
0.583689
0.584675
0.586116
0.587955
0.590274
0.593203
0.596864
0.601326
0.605846
0.609496
0.612211
0.614177
0.615596
0.616614
0.617272
0.617564
0.617566
0.617419
0.576211
0.576333
0.576815
0.577893
0.579514
0.581615
0.584301
0.58774
0.592096
0.597477
0.603012
0.607561
0.611016
0.613581
0.615476
0.616882
0.617812
0.618235
0.618273
0.618127
0.568551
0.568651
0.569168
0.570374
0.572228
0.574663
0.577818
0.581898
0.587114
0.593616
0.600373
0.605993
0.61032
0.613593
0.616062
0.617913
0.61915
0.61971
0.619781
0.619631
0.559862
0.559984
0.560544
0.561913
0.564057
0.566921
0.570672
0.575554
0.581831
0.589698
0.59792
0.604812
0.610169
0.614271
0.61743
0.619806
0.621384
0.622088
0.622187
0.62203
0.549885
0.55001
0.550662
0.55224
0.554763
0.558179
0.562679
0.568563
0.57615
0.585678
0.595653
0.604045
0.610618
0.615697
0.619659
0.622646
0.624611
0.625466
0.625591
0.625423
0.538293
0.538421
0.539192
0.541043
0.544047
0.548167
0.553616
0.560759
0.569971
0.581515
0.593577
0.60373
0.611719
0.617944
0.622827
0.626533
0.628924
0.629929
0.630073
0.62989
0.524585
0.524731
0.525664
0.527877
0.531507
0.536539
0.543211
0.551955
0.56319
0.57718
0.591709
0.60391
0.613522
0.621067
0.627031
0.631544
0.634387
0.635534
0.635686
0.635486
0.508087
0.508273
0.50944
0.512148
0.516614
0.52286
0.531141
0.541948
0.555717
0.572666
0.590083
0.604632
0.616088
0.625126
0.632302
0.637718
0.64102
0.642286
0.642432
0.642212
0.487829
0.488095
0.489616
0.49303
0.498665
0.506587
0.517039
0.530548
0.547501
0.56801
0.588764
0.605952
0.619468
0.630167
0.638657
0.645044
0.648775
0.650114
0.650235
0.649994
0.462352
0.462767
0.46485
0.469346
0.476727
0.487065
0.500541
0.51763
0.538578
0.563317
0.58786
0.607951
0.623691
0.636191
0.646096
0.65344
0.657507
0.658845
0.65892
0.658662
0.429276
0.429999
0.433069
0.439424
0.449624
0.463618
0.481392
0.503223
0.529117
0.558787
0.587527
0.610716
0.628793
0.64315
0.654537
0.662719
0.666952
0.668192
0.668201
0.667932
0.384362
0.385825
0.391021
0.401045
0.416161
0.435829
0.459674
0.48764
0.519481
0.554726
0.587955
0.614344
0.634797
0.651011
0.663813
0.672588
0.676716
0.677749
0.677681
0.677413
0.31968
0.324291
0.335167
0.352461
0.375966
0.404131
0.436083
0.471566
0.510223
0.551493
0.589335
0.618896
0.641659
0.659616
0.673548
0.682537
0.686253
0.686959
0.686819
0.68657
0.242807
0.251162
0.271023
0.299128
0.333387
0.371089
0.411707
0.455143
0.501102
0.549055
0.592284
0.625701
0.651295
0.671282
0.686374
0.695248
0.698444
0.698937
0.698838
0.698706
0.165715
0.179512
0.208711
0.247406
0.291848
0.338968
0.388252
0.439689
0.493006
0.547702
0.596371
0.633621
0.661952
0.684005
0.699979
0.708096
0.710424
0.710686
0.710611
0.710552
0.101645
0.119371
0.154331
0.200975
0.253704
0.309083
0.366331
0.425322
0.485676
0.546811
0.600573
0.641301
0.67195
0.695363
0.71146
0.719081
0.721109
0.721364
0.721349
0.721315
0.0490925
0.0689139
0.108397
0.160921
0.220127
0.282314
0.346443
0.412214
0.479065
0.546253
0.604812
0.64878
0.681544
0.706164
0.722396
0.729686
0.731538
0.731801
0.731849
0.731836
0.00509323
0.0261869
0.0690402
0.126233
0.190789
0.258675
0.32873
0.400514
0.473294
0.546144
0.609267
0.656318
0.691113
0.71694
0.733507
0.740532
0.742325
0.742672
0.74277
0.742791
-0.0326603
-0.0107734
0.0347601
0.0957353
0.164796
0.237605
0.312874
0.39006
0.468292
0.546464
0.613975
0.664061
0.700894
0.727914
0.744909
0.752005
0.753925
0.754295
0.754427
0.754476
-0.0658603
-0.0434324
0.00426683
0.0684234
0.141326
0.218447
0.298387
0.380496
0.463799
0.547033
0.618805
0.671897
0.710781
0.739112
0.756747
0.764181
0.766197
0.766551
0.766665
0.766721
-0.0957578
-0.0729575
-0.0234221
0.0434652
0.119717
0.20065
0.284799
0.371441
0.459511
0.54761
0.623556
0.679638
0.720607
0.750312
0.768686
0.776485
0.778616
0.778962
0.779052
0.779115
-0.12338
-0.100187
-0.0490909
0.0202224
0.0994402
0.183778
0.271745
0.362574
0.455148
0.547947
0.62802
0.687096
0.730152
0.761228
0.780321
0.788578
0.790767
0.791106
0.791159
0.791223
-0.149257
-0.125674
-0.073152
-0.00179386
0.0801011
0.1675
0.258937
0.353644
0.45048
0.547849
0.63203
0.694099
0.7392
0.771602
0.791394
0.800019
0.802335
0.802617
0.802622
0.802672
-0.17387
-0.149844
-0.0961456
-0.0228724
0.0614069
0.151563
0.246168
0.344464
0.445335
0.547167
0.635455
0.700546
0.747684
0.781308
0.801718
0.810556
0.812938
0.813188
0.813148
0.813178
-0.197529
-0.173038
-0.118341
-0.043241
0.0431612
0.135801
0.233285
0.334904
0.439586
0.545758
0.638202
0.706392
0.755557
0.790314
0.811164
0.820112
0.82246
0.82269
0.822609
0.822616
-0.220428
-0.195471
-0.139763
-0.0630628
0.0252399
0.120108
0.220201
0.324875
0.43314
0.543531
0.640187
0.711617
0.762872
0.798643
0.819739
0.828646
0.830943
0.831104
0.830996
0.830985
-0.242692
-0.217266
-0.160525
-0.0824253
0.0075763
0.10444
0.206878
0.31433
0.425933
0.540402
0.641337
0.716207
0.769711
0.806466
0.82761
0.836277
0.838412
0.838516
0.838371
0.838344
-0.264326
-0.238454
-0.180747
-0.101371
-0.00985328
0.0887755
0.193306
0.30327
0.417942
0.536308
0.641569
0.720161
0.7762
0.813977
0.834943
0.843134
0.844982
0.844993
0.844837
0.844798
-0.285387
-0.259059
-0.200438
-0.119903
-0.0270435
0.0731338
0.179516
0.291715
0.409184
0.531208
0.640811
0.723446
0.782417
0.821425
0.842053
0.849403
0.850767
0.85065
0.850484
0.850439
-0.305825
-0.27905
-0.219567
-0.138009
-0.0439729
0.0575653
0.165559
0.279721
0.399691
0.525089
0.638967
0.725968
0.788401
0.82908
0.849374
0.855479
0.855935
0.855558
0.855414
0.855389
-0.325686
-0.298403
-0.238147
-0.155654
-0.0605911
0.0421183
0.151506
0.267368
0.389518
0.517977
0.635961
0.727587
0.794088
0.837128
0.857488
0.862136
0.860998
0.859912
0.859765
0.859924
-0.34487
-0.317131
-0.256145
-0.172812
-0.0768578
0.0268604
0.13742
0.254719
0.378755
0.509921
0.631728
0.728111
0.799285
0.845527
0.866902
0.870612
0.867389
0.864511
0.863485
0.863743
-0.363464
-0.335218
-0.273524
-0.189446
-0.0927084
0.0118673
0.123414
0.241898
0.367513
0.500993
0.626238
0.72732
0.803675
0.853886
0.87756
0.881949
0.877636
0.871595
0.865496
0.849697
-0.381405
-0.352657
-0.290422
-0.205757
-0.108429
-0.003175
0.109092
0.228478
0.355322
0.490726
0.619027
0.724739
0.807062
0.862005
0.889071
0.896385
0.892991
0.884472
0.870454
0.886042
-0.398819
-0.369442
-0.306782
-0.22172
-0.123944
-0.0182126
0.0944529
0.214477
0.34216
0.478995
0.609836
0.71968
0.808617
0.868781
0.898514
0.908753
0.906729
0.895038
0.834153
0.819509
-0.41628
-0.386211
-0.322369
-0.237018
-0.138666
-0.0327966
0.0797096
0.20015
0.328302
0.465977
0.598602
0.711599
0.807118
0.873189
0.901106
0.910773
0.899632
0.86024
0.792978
0.752929
-0.434446
-0.40392
-0.33678
-0.251392
-0.152232
-0.046796
0.0652521
0.185664
0.313816
0.451652
0.585105
0.700127
0.799844
0.873412
0.919405
0.887138
0.85221
0.783548
0.71049
0.666585
-0.0064687
0.110536
0.234437
0.36677
0.503707
0.629564
0.735658
0.549998
-0.453987
-0.435082
-0.396911
-0.325081
-0.23339
-0.132743
-0.0238984
0.0920302
0.215188
0.346418
0.482493
0.607856
0.713339
0.795425
0.846425
0.791669
0.641598
0.548242
0.475871
-0.470548
-0.457627
-0.413178
-0.339932
-0.247833
-0.146936
-0.0385895
0.0768723
0.199205
0.329142
0.463187
0.585338
0.684685
0.753863
0.747848
0.634004
0.482557
0.371651
0.279488
-0.492658
-0.48009
-0.432742
-0.358489
-0.266389
-0.16518
-0.0567974
0.0583377
0.179744
0.308098
0.439104
0.556077
0.644113
0.695966
0.653235
0.483747
0.312823
0.175642
0.054978
-0.514871
-0.502197
-0.453351
-0.377831
-0.285449
-0.184256
-0.0761916
0.0382006
0.158378
0.284656
0.412033
0.522832
0.603371
0.626331
0.535007
0.337138
0.13582
-0.0453135
-0.213562
-0.536275
-0.524136
-0.474562
-0.39795
-0.30522
-0.204074
-0.0964819
0.0169998
0.135738
0.259543
0.3827
0.486506
0.55719
0.540211
0.405293
0.200571
-0.0204761
-0.228838
-0.41683
-0.558264
-0.546417
-0.496605
-0.419315
-0.326326
-0.225173
-0.117994
-0.00538493
0.111821
0.232951
0.351547
0.447186
0.50338
0.464488
0.286539
0.0857352
-0.127215
-0.326107
-0.449246
-0.489481
-0.581546
-0.569849
-0.519848
-0.442217
-0.349168
-0.248126
-0.141442
-0.0298428
0.0855723
0.203579
0.316962
0.404113
0.443734
0.379804
0.180254
-0.0118195
-0.19384
-0.330825
-0.37772
-0.401342
-0.606252
-0.594691
-0.544553
-0.466768
-0.373818
-0.273105
-0.167115
-0.0568167
0.0564256
0.170751
0.278141
0.35665
0.374218
0.272133
0.084963
-0.0925118
-0.246767
-0.331072
-0.351544
-0.356845
-0.632698
-0.621144
-0.57084
-0.492981
-0.400261
-0.300065
-0.195033
-0.0863431
0.0243294
0.134455
0.235062
0.304486
0.292189
0.168762
-0.00391635
-0.170553
-0.291969
-0.336764
-0.336437
-0.337557
-0.660792
-0.649338
-0.598749
-0.520863
-0.428497
-0.329007
-0.225194
-0.118422
-0.0107232
0.0947157
0.187946
0.246511
0.216753
0.0716881
-0.0858379
-0.240582
-0.307808
-0.325679
-0.326798
-0.326539
-0.69038
-0.678932
-0.628182
-0.550331
-0.458438
-0.35988
-0.257543
-0.15303
-0.0487062
0.0516015
0.137075
0.183183
0.149485
-0.01252
-0.159915
-0.276721
-0.326855
-0.320057
-0.319854
-0.319872
-0.720978
-0.709457
-0.658878
-0.581137
-0.4899
-0.392507
-0.291943
-0.190035
-0.0894697
0.00541569
0.0827461
0.119237
0.0704119
-0.0858495
-0.220314
-0.301358
-0.317351
-0.315594
-0.3155
-0.31521
-0.75206
-0.740492
-0.690213
-0.612881
-0.52251
-0.426559
-0.328098
-0.22915
-0.132741
-0.0434517
0.0257946
0.0512538
-0.0151544
-0.148409
-0.266424
-0.287756
-0.305152
-0.311379
-0.31194
-0.311755
-0.782654
-0.771144
-0.721387
-0.644871
-0.555704
-0.461543
-0.365553
-0.269919
-0.178003
-0.0945635
-0.0320294
-0.0222796
-0.0893402
-0.20277
-0.284086
-0.333643
-0.317549
-0.312008
-0.310437
-0.310128
-0.811009
-0.800281
-0.75147
-0.676098
-0.588672
-0.496736
-0.403645
-0.311698
-0.2245
-0.147181
-0.0894646
-0.0894969
-0.155497
-0.24597
-0.310402
-0.32169
-0.314863
-0.311761
-0.310683
-0.310299
-0.836285
-0.825869
-0.779032
-0.705349
-0.62034
-0.531168
-0.441494
-0.35365
-0.271298
-0.200027
-0.14708
-0.147413
-0.213685
-0.278863
-0.315966
-0.311816
-0.315888
-0.317138
-0.316484
-0.315942
-0.855859
-0.846115
-0.80177
-0.731257
-0.649346
-0.563683
-0.478003
-0.394743
-0.317371
-0.251732
-0.204638
-0.200416
-0.256412
-0.311132
-0.338789
-0.337519
-0.328248
-0.324975
-0.323296
-0.322477
-0.867784
-0.859102
-0.81806
-0.751611
-0.674016
-0.59289
-0.51197
-0.433741
-0.361607
-0.301169
-0.259048
-0.248215
-0.285068
-0.316953
-0.331559
-0.326564
-0.323775
-0.321819
-0.321407
-0.321396
-0.869467
-0.862423
-0.825821
-0.764692
-0.692621
-0.617254
-0.542023
-0.46939
-0.402793
-0.347169
-0.30767
-0.288263
-0.303378
-0.287537
-0.303592
-0.308764
-0.314755
-0.317111
-0.318191
-0.318572
-0.85906
-0.853412
-0.822665
-0.768649
-0.703726
-0.635327
-0.566808
-0.500466
-0.439594
-0.388751
-0.351398
-0.322748
-0.314723
-0.28787
-0.305054
-0.310236
-0.318954
-0.323469
-0.324985
-0.325387
-0.833462
-0.829491
-0.806156
-0.76209
-0.706311
-0.646177
-0.585277
-0.525707
-0.470717
-0.424983
-0.391477
-0.35451
-0.346086
-0.352101
-0.342704
-0.341746
-0.34077
-0.340481
-0.340166
-0.340054
-0.796007
-0.793544
-0.778397
-0.745279
-0.700482
-0.649733
-0.596977
-0.544297
-0.494911
-0.45392
-0.425565
-0.399692
-0.38019
-0.409
-0.43048
-0.401357
-0.369703
-0.355333
-0.350158
-0.348345
-0.753382
-0.751803
-0.744303
-0.722085
-0.688467
-0.64715
-0.602362
-0.556041
-0.511311
-0.473132
-0.44694
-0.416269
-0.387719
-0.38296
-0.393583
-0.383889
-0.352143
-0.330293
-0.322183
-0.320186
-0.715409
-0.714386
-0.71088
-0.698665
-0.674135
-0.641028
-0.602882
-0.561707
-0.519666
-0.480951
-0.453149
-0.410158
-0.351005
-0.271591
-0.183722
-0.118217
-0.149596
-0.20882
-0.246374
-0.258288
-0.688179
-0.687614
-0.685268
-0.679206
-0.661875
-0.634738
-0.601047
-0.5628
-0.521455
-0.479152
-0.443193
-0.400488
-0.353627
-0.305456
-0.321365
-0.478748
-0.649311
-0.725702
-0.664342
-0.60903
-0.668108
-0.667673
-0.666775
-0.664392
-0.653653
-0.630806
-0.599192
-0.561452
-0.51861
-0.471007
-0.426587
-0.389141
-0.40771
-0.554
-0.827837
-1.05309
-1.14246
-1.12737
-1.03656
-0.947953
-0.655878
-0.655761
-0.655366
-0.653879
-0.648549
-0.629288
-0.598092
-0.559021
-0.512826
-0.460125
-0.40408
-0.370642
-0.362611
-0.436883
-0.572791
-0.748307
-0.805516
-0.705892
-0.550126
-0.434963
-0.647552
-0.647518
-0.647187
-0.646775
-0.644305
-0.6293
-0.598338
-0.556512
-0.506595
-0.44755
-0.378192
-0.318498
-0.229782
-0.100008
0.0796791
0.25711
0.44929
0.634509
0.755445
0.815131
-0.642521
-0.642519
-0.642411
-0.642181
-0.640637
-0.630958
-0.600349
-0.555928
-0.501213
-0.43408
-0.351749
-0.260175
-0.127815
0.138386
0.512795
0.899461
1.25822
1.50322
1.62311
1.66551
-0.638477
-0.638558
-0.638621
-0.638625
-0.638764
-0.632853
-0.604773
-0.557921
-0.497652
-0.424403
-0.332929
-0.224785
-0.0872191
0.205434
0.618168
1.01932
1.37184
1.61046
1.72098
1.75205
-0.635335
-0.635473
-0.635484
-0.63519
-0.634666
-0.633811
-0.611359
-0.562737
-0.498702
-0.421463
-0.327013
-0.218036
-0.109637
0.150121
0.507514
0.837631
1.12013
1.3036
1.38319
1.40365
-0.633734
-0.634373
-0.63584
-0.639095
-0.642485
-0.644231
-0.621424
-0.568605
-0.504144
-0.426388
-0.334028
-0.232811
-0.138435
0.0592068
0.337053
0.573604
0.760752
0.875387
0.923616
0.936845
-0.630803
-0.632233
-0.63549
-0.644219
-0.660025
-0.663915
-0.627694
-0.573656
-0.51505
-0.439524
-0.350734
-0.258349
-0.176086
-0.0353677
0.157669
0.31414
0.426093
0.490704
0.519937
0.532224
-0.648287
-0.649508
-0.649974
-0.640607
-0.61624
-0.590112
-0.586522
-0.57491
-0.53155
-0.457585
-0.371945
-0.290899
-0.220614
-0.11723
0.023006
0.133292
0.208307
0.252028
0.27478
0.285525
-0.695318
-0.694837
-0.691034
-0.659061
-0.586862
-0.531322
-0.559965
-0.590063
-0.557259
-0.47994
-0.394178
-0.321049
-0.262982
-0.184281
-0.0756057
0.0150438
0.0807343
0.123963
0.146519
0.154886
-0.765011
-0.760091
-0.766138
-0.779944
-0.791733
-0.769875
-0.747959
-0.704052
-0.60704
-0.505664
-0.41376
-0.3477
-0.300437
-0.236012
-0.142309
-0.0623619
-0.00137129
0.0425041
0.0636943
0.0703756
-0.920047
-0.921579
-0.965448
-1.03812
-1.08821
-1.07984
-1.01274
-0.846832
-0.671178
-0.529587
-0.426631
-0.361445
-0.31906
-0.263744
-0.184483
-0.117517
-0.065016
-0.0275883
-0.0100594
-0.00603169
-1.04799
-1.05819
-1.10264
-1.15849
-1.1962
-1.18821
-1.10685
-0.904941
-0.69395
-0.532858
-0.423807
-0.359208
-0.320635
-0.272771
-0.208877
-0.154135
-0.11119
-0.0813761
-0.0672336
-0.0633513
-0.993923
-1.00501
-1.03888
-1.07975
-1.11
-1.10242
-1.01898
-0.824154
-0.640674
-0.496452
-0.398671
-0.340102
-0.304047
-0.266794
-0.219933
-0.178047
-0.145089
-0.122783
-0.112492
-0.110696
-0.739509
-0.751393
-0.781364
-0.824697
-0.862501
-0.864002
-0.786812
-0.653078
-0.525062
-0.424495
-0.352228
-0.306008
-0.276557
-0.251173
-0.219528
-0.190583
-0.167799
-0.152508
-0.145926
-0.14566
-0.376814
-0.38496
-0.405444
-0.438589
-0.475382
-0.49587
-0.479307
-0.436952
-0.383851
-0.335247
-0.293904
-0.264459
-0.244873
-0.231303
-0.212777
-0.197376
-0.185438
-0.178393
-0.176144
-0.17668
-0.0673118
-0.0718238
-0.0840498
-0.109133
-0.146438
-0.188796
-0.222323
-0.242467
-0.250418
-0.24499
-0.232056
-0.219036
-0.210333
-0.206536
-0.201097
-0.198475
-0.198633
-0.201185
-0.203658
-0.204428
0.108047
0.105467
0.0977551
0.0781939
0.0424708
-0.00825763
-0.0643011
-0.112441
-0.147927
-0.168407
-0.175467
-0.173759
-0.171055
-0.173507
-0.180267
-0.189956
-0.200159
-0.209348
-0.214515
-0.215239
0.167158
0.16551
0.160081
0.144741
0.114644
0.0691728
0.0154803
-0.037268
-0.0815913
-0.113062
-0.129737
-0.133477
-0.13169
-0.139058
-0.155929
-0.172233
-0.187123
-0.197763
-0.202557
-0.203163
0.164305
0.163293
0.159392
0.148111
0.125594
0.0908703
0.0479385
0.00203968
-0.0405766
-0.0752967
-0.0976457
-0.105968
-0.105528
-0.115123
-0.134522
-0.151172
-0.163942
-0.171883
-0.17477
-0.175381
0.138146
0.137612
0.134958
0.127149
0.111352
0.0865293
0.0543048
0.0175684
-0.0189029
-0.0518186
-0.0778091
-0.0945301
-0.103246
-0.113577
-0.125296
-0.133878
-0.139909
-0.142823
-0.14378
-0.144395
0.106897
0.106703
0.105026
0.0998759
0.0891951
0.0719944
0.0487586
0.0208895
-0.0090055
-0.0387181
-0.0670396
-0.093601
-0.118389
-0.124337
-0.121804
-0.121187
-0.120036
-0.119067
-0.118683
-0.119116
0.0770515
0.0770467
0.0761117
0.0729253
0.0660158
0.0545057
0.0383448
0.0182174
-0.00464443
-0.0295816
-0.0579749
-0.0909017
-0.122781
-0.125578
-0.114649
-0.105923
-0.102487
-0.101007
-0.100577
-0.100798
0.0504951
0.0505934
0.0501446
0.0483728
0.0442313
0.0370257
0.0265645
0.0131251
-0.00285644
-0.0213621
-0.0445583
-0.0737676
-0.0990099
-0.0975295
-0.0885378
-0.0842626
-0.0834293
-0.0839012
-0.0840979
-0.0839451
0.0267437
0.0269055
0.0267954
0.026058
0.0241017
0.0204312
0.0148779
0.0075731
-0.00132796
-0.0119143
-0.0256655
-0.0428907
-0.0553763
-0.0531003
-0.0508666
-0.0522186
-0.0555789
-0.058296
-0.0589559
-0.0584307
0.0157708
0.0158397
0.0157105
0.0151088
0.0136293
0.010979
0.00703217
0.00220455
-0.00354439
-0.0108648
-0.0202627
-0.0304429
-0.0324717
-0.0312947
-0.0320854
-0.0352751
-0.0385079
-0.0400084
-0.0396399
-0.0155437
-0.388473
-0.0501575
0.16478
0.351011
0.500746
0.618964
0.712291
0.791401
0.849421
0.844625
0.101007
0.250081
0.388663
0.507759
0.609029
0.692963
0.761779
0.815336
0.84792
0.859874
0.358112
0.452656
0.54447
0.627078
0.698462
0.759011
0.808635
0.846588
0.873587
0.892237
0.534185
0.597126
0.663673
0.724523
0.776865
0.821947
0.859689
0.890221
0.914831
0.932601
0.668592
0.714078
0.765209
0.810194
0.850842
0.886584
0.917559
0.943771
0.965663
0.981034
0.778285
0.815247
0.855163
0.89149
0.925279
0.955955
0.983171
1.00655
1.02608
1.03883
0.874544
0.906507
0.940802
0.973645
1.00451
1.03297
1.05837
1.08005
1.09771
1.10809
0.964719
0.995724
1.02961
1.06261
1.09333
1.1214
1.14612
1.16681
1.18292
1.19146
1.05896
1.09358
1.13016
1.16539
1.19712
1.22522
1.24927
1.26892
1.28365
1.29157
1.17145
1.21168
1.25079
1.28747
1.31915
1.34613
1.36862
1.3868
1.40043
1.40948
1.31509
1.35771
1.39528
1.42889
1.45684
1.48056
1.50112
1.51848
1.5323
1.54341
1.49282
1.53037
1.55834
1.58264
1.60361
1.62286
1.64108
1.65821
1.67408
1.68859
1.69043
1.71143
1.72631
1.74208
1.75833
1.77361
1.78731
1.80056
1.81605
1.83439
1.881
1.88816
1.89869
1.91022
1.92013
1.92932
1.93955
1.95064
1.96224
1.9711
2.094
2.09577
2.08783
2.07132
2.06017
2.05959
2.07174
2.09633
2.13045
2.15498
2.51365
2.31976
2.2187
2.16082
2.13167
2.12504
2.14023
2.18105
2.2569
2.39985
-0.418557
-0.423036
-0.383306
-0.310233
-0.21774
-0.116164
0.83169
0.895061
0.877234
0.788234
0.708592
0.631878
0.405175
0.186423
-0.0807193
-0.433993
-0.778756
)
;

boundaryField
{
    wall-4
    {
        type            zeroGradient;
    }
    pressure-outlet-7
    {
        type            fixedValue;
        value           uniform 0;
    }
    velocity-inlet-6
    {
        type            zeroGradient;
    }
    velocity-inlet-5
    {
        type            zeroGradient;
    }
    frontAndBackPlanes
    {
        type            empty;
    }
}


// ************************************************************************* //
