/*--------------------------------*- C++ -*----------------------------------*\
  =========                 |
  \\      /  F ield         | OpenFOAM: The Open Source CFD Toolbox
   \\    /   O peration     | Website:  https://openfoam.org
    \\  /    A nd           | Version:  10
     \\/     M anipulation  |
\*---------------------------------------------------------------------------*/
FoamFile
{
    format      ascii;
    class       volScalarField;
    location    "53";
    object      p;
}
// * * * * * * * * * * * * * * * * * * * * * * * * * * * * * * * * * * * * * //

dimensions      [0 2 -2 0 0 0 0];

internalField   nonuniform List<scalar> 
8800
(
0.791262
0.743475
0.704785
0.675789
0.654924
0.640092
0.629495
0.622014
0.617193
0.615136
0.616404
0.620593
0.627238
0.636553
0.649332
0.667066
0.691842
0.725783
0.768332
0.827034
0.622514
0.630193
0.637667
0.640974
0.63947
0.634391
0.627903
0.621824
0.6171
0.614256
0.613976
0.616481
0.620969
0.626913
0.633681
0.63996
0.6436
0.642864
0.637443
0.628752
0.600922
0.607081
0.611207
0.61415
0.616197
0.616799
0.615691
0.613584
0.611567
0.610659
0.61162
0.614001
0.616798
0.618977
0.619583
0.618382
0.616039
0.612645
0.608086
0.604325
0.59512
0.59777
0.60052
0.602921
0.604553
0.605712
0.60645
0.606565
0.606268
0.606217
0.606968
0.608136
0.608973
0.609035
0.608422
0.607329
0.605511
0.602938
0.600534
0.59903
0.589751
0.591176
0.592952
0.594981
0.596762
0.598099
0.599083
0.599877
0.600489
0.601051
0.6017
0.602192
0.602287
0.601995
0.601294
0.600042
0.598343
0.596492
0.595184
0.594352
0.58469
0.58561
0.586849
0.588411
0.590039
0.591558
0.592838
0.593899
0.594859
0.595749
0.596435
0.596757
0.596708
0.596262
0.595375
0.59417
0.592838
0.591575
0.590751
0.590199
0.579803
0.580472
0.581431
0.582728
0.584131
0.585582
0.587014
0.588329
0.589521
0.590623
0.591437
0.591796
0.591703
0.591184
0.590369
0.589415
0.588396
0.587468
0.58688
0.586475
0.575043
0.575559
0.576339
0.577463
0.578733
0.580098
0.581535
0.582997
0.584415
0.585742
0.586738
0.587196
0.587156
0.586757
0.586142
0.585407
0.584624
0.583934
0.583498
0.583182
0.570341
0.570752
0.571403
0.572402
0.573599
0.574915
0.576348
0.577891
0.579498
0.581082
0.582311
0.582949
0.583093
0.582904
0.582505
0.581974
0.581391
0.580891
0.580565
0.580308
0.565612
0.565946
0.566509
0.567428
0.568574
0.569872
0.571337
0.572972
0.574759
0.576621
0.578155
0.579073
0.579481
0.579534
0.579355
0.57904
0.578645
0.578301
0.578059
0.577844
0.560769
0.561046
0.561547
0.562419
0.563545
0.564865
0.566399
0.568167
0.570173
0.572355
0.574273
0.575554
0.576279
0.576607
0.576668
0.576567
0.576359
0.576151
0.575976
0.575791
0.555726
0.555959
0.55642
0.557275
0.558421
0.559806
0.56145
0.563404
0.565692
0.568273
0.570662
0.572379
0.573474
0.574117
0.574444
0.574564
0.574538
0.574455
0.574336
0.574171
0.550394
0.550592
0.551034
0.551901
0.553108
0.554601
0.556411
0.558618
0.561268
0.564351
0.567312
0.569546
0.571072
0.572072
0.572695
0.573045
0.573219
0.573251
0.573178
0.573028
0.544677
0.544846
0.545285
0.546193
0.547503
0.549156
0.551198
0.553737
0.556849
0.560558
0.564213
0.567063
0.569095
0.570503
0.571462
0.572091
0.572456
0.572598
0.572564
0.572424
0.538459
0.538604
0.539055
0.540036
0.541493
0.543364
0.545715
0.548678
0.552373
0.556853
0.561349
0.564938
0.56757
0.569457
0.570797
0.571725
0.572309
0.572567
0.57257
0.572435
0.531608
0.531728
0.532206
0.53329
0.534948
0.537108
0.539853
0.543357
0.547776
0.553197
0.558716
0.563191
0.566535
0.568989
0.570775
0.572043
0.572873
0.57325
0.573287
0.573154
0.523955
0.52405
0.52457
0.525791
0.527707
0.530234
0.533487
0.537674
0.542996
0.549575
0.556326
0.561858
0.566043
0.569162
0.571482
0.573153
0.574253
0.574753
0.574823
0.574688
0.515268
0.515368
0.515942
0.51732
0.519565
0.522569
0.526468
0.531516
0.537962
0.545959
0.554197
0.560987
0.566163
0.570064
0.573017
0.575151
0.576559
0.577193
0.577294
0.577153
0.505256
0.505337
0.505999
0.507601
0.510277
0.513894
0.518613
0.524746
0.532595
0.54233
0.552352
0.560625
0.56697
0.571791
0.575475
0.57816
0.579916
0.580692
0.580821
0.580672
0.493552
0.493616
0.494377
0.496291
0.499521
0.503926
0.509693
0.517201
0.526791
0.538644
0.550804
0.560832
0.568547
0.574448
0.578978
0.582305
0.584447
0.585372
0.585527
0.585365
0.479621
0.479673
0.480576
0.482901
0.486861
0.492304
0.499442
0.508721
0.520508
0.534951
0.549643
0.561708
0.570993
0.578135
0.583649
0.587703
0.590265
0.591338
0.591513
0.591335
0.462701
0.462741
0.463859
0.466766
0.471728
0.478576
0.487542
0.499127
0.513684
0.531272
0.548937
0.563341
0.574406
0.582964
0.589579
0.594451
0.597453
0.598665
0.598849
0.598652
0.441676
0.441714
0.443172
0.446946
0.453351
0.462178
0.473651
0.488285
0.506333
0.527706
0.548801
0.565836
0.578894
0.589017
0.596842
0.602607
0.606044
0.60737
0.607547
0.607328
0.414812
0.414868
0.416907
0.422088
0.430721
0.442455
0.457456
0.476138
0.498553
0.524406
0.549394
0.569312
0.584533
0.596365
0.60549
0.612172
0.615995
0.617382
0.617533
0.61729
0.379098
0.379251
0.382485
0.390263
0.402669
0.418842
0.438883
0.462897
0.490679
0.521713
0.55097
0.573946
0.591416
0.605026
0.615531
0.623066
0.62716
0.628525
0.628623
0.628358
0.328796
0.329753
0.336185
0.349293
0.368256
0.391289
0.418267
0.448997
0.483084
0.519875
0.553675
0.579816
0.599578
0.614961
0.62683
0.635077
0.639264
0.640502
0.640522
0.640238
0.255037
0.26221
0.277105
0.300186
0.328938
0.361159
0.396628
0.435124
0.47625
0.519333
0.558026
0.587589
0.609866
0.627231
0.640553
0.649457
0.653678
0.654788
0.654758
0.654515
0.175605
0.192631
0.216794
0.250514
0.289443
0.331008
0.37506
0.421537
0.470127
0.52024
0.564834
0.598764
0.624267
0.644109
0.659285
0.668793
0.672797
0.673671
0.673659
0.673512
0.109434
0.129516
0.161358
0.204084
0.252008
0.302373
0.354746
0.409054
0.464978
0.521933
0.572164
0.610175
0.638693
0.660728
0.677156
0.686849
0.690651
0.691457
0.691515
0.691433
0.055237
0.0769709
0.11431
0.163436
0.218464
0.276253
0.336001
0.397506
0.460318
0.523781
0.579362
0.621191
0.652409
0.676324
0.693902
0.704054
0.708135
0.709016
0.709054
0.709003
0.0100675
0.0329935
0.0741201
0.128331
0.189076
0.252991
0.319062
0.386952
0.456065
0.525608
0.586234
0.631661
0.665448
0.691229
0.710021
0.721008
0.725422
0.72628
0.726402
0.726395
-0.0283241
-0.00471479
0.0392672
0.0975234
0.163069
0.232197
0.303762
0.377333
0.45218
0.527361
0.592722
0.641547
0.677764
0.705356
0.725344
0.73711
0.741893
0.742863
0.743009
0.743025
-0.0619449
-0.0378735
0.00838379
0.069957
0.139561
0.21322
0.289652
0.368337
0.44844
0.528874
0.59869
0.650711
0.689207
0.718434
0.739501
0.751951
0.757142
0.758327
0.75852
0.758545
-0.0922719
-0.0677904
-0.0196704
0.0447356
0.117837
0.195459
0.276249
0.359593
0.444568
0.529948
0.603989
0.659014
0.699603
0.73024
0.752279
0.76531
0.770837
0.772251
0.772461
0.772481
-0.120251
-0.0953922
-0.045668
0.0211642
0.0973444
0.178475
0.263181
0.350792
0.440318
0.530394
0.608488
0.666381
0.708909
0.740841
0.763625
0.777098
0.782872
0.784444
0.784677
0.784686
-0.14667
-0.121387
-0.0701636
-0.00124459
0.0776718
0.16193
0.250174
0.341706
0.435494
0.530067
0.612121
0.672829
0.717202
0.750307
0.773689
0.787467
0.793416
0.795092
0.795323
0.795308
-0.171881
-0.146162
-0.0937609
-0.0228077
0.0585272
0.14559
0.237036
0.332176
0.429968
0.528885
0.614869
0.678401
0.724611
0.758822
0.78278
0.796696
0.802692
0.804414
0.804611
0.804565
-0.19629
-0.170005
-0.116551
-0.0437749
0.0397166
0.129295
0.223647
0.322105
0.423654
0.526774
0.616708
0.683143
0.731244
0.766575
0.790988
0.804953
0.81095
0.812638
0.81283
0.812756
-0.220022
-0.193308
-0.138671
-0.0642963
0.0211256
0.112959
0.209935
0.311436
0.416498
0.523686
0.617616
0.687098
0.737233
0.77373
0.798514
0.812437
0.818359
0.819976
0.820121
0.820025
-0.243194
-0.215941
-0.160271
-0.0844476
0.00270447
0.0965492
0.195881
0.300147
0.408476
0.51958
0.617549
0.690287
0.742679
0.780417
0.805504
0.8193
0.825045
0.826544
0.826618
0.826485
-0.26593
-0.238087
-0.181413
-0.10426
-0.0155695
0.0800669
0.181503
0.288263
0.399593
0.514423
0.616451
0.692698
0.747659
0.78677
0.812101
0.825638
0.831064
0.832363
0.83236
0.832201
-0.288239
-0.259721
-0.202108
-0.123729
-0.0336642
0.0635448
0.166848
0.275826
0.389877
0.508191
0.61426
0.694286
0.752197
0.792919
0.818486
0.83157
0.83648
0.837502
0.837424
0.837251
-0.309961
-0.280807
-0.222295
-0.142827
-0.0515449
0.0470492
0.151975
0.26291
0.379386
0.500908
0.610913
0.694967
0.756248
0.798994
0.824957
0.837363
0.841421
0.842018
0.841853
0.841682
-0.331075
-0.301316
-0.24196
-0.161505
-0.0691528
0.0306392
0.136976
0.249596
0.3682
0.492602
0.606367
0.69461
0.759703
0.805059
0.831893
0.843524
0.846212
0.846001
0.845689
0.845563
-0.351648
-0.321213
-0.261073
-0.179728
-0.0864254
0.0143975
0.121938
0.235985
0.35641
0.483337
0.60058
0.693066
0.762356
0.811004
0.839616
0.850917
0.851781
0.849879
0.849059
0.849193
-0.371506
-0.340473
-0.279579
-0.197433
-0.103304
-0.00159281
0.106956
0.22219
0.344134
0.473212
0.593547
0.690167
0.763924
0.816467
0.848046
0.860501
0.860167
0.855752
0.852896
0.852341
-0.390744
-0.359086
-0.297495
-0.214648
-0.119821
-0.0173746
0.0919745
0.208153
0.331303
0.462156
0.585136
0.685634
0.764087
0.820902
0.856464
0.872457
0.873687
0.867733
0.859243
0.844886
-0.409286
-0.377038
-0.314937
-0.231572
-0.13626
-0.0332777
0.0765825
0.193397
0.317387
0.449536
0.574699
0.678676
0.762251
0.82352
0.863017
0.884303
0.887934
0.875904
0.856448
0.844206
-0.426956
-0.394462
-0.331712
-0.247994
-0.152283
-0.0489586
0.0610053
0.178245
0.302691
0.435615
0.562314
0.668841
0.757652
0.823198
0.863344
0.884439
0.891175
0.868584
0.800685
0.770092
-0.443084
-0.412594
-0.347483
-0.263386
-0.167122
-0.0639157
0.0455532
0.162926
0.287433
0.420519
0.547924
0.655836
0.748955
0.819312
0.852648
0.867862
0.85907
0.805752
0.736716
0.694196
-0.499093
-0.428577
-0.361844
-0.278843
-0.182369
-0.0795967
0.0301624
0.147161
0.271247
0.403802
0.530934
0.639058
0.732411
0.809351
0.81524
0.819314
0.77167
0.702498
0.626234
0.583762
-0.460154
-0.444022
-0.383261
-0.299602
-0.204791
-0.102132
0.00659295
0.122898
0.245915
0.376929
0.501921
0.608032
0.693288
0.774121
0.762339
0.650941
0.546892
0.474483
0.401509
0.432653
-0.491356
-0.461796
-0.400055
-0.317174
-0.222365
-0.119892
-0.0109217
0.104718
0.226626
0.355784
0.477923
0.579664
0.656244
0.698663
0.651127
0.503817
0.376992
0.2863
0.187935
0.238556
-0.515374
-0.48286
-0.419827
-0.336744
-0.241847
-0.139483
-0.0306061
0.0841795
0.204661
0.331393
0.449781
0.545362
0.612796
0.621586
0.516063
0.344274
0.192416
0.0742567
-0.0564184
-0.0232874
-0.538892
-0.504806
-0.440561
-0.35656
-0.261536
-0.159313
-0.0509597
0.0628493
0.181715
0.305651
0.419385
0.507457
0.559465
0.537407
0.379877
0.1845
-0.00510123
-0.172419
-0.360583
-0.378532
-0.561795
-0.527241
-0.46208
-0.377295
-0.282087
-0.18007
-0.0723634
0.0403495
0.157351
0.278119
0.386515
0.466951
0.500073
0.442022
0.250445
0.0408044
-0.175804
-0.364567
-0.606211
-0.904558
-0.584978
-0.55041
-0.484682
-0.399385
-0.303963
-0.202099
-0.0949656
0.0166233
0.131664
0.249024
0.351793
0.423967
0.436634
0.327628
0.137847
-0.0711801
-0.274817
-0.446632
-0.515463
-0.594758
-0.609394
-0.574756
-0.508712
-0.423157
-0.32766
-0.22604
-0.11957
-0.00927434
0.103497
0.216942
0.313726
0.375064
0.36306
0.220475
0.0378615
-0.152216
-0.314319
-0.406767
-0.430755
-0.446705
-0.635351
-0.60059
-0.53434
-0.448693
-0.353306
-0.252098
-0.146529
-0.0378263
0.072266
0.181165
0.271462
0.31893
0.289496
0.121094
-0.0527279
-0.217756
-0.343619
-0.382563
-0.395464
-0.396773
-0.66305
-0.628082
-0.561623
-0.47598
-0.380842
-0.280272
-0.175856
-0.0690775
0.0379046
0.141695
0.22462
0.257927
0.209286
0.0292476
-0.135566
-0.283288
-0.358899
-0.376164
-0.377528
-0.377339
-0.692545
-0.657281
-0.590575
-0.505004
-0.410274
-0.31054
-0.207547
-0.103038
0.00042385
0.0985903
0.173246
0.19513
0.110588
-0.0547551
-0.211423
-0.333141
-0.369757
-0.368051
-0.367043
-0.366438
-0.723539
-0.688006
-0.621081
-0.535668
-0.441502
-0.342837
-0.24156
-0.139675
-0.0401433
0.0519481
0.118173
0.123329
0.020398
-0.133196
-0.271846
-0.346468
-0.357073
-0.360058
-0.360877
-0.360548
-0.75546
-0.719779
-0.652873
-0.567726
-0.474325
-0.376989
-0.27773
-0.17885
-0.0836289
0.00211256
0.0597536
0.0502977
-0.0607349
-0.200214
-0.316083
-0.347533
-0.355643
-0.357384
-0.357303
-0.357025
-0.787827
-0.752042
-0.685473
-0.600766
-0.508375
-0.412655
-0.31576
-0.220264
-0.129764
-0.0502947
-0.00305208
-0.0190534
-0.134968
-0.255509
-0.348468
-0.362404
-0.35572
-0.35473
-0.354658
-0.354498
-0.819737
-0.784061
-0.717986
-0.634158
-0.543083
-0.449334
-0.355174
-0.26343
-0.178077
-0.104767
-0.0671978
-0.0834495
-0.198838
-0.300055
-0.35469
-0.363716
-0.358132
-0.354665
-0.353344
-0.352949
-0.849543
-0.814616
-0.749424
-0.66695
-0.577645
-0.486288
-0.395281
-0.307645
-0.227744
-0.160841
-0.126669
-0.157126
-0.248833
-0.333756
-0.352727
-0.362134
-0.360005
-0.355262
-0.353451
-0.352574
-0.875663
-0.841807
-0.778628
-0.697925
-0.610977
-0.522524
-0.435158
-0.351997
-0.277653
-0.217718
-0.184005
-0.23076
-0.293345
-0.325782
-0.375566
-0.366531
-0.364939
-0.365183
-0.365406
-0.364875
-0.895917
-0.863827
-0.803434
-0.725616
-0.641728
-0.556819
-0.473621
-0.395341
-0.326666
-0.27403
-0.244233
-0.301383
-0.340475
-0.316188
-0.339877
-0.379704
-0.405085
-0.416653
-0.417658
-0.416065
-0.908033
-0.878676
-0.821973
-0.748076
-0.668311
-0.587739
-0.509308
-0.436281
-0.373514
-0.328357
-0.3042
-0.382066
-0.444092
-0.418824
-0.408382
-0.466917
-0.50076
-0.508988
-0.503994
-0.502918
-0.90931
-0.884041
-0.832207
-0.763425
-0.688935
-0.613716
-0.540636
-0.473166
-0.41651
-0.378645
-0.35804
-0.468865
-0.660248
-0.824709
-0.750295
-0.638529
-0.575655
-0.547762
-0.53744
-0.535332
-0.897635
-0.877238
-0.831914
-0.769984
-0.702006
-0.633094
-0.565996
-0.504124
-0.453309
-0.421682
-0.407991
-0.519868
-0.727163
-1.11859
-1.00715
-0.687017
-0.542264
-0.496697
-0.482238
-0.476921
-0.870867
-0.855414
-0.819283
-0.766474
-0.706456
-0.644707
-0.583878
-0.527322
-0.480648
-0.452105
-0.429147
-0.412358
-0.353893
-0.400671
-0.39812
-0.331067
-0.306665
-0.30042
-0.297367
-0.293269
-0.831341
-0.821299
-0.79493
-0.753028
-0.702232
-0.648219
-0.59352
-0.541351
-0.496352
-0.46649
-0.434232
-0.230286
0.133358
0.541432
0.449725
0.13549
-0.0955184
-0.175401
-0.194054
-0.196344
-0.785538
-0.779824
-0.763628
-0.73237
-0.691299
-0.644555
-0.595388
-0.546017
-0.500774
-0.46534
-0.427637
-0.294966
-0.0775125
0.190176
0.059931
-0.194446
-0.309721
-0.328874
-0.339546
-0.363405
-0.743038
-0.7396
-0.731538
-0.710017
-0.676811
-0.636115
-0.591046
-0.543282
-0.495321
-0.457256
-0.433532
-0.530449
-0.98529
-1.78931
-2.3555
-2.57651
-2.459
-2.1802
-1.81233
-1.65416
-0.711152
-0.708918
-0.704845
-0.690954
-0.663563
-0.626331
-0.582943
-0.533782
-0.481851
-0.430255
-0.404783
-0.542005
-1.0745
-1.70112
-2.02853
-1.92902
-1.63428
-1.32424
-1.06566
-0.946361
-0.686511
-0.685643
-0.68435
-0.677062
-0.654684
-0.618884
-0.573766
-0.521067
-0.460018
-0.385766
-0.319676
-0.281267
-0.288837
-0.170544
-0.00182615
0.279952
0.581295
0.770227
0.877007
0.916043
-0.671538
-0.671173
-0.670675
-0.667436
-0.650132
-0.6142
-0.565568
-0.507452
-0.437195
-0.35398
-0.252663
-0.133366
0.0624137
0.475934
0.968124
1.42834
1.77038
1.94554
2.01256
2.02742
-0.661151
-0.660926
-0.660386
-0.659622
-0.647556
-0.612111
-0.560045
-0.495811
-0.418329
-0.31888
-0.197914
-0.0719305
0.190164
0.671794
1.19362
1.65871
1.98168
2.14282
2.19838
2.20903
-0.65384
-0.653959
-0.654095
-0.654023
-0.645193
-0.612397
-0.55868
-0.489397
-0.402665
-0.295828
-0.176256
-0.0482938
0.153793
0.587913
1.02961
1.41619
1.67943
1.81127
1.85689
1.86648
-0.64893
-0.648409
-0.646388
-0.643467
-0.638913
-0.615491
-0.564274
-0.489767
-0.397073
-0.289435
-0.173985
-0.0563126
0.0954342
0.430349
0.766212
1.04301
1.2367
1.33343
1.36953
1.37829
-0.662465
-0.658411
-0.645964
-0.632898
-0.634748
-0.631139
-0.580413
-0.496797
-0.397534
-0.28927
-0.1845
-0.0816276
0.0312583
0.268898
0.511352
0.700563
0.831427
0.898967
0.926791
0.934613
-0.721544
-0.717611
-0.712461
-0.713642
-0.717205
-0.695657
-0.612901
-0.507515
-0.397711
-0.289273
-0.196906
-0.116923
-0.0312993
0.141095
0.311474
0.439494
0.529659
0.577973
0.599707
0.606128
-0.819552
-0.829874
-0.856195
-0.873094
-0.86214
-0.788387
-0.649576
-0.511569
-0.391918
-0.287686
-0.211383
-0.153981
-0.0960401
0.0380981
0.168471
0.264421
0.331327
0.36843
0.385294
0.389596
-0.855118
-0.875239
-0.90647
-0.924383
-0.903336
-0.801534
-0.637106
-0.490218
-0.372062
-0.277804
-0.215538
-0.17904
-0.146813
-0.0395142
0.0621418
0.139275
0.193564
0.223884
0.236541
0.239261
-0.707863
-0.726369
-0.754653
-0.772666
-0.750714
-0.659749
-0.538122
-0.424958
-0.329791
-0.253431
-0.204226
-0.182026
-0.164909
-0.0687245
0.0134512
0.0685989
0.108325
0.130198
0.139205
0.140333
-0.419586
-0.430546
-0.448804
-0.466004
-0.465177
-0.43086
-0.379095
-0.322215
-0.266993
-0.214507
-0.175451
-0.152736
-0.123553
-0.061319
-0.00846842
0.0293716
0.0536334
0.0678822
0.0739443
0.074905
-0.147548
-0.152144
-0.164089
-0.183894
-0.205317
-0.221004
-0.22539
-0.217196
-0.197601
-0.168286
-0.136468
-0.105853
-0.068486
-0.0305984
-0.00108137
0.0189078
0.0343157
0.0445165
0.0490259
0.0490841
0.0142009
0.0118339
0.00283748
-0.0179836
-0.0513511
-0.0875502
-0.116488
-0.133616
-0.136649
-0.1242
-0.0981548
-0.0627432
-0.0274354
-0.00567231
0.00912748
0.0216608
0.0332786
0.0412416
0.0446171
0.0439108
0.0764255
0.0748452
0.0676166
0.0494037
0.0187473
-0.0176018
-0.0517614
-0.0776322
-0.0911068
-0.0886996
-0.0687364
-0.0371219
-0.00656449
0.00265757
0.00841613
0.0177071
0.0281376
0.0353789
0.0370151
0.0355089
0.0850338
0.0838319
0.0784688
0.064832
0.0413782
0.0120436
-0.0181455
-0.0441762
-0.0616658
-0.0661624
-0.0538321
-0.0309065
-0.0110231
-0.0107025
-0.00650868
0.00241823
0.0120816
0.0180119
0.0191795
0.0172995
0.0716718
0.0708337
0.0671263
0.0576418
0.0409893
0.0191185
-0.00519307
-0.0282061
-0.0462996
-0.0555372
-0.0514864
-0.0396706
-0.0322503
-0.0395116
-0.0383173
-0.0286438
-0.0204763
-0.0164682
-0.016641
-0.0183764
0.0518742
0.0513178
0.0488189
0.0423783
0.0307964
0.0148755
-0.00401107
-0.0234971
-0.0411974
-0.0544806
-0.0593805
-0.0587804
-0.0608439
-0.0718668
-0.0738651
-0.0683884
-0.0638887
-0.0636729
-0.0641744
-0.0652111
0.0321648
0.0317909
0.0300932
0.0256985
0.0176182
0.00598321
-0.00873367
-0.0254064
-0.0429878
-0.0603522
-0.0750326
-0.0873906
-0.100363
-0.112576
-0.112106
-0.108316
-0.106785
-0.108092
-0.109254
-0.109863
0.0151479
0.0148662
0.0136975
0.0106407
0.00488673
-0.00380218
-0.0154945
-0.030053
-0.0476398
-0.06908
-0.0939219
-0.119591
-0.140291
-0.148751
-0.146627
-0.143316
-0.143037
-0.144288
-0.14515
-0.145551
0.00187872
0.00164424
0.000775151
-0.00139334
-0.00557215
-0.0121785
-0.0216773
-0.0346369
-0.0521748
-0.0770659
-0.11098
-0.149591
-0.176569
-0.179268
-0.172581
-0.16863
-0.168386
-0.169988
-0.170521
-0.170713
-0.00741144
-0.00759982
-0.00826112
-0.00980458
-0.0128328
-0.0179147
-0.025676
-0.0370436
-0.0540418
-0.0806337
-0.120811
-0.167883
-0.197784
-0.193647
-0.183452
-0.179907
-0.181043
-0.182963
-0.183272
-0.183191
-0.012778
-0.0129469
-0.0134358
-0.0145075
-0.0166319
-0.0204288
-0.0266213
-0.0363695
-0.051605
-0.0770666
-0.117015
-0.165704
-0.191929
-0.18293
-0.174514
-0.172987
-0.176233
-0.178802
-0.178933
-0.178621
-0.0143817
-0.0145326
-0.0148836
-0.0155624
-0.0169486
-0.0196039
-0.0242412
-0.0319119
-0.0444854
-0.0659441
-0.0995481
-0.139734
-0.157263
-0.147901
-0.142981
-0.146861
-0.152034
-0.154875
-0.155005
-0.154704
-0.0126654
-0.0127912
-0.0130223
-0.013386
-0.0141455
-0.0157751
-0.0188467
-0.0241534
-0.033046
-0.0481783
-0.0708246
-0.0964874
-0.105326
-0.099336
-0.099989
-0.106958
-0.113333
-0.116002
-0.115988
-0.115703
-0.00822908
-0.00832129
-0.00844068
-0.00856693
-0.00884144
-0.00958564
-0.0111721
-0.0140271
-0.0188187
-0.026699
-0.0374043
-0.0473313
-0.0449413
-0.0446417
-0.0505539
-0.0591602
-0.0646637
-0.0662748
-0.0660132
-0.0657879
-0.00182836
-0.00184763
-0.00185737
-0.00186335
-0.00174607
-0.00164186
-0.00173795
-0.00208708
-0.00272763
-0.00361771
-0.00414975
-0.00225911
-0.00296711
-0.00884937
-0.0105998
-0.0133715
-0.0132576
-0.0123614
-0.0120761
-0.0120379
-0.130985
0.0361871
0.231421
0.401906
0.538304
0.64594
0.735067
0.810928
0.845453
0.822172
0.172671
0.293612
0.423792
0.536375
0.631355
0.710022
0.773737
0.818968
0.841611
0.853682
0.392192
0.475205
0.56421
0.642859
0.710539
0.767177
0.812223
0.845131
0.868906
0.886882
0.553444
0.612847
0.674698
0.731945
0.781752
0.824056
0.858803
0.886519
0.909338
0.927636
0.679198
0.722426
0.768494
0.812405
0.851195
0.885083
0.914087
0.938224
0.958626
0.976461
0.783712
0.816655
0.85484
0.89045
0.923138
0.952438
0.978042
0.999563
1.01743
1.03477
0.876378
0.905111
0.939129
0.971305
1.00129
1.0285
1.05227
1.07201
1.08753
1.1046
0.965038
0.994266
1.0283
1.06037
1.09
1.11661
1.13949
1.15799
1.17137
1.1884
1.06039
1.09362
1.13028
1.16387
1.19393
1.22013
1.24209
1.25938
1.27125
1.28865
1.17542
1.21325
1.25191
1.28616
1.31552
1.34027
1.36065
1.37654
1.38801
1.40608
1.32037
1.35892
1.39507
1.42576
1.45144
1.47354
1.4926
1.50813
1.52056
1.53856
1.49546
1.52708
1.55327
1.57572
1.5957
1.61442
1.63214
1.64862
1.66397
1.68204
1.68408
1.70128
1.71632
1.73255
1.74846
1.76299
1.7762
1.79013
1.80767
1.82782
1.8658
1.87534
1.88688
1.89769
1.90698
1.91656
1.92734
1.93871
1.95007
1.96543
2.07304
2.0767
2.06175
2.04695
2.04067
2.04635
2.06483
2.09514
2.12731
2.15397
2.37936
2.24449
2.16786
2.12548
2.10805
2.11202
2.13941
2.19583
2.29845
2.52281
0.681863
0.679734
0.67525
0.666624
0.654398
0.642267
0.632034
0.624135
0.618512
0.615252
0.614889
0.617619
0.622715
0.629932
0.639315
0.650851
0.6635
0.674533
0.680644
0.683697
0.606318
0.612165
0.618497
0.622988
0.625456
0.625129
0.622388
0.618574
0.615058
0.612791
0.612635
0.614823
0.618477
0.622759
0.626561
0.62844
0.627501
0.624017
0.618853
0.612232
0.597896
0.600193
0.603595
0.606589
0.608662
0.610155
0.610906
0.610584
0.609552
0.608662
0.608826
0.610242
0.612047
0.613344
0.613518
0.612622
0.611069
0.60873
0.605464
0.602543
0.592392
0.593478
0.595309
0.597685
0.599705
0.601128
0.602144
0.602889
0.603283
0.603496
0.603974
0.604768
0.605353
0.605409
0.604988
0.604133
0.602658
0.60057
0.598481
0.597097
0.587196
0.587859
0.588965
0.590667
0.592444
0.59407
0.595359
0.596367
0.597241
0.598019
0.598733
0.599268
0.599446
0.599265
0.598687
0.597624
0.596188
0.594639
0.593318
0.592537
0.58223
0.58269
0.583474
0.584768
0.58625
0.587761
0.589218
0.590506
0.59163
0.59267
0.593566
0.594113
0.594238
0.593947
0.593235
0.592234
0.591099
0.589959
0.58904
0.588522
0.577413
0.577758
0.578367
0.57943
0.580718
0.582083
0.583512
0.584945
0.586303
0.587565
0.588651
0.589315
0.589466
0.589168
0.588551
0.587759
0.586895
0.58602
0.585343
0.584964
0.572693
0.572961
0.573452
0.574355
0.575517
0.576803
0.578186
0.579659
0.581181
0.582677
0.583994
0.584828
0.585096
0.584947
0.58453
0.583951
0.583286
0.582636
0.582138
0.581849
0.567988
0.568202
0.56861
0.569402
0.570482
0.571718
0.573088
0.574604
0.576252
0.577978
0.579571
0.580654
0.58115
0.581232
0.581037
0.58067
0.580206
0.579744
0.579384
0.579157
0.563213
0.563385
0.563734
0.564453
0.565485
0.566697
0.568092
0.569687
0.571485
0.573455
0.575377
0.576801
0.577605
0.577961
0.578007
0.577861
0.577601
0.577307
0.577061
0.576881
0.558281
0.55842
0.558728
0.559401
0.560415
0.56165
0.563107
0.564822
0.566821
0.569088
0.571413
0.573263
0.574438
0.575112
0.575431
0.575517
0.575458
0.575323
0.575174
0.575029
0.553106
0.553218
0.553498
0.554151
0.555181
0.556482
0.558046
0.559934
0.562201
0.564847
0.567669
0.570031
0.571643
0.572682
0.573308
0.573645
0.57379
0.573818
0.573753
0.573635
0.547594
0.547683
0.547946
0.548604
0.549687
0.551096
0.552821
0.554951
0.557564
0.560694
0.564129
0.567104
0.569229
0.57069
0.571659
0.572289
0.572661
0.572836
0.572845
0.572749
0.541641
0.54171
0.541966
0.542651
0.543824
0.545389
0.547339
0.54979
0.552844
0.556579
0.560763
0.564476
0.567213
0.569169
0.570531
0.571485
0.572105
0.572442
0.57252
0.572441
0.535124
0.535172
0.53543
0.536164
0.537469
0.539245
0.541492
0.544353
0.547968
0.552452
0.55755
0.562155
0.56562
0.568161
0.569982
0.571295
0.572202
0.572712
0.572858
0.572794
0.527892
0.527922
0.528185
0.528992
0.530472
0.532525
0.535153
0.538536
0.542854
0.548261
0.554471
0.560151
0.564483
0.567713
0.570081
0.57182
0.573053
0.573747
0.573962
0.57391
0.519762
0.51978
0.520042
0.520948
0.522657
0.525052
0.528173
0.532221
0.537423
0.543972
0.551537
0.558501
0.563862
0.567901
0.57091
0.573162
0.574761
0.575658
0.575943
0.5759
0.510425
0.510411
0.510737
0.511779
0.513774
0.51662
0.520369
0.525258
0.531566
0.539529
0.548738
0.557233
0.563809
0.568804
0.572566
0.575419
0.577442
0.578564
0.578921
0.578884
0.499608
0.499569
0.499938
0.501172
0.503535
0.506966
0.511518
0.517473
0.525168
0.534872
0.546071
0.556391
0.564394
0.570513
0.575163
0.578712
0.581222
0.58259
0.583019
0.582986
0.486837
0.486771
0.487217
0.488701
0.491546
0.495737
0.501327
0.508652
0.518102
0.529961
0.54356
0.556035
0.565701
0.573121
0.578811
0.583158
0.586223
0.587853
0.588351
0.588317
0.471476
0.471381
0.47195
0.473783
0.477274
0.482484
0.489454
0.498574
0.510271
0.524801
0.541272
0.55626
0.567837
0.576739
0.583623
0.588874
0.592549
0.594448
0.595008
0.594967
0.452601
0.452478
0.453243
0.455585
0.459988
0.466612
0.475469
0.486983
0.501573
0.519411
0.53929
0.557154
0.570889
0.581467
0.589668
0.595943
0.600271
0.602431
0.603035
0.60298
0.428821
0.428681
0.429775
0.432907
0.438679
0.447373
0.458902
0.473672
0.491994
0.51387
0.537728
0.558844
0.574967
0.58738
0.597024
0.604414
0.609398
0.611783
0.612403
0.612325
0.397835
0.397713
0.399414
0.403917
0.411971
0.423877
0.439328
0.458571
0.481688
0.508446
0.53685
0.56152
0.580185
0.59455
0.605735
0.614287
0.619858
0.622387
0.62298
0.622872
0.355533
0.355571
0.358605
0.365962
0.378241
0.395405
0.416661
0.441931
0.471013
0.503457
0.536886
0.565338
0.586649
0.603025
0.615779
0.625462
0.631463
0.633992
0.634503
0.634359
0.29423
0.295408
0.302834
0.316557
0.336545
0.362057
0.391474
0.424411
0.460552
0.499351
0.538114
0.570428
0.594374
0.612721
0.626975
0.637601
0.643834
0.646137
0.646475
0.646299
0.221363
0.223085
0.237314
0.260911
0.291731
0.327111
0.365464
0.406612
0.450362
0.496213
0.541208
0.57835
0.605786
0.626715
0.642852
0.654627
0.661051
0.663242
0.663551
0.663462
0.146081
0.152188
0.173222
0.206969
0.248119
0.293083
0.340332
0.389739
0.441183
0.494214
0.545655
0.587828
0.618887
0.642606
0.660895
0.673587
0.679826
0.681658
0.681894
0.681863
0.0845089
0.0929055
0.1185
0.159227
0.208444
0.261587
0.316864
0.374012
0.432816
0.492765
0.550377
0.597286
0.631684
0.657827
0.677716
0.691091
0.697341
0.699014
0.699362
0.699392
0.0344081
0.0433997
0.0725346
0.11848
0.173815
0.233553
0.29562
0.359599
0.425107
0.49152
0.554965
0.606346
0.643848
0.672226
0.693645
0.707868
0.714371
0.716462
0.71693
0.716998
-0.00758944
0.00168921
0.0332801
0.0832199
0.143569
0.208778
0.276598
0.346544
0.41808
0.490447
0.559351
0.614948
0.65539
0.685922
0.708892
0.724117
0.731291
0.733765
0.734279
0.734363
-0.0438258
-0.0344247
-0.000977874
0.0521638
0.116649
0.186525
0.259359
0.334589
0.411573
0.48942
0.56343
0.622991
0.66621
0.69877
0.723224
0.739411
0.747274
0.74997
0.750576
0.750664
-0.0759558
-0.0665037
-0.0316257
0.0242189
0.0921744
0.166067
0.243331
0.323309
0.405276
0.488214
0.567033
0.630335
0.676148
0.710533
0.736268
0.7533
0.76184
0.764791
0.765421
0.765504
-0.105241
-0.0957337
-0.0596829
-0.00150384
0.0694351
0.14684
0.228037
0.312319
0.398878
0.486602
0.56999
0.636854
0.685083
0.721144
0.747952
0.765663
0.774703
0.777869
0.778532
0.778592
-0.132535
-0.122968
-0.0858629
-0.0256947
0.0479062
0.128416
0.213129
0.301321
0.392139
0.48438
0.572166
0.642482
0.693024
0.730614
0.758367
0.776611
0.785923
0.789265
0.789974
0.790022
-0.158392
-0.148747
-0.110655
-0.0487903
0.027204
0.110476
0.198353
0.29011
0.384878
0.48141
0.573483
0.647222
0.700049
0.73909
0.767717
0.786339
0.795788
0.799226
0.799958
0.799976
-0.1833
-0.17347
-0.134524
-0.0710394
0.00706393
0.092804
0.183534
0.278543
0.376986
0.477601
0.573887
0.651089
0.706237
0.746733
0.776151
0.79506
0.804551
0.807968
0.808676
0.808671
-0.20748
-0.197416
-0.157701
-0.0926512
-0.0126812
0.0752628
0.168565
0.266541
0.368385
0.472887
0.573338
0.65409
0.71167
0.753697
0.783873
0.80295
0.812405
0.815766
0.816423
0.816379
-0.231033
-0.220753
-0.180197
-0.113776
-0.0321292
0.0577924
0.153396
0.254061
0.359039
0.467219
0.571789
0.656225
0.716426
0.760122
0.791032
0.810179
0.819527
0.822767
0.82335
0.823285
-0.254098
-0.243505
-0.20219
-0.134477
-0.0513207
0.0403613
0.138019
0.241104
0.348949
0.460585
0.569189
0.657461
0.720555
0.766121
0.79777
0.816889
0.82602
0.829056
0.829526
0.829417
-0.276646
-0.265764
-0.223693
-0.15478
-0.0702581
0.0229849
0.12247
0.227709
0.338142
0.452976
0.565492
0.657743
0.724074
0.771789
0.804236
0.823206
0.831926
0.834641
0.834968
0.834824
-0.298724
-0.287524
-0.244647
-0.174662
-0.0889176
0.00569995
0.106792
0.213937
0.326673
0.444417
0.560662
0.656999
0.726935
0.777183
0.810632
0.829355
0.837392
0.839594
0.839746
0.839574
-0.32015
-0.308704
-0.265047
-0.194081
-0.107249
-0.0114192
0.0910535
0.199861
0.314617
0.434967
0.55468
0.655147
0.729031
0.782304
0.8172
0.835733
0.842711
0.844039
0.843906
0.843719
-0.341066
-0.329265
-0.284873
-0.213014
-0.125217
-0.028332
0.0753483
0.185565
0.302064
0.424707
0.547561
0.652085
0.730196
0.787036
0.824105
0.842908
0.848553
0.848332
0.847522
0.84731
-0.361304
-0.349179
-0.304094
-0.231411
-0.142742
-0.0449529
0.0597587
0.171169
0.289125
0.413705
0.53935
0.647717
0.730223
0.791121
0.831252
0.851461
0.856245
0.853761
0.851146
0.850101
-0.380924
-0.368488
-0.322654
-0.249219
-0.159785
-0.0612113
0.0443696
0.156755
0.275914
0.402101
0.530123
0.641951
0.728881
0.794158
0.838093
0.861359
0.867307
0.863544
0.856973
0.848317
-0.399841
-0.387149
-0.340647
-0.266592
-0.176554
-0.0773812
0.0288478
0.141925
0.261983
0.389391
0.519345
0.634214
0.725643
0.795726
0.843853
0.871707
0.881912
0.878863
0.868822
0.863019
-0.418006
-0.405084
-0.358061
-0.283495
-0.193048
-0.093459
0.0132095
0.126661
0.247288
0.375462
0.506826
0.62413
0.719748
0.795043
0.846475
0.877935
0.890661
0.892113
0.854538
0.80252
-0.435123
-0.421508
-0.374762
-0.299855
-0.20937
-0.109595
-0.00259524
0.111079
0.231886
0.360372
0.4925
0.611471
0.71013
0.791565
0.843762
0.870373
0.883364
0.866209
0.809766
0.747392
-0.45152
-0.436975
-0.390607
-0.314961
-0.225074
-0.125323
-0.0187925
0.0952346
0.215924
0.344293
0.476388
0.596011
0.695602
0.78602
0.833215
0.873541
0.839658
0.792281
0.721557
0.654625
-0.437408
-0.419128
-0.368879
-0.288812
-0.193123
-0.0903121
0.0214459
0.138225
0.261996
0.394126
0.520836
0.628746
0.720545
0.815852
0.852719
0.772156
0.720871
0.654749
0.581461
0.533422
-0.461754
-0.445444
-0.409163
-0.338774
-0.249262
-0.150458
-0.0436624
0.0697846
0.189793
0.317048
0.447543
0.565727
0.663176
0.745774
0.819131
0.809158
0.685573
0.600012
0.535875
0.453335
-0.48183
-0.466111
-0.424189
-0.352465
-0.262482
-0.164064
-0.0583993
0.0541284
0.173178
0.299042
0.427926
0.544045
0.638273
0.709444
0.735237
0.656885
0.516086
0.419554
0.343835
0.25626
-0.502361
-0.489699
-0.443257
-0.370299
-0.280242
-0.181454
-0.075823
0.0364013
0.154555
0.27892
0.405022
0.516562
0.601754
0.658713
0.635154
0.503298
0.351222
0.233692
0.135661
0.000140844
-0.526083
-0.513001
-0.464392
-0.390208
-0.299926
-0.201051
-0.0955405
0.0161133
0.133167
0.255647
0.378351
0.484385
0.560958
0.596495
0.537326
0.354753
0.174163
0.022054
-0.117709
-0.313316
-0.548824
-0.536047
-0.486223
-0.410768
-0.319999
-0.221167
-0.116047
-0.00523789
0.110458
0.230658
0.349503
0.449302
0.51816
0.51939
0.410716
0.213981
0.00231879
-0.196444
-0.370257
-0.760128
-0.571641
-0.559198
-0.508835
-0.432442
-0.341272
-0.24241
-0.137694
-0.0277536
0.0864573
0.204118
0.318712
0.411308
0.468706
0.437869
0.28756
0.0886668
-0.127022
-0.336995
-0.51464
-0.788264
-0.595396
-0.583089
-0.532474
-0.45549
-0.364046
-0.265149
-0.160796
-0.0517064
0.0609511
0.175882
0.285927
0.371019
0.413662
0.366129
0.177387
-0.0144004
-0.210158
-0.37558
-0.446815
-0.485381
-0.62058
-0.608397
-0.557523
-0.480215
-0.388699
-0.289945
-0.186114
-0.0781112
0.0326592
0.144368
0.249186
0.326225
0.352567
0.270612
0.0793824
-0.100318
-0.263041
-0.368195
-0.405744
-0.414877
-0.647391
-0.635226
-0.58415
-0.506631
-0.415175
-0.31675
-0.213664
-0.107016
0.00149079
0.109468
0.208333
0.277083
0.277101
0.165935
-0.0100747
-0.176083
-0.31381
-0.36859
-0.38066
-0.385549
-0.676032
-0.663785
-0.61243
-0.53475
-0.443464
-0.345557
-0.243444
-0.138458
-0.0325896
0.0712051
0.163436
0.223022
0.198687
0.0680123
-0.093231
-0.24937
-0.347125
-0.375556
-0.371872
-0.371946
-0.706195
-0.694155
-0.64232
-0.564526
-0.47352
-0.376314
-0.275431
-0.172418
-0.0695647
0.0295851
0.114756
0.163015
0.130009
-0.0219979
-0.168958
-0.305481
-0.345351
-0.357987
-0.363007
-0.363188
-0.737723
-0.725663
-0.673594
-0.595778
-0.505196
-0.408903
-0.309521
-0.208809
-0.109372
-0.0152348
0.0624161
0.0999727
0.0609513
-0.0991739
-0.235803
-0.329816
-0.374132
-0.361754
-0.359123
-0.358892
-0.770068
-0.75799
-0.705932
-0.628164
-0.538187
-0.443056
-0.345467
-0.247409
-0.151794
-0.0629415
0.00690256
0.0360236
-0.0231457
-0.166482
-0.289792
-0.337699
-0.353909
-0.355631
-0.356175
-0.35607
-0.802457
-0.790458
-0.738425
-0.661111
-0.572008
-0.478333
-0.382885
-0.287845
-0.196449
-0.113195
-0.0505265
-0.03661
-0.102558
-0.224566
-0.323658
-0.348415
-0.352315
-0.354746
-0.354237
-0.354043
-0.833646
-0.822087
-0.770232
-0.693832
-0.605931
-0.514088
-0.421172
-0.329534
-0.242698
-0.165504
-0.108183
-0.108281
-0.171954
-0.272249
-0.350705
-0.398682
-0.370923
-0.357716
-0.353554
-0.352568
-0.862118
-0.85106
-0.800231
-0.724986
-0.638964
-0.549424
-0.459508
-0.371681
-0.289692
-0.218857
-0.166338
-0.173023
-0.238895
-0.298809
-0.362897
-0.359255
-0.360762
-0.359126
-0.357615
-0.35695
-0.886147
-0.875795
-0.826454
-0.753333
-0.669819
-0.583166
-0.496812
-0.413263
-0.33637
-0.271875
-0.225791
-0.233705
-0.302028
-0.316901
-0.301109
-0.347518
-0.373567
-0.381233
-0.383988
-0.384123
-0.903336
-0.893916
-0.846896
-0.776897
-0.696902
-0.613977
-0.53177
-0.45301
-0.381492
-0.32336
-0.284974
-0.296325
-0.373588
-0.359765
-0.292155
-0.376994
-0.432039
-0.460863
-0.464808
-0.461306
-0.911588
-0.902999
-0.859421
-0.793696
-0.718354
-0.640208
-0.562945
-0.48936
-0.423584
-0.371846
-0.341722
-0.361526
-0.492551
-0.584029
-0.576771
-0.548815
-0.54662
-0.539298
-0.530914
-0.526501
-0.906557
-0.899506
-0.862307
-0.801779
-0.732378
-0.660189
-0.58867
-0.520725
-0.460741
-0.415289
-0.395637
-0.424763
-0.593468
-0.909912
-1.06284
-0.8082
-0.633786
-0.558288
-0.53328
-0.525098
-0.88682
-0.882009
-0.852658
-0.799757
-0.737563
-0.672488
-0.607457
-0.545386
-0.490547
-0.450593
-0.438496
-0.449015
-0.533482
-0.742085
-0.862695
-0.655066
-0.488651
-0.419126
-0.401971
-0.396979
-0.852813
-0.84933
-0.829155
-0.786608
-0.733469
-0.67642
-0.61833
-0.561801
-0.510957
-0.473504
-0.455962
-0.393685
-0.202467
0.0977401
0.117181
-0.00815156
-0.13304
-0.202111
-0.217687
-0.218993
-0.808969
-0.80676
-0.795028
-0.764399
-0.721097
-0.672532
-0.621261
-0.56955
-0.52117
-0.481571
-0.455446
-0.361009
-0.0287825
0.400749
0.6538
0.366646
0.0367074
-0.147627
-0.20607
-0.225137
-0.763545
-0.762248
-0.756248
-0.737541
-0.704174
-0.662746
-0.617548
-0.569607
-0.521615
-0.479237
-0.446108
-0.415084
-0.449567
-0.580955
-0.774508
-1.04255
-1.12585
-1.03236
-0.881886
-0.796931
-0.725634
-0.724921
-0.721948
-0.710759
-0.686204
-0.651175
-0.60983
-0.563536
-0.514608
-0.465448
-0.434646
-0.459533
-0.893749
-1.79404
-2.72409
-3.10115
-2.93594
-2.55247
-2.1554
-1.99329
-0.69791
-0.697054
-0.695431
-0.690718
-0.672689
-0.641539
-0.601008
-0.553808
-0.499733
-0.440598
-0.383311
-0.329428
-0.515512
-0.734833
-0.822593
-0.754772
-0.493754
-0.229404
-0.0459029
0.0529241
-0.678326
-0.677984
-0.677322
-0.675389
-0.664317
-0.635618
-0.593766
-0.542657
-0.482649
-0.412136
-0.325088
-0.249752
-0.14511
0.0640019
0.404719
0.785895
1.16283
1.41917
1.5473
1.59278
-0.665928
-0.665785
-0.665374
-0.664514
-0.65893
-0.632996
-0.588988
-0.533325
-0.466567
-0.38381
-0.28277
-0.163954
0.00143799
0.365356
0.892654
1.40576
1.82494
2.07319
2.17954
2.20731
-0.657272
-0.657275
-0.657112
-0.657084
-0.654185
-0.632234
-0.587313
-0.527088
-0.452425
-0.360658
-0.247615
-0.116923
0.0374033
0.402764
0.895012
1.36585
1.73897
1.95587
2.04825
2.07212
-0.650479
-0.650755
-0.650787
-0.650386
-0.648161
-0.631938
-0.589719
-0.526369
-0.445815
-0.347663
-0.234161
-0.110215
0.009167
0.305523
0.713442
1.07605
1.36141
1.52958
1.60106
1.62186
-0.651027
-0.650679
-0.646502
-0.637805
-0.63225
-0.631478
-0.600049
-0.533985
-0.446762
-0.343249
-0.234929
-0.122491
-0.0212119
0.193806
0.49837
0.756655
0.953974
1.0722
1.12452
1.14197
-0.686502
-0.683832
-0.674608
-0.661296
-0.658114
-0.663498
-0.630473
-0.550397
-0.450713
-0.343838
-0.24041
-0.14338
-0.0567281
0.0920364
0.305145
0.4866
0.618449
0.69992
0.738094
0.752608
-0.771106
-0.768589
-0.774572
-0.790266
-0.79363
-0.777654
-0.693569
-0.572079
-0.451731
-0.34134
-0.244598
-0.168846
-0.109282
0.00632533
0.167787
0.294352
0.385963
0.444055
0.473009
0.484491
-0.855355
-0.860075
-0.888291
-0.91688
-0.919159
-0.871338
-0.732884
-0.57574
-0.441919
-0.331634
-0.245804
-0.188892
-0.151501
-0.0698898
0.0534973
0.156143
0.230119
0.277172
0.30019
0.308241
-0.804357
-0.813378
-0.842317
-0.869253
-0.870448
-0.812669
-0.672908
-0.528374
-0.405122
-0.307673
-0.236489
-0.197102
-0.179692
-0.109892
-0.0102149
0.0673268
0.122345
0.159195
0.176885
0.182799
-0.56887
-0.578145
-0.599118
-0.622213
-0.628108
-0.587962
-0.50572
-0.418071
-0.336649
-0.266176
-0.211286
-0.180018
-0.168028
-0.108581
-0.0311399
0.025653
0.0651815
0.0898903
0.101588
0.105177
-0.270555
-0.275557
-0.286548
-0.303858
-0.319991
-0.322443
-0.310101
-0.284045
-0.250679
-0.212137
-0.173339
-0.142869
-0.119151
-0.0720951
-0.0258476
0.00693193
0.0297967
0.0447198
0.0529725
0.0555866
-0.0506412
-0.052938
-0.0588238
-0.0738155
-0.0999677
-0.131119
-0.156021
-0.170166
-0.170431
-0.157192
-0.132335
-0.100605
-0.0671064
-0.0330646
-0.00635196
0.0133951
0.0280009
0.0402222
0.0468708
0.0483005
0.0556073
0.0541704
0.0500424
0.0365641
0.00965424
-0.0273912
-0.0639362
-0.0927765
-0.109188
-0.110704
-0.0949428
-0.0654688
-0.0292432
-0.00262472
0.00511178
0.0158312
0.0260401
0.0349538
0.0396944
0.0402822
0.0855331
0.0846026
0.08144
0.0708126
0.0489459
0.0177554
-0.0158292
-0.0462174
-0.0681353
-0.0773697
-0.0696329
-0.0460997
-0.0167026
0.000760736
0.000819169
0.00669779
0.0165494
0.0261223
0.0308626
0.0300876
0.0801087
0.0795365
0.0772587
0.069687
0.0539345
0.0307439
0.00385071
-0.0227442
-0.0446182
-0.0579025
-0.0572136
-0.042573
-0.0252222
-0.0207323
-0.0233417
-0.015773
-0.00636883
0.000938734
0.00312578
0.00203007
0.0621528
0.0618475
0.0602894
0.0551388
0.0442595
0.0277027
0.0073153
-0.0144418
-0.0344065
-0.0496095
-0.0555146
-0.0506895
-0.0451967
-0.0489509
-0.0578665
-0.0520217
-0.0447564
-0.040108
-0.0394937
-0.0404962
0.0418169
0.0416775
0.0406176
0.0371426
0.0296984
0.0179655
0.00269954
-0.0148619
-0.0329142
-0.0497599
-0.0623616
-0.0694445
-0.0752175
-0.087128
-0.0939627
-0.0908264
-0.0867303
-0.0856714
-0.0868603
-0.0878629
0.0232171
0.0231627
0.0224256
0.0200466
0.0148746
0.00643315
-0.00516434
-0.0195649
-0.0361453
-0.054804
-0.0744522
-0.0941118
-0.112047
-0.126814
-0.131469
-0.128342
-0.125996
-0.126808
-0.128293
-0.128736
0.00799968
0.00797556
0.00739978
0.00572301
0.00206248
-0.00412593
-0.0131322
-0.0252349
-0.0407444
-0.0609396
-0.0873417
-0.11942
-0.149239
-0.164102
-0.16383
-0.158786
-0.156872
-0.157666
-0.159048
-0.159262
-0.00329358
-0.00330901
-0.00375316
-0.00497484
-0.00759706
-0.0122198
-0.0193285
-0.0296144
-0.0441408
-0.0652152
-0.0965786
-0.138633
-0.179202
-0.191568
-0.184577
-0.177469
-0.175919
-0.177572
-0.178758
-0.178683
-0.0106029
-0.0106269
-0.0109784
-0.0118707
-0.0137145
-0.0171109
-0.0226903
-0.0313038
-0.0443095
-0.0648943
-0.0980216
-0.144192
-0.190044
-0.197119
-0.185479
-0.179517
-0.179602
-0.182282
-0.183598
-0.183287
-0.014042
-0.0140791
-0.0143604
-0.0149649
-0.016197
-0.0186138
-0.0228029
-0.0296965
-0.0407944
-0.0587793
-0.0891361
-0.132403
-0.172173
-0.173581
-0.163586
-0.160812
-0.164286
-0.168179
-0.169493
-0.169088
-0.0139018
-0.0139463
-0.0141676
-0.0145534
-0.0152786
-0.0167898
-0.0196894
-0.0247175
-0.0331182
-0.0471077
-0.0705459
-0.103537
-0.130286
-0.128114
-0.122339
-0.125342
-0.131562
-0.13597
-0.137109
-0.136832
-0.0107333
-0.0107811
-0.0109402
-0.0111361
-0.0114479
-0.012199
-0.0138728
-0.0169731
-0.0223221
-0.03126
-0.0456819
-0.0641293
-0.0786876
-0.0730916
-0.0713736
-0.0792976
-0.0876363
-0.0918127
-0.092377
-0.0921484
-0.00183877
-0.001851
-0.00186965
-0.00181791
-0.00167767
-0.00165741
-0.0018822
-0.00236787
-0.00317064
-0.00408389
-0.00370465
0.00017385
-0.00504459
-0.00834588
-0.0122598
-0.0132111
-0.0130581
-0.0119942
-0.0121579
-0.038549
-1.16771
-0.488089
-0.0379129
0.221689
0.408716
0.552248
0.663889
0.754697
0.851768
0.943535
-0.116697
0.0786223
0.256807
0.406986
0.532649
0.635212
0.718839
0.787345
0.829883
0.833846
0.217157
0.332902
0.44626
0.547176
0.634023
0.70728
0.767307
0.812935
0.842313
0.85997
0.428289
0.507012
0.5851
0.656547
0.718877
0.772113
0.815936
0.850327
0.876489
0.895579
0.583005
0.636458
0.695435
0.748688
0.795279
0.835852
0.870298
0.898887
0.922289
0.939293
0.705364
0.74621
0.791999
0.83217
0.869436
0.902698
0.931832
0.95674
0.977566
0.991815
0.808079
0.842513
0.879542
0.91376
0.945964
0.975539
1.00184
1.02442
1.04307
1.0548
0.901255
0.932264
0.966191
0.998758
1.02946
1.05777
1.08286
1.10411
1.12104
1.13057
0.992185
1.02469
1.05996
1.09393
1.1252
1.15345
1.17799
1.19828
1.21372
1.22193
1.09408
1.13156
1.16981
1.20603
1.23805
1.26589
1.28931
1.30829
1.32242
1.3309
1.22095
1.2633
1.30247
1.33831
1.36869
1.39434
1.41587
1.43348
1.44698
1.45714
1.38245
1.42388
1.45757
1.48711
1.51162
1.53313
1.55271
1.57012
1.58485
1.59755
1.57283
1.60362
1.62485
1.64397
1.66202
1.67924
1.69544
1.71125
1.72776
1.74468
1.77067
1.78206
1.7931
1.80719
1.82146
1.8343
1.84565
1.8565
1.8694
1.88628
1.95646
1.96636
1.975
1.97744
1.97831
1.98256
1.99335
2.00929
2.02691
2.03151
2.25749
2.20209
2.15126
2.11101
2.08861
2.08456
2.09806
2.13186
2.1883
2.26385
0.824075
0.765381
0.7229
0.689039
0.66438
0.646824
0.63431
0.625375
0.619255
0.615762
0.615359
0.618206
0.623635
0.631565
0.642481
0.65753
0.678538
0.707632
0.746393
0.794218
0.625629
0.634386
0.639917
0.640737
0.63725
0.6312
0.624759
0.619277
0.615426
0.613759
0.614917
0.618497
0.623767
0.630235
0.636997
0.642265
0.643889
0.640652
0.63331
0.625642
0.602667
0.604697
0.6093
0.612808
0.615315
0.616737
0.616441
0.614693
0.612489
0.610903
0.6109
0.612708
0.615415
0.618029
0.619504
0.619162
0.617304
0.614503
0.610452
0.60607
0.595763
0.596629
0.599111
0.601821
0.603826
0.605179
0.606154
0.606592
0.606433
0.60616
0.606489
0.607553
0.608632
0.6091
0.608789
0.607938
0.606525
0.604285
0.601645
0.599679
0.590121
0.590582
0.591976
0.593992
0.595925
0.597492
0.598624
0.599505
0.600206
0.60076
0.601366
0.601985
0.60229
0.602183
0.601702
0.600733
0.599223
0.597394
0.595747
0.59473
0.584949
0.585236
0.586151
0.587615
0.589233
0.590826
0.592236
0.59339
0.59439
0.595317
0.596124
0.596642
0.596776
0.596536
0.595866
0.594796
0.593502
0.592183
0.591094
0.590469
0.579997
0.580199
0.580884
0.582051
0.583425
0.584856
0.586311
0.587693
0.58894
0.590088
0.591075
0.591673
0.591803
0.591488
0.5908
0.5899
0.588912
0.58791
0.587122
0.586683
0.575194
0.575346
0.575891
0.576867
0.578085
0.579408
0.580812
0.58227
0.583718
0.585097
0.586292
0.587033
0.587228
0.586989
0.586468
0.585783
0.585021
0.584259
0.583678
0.583348
0.57046
0.57058
0.571025
0.571867
0.572983
0.574245
0.575619
0.57711
0.578694
0.580305
0.581754
0.582701
0.58307
0.58303
0.582723
0.58225
0.581683
0.581125
0.580701
0.580446
0.565706
0.565803
0.566179
0.56693
0.567982
0.569205
0.570585
0.572136
0.573852
0.575696
0.577445
0.578687
0.579328
0.579542
0.579465
0.579208
0.578844
0.578463
0.578163
0.577962
0.560844
0.560924
0.561249
0.561941
0.562961
0.564182
0.565605
0.567255
0.569144
0.571254
0.573366
0.574993
0.575974
0.576483
0.576664
0.576629
0.576468
0.576251
0.576056
0.575894
0.555785
0.555851
0.556142
0.556801
0.557819
0.559086
0.560594
0.562388
0.56451
0.566955
0.569515
0.571609
0.572993
0.573841
0.574313
0.574521
0.574562
0.574502
0.574395
0.574265
0.550439
0.550495
0.550764
0.551415
0.552467
0.553822
0.555463
0.557462
0.55989
0.562763
0.565875
0.568529
0.570386
0.571627
0.572424
0.572897
0.573154
0.573249
0.573222
0.573116
0.544709
0.544755
0.545013
0.545679
0.546802
0.548289
0.550123
0.552402
0.55522
0.558636
0.562426
0.565753
0.568169
0.569864
0.57103
0.571817
0.572305
0.572552
0.572595
0.572508
0.538479
0.538518
0.538772
0.539476
0.540708
0.542379
0.544473
0.547115
0.550431
0.554521
0.559139
0.563277
0.566361
0.568593
0.570186
0.571312
0.572059
0.572475
0.572588
0.572518
0.531613
0.531643
0.531903
0.532666
0.53405
0.535966
0.538398
0.541502
0.545447
0.550367
0.555993
0.561111
0.564991
0.567858
0.569955
0.571469
0.572515
0.573112
0.573295
0.573238
0.523953
0.523968
0.524239
0.525083
0.526666
0.528894
0.531759
0.535453
0.540187
0.546133
0.552987
0.55928
0.564104
0.567719
0.57041
0.572391
0.573778
0.57457
0.574821
0.574775
0.515244
0.51527
0.515572
0.516512
0.518346
0.52097
0.524394
0.528835
0.534556
0.541773
0.550119
0.557816
0.563759
0.568252
0.571644
0.574175
0.575953
0.57696
0.577284
0.577245
0.505215
0.505229
0.505573
0.506658
0.508819
0.511967
0.5161
0.521486
0.528447
0.537234
0.547391
0.556758
0.564018
0.569546
0.57376
0.57693
0.579163
0.580408
0.580805
0.580771
0.49349
0.4935
0.49388
0.495161
0.497755
0.501576
0.506619
0.51321
0.521726
0.532446
0.544789
0.556145
0.564953
0.571695
0.576873
0.58078
0.583536
0.585036
0.585505
0.585473
0.479533
0.479538
0.479982
0.481526
0.484688
0.489399
0.495637
0.503793
0.514294
0.527416
0.542387
0.55607
0.566663
0.574796
0.581095
0.585846
0.589183
0.590952
0.591489
0.591453
0.462581
0.462581
0.46312
0.465046
0.468998
0.474924
0.482766
0.492988
0.506034
0.522131
0.540235
0.556616
0.569244
0.578956
0.586521
0.592223
0.596197
0.598235
0.598827
0.598782
0.44151
0.441505
0.442208
0.444718
0.449824
0.457478
0.467554
0.480561
0.496896
0.516653
0.538447
0.557892
0.572801
0.584271
0.593215
0.599988
0.604623
0.606908
0.607533
0.60747
0.414581
0.414576
0.415562
0.419046
0.425978
0.436231
0.449522
0.466343
0.486914
0.51112
0.537182
0.560044
0.57743
0.590812
0.601256
0.609159
0.614437
0.616912
0.617533
0.617443
0.378761
0.378771
0.380376
0.385757
0.395945
0.41031
0.428383
0.450427
0.476378
0.505884
0.536745
0.563281
0.583265
0.598637
0.610651
0.619706
0.625523
0.628081
0.628646
0.628518
0.328284
0.32852
0.332186
0.341938
0.358175
0.379309
0.404326
0.433226
0.465709
0.501257
0.537327
0.567714
0.59036
0.607745
0.621327
0.631451
0.637632
0.640124
0.640575
0.640404
0.255561
0.257854
0.268615
0.287759
0.3141
0.344686
0.378563
0.415587
0.455475
0.497693
0.539392
0.57392
0.599471
0.619081
0.634424
0.645597
0.652074
0.654471
0.654826
0.654651
0.178023
0.1843
0.20344
0.232672
0.269667
0.309986
0.35281
0.398098
0.4457
0.49515
0.543392
0.583087
0.612375
0.634794
0.652337
0.664778
0.671349
0.673438
0.673701
0.6736
0.11155
0.118201
0.143913
0.181707
0.227762
0.277027
0.328417
0.381783
0.436967
0.493497
0.548057
0.592628
0.625398
0.650421
0.669721
0.682831
0.689315
0.691238
0.69152
0.691508
0.0572295
0.0641465
0.0938552
0.13779
0.190604
0.24721
0.306014
0.366686
0.428924
0.492161
0.552731
0.601905
0.637878
0.665169
0.685968
0.69987
0.706653
0.708807
0.709068
0.709064
0.0120557
0.0192904
0.0514793
0.100098
0.158293
0.22087
0.285907
0.352959
0.421554
0.491003
0.55722
0.610738
0.649732
0.679219
0.701518
0.71645
0.723879
0.726034
0.726372
0.726418
-0.0263636
-0.018953
0.0149939
0.0671528
0.129824
0.197445
0.267839
0.340497
0.414817
0.489974
0.561469
0.619076
0.660926
0.692505
0.716348
0.732229
0.740209
0.742581
0.742972
0.743023
-0.0600197
-0.0524939
-0.0172646
0.0378269
0.104215
0.176163
0.251268
0.328928
0.40845
0.488883
0.565327
0.626783
0.671324
0.704827
0.729997
0.746788
0.755256
0.757971
0.758484
0.758532
-0.0903788
-0.0827394
-0.0464628
0.0111357
0.0806778
0.156375
0.235653
0.31783
0.402135
0.487498
0.568625
0.633726
0.680764
0.71601
0.742363
0.759876
0.768795
0.771819
0.772422
0.772468
-0.118374
-0.110635
-0.0734217
-0.0137235
0.0585917
0.137588
0.220584
0.306863
0.395589
0.4856
0.571202
0.6398
0.689193
0.72604
0.753348
0.771474
0.780719
0.783952
0.784635
0.784681
-0.14475
-0.136883
-0.0987821
-0.037343
0.0375101
0.119436
0.205763
0.295776
0.388604
0.483014
0.572955
0.644981
0.696663
0.734986
0.763206
0.781742
0.791181
0.794573
0.795278
0.795316
-0.169955
-0.161921
-0.122936
-0.0599866
0.0171106
0.101646
0.19098
0.284399
0.381035
0.479631
0.573818
0.649279
0.703259
0.743025
0.772065
0.790896
0.800463
0.803875
0.80459
0.80459
-0.194333
-0.186109
-0.146428
-0.081896
-0.00282167
0.0840464
0.176093
0.272619
0.372793
0.475376
0.573749
0.652713
0.709058
0.750308
0.780116
0.79915
0.808707
0.812114
0.812806
0.812799
-0.218041
-0.20957
-0.169223
-0.103254
-0.0224139
0.0665442
0.161024
0.260378
0.363821
0.470187
0.572704
0.655282
0.714144
0.756985
0.787538
0.806678
0.816145
0.819482
0.820116
0.820086
-0.241162
-0.232566
-0.191401
-0.124165
-0.0417327
0.0490893
0.145746
0.247655
0.354102
0.464035
0.570636
0.65697
0.718579
0.763183
0.794465
0.813625
0.822914
0.826101
0.826646
0.826558
-0.263794
-0.255008
-0.213106
-0.14467
-0.0608025
0.0316812
0.130278
0.234474
0.343641
0.456907
0.567489
0.657734
0.722404
0.769006
0.801044
0.820114
0.829085
0.832001
0.832413
0.832286
-0.285967
-0.276985
-0.234315
-0.164769
-0.0796123
0.0143448
0.114651
0.220877
0.332492
0.448823
0.563228
0.657512
0.725603
0.774533
0.807445
0.826306
0.83474
0.837245
0.837501
0.837339
-0.307607
-0.29842
-0.254974
-0.184428
-0.0981171
-0.00287398
0.0989366
0.206937
0.32072
0.439809
0.557822
0.656227
0.728099
0.779796
0.813896
0.832507
0.840074
0.841914
0.841951
0.841765
-0.328652
-0.319257
-0.275075
-0.203613
-0.116272
-0.0199022
0.083203
0.19274
0.308402
0.429942
0.551266
0.653781
0.729755
0.784745
0.820622
0.839201
0.845532
0.846198
0.845814
0.845619
-0.349107
-0.339493
-0.294593
-0.222285
-0.134032
-0.0366685
0.0675408
0.178383
0.295639
0.419294
0.543596
0.650078
0.730378
0.789196
0.827685
0.847007
0.852094
0.850796
0.849307
0.849051
-0.368897
-0.35907
-0.313487
-0.240398
-0.151327
-0.0531187
0.0520333
0.163957
0.282545
0.407972
0.534858
0.64502
0.729751
0.792814
0.834781
0.856306
0.861341
0.857943
0.854016
0.852325
-0.388049
-0.378018
-0.331741
-0.257954
-0.168184
-0.0692673
0.0366597
0.149435
0.269092
0.395944
0.524984
0.638391
0.727573
0.795191
0.841222
0.866625
0.874365
0.871094
0.863408
0.847559
-0.40659
-0.396337
-0.349457
-0.275128
-0.184841
-0.0854213
0.0210416
0.134353
0.254732
0.382577
0.51331
0.629487
0.723106
0.795736
0.845726
0.875601
0.887907
0.883591
0.875613
0.831119
-0.42479
-0.413642
-0.36655
-0.291784
-0.201202
-0.101484
0.005353
0.11893
0.23969
0.368076
0.499903
0.618149
0.715517
0.793689
0.845975
0.87595
0.888549
0.887313
0.836008
0.775767
-0.443682
-0.428841
-0.38279
-0.307769
-0.217501
-0.117672
-0.0106674
0.103166
0.22395
0.352424
0.484635
0.604088
0.703544
0.788963
0.839232
0.855404
0.866982
0.836209
0.771276
0.706834
-0.462367
-0.463966
-0.403659
-0.320595
-0.230632
-0.131107
-0.0264198
0.0877189
0.208243
0.336391
0.468131
0.587566
0.686891
0.783401
0.799304
0.815925
0.798219
0.737962
0.664622
0.594629
-0.437743
-0.436554
-0.377936
-0.29539
-0.200351
-0.0976066
0.0117793
0.128382
0.251817
0.383454
0.509483
0.616804
0.706115
0.799597
0.813684
0.716897
0.634934
0.569019
0.496825
0.354712
-0.478955
-0.45243
-0.39104
-0.307716
-0.212931
-0.110354
-0.00155093
0.114446
0.236967
0.367142
0.490799
0.594994
0.675371
0.736617
0.707602
0.580618
0.462746
0.381901
0.298601
0.137242
-0.503566
-0.472245
-0.40979
-0.326954
-0.232084
-0.129689
-0.0206888
0.0945388
0.215759
0.343742
0.46413
0.562888
0.635421
0.661649
0.585158
0.424504
0.287532
0.185782
0.0716267
-0.160725
-0.527597
-0.493903
-0.430153
-0.346606
-0.251648
-0.149343
-0.0406841
0.073627
0.193321
0.318695
0.434851
0.526767
0.587118
0.579822
0.447553
0.26321
0.0942257
-0.046017
-0.20452
-0.584744
-0.55068
-0.516083
-0.451238
-0.366773
-0.271661
-0.169532
-0.0615046
0.0517686
0.169733
0.292125
0.403258
0.487428
0.530198
0.493754
0.313978
0.109474
-0.101502
-0.278231
-0.523596
-1.06989
-0.573551
-0.538872
-0.473286
-0.38818
-0.292854
-0.190924
-0.0835187
0.0286245
0.144652
0.263722
0.3693
0.445706
0.469458
0.38457
0.191721
-0.01968
-0.234155
-0.432693
-0.597972
-1.18834
-0.597362
-0.562589
-0.496565
-0.411064
-0.315568
-0.213806
-0.106988
0.00399454
0.117947
0.233425
0.333236
0.400166
0.400334
0.272686
0.0865715
-0.11476
-0.29943
-0.42606
-0.458458
-0.505431
-0.62254
-0.587685
-0.521395
-0.435725
-0.340243
-0.23881
-0.132756
-0.0232161
0.0882608
0.199502
0.293104
0.347582
0.326044
0.169864
-0.00838881
-0.184963
-0.327369
-0.387791
-0.410456
-0.41621
-0.649442
-0.614355
-0.547867
-0.462146
-0.366845
-0.265927
-0.160901
-0.053124
0.0554716
0.16187
0.248583
0.288486
0.25246
0.0740983
-0.0949633
-0.249869
-0.357386
-0.38376
-0.38492
-0.385302
-0.67815
-0.642732
-0.576018
-0.490304
-0.395331
-0.295154
-0.191418
-0.0857304
0.0195437
0.120582
0.199359
0.227153
0.160446
-0.0136739
-0.174177
-0.310732
-0.356459
-0.370824
-0.372012
-0.371596
-0.708557
-0.672744
-0.6058
-0.520177
-0.425678
-0.326453
-0.224281
-0.121036
-0.0194968
0.0756889
0.145963
0.16034
0.0635309
-0.0952136
-0.241634
-0.348975
-0.362031
-0.362133
-0.363267
-0.362894
-0.74018
-0.70418
-0.637017
-0.551582
-0.457738
-0.359708
-0.259403
-0.158973
-0.0615512
0.0273734
0.0891718
0.08645
-0.0209311
-0.167624
-0.295659
-0.33224
-0.354453
-0.358543
-0.359011
-0.35874
-0.772655
-0.736326
-0.669299
-0.584201
-0.491236
-0.394672
-0.296554
-0.199317
-0.106403
-0.0238398
0.028582
0.0150706
-0.0993698
-0.228356
-0.331906
-0.371719
-0.359442
-0.356544
-0.356136
-0.355979
-0.805018
-0.768704
-0.702069
-0.617515
-0.525701
-0.430922
-0.335352
-0.241687
-0.153707
-0.0773408
-0.0358991
-0.0505768
-0.168987
-0.27638
-0.35302
-0.350417
-0.353884
-0.35429
-0.354119
-0.353979
-0.836215
-0.800431
-0.734147
-0.650758
-0.560454
-0.467849
-0.375213
-0.285481
-0.202819
-0.132663
-0.0978292
-0.119056
-0.225372
-0.319034
-0.348357
-0.366247
-0.360314
-0.355013
-0.352902
-0.352228
-0.864649
-0.829838
-0.76468
-0.682834
-0.594549
-0.504587
-0.415341
-0.329899
-0.252761
-0.189271
-0.155345
-0.194835
-0.27092
-0.333426
-0.363504
-0.361437
-0.360213
-0.358207
-0.357282
-0.356388
-0.888563
-0.855241
-0.791893
-0.712411
-0.626783
-0.540022
-0.454678
-0.373905
-0.302388
-0.246084
-0.21416
-0.265866
-0.314503
-0.316088
-0.373579
-0.370614
-0.377689
-0.383169
-0.384262
-0.38341
-0.905616
-0.874473
-0.813759
-0.737731
-0.655677
-0.572822
-0.491926
-0.416236
-0.350509
-0.301697
-0.275363
-0.339306
-0.378197
-0.331331
-0.33421
-0.408178
-0.450447
-0.465004
-0.462594
-0.461081
-0.913425
-0.885005
-0.828343
-0.756841
-0.679495
-0.601485
-0.525663
-0.455372
-0.395639
-0.354418
-0.33229
-0.425909
-0.547223
-0.588449
-0.552813
-0.547428
-0.543883
-0.534962
-0.528004
-0.526767
-0.909095
-0.884906
-0.833716
-0.767869
-0.696516
-0.624356
-0.554207
-0.489564
-0.435885
-0.401265
-0.382263
-0.509214
-0.72824
-1.03515
-0.946157
-0.706346
-0.585637
-0.542384
-0.527882
-0.524078
-0.889012
-0.870955
-0.828139
-0.769409
-0.705332
-0.639957
-0.575995
-0.516835
-0.468436
-0.439005
-0.437838
-0.485588
-0.615689
-0.861389
-0.778363
-0.556667
-0.44284
-0.407504
-0.398856
-0.395434
-0.85469
-0.842165
-0.809935
-0.760892
-0.705294
-0.647506
-0.589761
-0.535591
-0.490023
-0.462305
-0.434687
-0.311842
-0.0673728
0.138869
0.0567454
-0.0737169
-0.176333
-0.213814
-0.219215
-0.217587
-0.810583
-0.802727
-0.781998
-0.74374
-0.69723
-0.647221
-0.595406
-0.544765
-0.499875
-0.46763
-0.431726
-0.220486
0.168544
0.643117
0.542249
0.195522
-0.0812807
-0.185384
-0.219008
-0.226974
-0.764781
-0.760348
-0.748778
-0.722279
-0.68419
-0.64075
-0.593887
-0.545505
-0.499173
-0.462074
-0.43123
-0.412433
-0.505571
-0.632632
-0.932221
-1.1092
-1.0977
-0.957805
-0.824591
-0.797404
-0.726383
-0.724025
-0.717836
-0.700048
-0.669789
-0.631111
-0.587269
-0.539251
-0.489592
-0.447362
-0.424813
-0.613347
-1.28547
-2.31876
-2.99471
-3.07177
-2.7526
-2.32877
-2.05677
-1.96076
-0.697534
-0.69637
-0.694068
-0.683547
-0.658471
-0.622237
-0.578306
-0.527636
-0.471771
-0.407537
-0.360412
-0.393189
-0.638372
-0.802245
-0.81484
-0.639636
-0.351077
-0.126569
0.0125726
0.0819958
-0.67822
-0.677648
-0.676887
-0.671757
-0.65196
-0.616066
-0.569368
-0.514236
-0.447941
-0.368777
-0.28602
-0.193428
-0.0624783
0.226978
0.587239
0.983655
1.3103
1.49622
1.57885
1.6023
-0.665888
-0.665602
-0.665077
-0.663403
-0.64867
-0.612757
-0.562453
-0.501188
-0.427556
-0.336753
-0.222046
-0.0984931
0.147289
0.626782
1.15552
1.63205
1.97205
2.14033
2.19966
2.2117
-0.657281
-0.657217
-0.656948
-0.656525
-0.646377
-0.612031
-0.558821
-0.491857
-0.409645
-0.304378
-0.183038
-0.0545788
0.182884
0.647733
1.1354
1.57032
1.86681
2.01475
2.06543
2.07535
-0.650664
-0.650792
-0.650642
-0.650186
-0.642989
-0.613676
-0.56044
-0.488629
-0.398588
-0.291769
-0.173501
-0.049266
0.125019
0.511895
0.901032
1.23225
1.46056
1.57471
1.61551
1.62476
-0.65121
-0.649174
-0.642669
-0.634332
-0.633688
-0.620537
-0.570513
-0.492521
-0.396921
-0.288615
-0.1785
-0.0681512
0.0621287
0.348224
0.634889
0.863471
1.02365
1.10462
1.13625
1.14451
-0.685847
-0.680334
-0.667403
-0.657823
-0.66134
-0.654432
-0.594136
-0.502114
-0.39816
-0.289648
-0.190091
-0.0973978
0.00198542
0.198776
0.401843
0.558288
0.666064
0.723027
0.747605
0.754824
-0.76873
-0.770845
-0.782002
-0.79372
-0.78972
-0.745159
-0.63395
-0.511464
-0.39576
-0.288858
-0.204818
-0.136838
-0.0656402
0.0893209
0.236285
0.343477
0.419785
0.461269
0.480557
0.485915
-0.854578
-0.87158
-0.904503
-0.922205
-0.905104
-0.81179
-0.652391
-0.504946
-0.384613
-0.284327
-0.21513
-0.168155
-0.123038
-0.00729132
0.108241
0.196538
0.257229
0.291135
0.305653
0.308896
-0.806779
-0.824581
-0.85702
-0.874643
-0.851402
-0.748756
-0.598733
-0.463832
-0.353833
-0.267438
-0.212292
-0.185069
-0.162936
-0.0586588
0.0321656
0.0966837
0.143656
0.16995
0.180937
0.183171
-0.572163
-0.587505
-0.611426
-0.628837
-0.615039
-0.54915
-0.46188
-0.376129
-0.300327
-0.235484
-0.191798
-0.17192
-0.148899
-0.0699742
-0.000230541
0.0474284
0.0795418
0.0970165
0.10419
0.105046
-0.272752
-0.280141
-0.294578
-0.312907
-0.323239
-0.317963
-0.298242
-0.268071
-0.232023
-0.191682
-0.156441
-0.12944
-0.0948679
-0.0464883
-0.00829496
0.0195116
0.0380652
0.0497112
0.0547769
0.0555095
-0.0519602
-0.0550814
-0.0649839
-0.0856104
-0.115647
-0.144718
-0.164487
-0.171898
-0.165429
-0.145539
-0.116647
-0.0835795
-0.0458576
-0.0162549
0.0048695
0.0207273
0.0353854
0.0440285
0.0481434
0.0475656
0.0546999
0.0528831
0.0447719
0.0248195
-0.00819453
-0.0461786
-0.0795808
-0.102481
-0.111838
-0.104945
-0.0819844
-0.0474577
-0.0135957
0.00155954
0.0106089
0.0211453
0.0303551
0.0380655
0.0405053
0.0394963
0.0850117
0.08362
0.077324
0.0613436
0.0341057
0.000969449
-0.0316997
-0.058352
-0.0744182
-0.0757673
-0.0594659
-0.0317067
-0.00609844
-0.00146298
0.0030985
0.0116267
0.0219734
0.0292237
0.0307225
0.0289593
0.0798318
0.0788176
0.0743318
0.062896
0.0430465
0.017581
-0.00972634
-0.0344185
-0.0524608
-0.0595544
-0.0512201
-0.0335146
-0.0201743
-0.0237415
-0.0208095
-0.0110863
-0.00210805
0.00267924
0.00297208
0.00115443
0.0620362
0.0613519
0.0583041
0.050477
0.0365772
0.0178974
-0.00355898
-0.0247581
-0.0426533
-0.0539161
-0.054497
-0.0478021
-0.0459367
-0.0551673
-0.0552689
-0.0483443
-0.0418223
-0.039593
-0.0397462
-0.0411596
0.0417986
0.0413386
0.0392813
0.0339724
0.0243215
0.0107397
-0.00590833
-0.0238852
-0.0415021
-0.0568251
-0.066521
-0.0724343
-0.0800998
-0.0926861
-0.0930547
-0.0884669
-0.0856736
-0.0862723
-0.0874936
-0.0883336
0.0232244
0.0229333
0.021516
0.0178581
0.0110544
0.00102408
-0.0120532
-0.0275871
-0.0451356
-0.0645899
-0.0844673
-0.103685
-0.120148
-0.130667
-0.130041
-0.126713
-0.12622
-0.127578
-0.128602
-0.129066
0.00803757
0.00777305
0.00674832
0.00418661
-0.000701754
-0.00825958
-0.0187807
-0.0324936
-0.050115
-0.0734255
-0.103088
-0.135419
-0.159205
-0.165506
-0.161233
-0.157314
-0.156956
-0.158534
-0.159216
-0.159518
-0.00326121
-0.00346519
-0.00422851
-0.00607329
-0.00963798
-0.0154294
-0.0240224
-0.0362199
-0.053608
-0.079636
-0.117011
-0.160427
-0.189872
-0.189098
-0.18016
-0.176356
-0.176613
-0.178331
-0.178758
-0.178821
-0.0105784
-0.0107565
-0.0113403
-0.0126399
-0.0151784
-0.0195873
-0.0265509
-0.0371604
-0.0533405
-0.0797768
-0.120338
-0.16916
-0.1989
-0.191873
-0.181615
-0.178768
-0.180937
-0.183248
-0.183483
-0.183286
-0.0140293
-0.0141913
-0.0146089
-0.0154753
-0.0172053
-0.0204362
-0.025847
-0.034592
-0.048661
-0.0723928
-0.109758
-0.155298
-0.177627
-0.167762
-0.160975
-0.162297
-0.16644
-0.169208
-0.169336
-0.168998
-0.0138993
-0.0140393
-0.014335
-0.0148517
-0.0159021
-0.0180311
-0.0218836
-0.0283965
-0.0392041
-0.057707
-0.0864108
-0.120041
-0.13176
-0.124693
-0.123084
-0.128416
-0.134147
-0.136909
-0.137002
-0.13674
-0.0107395
-0.0108526
-0.0110355
-0.0112593
-0.0117301
-0.0128963
-0.0152088
-0.0193045
-0.026221
-0.0378807
-0.0547783
-0.0733802
-0.0781246
-0.0698217
-0.0750537
-0.0840999
-0.0902376
-0.0923527
-0.0922682
-0.0919384
-0.00520937
-0.00524886
-0.00535608
-0.0053876
-0.00539665
-0.00556974
-0.00615962
-0.00739969
-0.00956086
-0.0130736
-0.018077
-0.0225814
-0.0222266
-0.0197427
-0.0256086
-0.030469
-0.0370516
-0.0387999
-0.0387096
-0.038474
-0.781986
-0.21704
0.103729
0.319456
0.484359
0.610546
0.711907
0.799218
0.908514
0.906428
0.026584
0.174201
0.335114
0.473041
0.586708
0.679011
0.755107
0.813176
0.837005
0.841216
0.291443
0.390967
0.49859
0.59234
0.672314
0.738959
0.792107
0.8295
0.852855
0.86995
0.479052
0.547669
0.622066
0.688847
0.746653
0.795215
0.834284
0.864253
0.887834
0.906537
0.619717
0.671019
0.722975
0.772776
0.816328
0.853828
0.885303
0.911139
0.93279
0.951145
0.733544
0.770885
0.812312
0.851292
0.88658
0.917777
0.944834
0.967582
0.98668
1.00447
0.831155
0.861426
0.896907
0.930148
0.961126
0.98913
1.01364
1.03419
1.05086
1.06823
0.920717
0.949228
0.982704
1.01436
1.04397
1.07075
1.09401
1.11311
1.12753
1.14466
1.01115
1.04215
1.07727
1.10991
1.13975
1.16622
1.1887
1.20663
1.21919
1.23644
1.11476
1.1505
1.18843
1.22255
1.25251
1.27817
1.29937
1.31595
1.32752
1.34536
1.24388
1.28293
1.32107
1.35413
1.38206
1.4056
1.42519
1.44067
1.45247
1.47072
1.405
1.44102
1.47309
1.49985
1.52266
1.54315
1.56174
1.57776
1.59146
1.60933
1.58968
1.61473
1.63459
1.6531
1.67074
1.68748
1.70334
1.71933
1.73645
1.75559
1.77636
1.7872
1.79992
1.81447
1.82808
1.84015
1.85105
1.8624
1.8778
1.89723
1.95825
1.97169
1.97674
1.97776
1.97973
1.98709
2.00079
2.01838
2.03213
2.04347
2.22712
2.17654
2.12907
2.09748
2.08443
2.08898
2.11222
2.15728
2.22397
2.31809
0.680703
0.677693
0.671633
0.660705
0.64821
0.636895
0.627829
0.621065
0.616589
0.61468
0.615898
0.619875
0.626031
0.63431
0.644807
0.657123
0.669475
0.678185
0.682698
0.684862
0.60901
0.615656
0.620901
0.624516
0.625626
0.623986
0.620526
0.616725
0.61373
0.612406
0.613476
0.616505
0.620587
0.624808
0.627834
0.628362
0.626042
0.621663
0.615371
0.609546
0.598902
0.601864
0.605225
0.607712
0.609468
0.610646
0.610865
0.61011
0.609036
0.608571
0.60942
0.61115
0.612813
0.613597
0.613179
0.611926
0.610026
0.607156
0.60382
0.601533
0.592859
0.594282
0.596492
0.598761
0.60048
0.601668
0.60255
0.603126
0.603385
0.603682
0.604364
0.605117
0.605456
0.605252
0.604629
0.603489
0.601679
0.599456
0.597706
0.596622
0.587501
0.588319
0.58978
0.591551
0.593286
0.594755
0.595884
0.596814
0.597637
0.59839
0.599042
0.599405
0.599401
0.599037
0.59822
0.596942
0.595424
0.593906
0.592889
0.592222
0.582453
0.583006
0.584087
0.585496
0.587003
0.5885
0.589883
0.591079
0.592156
0.593155
0.593898
0.594228
0.59415
0.593643
0.592762
0.59168
0.590519
0.589444
0.588755
0.588287
0.577584
0.577998
0.578861
0.580066
0.581389
0.582789
0.58423
0.585634
0.586943
0.588153
0.589053
0.589453
0.58937
0.588892
0.588172
0.587332
0.586442
0.58564
0.585135
0.584778
0.572826
0.573152
0.573863
0.574918
0.576146
0.57748
0.57891
0.580415
0.581934
0.583386
0.584491
0.585027
0.585066
0.584766
0.584258
0.583623
0.582948
0.582359
0.581982
0.581698
0.568094
0.568358
0.568962
0.569916
0.571083
0.572383
0.573825
0.575411
0.577107
0.578827
0.580199
0.580966
0.581235
0.581163
0.580871
0.580446
0.579967
0.579547
0.579265
0.57903
0.563297
0.563517
0.564047
0.564939
0.566068
0.567368
0.568862
0.570559
0.572449
0.574464
0.576179
0.57727
0.577831
0.578016
0.577953
0.577747
0.57745
0.577177
0.57697
0.576771
0.558348
0.558535
0.559015
0.559875
0.561004
0.562347
0.563928
0.565783
0.567922
0.570292
0.572434
0.573924
0.574829
0.575308
0.575498
0.575505
0.575394
0.575251
0.575105
0.574931
0.553158
0.553321
0.553771
0.55463
0.555798
0.557226
0.558943
0.561016
0.563475
0.566294
0.568955
0.57092
0.572224
0.573038
0.573508
0.573731
0.573817
0.573797
0.573701
0.573545
0.547632
0.547777
0.548217
0.549103
0.550353
0.551912
0.553828
0.556192
0.55906
0.562441
0.565732
0.568261
0.570032
0.571226
0.572009
0.5725
0.572772
0.572861
0.572808
0.572663
0.541667
0.541798
0.542243
0.543188
0.544562
0.546308
0.548493
0.551233
0.55462
0.558696
0.562751
0.565954
0.568276
0.569913
0.57105
0.571828
0.57231
0.572511
0.572495
0.572358
0.535137
0.535258
0.535723
0.536756
0.538303
0.540299
0.542835
0.546055
0.550093
0.555021
0.560004
0.564016
0.566992
0.569148
0.57069
0.571794
0.572508
0.572825
0.572845
0.572711
0.527892
0.528006
0.528503
0.52966
0.531434
0.533754
0.536736
0.540564
0.545411
0.551382
0.557489
0.56247
0.566219
0.56899
0.571015
0.572497
0.57347
0.573906
0.573958
0.573825
0.519748
0.519861
0.520392
0.521713
0.523774
0.526508
0.530065
0.53466
0.540516
0.547768
0.555229
0.561364
0.566026
0.569516
0.572119
0.574043
0.575301
0.575865
0.575948
0.575811
0.510392
0.510517
0.511143
0.512664
0.515094
0.518366
0.522651
0.528213
0.535324
0.544149
0.553238
0.560738
0.566479
0.570815
0.574099
0.576536
0.57812
0.578821
0.578933
0.578789
0.499556
0.499678
0.500423
0.502214
0.50512
0.509084
0.514295
0.521078
0.529751
0.540493
0.551537
0.560651
0.567658
0.572993
0.577067
0.580102
0.582052
0.582897
0.583037
0.582883
0.486762
0.486903
0.487802
0.489951
0.493476
0.498337
0.504743
0.513083
0.52371
0.536797
0.550172
0.561179
0.569653
0.576149
0.581139
0.584864
0.587217
0.588211
0.588373
0.588204
0.471373
0.471551
0.472678
0.475315
0.479667
0.485725
0.493712
0.50407
0.517163
0.533103
0.549227
0.562423
0.572573
0.58039
0.586434
0.590931
0.593716
0.594853
0.59503
0.594843
0.452462
0.452714
0.454184
0.457518
0.463025
0.470734
0.480856
0.493863
0.51007
0.52947
0.54879
0.56447
0.57651
0.585821
0.593022
0.598383
0.601609
0.602874
0.603052
0.602845
0.428639
0.429032
0.43105
0.435445
0.442664
0.452754
0.465845
0.482363
0.502476
0.525999
0.548989
0.567436
0.581557
0.592512
0.600972
0.607247
0.610891
0.612247
0.612409
0.612179
0.3976
0.398288
0.40127
0.40748
0.417457
0.431132
0.448445
0.469625
0.494604
0.522971
0.550051
0.571477
0.587807
0.600501
0.610321
0.617487
0.621462
0.622845
0.622968
0.622718
0.355254
0.356651
0.361693
0.371478
0.38627
0.405503
0.428771
0.455977
0.486804
0.520657
0.552166
0.57672
0.595333
0.609802
0.621013
0.628961
0.633097
0.634406
0.634467
0.634202
0.293964
0.29838
0.308918
0.325763
0.348731
0.376268
0.407469
0.44205
0.479597
0.519424
0.55553
0.583237
0.6041
0.620311
0.632768
0.641303
0.645383
0.646443
0.646411
0.646151
0.220871
0.228864
0.248112
0.275476
0.308963
0.345864
0.385616
0.428099
0.472969
0.51959
0.561262
0.593038
0.616909
0.63533
0.649349
0.65852
0.662548
0.663511
0.66352
0.663393
0.147449
0.160717
0.189013
0.226732
0.270197
0.316348
0.364665
0.415122
0.467423
0.520997
0.56845
0.604457
0.631489
0.652379
0.668057
0.67747
0.681108
0.681864
0.681883
0.681854
0.0864656
0.103552
0.137517
0.182989
0.234588
0.288879
0.34509
0.403107
0.462553
0.522818
0.575766
0.615717
0.645602
0.668512
0.685301
0.695056
0.698494
0.699269
0.699392
0.69942
0.0364248
0.0555585
0.0939754
0.14523
0.203201
0.264211
0.327251
0.392053
0.458097
0.524661
0.582807
0.626463
0.658972
0.683773
0.701774
0.711962
0.715792
0.716813
0.716992
0.717069
-0.00559594
0.0147957
0.0565418
0.112404
0.175635
0.242268
0.311183
0.381999
0.454051
0.526469
0.589504
0.636656
0.671672
0.698333
0.71755
0.728618
0.732898
0.734144
0.734333
0.734425
-0.0418693
-0.0206648
0.023746
0.0833359
0.150987
0.222472
0.296548
0.372744
0.450277
0.528131
0.595754
0.646204
0.68358
0.711994
0.732421
0.744284
0.749024
0.750423
0.750629
0.75072
-0.0740412
-0.0522537
-0.00567429
0.0570452
0.128459
0.204175
0.282851
0.363922
0.446509
0.529452
0.601408
0.654954
0.694518
0.72444
0.745891
0.758574
0.763761
0.765283
0.765474
0.765551
-0.103318
-0.0810953
-0.0326838
0.0327312
0.107418
0.186857
0.269659
0.355188
0.442479
0.530238
0.606323
0.662795
0.704368
0.735659
0.758024
0.771189
0.776777
0.778378
0.778577
0.778619
-0.130649
-0.107966
-0.0579124
0.00979552
0.0873858
0.170132
0.256655
0.346272
0.437964
0.530314
0.610396
0.669699
0.713154
0.745675
0.76872
0.782255
0.788114
0.789809
0.790018
0.790035
-0.156549
-0.133367
-0.081971
-0.0121479
0.0680137
0.153718
0.243604
0.336982
0.432806
0.529568
0.613591
0.675704
0.720993
0.754646
0.778307
0.792059
0.798051
0.799772
0.799989
0.799971
-0.18143
-0.1577
-0.105186
-0.0333797
0.0490586
0.137418
0.230358
0.327194
0.426896
0.527935
0.615887
0.680856
0.728
0.762761
0.786942
0.800821
0.806801
0.808507
0.808695
0.808642
-0.205559
-0.181344
-0.127648
-0.0541053
0.0303729
0.121116
0.216815
0.316832
0.420167
0.525342
0.617268
0.685204
0.734296
0.7702
0.794796
0.808707
0.814629
0.816278
0.816423
0.816333
-0.229095
-0.204337
-0.149516
-0.0744318
0.011874
0.104745
0.202932
0.305855
0.412585
0.521751
0.617696
0.688776
0.740003
0.777106
0.802041
0.815887
0.821686
0.823237
0.823339
0.82322
-0.252098
-0.22677
-0.170896
-0.0944081
-0.00647079
0.0882998
0.188717
0.294267
0.404131
0.517122
0.617122
0.691578
0.74521
0.78361
0.80882
0.822493
0.828069
0.829457
0.829485
0.82934
-0.27455
-0.248726
-0.191822
-0.114051
-0.0246559
0.0717938
0.174194
0.2821
0.394823
0.511432
0.615483
0.693585
0.749971
0.789845
0.815284
0.828609
0.833792
0.834949
0.834904
0.834739
-0.296516
-0.270143
-0.212268
-0.133335
-0.0426483
0.0552753
0.159421
0.269413
0.384715
0.504675
0.612725
0.694736
0.754276
0.795945
0.821671
0.834431
0.838955
0.839781
0.839661
0.839486
-0.317891
-0.290984
-0.232194
-0.152228
-0.0604009
0.0388167
0.144476
0.256285
0.37387
0.496871
0.608786
0.694917
0.758049
0.802014
0.828325
0.840325
0.843762
0.844021
0.8438
0.843645
-0.338689
-0.31121
-0.25159
-0.17068
-0.0778461
0.022484
0.129449
0.242819
0.362365
0.488076
0.603623
0.693988
0.761134
0.808048
0.835631
0.846972
0.848766
0.84785
0.847355
0.847294
-0.35882
-0.330817
-0.270404
-0.188644
-0.0949306
0.00635767
0.114418
0.229094
0.350315
0.478372
0.597211
0.691786
0.763283
0.813815
0.843762
0.855364
0.855415
0.852253
0.850436
0.850158
-0.378345
-0.349775
-0.28859
-0.206065
-0.111579
-0.00947682
0.0995045
0.215247
0.337844
0.467854
0.589566
0.688143
0.764187
0.818813
0.852277
0.866126
0.866102
0.860476
0.853279
0.836336
-0.397202
-0.368074
-0.306286
-0.223146
-0.128086
-0.025347
0.0842947
0.200822
0.324442
0.456
0.580145
0.682464
0.763443
0.822502
0.860217
0.878708
0.881656
0.875579
0.860787
0.875246
-0.415512
-0.385692
-0.323428
-0.239848
-0.144376
-0.0411945
0.0687954
0.185844
0.310103
0.442712
0.568741
0.674127
0.760323
0.823743
0.864215
0.886342
0.893296
0.884296
0.823405
0.807425
-0.433884
-0.403212
-0.339756
-0.25582
-0.159902
-0.056572
0.0532181
0.170576
0.295112
0.428191
0.555362
0.662717
0.753917
0.821707
0.859258
0.88059
0.878478
0.842738
0.775113
0.73441
-0.453017
-0.421604
-0.354852
-0.270734
-0.17429
-0.0713282
0.0379471
0.15519
0.27955
0.41245
0.539862
0.648043
0.742032
0.815329
0.866767
0.846833
0.820544
0.757028
0.685357
0.641954
-0.0330775
0.0808955
0.201242
0.329072
0.460086
0.578638
0.676597
0.518847
-0.473438
-0.454644
-0.416206
-0.345404
-0.255683
-0.157247
-0.0511421
0.0617275
0.181248
0.307827
0.437681
0.555257
0.651831
0.729309
0.781451
0.739034
0.596838
0.508742
0.439775
-0.490978
-0.477864
-0.433238
-0.360869
-0.270818
-0.172202
-0.0666201
0.045738
0.164354
0.289498
0.417093
0.531129
0.621334
0.686313
0.683395
0.579316
0.435063
0.329144
0.240068
-0.514086
-0.501297
-0.453649
-0.380156
-0.290036
-0.191181
-0.0855578
0.026441
0.14408
0.26756
0.392021
0.500895
0.581522
0.628553
0.589371
0.4287
0.263667
0.130783
0.01324
-0.537419
-0.524445
-0.47516
-0.40037
-0.309858
-0.211009
-0.105677
0.00557709
0.121968
0.243352
0.364191
0.467208
0.54057
0.560514
0.474994
0.283056
0.086398
-0.0913927
-0.257528
-0.559949
-0.547441
-0.497334
-0.42142
-0.330462
-0.231615
-0.126715
-0.0163501
0.0986133
0.217559
0.334303
0.430594
0.49448
0.47693
0.347613
0.148232
-0.0690509
-0.274889
-0.46113
-0.583056
-0.570818
-0.520389
-0.443733
-0.352419
-0.253516
-0.148974
-0.0394402
0.0740354
0.190398
0.302811
0.391772
0.441953
0.402457
0.231146
0.0353479
-0.173993
-0.370359
-0.491488
-0.530394
-0.607487
-0.595388
-0.544683
-0.467612
-0.37614
-0.277286
-0.173173
-0.0645908
0.0471654
0.160553
0.26809
0.349296
0.384099
0.321768
0.126977
-0.0600527
-0.238273
-0.372332
-0.417853
-0.441596
-0.633359
-0.621393
-0.570483
-0.493176
-0.401702
-0.303099
-0.1996
-0.0922403
0.0174433
0.127351
0.229299
0.302422
0.316924
0.217377
0.0340031
-0.138689
-0.289063
-0.371317
-0.391477
-0.396885
-0.661004
-0.649035
-0.59791
-0.520433
-0.429085
-0.330903
-0.228266
-0.122418
-0.0151787
0.0907677
0.186401
0.25107
0.236731
0.116409
-0.0523745
-0.214778
-0.332865
-0.376882
-0.376603
-0.377711
-0.690318
-0.678455
-0.626981
-0.549377
-0.45827
-0.360687
-0.25916
-0.155117
-0.0507062
0.0508221
0.139577
0.19411
0.162933
0.021365
-0.132359
-0.283358
-0.347907
-0.366069
-0.367172
-0.366843
-0.721142
-0.709286
-0.657584
-0.57991
-0.489156
-0.392385
-0.292214
-0.190304
-0.0891142
0.00757126
0.0890474
0.131839
0.0973712
-0.0613634
-0.205406
-0.318482
-0.368062
-0.360987
-0.360747
-0.360783
-0.752968
-0.74103
-0.689442
-0.611762
-0.521536
-0.4258
-0.327269
-0.227836
-0.130256
-0.0387251
0.0350634
0.0688081
0.0198657
-0.134072
-0.265535
-0.342234
-0.35809
-0.357138
-0.357379
-0.357184
-0.785254
-0.773255
-0.721928
-0.644495
-0.555013
-0.460577
-0.36401
-0.267412
-0.173859
-0.0877453
-0.0215588
0.000990886
-0.0643741
-0.196657
-0.312567
-0.329638
-0.347053
-0.353769
-0.354714
-0.354594
-0.816957
-0.805035
-0.754168
-0.677425
-0.58899
-0.496188
-0.401948
-0.308557
-0.219404
-0.139126
-0.0792133
-0.0732005
-0.137564
-0.251137
-0.336915
-0.384666
-0.364448
-0.357012
-0.353822
-0.353114
-0.846304
-0.835182
-0.785202
-0.70949
-0.622606
-0.531861
-0.440375
-0.350584
-0.26614
-0.192136
-0.136965
-0.141992
-0.205199
-0.289041
-0.367953
-0.374508
-0.364188
-0.357147
-0.354083
-0.353071
-0.872421
-0.861619
-0.813608
-0.739408
-0.654718
-0.566556
-0.478342
-0.39259
-0.31311
-0.245472
-0.195763
-0.20323
-0.270875
-0.307574
-0.343905
-0.355475
-0.363887
-0.365147
-0.365283
-0.365376
-0.89262
-0.88251
-0.836974
-0.765689
-0.683898
-0.59902
-0.514642
-0.433425
-0.359181
-0.297836
-0.25526
-0.264498
-0.335452
-0.331098
-0.266601
-0.353096
-0.393987
-0.412927
-0.417886
-0.416825
-0.90487
-0.895835
-0.85356
-0.786156
-0.708411
-0.627743
-0.547903
-0.47167
-0.402999
-0.348011
-0.313327
-0.329034
-0.42743
-0.440941
-0.401335
-0.441829
-0.486091
-0.507784
-0.506234
-0.502771
-0.906455
-0.899093
-0.861242
-0.798949
-0.726369
-0.651058
-0.576547
-0.505728
-0.442887
-0.394297
-0.368764
-0.394301
-0.553268
-0.772351
-0.820694
-0.688268
-0.601889
-0.558662
-0.541281
-0.535643
-0.895685
-0.889757
-0.857691
-0.802132
-0.736184
-0.667332
-0.598965
-0.533955
-0.476653
-0.434249
-0.418965
-0.443647
-0.596052
-0.930173
-1.15572
-0.812246
-0.599131
-0.512629
-0.487838
-0.479219
-0.869058
-0.86485
-0.840204
-0.794255
-0.736786
-0.675476
-0.613851
-0.554675
-0.501933
-0.463811
-0.444465
-0.424366
-0.383264
-0.347414
-0.415093
-0.359938
-0.316323
-0.303005
-0.298698
-0.295701
-0.829713
-0.827118
-0.810662
-0.775438
-0.728285
-0.675354
-0.620683
-0.566662
-0.517437
-0.479133
-0.457035
-0.366201
-0.054021
0.359959
0.554999
0.281636
-0.00295126
-0.152887
-0.187729
-0.19629
-0.78409
-0.782455
-0.774021
-0.74946
-0.712888
-0.668232
-0.620071
-0.570393
-0.522354
-0.48144
-0.451379
-0.374754
-0.187906
0.0233785
0.1625
-0.0859323
-0.264414
-0.325314
-0.332739
-0.354323
-0.742001
-0.740926
-0.736997
-0.722659
-0.694633
-0.656911
-0.613969
-0.567276
-0.519116
-0.474066
-0.440343
-0.454802
-0.712163
-1.36148
-2.12958
-2.51087
-2.54959
-2.33135
-1.99626
-1.68868
-0.710469
-0.709832
-0.707311
-0.699835
-0.678699
-0.645932
-0.605393
-0.558927
-0.507891
-0.453886
-0.417411
-0.401624
-0.79178
-1.38898
-1.92969
-2.01685
-1.78996
-1.47499
-1.18367
-0.984165
-0.686714
-0.686161
-0.685136
-0.68232
-0.667944
-0.638154
-0.597179
-0.548286
-0.491071
-0.426703
-0.350573
-0.285316
-0.291018
-0.250085
-0.0813717
0.122317
0.441094
0.689889
0.831542
0.903466
-0.671603
-0.67139
-0.670942
-0.669563
-0.661518
-0.634093
-0.591138
-0.537564
-0.474602
-0.397707
-0.303427
-0.20564
-0.0622493
0.252353
0.719698
1.20855
1.61974
1.87515
1.98904
2.0227
-0.661174
-0.661087
-0.660702
-0.660377
-0.656478
-0.632552
-0.587632
-0.52966
-0.458854
-0.371291
-0.26323
-0.133458
0.0381309
0.411487
0.936386
1.43779
1.84201
2.07868
2.17962
2.20549
-0.653752
-0.653898
-0.654021
-0.654174
-0.651917
-0.632174
-0.58772
-0.525779
-0.44798
-0.352681
-0.2385
-0.110951
0.0225925
0.358231
0.814073
1.23426
1.56636
1.75901
1.84111
1.86341
-0.648682
-0.648873
-0.647577
-0.64469
-0.641552
-0.630843
-0.59335
-0.529209
-0.445688
-0.344661
-0.232889
-0.113952
-0.00502106
0.25108
0.60518
0.913014
1.15228
1.29494
1.35647
1.37559
-0.662618
-0.661216
-0.653181
-0.638208
-0.631542
-0.637855
-0.611775
-0.541139
-0.448581
-0.343402
-0.238287
-0.132752
-0.0371102
0.139492
0.396223
0.612878
0.774241
0.87173
0.91622
0.932206
-0.723104
-0.719598
-0.715041
-0.712761
-0.714867
-0.714897
-0.659458
-0.561315
-0.452074
-0.343214
-0.242186
-0.155873
-0.0827599
0.048718
0.230884
0.381089
0.489556
0.558222
0.591201
0.604216
-0.821916
-0.822493
-0.841266
-0.867675
-0.871972
-0.836622
-0.721295
-0.578528
-0.448886
-0.33784
-0.246262
-0.179838
-0.131583
-0.0344087
0.107681
0.220287
0.301757
0.35295
0.378817
0.388497
-0.853615
-0.862638
-0.891312
-0.918694
-0.920603
-0.86597
-0.719055
-0.560036
-0.427395
-0.321848
-0.242699
-0.195627
-0.169265
-0.0956987
0.013762
0.104192
0.169009
0.211516
0.231803
0.238699
-0.706073
-0.714568
-0.740488
-0.76671
-0.768997
-0.71448
-0.598363
-0.479746
-0.374502
-0.289089
-0.225845
-0.192158
-0.180537
-0.113773
-0.0236442
0.0433635
0.0904118
0.12127
0.135947
0.140512
-0.416784
-0.423883
-0.439211
-0.458499
-0.469273
-0.451743
-0.406301
-0.350564
-0.294269
-0.240053
-0.193397
-0.163017
-0.14632
-0.0925352
-0.0321152
0.01233
0.0427963
0.0620372
0.0716797
0.0749231
-0.145884
-0.149179
-0.157037
-0.173169
-0.195161
-0.214141
-0.224986
-0.22299
-0.208716
-0.184047
-0.152569
-0.121614
-0.0919257
-0.0522821
-0.0164807
0.00957601
0.0270756
0.0400497
0.0475497
0.0494891
0.0151963
0.0134377
0.00857847
-0.00583927
-0.0334555
-0.0700634
-0.103296
-0.126956
-0.137113
-0.13251
-0.112997
-0.081237
-0.0451473
-0.0160111
0.000915185
0.0156253
0.0276412
0.0378975
0.0434388
0.0446536
0.077092
0.0759646
0.0723398
0.060173
0.0353854
0.000627644
-0.0354218
-0.0661958
-0.0863244
-0.092243
-0.080561
-0.0535732
-0.0198846
0.00371253
0.00524223
0.0127135
0.022767
0.0323514
0.0368769
0.0365182
0.0854224
0.0846806
0.0819717
0.07292
0.0542023
0.0270595
-0.00330272
-0.0320656
-0.0543821
-0.0660438
-0.0619778
-0.0427365
-0.0190485
-0.00805806
-0.00919188
-0.00204189
0.0073489
0.0156613
0.0193341
0.0183194
0.0718582
0.0714329
0.0695431
0.0632827
0.0501578
0.0305148
0.00701693
-0.0171633
-0.0381855
-0.0525402
-0.0551017
-0.0455288
-0.0339115
-0.035566
-0.0400757
-0.032728
-0.0243146
-0.017922
-0.0165021
-0.0175768
0.0519411
0.0517282
0.0504448
0.0462205
0.0372237
0.0232887
0.00565075
-0.0138706
-0.032812
-0.0488112
-0.0580167
-0.0591076
-0.0584506
-0.0651045
-0.0743428
-0.0713066
-0.0658093
-0.0630882
-0.0637023
-0.0646785
0.0321574
0.032078
0.0311948
0.0283261
0.0221368
0.0122155
-0.00104487
-0.0169153
-0.0341881
-0.0519571
-0.0679493
-0.0811654
-0.0931157
-0.108396
-0.113472
-0.110313
-0.10711
-0.10767
-0.108814
-0.109473
0.0151172
0.0150601
0.0144652
0.0124691
0.00813026
0.00091588
-0.00927944
-0.0224372
-0.0384515
-0.0579143
-0.0810587
-0.106788
-0.130881
-0.146183
-0.148343
-0.144736
-0.142731
-0.143312
-0.144901
-0.145252
0.00184251
0.0018259
0.00132422
-9.73945e-05
-0.0032069
-0.00854138
-0.0165305
-0.0276914
-0.0427328
-0.0634569
-0.0927478
-0.130258
-0.166189
-0.179678
-0.176182
-0.169892
-0.168235
-0.169246
-0.170446
-0.170511
-0.00744086
-0.00745862
-0.00785592
-0.00887944
-0.0110932
-0.0150795
-0.0214088
-0.0308379
-0.0445981
-0.065746
-0.0986391
-0.143818
-0.187697
-0.197781
-0.187917
-0.181176
-0.180036
-0.182108
-0.18335
-0.183127
-0.0127971
-0.0128269
-0.0131387
-0.0138736
-0.0154009
-0.0182847
-0.0231632
-0.0309417
-0.0431678
-0.0625488
-0.0949507
-0.14113
-0.184802
-0.188642
-0.177601
-0.1725
-0.174446
-0.177807
-0.179099
-0.178684
-0.0143892
-0.0144301
-0.0146802
-0.015163
-0.0161346
-0.0180746
-0.0216152
-0.0275965
-0.0374158
-0.0536257
-0.0809696
-0.119841
-0.154086
-0.152455
-0.144621
-0.144589
-0.149547
-0.153859
-0.155131
-0.154797
-0.0126633
-0.0127098
-0.0128961
-0.0131767
-0.0136904
-0.0148148
-0.017085
-0.0211487
-0.0280336
-0.0395475
-0.0584843
-0.0838416
-0.103813
-0.101422
-0.0984588
-0.102883
-0.110515
-0.1152
-0.116114
-0.115824
-0.00822115
-0.00826511
-0.00838226
-0.00849879
-0.00867051
-0.00912888
-0.0102471
-0.0124006
-0.0161304
-0.0222555
-0.031745
-0.0425601
-0.0491735
-0.0456064
-0.0478998
-0.0547155
-0.0622467
-0.0659568
-0.0661915
-0.0659593
-0.00521906
-0.00529978
-0.00538586
-0.005386
-0.00544853
-0.00579947
-0.00668693
-0.00833754
-0.0111266
-0.0155421
-0.0206122
-0.0237996
-0.0149287
-0.0207903
-0.0266131
-0.0346234
-0.0386104
-0.0387686
-0.0385805
-0.0120859
-0.429558
-0.0873112
0.131131
0.320354
0.473216
0.595003
0.692274
0.775047
0.835341
0.830951
0.0682174
0.220009
0.360893
0.482311
0.586051
0.672563
0.743785
0.799169
0.832837
0.845186
0.330821
0.427056
0.520692
0.604923
0.678074
0.740242
0.791212
0.830139
0.857749
0.876635
0.510389
0.574748
0.642174
0.704326
0.757776
0.803844
0.842362
0.873458
0.898427
0.916349
0.647093
0.693343
0.74523
0.791091
0.832421
0.868747
0.90019
0.926742
0.948857
0.964329
0.758279
0.795635
0.836153
0.872966
0.907197
0.938229
0.965727
0.989317
1.00899
1.02181
0.855444
0.887676
0.922328
0.955474
0.986604
1.01528
1.04086
1.06267
1.08042
1.09085
0.946196
0.977364
1.01145
1.04464
1.07552
1.10372
1.12855
1.14932
1.1655
1.17407
1.04078
1.07549
1.11219
1.14753
1.17936
1.20754
1.23166
1.25137
1.26613
1.27408
1.15347
1.19376
1.23294
1.26969
1.30142
1.32845
1.35099
1.36919
1.38285
1.39192
1.29723
1.33988
1.3775
1.41115
1.43912
1.46288
1.48347
1.50085
1.51469
1.52581
1.47503
1.5126
1.54059
1.56491
1.58591
1.60518
1.62342
1.64056
1.65644
1.67095
1.67268
1.6937
1.70859
1.72437
1.74064
1.75593
1.76964
1.78289
1.79838
1.81674
1.86327
1.87044
1.88099
1.89252
1.90243
1.91163
1.92187
1.93296
1.94457
1.95343
2.0763
2.07807
2.07014
2.05362
2.04247
2.0419
2.05405
2.07865
2.11277
2.1373
2.49594
2.30206
2.201
2.14313
2.11399
2.10735
2.12255
2.16337
2.23922
2.38217
-0.437209
-0.441712
-0.401949
-0.329362
-0.239337
-0.140101
0.767443
0.834056
0.827243
0.746033
0.672549
0.599485
0.370756
0.148222
-0.121447
-0.477268
-0.825726
)
;

boundaryField
{
    wall-4
    {
        type            zeroGradient;
    }
    pressure-outlet-7
    {
        type            fixedValue;
        value           uniform 0;
    }
    velocity-inlet-6
    {
        type            zeroGradient;
    }
    velocity-inlet-5
    {
        type            zeroGradient;
    }
    frontAndBackPlanes
    {
        type            empty;
    }
}


// ************************************************************************* //
