/*--------------------------------*- C++ -*----------------------------------*\
  =========                 |
  \\      /  F ield         | OpenFOAM: The Open Source CFD Toolbox
   \\    /   O peration     | Website:  https://openfoam.org
    \\  /    A nd           | Version:  10
     \\/     M anipulation  |
\*---------------------------------------------------------------------------*/
FoamFile
{
    format      ascii;
    class       volScalarField;
    location    "51";
    object      p;
}
// * * * * * * * * * * * * * * * * * * * * * * * * * * * * * * * * * * * * * //

dimensions      [0 2 -2 0 0 0 0];

internalField   nonuniform List<scalar> 
8800
(
0.816646
0.768858
0.730168
0.701171
0.680305
0.665471
0.654872
0.647388
0.642563
0.640499
0.64176
0.645944
0.652584
0.661897
0.674673
0.692405
0.71718
0.75112
0.793668
0.85237
0.647899
0.655577
0.663051
0.666358
0.664852
0.659772
0.653282
0.647201
0.642472
0.639622
0.639336
0.641835
0.646317
0.652257
0.659022
0.665299
0.668938
0.6682
0.662778
0.654086
0.626308
0.632467
0.636593
0.639535
0.641581
0.642181
0.64107
0.63896
0.636938
0.636023
0.636977
0.63935
0.642143
0.644318
0.64492
0.643718
0.641373
0.637977
0.633418
0.629657
0.620511
0.623161
0.62591
0.628309
0.62994
0.631096
0.631832
0.631942
0.631639
0.631581
0.632323
0.633484
0.634315
0.634373
0.633757
0.632661
0.630841
0.628267
0.625862
0.624358
0.615147
0.616571
0.618346
0.620374
0.622153
0.623487
0.624469
0.625257
0.625862
0.626416
0.627055
0.627539
0.627627
0.627329
0.626624
0.625369
0.623667
0.621815
0.620505
0.619674
0.610092
0.611011
0.612249
0.61381
0.615436
0.616952
0.618228
0.619284
0.620236
0.621115
0.621789
0.622101
0.622044
0.621591
0.620699
0.61949
0.618155
0.616889
0.616064
0.615513
0.605212
0.605881
0.606839
0.608135
0.609535
0.610983
0.612411
0.613719
0.614902
0.615992
0.616792
0.617139
0.617035
0.616508
0.615686
0.614726
0.613703
0.612772
0.612184
0.611779
0.600463
0.600979
0.601757
0.60288
0.604147
0.605508
0.606939
0.608394
0.609802
0.611115
0.612094
0.612536
0.612483
0.612074
0.61145
0.610708
0.609919
0.609226
0.608789
0.608472
0.595773
0.596183
0.596834
0.597831
0.599024
0.600336
0.601763
0.603297
0.604892
0.606458
0.607668
0.608287
0.608414
0.608212
0.607801
0.607262
0.606673
0.606168
0.605841
0.605584
0.591058
0.591392
0.591954
0.59287
0.594013
0.595307
0.596764
0.59839
0.600162
0.602004
0.603512
0.604407
0.604795
0.604831
0.604638
0.604313
0.603909
0.603559
0.603315
0.603101
0.586233
0.58651
0.58701
0.58788
0.589002
0.590317
0.591842
0.593598
0.595587
0.597744
0.599632
0.600885
0.601586
0.601893
0.601937
0.601822
0.601601
0.601387
0.60121
0.601025
0.581213
0.581445
0.581906
0.582758
0.583899
0.585278
0.586913
0.588852
0.59112
0.593671
0.596024
0.597707
0.598772
0.59939
0.599694
0.599797
0.599757
0.599665
0.599543
0.599379
0.575908
0.576106
0.576546
0.577411
0.578613
0.5801
0.581899
0.58409
0.586716
0.589765
0.592683
0.594875
0.596364
0.597331
0.597927
0.598253
0.598407
0.598431
0.598355
0.598206
0.570224
0.570393
0.570831
0.571737
0.573041
0.574687
0.576717
0.579237
0.582321
0.58599
0.589593
0.592392
0.594379
0.595748
0.596672
0.597272
0.597614
0.597743
0.597707
0.597568
0.564047
0.564192
0.564641
0.565619
0.567072
0.568935
0.571272
0.574215
0.577877
0.582309
0.586745
0.590273
0.592849
0.594687
0.595984
0.596875
0.597431
0.597674
0.597674
0.597541
0.557247
0.557367
0.557844
0.558924
0.560577
0.562727
0.565456
0.568934
0.573315
0.578681
0.584129
0.588533
0.591812
0.594206
0.595938
0.597162
0.597957
0.598317
0.598352
0.598221
0.549656
0.54975
0.550269
0.551486
0.553396
0.555913
0.559147
0.563307
0.568586
0.575099
0.58177
0.587219
0.591325
0.594372
0.596628
0.59824
0.599298
0.59978
0.599847
0.599715
0.541043
0.541142
0.541714
0.543088
0.545327
0.548318
0.552197
0.557214
0.563614
0.57154
0.579684
0.586374
0.591457
0.59527
0.598145
0.600212
0.601569
0.602182
0.602281
0.602145
0.531122
0.531202
0.531862
0.533458
0.536126
0.53973
0.544426
0.550523
0.558315
0.567968
0.577885
0.586049
0.592288
0.597007
0.600597
0.603199
0.604897
0.605652
0.605781
0.605636
0.519527
0.519589
0.520347
0.522255
0.525473
0.52986
0.5356
0.543067
0.552599
0.564366
0.576409
0.586311
0.593902
0.599686
0.604103
0.607334
0.609413
0.610317
0.610473
0.610316
0.505722
0.505772
0.506672
0.50899
0.512937
0.518359
0.525466
0.534699
0.54642
0.560764
0.575333
0.587264
0.59641
0.60342
0.608808
0.61275
0.615243
0.616298
0.616476
0.616303
0.488954
0.488991
0.490106
0.493003
0.497948
0.504769
0.5137
0.525236
0.539726
0.557216
0.574743
0.588999
0.599919
0.608324
0.614801
0.619551
0.622483
0.623681
0.623872
0.62368
0.468103
0.468139
0.469591
0.473354
0.479734
0.488526
0.499956
0.51453
0.532498
0.553761
0.574725
0.591614
0.604525
0.614494
0.622166
0.627807
0.631182
0.632502
0.632691
0.632477
0.441432
0.441486
0.443518
0.448683
0.457284
0.468975
0.483929
0.502555
0.5249
0.550652
0.575501
0.595264
0.610328
0.621996
0.630981
0.637542
0.641322
0.642717
0.642883
0.642645
0.40594
0.40609
0.409315
0.417072
0.429439
0.445562
0.465547
0.489489
0.517184
0.54811
0.577244
0.600087
0.617417
0.630866
0.641244
0.648693
0.652778
0.654169
0.654281
0.654019
0.355885
0.35684
0.363263
0.376337
0.39524
0.418205
0.445113
0.47577
0.509778
0.546474
0.580156
0.606171
0.6258
0.641051
0.652825
0.661039
0.665267
0.666548
0.66658
0.666295
0.28237
0.289541
0.304429
0.327477
0.35615
0.388292
0.423685
0.462107
0.503155
0.546152
0.58475
0.614213
0.63638
0.65364
0.666906
0.675853
0.680179
0.681357
0.681338
0.681089
0.203146
0.220171
0.24433
0.278006
0.316847
0.358323
0.402294
0.448697
0.497225
0.547282
0.591822
0.625697
0.651144
0.670919
0.686142
0.695779
0.699968
0.700936
0.700943
0.7008
0.137156
0.157244
0.189093
0.231754
0.279586
0.329861
0.382156
0.4364
0.492273
0.549194
0.599408
0.637403
0.6659
0.687924
0.704435
0.714392
0.718417
0.719338
0.719439
0.719364
0.0831059
0.10485
0.1422
0.19126
0.246184
0.303873
0.363536
0.424973
0.487744
0.551195
0.606787
0.648638
0.679878
0.703843
0.721587
0.73211
0.736562
0.737549
0.737643
0.737608
0.0380345
0.0609766
0.102115
0.156255
0.216885
0.280693
0.346677
0.414506
0.483589
0.553134
0.613792
0.659263
0.693095
0.718959
0.738017
0.749424
0.754219
0.755197
0.755337
0.755338
-0.000314949
0.0233152
0.067309
0.125502
0.190925
0.25994
0.331415
0.404926
0.479748
0.554942
0.620343
0.669216
0.705486
0.733196
0.753449
0.765673
0.770878
0.772008
0.772188
0.772211
-0.0339478
-0.00984845
0.0364278
0.0979393
0.167417
0.240958
0.317297
0.395923
0.476006
0.556453
0.6263
0.678347
0.716877
0.746166
0.767486
0.780414
0.786021
0.78741
0.787648
0.787682
-0.0643313
-0.0398165
0.00833063
0.07268
0.145655
0.223155
0.303851
0.387139
0.472092
0.557475
0.631523
0.686548
0.727122
0.757769
0.780025
0.793499
0.799431
0.801059
0.801332
0.801362
-0.092401
-0.0675016
-0.0177348
0.0490369
0.125092
0.206097
0.29071
0.378264
0.467763
0.55783
0.63592
0.693789
0.736251
0.768157
0.791139
0.804996
0.811179
0.812978
0.813269
0.813282
-0.118937
-0.093606
-0.0423344
0.0265323
0.105321
0.189452
0.277602
0.369076
0.462835
0.557402
0.639453
0.700109
0.744387
0.777464
0.801026
0.815136
0.821475
0.82336
0.823635
0.823619
-0.144281
-0.11851
-0.0660771
0.00484862
0.086054
0.172991
0.264344
0.359426
0.457191
0.556111
0.642093
0.70555
0.75165
0.785823
0.809886
0.8241
0.830471
0.8324
0.832656
0.832607
-0.168841
-0.142499
-0.0890029
-0.0162576
0.0671021
0.156557
0.250818
0.349218
0.450745
0.55388
0.64381
0.71016
0.758158
0.793432
0.81788
0.83213
0.838499
0.840387
0.840641
0.840575
-0.192742
-0.165954
-0.111272
-0.0369315
0.0483586
0.140068
0.236956
0.338401
0.443446
0.550657
0.644577
0.713983
0.764038
0.800437
0.825213
0.839441
0.845745
0.847563
0.847749
0.847648
-0.216098
-0.188759
-0.133035
-0.0572496
0.0297752
0.123497
0.222744
0.326957
0.435274
0.5464
0.64435
0.717042
0.769371
0.80696
0.832033
0.846174
0.852297
0.853981
0.854093
0.85395
-0.239028
-0.21109
-0.154355
-0.0772344
0.0113308
0.10685
0.208205
0.314913
0.426235
0.541077
0.643084
0.719322
0.774217
0.813129
0.838477
0.852405
0.858215
0.859687
0.859717
0.859547
-0.261536
-0.232916
-0.175233
-0.096881
-0.00693651
0.0901621
0.193385
0.302316
0.41636
0.534673
0.640726
0.720774
0.77859
0.819084
0.844745
0.858276
0.863571
0.864748
0.864694
0.864509
-0.283461
-0.254198
-0.195606
-0.11616
-0.0249884
0.0735005
0.17835
0.289243
0.405711
0.527219
0.637219
0.721305
0.782443
0.824966
0.851137
0.864055
0.868488
0.869212
0.869062
0.868879
-0.304778
-0.274905
-0.215458
-0.135017
-0.0427658
0.0569269
0.163193
0.275776
0.394371
0.518749
0.632522
0.720782
0.78567
0.830837
0.858023
0.870243
0.873287
0.873165
0.872854
0.872717
-0.325553
-0.294998
-0.234758
-0.153416
-0.0602046
0.0405261
0.148002
0.262019
0.382435
0.509332
0.626596
0.719058
0.788072
0.836587
0.865708
0.877701
0.87891
0.877044
0.876192
0.876314
-0.345609
-0.314451
-0.253448
-0.171292
-0.0772441
0.0243823
0.132874
0.248086
0.370019
0.49907
0.619433
0.715967
0.789372
0.841847
0.874091
0.887375
0.887427
0.882993
0.880062
0.879481
-0.365039
-0.333253
-0.271543
-0.188674
-0.0939172
0.00845165
0.117754
0.233917
0.357059
0.487891
0.610898
0.711236
0.789254
0.84606
0.882424
0.899406
0.90113
0.895281
0.886642
0.872134
-0.383767
-0.351391
-0.289162
-0.205758
-0.110511
-0.00759863
0.102225
0.219032
0.343017
0.475156
0.600341
0.704068
0.787113
0.848413
0.888808
0.91119
0.915467
0.903561
0.884132
0.871701
-0.401613
-0.368994
-0.306107
-0.222329
-0.126688
-0.0234224
0.0865156
0.203758
0.328204
0.461133
0.587844
0.694025
0.782204
0.847784
0.888848
0.910874
0.918365
0.896069
0.828127
0.797476
-0.417909
-0.387299
-0.322043
-0.237841
-0.141691
-0.0385152
0.070935
0.188322
0.312836
0.445946
0.573354
0.680829
0.77322
0.843552
0.87773
0.89361
0.885669
0.832743
0.763747
0.721237
-0.474196
-0.403438
-0.33658
-0.25338
-0.157101
-0.0543245
0.0554209
0.172446
0.296551
0.42915
0.556279
0.663897
0.756458
0.833342
0.839045
0.844323
0.797879
0.729052
0.652949
0.61055
-0.435292
-0.419087
-0.358233
-0.2745
-0.179713
-0.0770574
0.0316795
0.148023
0.271083
0.402177
0.527165
0.632742
0.717165
0.797626
0.786963
0.676666
0.573003
0.500818
0.427996
0.459285
-0.466711
-0.437044
-0.375183
-0.292217
-0.197411
-0.094956
0.0140385
0.129733
0.251707
0.380986
0.503129
0.604369
0.680209
0.722584
0.675223
0.529085
0.402997
0.312615
0.214371
0.265114
-0.490924
-0.458304
-0.395138
-0.311949
-0.217049
-0.114689
-0.00577063
0.109087
0.229659
0.35655
0.474963
0.570121
0.636897
0.645858
0.541004
0.369829
0.218475
0.100639
-0.0299211
0.00320586
-0.514656
-0.480454
-0.416071
-0.331963
-0.23691
-0.13467
-0.0262528
0.0876476
0.206632
0.330768
0.444571
0.532435
0.583813
0.562022
0.405372
0.210555
0.0213219
-0.145761
-0.333936
-0.351922
-0.537779
-0.503108
-0.437804
-0.352905
-0.257642
-0.155587
-0.0477904
0.0650373
0.18219
0.303203
0.411731
0.492132
0.524826
0.467201
0.276358
0.0673174
-0.148888
-0.337378
-0.578923
-0.878305
-0.561199
-0.526512
-0.460633
-0.37521
-0.279712
-0.177783
-0.0705309
0.0411998
0.156426
0.274079
0.377064
0.449233
0.461841
0.353443
0.164231
-0.0441834
-0.247327
-0.418706
-0.486984
-0.56639
-0.585869
-0.551113
-0.484911
-0.399215
-0.30362
-0.201904
-0.0952814
0.0151873
0.12818
0.241963
0.339042
0.40047
0.388702
0.246778
0.0647428
-0.124692
-0.286205
-0.378138
-0.401916
-0.417892
-0.612106
-0.577226
-0.51081
-0.425009
-0.329497
-0.228157
-0.122398
-0.0134857
0.0968646
0.206144
0.296801
0.34463
0.315567
0.147838
-0.0253862
-0.189802
-0.315077
-0.353609
-0.366512
-0.367829
-0.640115
-0.605026
-0.538394
-0.452579
-0.357287
-0.256542
-0.151893
-0.0448642
0.0624125
0.166612
0.249972
0.283812
0.235919
0.0563888
-0.107886
-0.255109
-0.330163
-0.347157
-0.348541
-0.348365
-0.669959
-0.634571
-0.567682
-0.481918
-0.387
-0.287041
-0.183765
-0.0789571
0.0248323
0.123419
0.198591
0.221096
0.137603
-0.0272851
-0.18346
-0.304789
-0.340946
-0.339111
-0.338027
-0.337419
-0.701349
-0.665688
-0.598567
-0.512934
-0.41854
-0.319591
-0.217972
-0.115731
-0.015841
0.0766457
0.143393
0.149261
0.0476017
-0.105432
-0.243385
-0.31792
-0.328182
-0.330905
-0.33163
-0.331266
-0.733724
-0.697911
-0.63079
-0.545392
-0.451713
-0.354024
-0.254349
-0.155044
-0.0594228
0.0266069
0.0847645
0.0753618
-0.0338917
-0.171388
-0.286465
-0.317427
-0.325866
-0.32787
-0.327816
-0.327516
-0.766619
-0.730696
-0.663893
-0.57889
-0.486163
-0.390006
-0.292601
-0.196592
-0.10562
-0.0260717
0.0215775
0.00375432
-0.11017
-0.224246
-0.315848
-0.332031
-0.325412
-0.324852
-0.325041
-0.324984
-0.799142
-0.763329
-0.69699
-0.612822
-0.521333
-0.427046
-0.332253
-0.23987
-0.153943
-0.0808037
-0.0432344
-0.0648616
-0.180911
-0.264822
-0.314786
-0.328511
-0.326115
-0.324654
-0.324271
-0.324215
-0.829688
-0.79461
-0.729124
-0.646257
-0.556444
-0.464424
-0.372625
-0.28414
-0.203546
-0.136911
-0.103375
-0.143369
-0.247831
-0.304041
-0.299373
-0.322649
-0.330047
-0.328892
-0.32819
-0.327677
-0.856694
-0.822689
-0.759154
-0.678003
-0.590443
-0.501182
-0.412814
-0.328476
-0.253199
-0.193344
-0.161514
-0.222102
-0.325607
-0.354879
-0.343332
-0.350779
-0.349918
-0.348256
-0.347352
-0.346568
-0.878025
-0.845778
-0.785028
-0.706646
-0.622038
-0.536138
-0.451681
-0.371763
-0.301539
-0.248502
-0.221248
-0.287545
-0.412551
-0.522439
-0.498548
-0.451857
-0.41535
-0.399619
-0.392375
-0.388611
-0.891458
-0.861929
-0.804835
-0.730326
-0.649712
-0.567959
-0.48794
-0.412679
-0.347209
-0.299901
-0.276471
-0.333313
-0.46871
-0.715727
-0.671767
-0.528982
-0.468584
-0.444116
-0.43231
-0.428984
-0.894352
-0.868901
-0.81666
-0.747206
-0.671769
-0.595225
-0.520226
-0.44986
-0.388807
-0.344415
-0.315434
-0.32297
-0.362295
-0.563913
-0.529689
-0.428371
-0.388837
-0.378431
-0.377466
-0.377053
-0.884638
-0.864075
-0.818332
-0.755693
-0.686731
-0.616448
-0.547235
-0.482006
-0.424616
-0.381183
-0.33778
-0.237658
-0.0405106
0.12086
-0.00760921
-0.185086
-0.282688
-0.309331
-0.319456
-0.321347
-0.860159
-0.844549
-0.808044
-0.754572
-0.693635
-0.630599
-0.567822
-0.507942
-0.454531
-0.412996
-0.357302
-0.210562
0.16893
0.587395
0.249923
-0.113045
-0.286178
-0.354671
-0.381939
-0.390374
-0.823238
-0.813086
-0.786403
-0.743958
-0.692423
-0.637432
-0.581389
-0.526841
-0.478297
-0.441277
-0.406638
-0.436506
-0.630171
-0.870207
-0.99103
-0.885978
-0.802772
-0.763602
-0.753111
-0.755498
-0.780278
-0.774509
-0.758135
-0.726478
-0.684875
-0.637566
-0.587916
-0.538224
-0.493283
-0.463378
-0.456208
-0.770635
-1.37757
-1.94608
-1.88486
-1.55938
-1.32257
-1.15518
-1.06976
-1.06255
-0.740778
-0.737356
-0.729311
-0.707533
-0.673829
-0.632784
-0.587807
-0.540711
-0.495733
-0.460488
-0.458506
-0.625025
-0.951238
-1.3434
-1.5921
-1.63597
-1.58892
-1.44195
-1.26846
-1.17047
-0.711988
-0.709874
-0.705958
-0.691725
-0.663755
-0.626074
-0.582874
-0.534749
-0.483668
-0.431247
-0.405845
-0.398692
-0.412299
-0.364389
-0.244593
-0.103913
-0.0574193
-0.0152854
0.0617808
0.0962811
-0.689765
-0.689032
-0.68791
-0.680419
-0.657468
-0.621048
-0.576206
-0.524606
-0.466274
-0.405399
-0.350043
-0.305991
-0.124664
0.236044
0.593115
0.876418
1.00496
1.07115
1.10205
1.11016
-0.675853
-0.675471
-0.674992
-0.671657
-0.65403
-0.618062
-0.569683
-0.512481
-0.447418
-0.370376
-0.283934
-0.186391
0.0703812
0.477959
0.880929
1.21664
1.41404
1.51527
1.55552
1.56329
-0.666685
-0.666439
-0.665907
-0.665113
-0.652627
-0.617074
-0.564791
-0.501533
-0.425322
-0.335238
-0.235529
-0.128263
0.12597
0.511961
0.891081
1.22241
1.43986
1.5519
1.599
1.61372
-0.660614
-0.660623
-0.660419
-0.660181
-0.651639
-0.618973
-0.564242
-0.493753
-0.408579
-0.312614
-0.20808
-0.109839
0.112689
0.466573
0.803784
1.09415
1.30104
1.41567
1.47087
1.4889
-0.659126
-0.657753
-0.653564
-0.649637
-0.648232
-0.62559
-0.569905
-0.491695
-0.398804
-0.297625
-0.199138
-0.111834
0.0586884
0.368072
0.670616
0.924785
1.11623
1.22699
1.27931
1.29524
-0.682037
-0.677413
-0.666713
-0.660051
-0.664335
-0.649609
-0.584885
-0.493765
-0.392113
-0.286664
-0.192331
-0.11105
0.0162866
0.286673
0.533109
0.736958
0.897803
0.99294
1.03605
1.04798
-0.746935
-0.746164
-0.750765
-0.758256
-0.758251
-0.713022
-0.609648
-0.494361
-0.382522
-0.274805
-0.184945
-0.10975
-0.0133454
0.197535
0.394719
0.553484
0.672417
0.74368
0.776117
0.784603
-0.824265
-0.838165
-0.865597
-0.879601
-0.86065
-0.766797
-0.619994
-0.483448
-0.366075
-0.260253
-0.172779
-0.096498
-0.0167765
0.127058
0.275988
0.391948
0.482541
0.537236
0.562333
0.568108
-0.791468
-0.807184
-0.834839
-0.848535
-0.821504
-0.717288
-0.573512
-0.44414
-0.335383
-0.239963
-0.158486
-0.0866976
-0.0141175
0.0855504
0.194186
0.280383
0.347179
0.387739
0.405116
0.407623
-0.580652
-0.595152
-0.616839
-0.629583
-0.609896
-0.539789
-0.451928
-0.365559
-0.286287
-0.211102
-0.142486
-0.0795148
-0.0220345
0.0387859
0.116308
0.183442
0.237524
0.269475
0.281918
0.282113
-0.297991
-0.304846
-0.317489
-0.33247
-0.33729
-0.326013
-0.301096
-0.266481
-0.225441
-0.177029
-0.126698
-0.080883
-0.0402162
-0.00358899
0.0507812
0.102424
0.144802
0.169772
0.179631
0.17918
-0.0808798
-0.0836997
-0.0927431
-0.111016
-0.137291
-0.161099
-0.175225
-0.177683
-0.167466
-0.144998
-0.115483
-0.0866527
-0.0627198
-0.0469339
-0.00983885
0.0315653
0.0601575
0.0757296
0.0801753
0.0788556
0.0303856
0.0285476
0.0207983
0.00195657
-0.0289006
-0.0636254
-0.0935442
-0.113687
-0.122175
-0.118642
-0.106723
-0.0936449
-0.0843222
-0.0787881
-0.0595824
-0.0349877
-0.0162226
-0.00718038
-0.00480991
-0.00632652
0.0669695
0.0655423
0.0592452
0.043443
0.0167985
-0.0151619
-0.0463967
-0.0725236
-0.09061
-0.100094
-0.102927
-0.10307
-0.10403
-0.103621
-0.0933206
-0.0818558
-0.0750497
-0.0737689
-0.0741559
-0.0751511
0.0676198
0.0665174
0.061844
0.0501384
0.0300896
0.00461098
-0.0227431
-0.0485863
-0.070685
-0.0887453
-0.103257
-0.115982
-0.125137
-0.127021
-0.122557
-0.11828
-0.117681
-0.119453
-0.120801
-0.121498
0.055267
0.0544767
0.0512054
0.0430051
0.028675
0.00953889
-0.0125928
-0.0355416
-0.0581236
-0.0809784
-0.105185
-0.130296
-0.148278
-0.148369
-0.143725
-0.142112
-0.143635
-0.146408
-0.147622
-0.148098
0.0405054
0.0399665
0.0377557
0.0321813
0.0222047
0.00826284
-0.00889865
-0.0282152
-0.0494162
-0.0740271
-0.104216
-0.138353
-0.16254
-0.158648
-0.151274
-0.150887
-0.153459
-0.15651
-0.157625
-0.157899
0.0274556
0.0271065
0.0256625
0.0219603
0.0151469
0.00522507
-0.00760847
-0.023039
-0.0413351
-0.064727
-0.0960903
-0.133817
-0.157251
-0.150055
-0.143537
-0.142916
-0.147086
-0.150361
-0.151321
-0.151401
0.017292
0.0170581
0.0161653
0.0138196
0.00935803
0.00257706
-0.00657918
-0.0180839
-0.0324072
-0.0515565
-0.0779815
-0.110248
-0.127059
-0.118638
-0.114338
-0.117807
-0.123519
-0.127323
-0.128273
-0.128254
0.0100957
0.00995861
0.00943605
0.00806251
0.00533521
0.00100706
-0.00501818
-0.0127699
-0.0224369
-0.0348459
-0.0509144
-0.0700812
-0.0778491
-0.071427
-0.071844
-0.0786084
-0.0856206
-0.0894611
-0.0902896
-0.0902957
0.00521861
0.00514611
0.00490187
0.00426781
0.00287558
0.000493203
-0.00291627
-0.00720101
-0.0119549
-0.016411
-0.0191632
-0.0205816
-0.0163522
-0.0113842
-0.0201624
-0.031314
-0.0389011
-0.0421678
-0.042916
-0.0430418
0.00223011
0.00220049
0.00214845
0.00200562
0.00154382
0.000593704
-0.000801895
-0.00224741
-0.0027359
0.000175245
0.0107417
0.0282093
0.0500256
0.0458884
0.0299921
0.0156306
0.00821476
0.00602362
0.00522828
0.00472382
0.000579042
0.00056582
0.000611755
0.000762764
0.000890558
0.000863641
0.00080458
0.00127811
0.00366684
0.0115867
0.0311036
0.0618243
0.088857
0.0815731
0.0636178
0.049974
0.0459395
0.0446374
0.0436377
0.0425981
-0.000172139
-0.000183347
-0.000103037
0.000156444
0.000534773
0.000955209
0.00153091
0.00283964
0.00624997
0.0155
0.0367926
0.0687654
0.0947386
0.0848285
0.0696544
0.061791
0.0597756
0.0602924
0.0588396
0.0576062
-0.000306548
-0.000314785
-0.000261948
-6.18101e-05
0.000279964
0.000709141
0.0012953
0.00243153
0.00511758
0.0119405
0.0276035
0.0508135
0.0692663
0.0606985
0.0504217
0.0477151
0.0486379
0.0498199
0.0483906
0.0470911
-2.12078e-05
-3.29795e-05
-4.45972e-05
-6.35238e-05
-1.6746e-05
8.7681e-05
0.00020191
0.000416972
0.000863755
0.00206103
0.00509185
0.0107243
0.0158881
0.0174884
0.0157169
0.0179765
0.0175187
0.014276
0.010333
0.00964759
-0.104348
0.0628098
0.258146
0.428685
0.565182
0.672962
0.762241
0.838196
0.872693
0.849395
0.19945
0.320429
0.45066
0.563313
0.658377
0.737136
0.800918
0.846178
0.868833
0.880902
0.419067
0.502123
0.591175
0.669884
0.737622
0.794312
0.839393
0.872324
0.896117
0.914095
0.580381
0.639805
0.701732
0.759015
0.808861
0.851196
0.885968
0.913704
0.936538
0.954837
0.706197
0.74946
0.795559
0.8395
0.878318
0.912227
0.941249
0.965401
0.985815
1.00365
0.810755
0.843722
0.881928
0.917561
0.950268
0.979583
1.0052
1.02673
1.0446
1.06195
0.903454
0.932201
0.966236
0.998427
1.02843
1.05564
1.07943
1.09917
1.11469
1.13177
0.992136
1.02137
1.05542
1.0875
1.11714
1.14375
1.16664
1.18515
1.19853
1.21556
1.08751
1.12074
1.15741
1.19101
1.22107
1.24728
1.26924
1.28653
1.29841
1.31581
1.20254
1.24038
1.27904
1.3133
1.34266
1.36742
1.3878
1.4037
1.41517
1.43324
1.3475
1.38606
1.42221
1.4529
1.47859
1.50069
1.51975
1.53528
1.54772
1.56571
1.5226
1.55422
1.58041
1.60286
1.62284
1.64157
1.65929
1.67577
1.69112
1.70919
1.71122
1.72842
1.74346
1.75969
1.7756
1.79014
1.80335
1.81728
1.83482
1.85497
1.89294
1.90248
1.91402
1.92484
1.93412
1.94371
1.95449
1.96586
1.97722
1.99258
2.10018
2.10385
2.0889
2.07409
2.06782
2.07349
2.09197
2.12228
2.15446
2.18112
2.4065
2.27164
2.195
2.15262
2.1352
2.13916
2.16656
2.22298
2.3256
2.54996
0.707246
0.705117
0.700633
0.692007
0.67978
0.667647
0.657413
0.649511
0.643885
0.640619
0.640249
0.642972
0.648063
0.655276
0.664656
0.676191
0.688838
0.69987
0.70598
0.709033
0.631704
0.637551
0.643882
0.648372
0.650839
0.650511
0.647768
0.643951
0.640431
0.638158
0.637995
0.640176
0.643825
0.648103
0.651901
0.653778
0.652837
0.649352
0.644187
0.637566
0.623285
0.625581
0.628984
0.631977
0.634048
0.635539
0.636288
0.635963
0.634927
0.634029
0.634186
0.635594
0.637393
0.638686
0.638856
0.637957
0.636402
0.634062
0.630795
0.627873
0.617784
0.61887
0.620701
0.623076
0.625095
0.626516
0.627529
0.62827
0.628659
0.628865
0.629334
0.630119
0.630697
0.630748
0.630322
0.629464
0.627987
0.625896
0.623806
0.622422
0.612594
0.613257
0.614363
0.616063
0.617839
0.619463
0.620749
0.621753
0.62262
0.62339
0.624094
0.624618
0.624787
0.6246
0.624017
0.622949
0.621511
0.619959
0.618636
0.617855
0.607635
0.608096
0.608879
0.610172
0.611652
0.61316
0.614613
0.615896
0.617012
0.618044
0.618927
0.619461
0.619576
0.619277
0.618559
0.617552
0.616413
0.61527
0.614349
0.61383
0.602827
0.603172
0.60378
0.604842
0.606128
0.60749
0.608915
0.610343
0.611693
0.612943
0.614014
0.614663
0.614801
0.614493
0.613867
0.613068
0.612199
0.61132
0.61064
0.610261
0.598118
0.598386
0.598876
0.599778
0.600938
0.602221
0.603598
0.605065
0.606577
0.60806
0.609359
0.610175
0.610427
0.610265
0.609838
0.609249
0.608578
0.607922
0.607422
0.607132
0.593427
0.59364
0.594047
0.594838
0.595915
0.597148
0.598512
0.600021
0.601658
0.603367
0.604939
0.606
0.606476
0.606541
0.606333
0.605955
0.605482
0.605013
0.604651
0.604424
0.588668
0.58884
0.589189
0.589906
0.590935
0.592143
0.593531
0.595117
0.596901
0.598852
0.600749
0.602146
0.602926
0.603262
0.603291
0.603131
0.60286
0.602557
0.602308
0.602127
0.583756
0.583895
0.584202
0.584874
0.585884
0.587114
0.588563
0.590268
0.592251
0.594496
0.59679
0.598607
0.599753
0.600402
0.6007
0.600768
0.600695
0.60055
0.600397
0.600251
0.578605
0.578717
0.578996
0.579648
0.580675
0.581971
0.583526
0.585402
0.58765
0.59027
0.593056
0.595377
0.596953
0.597962
0.598561
0.598874
0.599002
0.599016
0.598946
0.598828
0.573124
0.573213
0.573476
0.574131
0.575211
0.576615
0.57833
0.580446
0.583038
0.586137
0.589528
0.592455
0.594537
0.595959
0.596895
0.597496
0.597844
0.598004
0.598006
0.59791
0.567208
0.567276
0.567532
0.568215
0.569385
0.570943
0.572882
0.575317
0.578347
0.582048
0.586181
0.589837
0.59252
0.594427
0.595749
0.596666
0.597256
0.597573
0.597644
0.597566
0.560736
0.560784
0.561041
0.561773
0.563074
0.564844
0.567079
0.569921
0.573507
0.577948
0.582985
0.587524
0.590926
0.59341
0.595181
0.596449
0.597319
0.597805
0.597944
0.597881
0.553561
0.55359
0.553852
0.554657
0.556133
0.558177
0.560793
0.564155
0.568441
0.573799
0.57994
0.58554
0.589798
0.59296
0.595265
0.596946
0.598134
0.598801
0.599008
0.598956
0.545499
0.545516
0.545778
0.546681
0.548384
0.550771
0.553876
0.5579
0.563064
0.569557
0.577043
0.583916
0.589188
0.593146
0.596081
0.598263
0.599808
0.600673
0.600949
0.600908
0.536244
0.53623
0.536553
0.537592
0.539582
0.542418
0.546151
0.551014
0.557281
0.565183
0.574304
0.582693
0.589164
0.594058
0.597731
0.600504
0.602461
0.603546
0.603894
0.603859
0.525527
0.525487
0.525854
0.527085
0.52944
0.532857
0.537389
0.543311
0.550958
0.560591
0.57169
0.581895
0.589785
0.595793
0.600335
0.603785
0.60622
0.607548
0.607969
0.607939
0.512874
0.512808
0.513251
0.514729
0.517565
0.52174
0.527307
0.534598
0.543998
0.555781
0.569271
0.581616
0.591152
0.598446
0.604007
0.60824
0.611219
0.612807
0.613301
0.613271
0.497653
0.497556
0.498122
0.499947
0.503427
0.508616
0.515559
0.524639
0.536278
0.55073
0.567086
0.581934
0.593364
0.602127
0.608872
0.613996
0.617576
0.619436
0.619994
0.619959
0.478942
0.478818
0.479579
0.481912
0.486298
0.492898
0.501722
0.513191
0.527719
0.545469
0.565227
0.582947
0.596535
0.606954
0.615008
0.621143
0.625372
0.627498
0.628106
0.628059
0.455345
0.455203
0.456293
0.459414
0.465163
0.473823
0.485309
0.500025
0.518279
0.540066
0.563804
0.584777
0.600748
0.61301
0.62249
0.629741
0.634638
0.637003
0.637634
0.637566
0.424567
0.424444
0.426137
0.430624
0.438652
0.450521
0.465925
0.485115
0.508166
0.534835
0.563117
0.587641
0.606156
0.620365
0.631403
0.639815
0.645326
0.647858
0.64847
0.648371
0.382499
0.382536
0.385564
0.3929
0.40514
0.42225
0.443444
0.468643
0.497644
0.529994
0.563312
0.591643
0.612821
0.629053
0.641681
0.651267
0.657252
0.659814
0.660351
0.660213
0.321451
0.322628
0.330051
0.343744
0.36368
0.38912
0.418465
0.45133
0.487398
0.526116
0.564774
0.596969
0.620795
0.639009
0.653163
0.663738
0.670022
0.672396
0.672756
0.672582
0.2488
0.250525
0.264757
0.288326
0.319084
0.35438
0.39265
0.433719
0.477394
0.523172
0.568096
0.605165
0.632525
0.653367
0.669441
0.681252
0.687812
0.690112
0.69046
0.690378
0.173714
0.179823
0.200865
0.234577
0.275656
0.320531
0.367694
0.417028
0.468414
0.521397
0.572799
0.614935
0.64596
0.669656
0.687957
0.700739
0.707207
0.709188
0.709423
0.709398
0.112306
0.120705
0.146321
0.18702
0.236147
0.289194
0.344383
0.401456
0.460202
0.520116
0.577717
0.62463
0.65903
0.685176
0.705122
0.718754
0.725263
0.727115
0.72754
0.727589
0.0623309
0.0713244
0.100484
0.146403
0.20164
0.261269
0.32324
0.387143
0.4526
0.518995
0.582449
0.633862
0.671401
0.699822
0.721344
0.735919
0.742814
0.745167
0.745699
0.745782
0.0204055
0.0296881
0.0613078
0.111224
0.171466
0.236558
0.304279
0.37415
0.445641
0.517999
0.586929
0.642571
0.683061
0.71367
0.736828
0.752413
0.760048
0.762763
0.763379
0.763477
-0.0158158
-0.00640697
0.0270757
0.0802001
0.144572
0.214325
0.287055
0.362209
0.439151
0.516995
0.591033
0.650635
0.693898
0.72652
0.751148
0.7677
0.776076
0.779038
0.779745
0.779844
-0.0479813
-0.0385182
-0.00359782
0.0522376
0.120078
0.193845
0.271
0.350903
0.432831
0.515766
0.594601
0.657922
0.703745
0.73815
0.764007
0.781395
0.790418
0.79367
0.794403
0.794491
-0.0773405
-0.0678196
-0.0317221
0.0264544
0.0972836
0.174562
0.255648
0.339855
0.426376
0.514087
0.597475
0.664334
0.712534
0.748556
0.775441
0.793488
0.802952
0.806439
0.807237
0.807319
-0.104735
-0.0951548
-0.0579954
0.00217552
0.0756703
0.156053
0.240652
0.328769
0.419545
0.511769
0.599552
0.669849
0.72033
0.757846
0.785674
0.804202
0.813918
0.817578
0.818413
0.818475
-0.13072
-0.121053
-0.082899
-0.0210329
0.0548577
0.138
0.225764
0.317446
0.412172
0.508689
0.600767
0.674476
0.727212
0.76617
0.794844
0.813706
0.823524
0.82726
0.828106
0.828132
-0.15577
-0.145912
-0.106907
-0.0434139
0.0345852
0.120196
0.210816
0.305751
0.404151
0.504759
0.60106
0.678222
0.733262
0.773676
0.803092
0.822177
0.832027
0.835744
0.83657
0.836562
-0.180112
-0.17002
-0.130234
-0.0651671
0.0146912
0.102508
0.195702
0.293605
0.395409
0.499914
0.600385
0.681089
0.738572
0.78052
0.810637
0.829858
0.839686
0.843347
0.844117
0.844087
-0.203843
-0.193526
-0.152886
-0.0864544
-0.00491456
0.084879
0.180379
0.280972
0.385914
0.494103
0.598688
0.683078
0.743213
0.786817
0.817617
0.836923
0.84667
0.850203
0.850885
0.850826
-0.227093
-0.216458
-0.175057
-0.107326
-0.0242726
0.0672813
0.164841
0.267855
0.375669
0.487315
0.595922
0.684164
0.747227
0.792668
0.824175
0.843496
0.853044
0.856368
0.856927
0.856822
-0.249839
-0.23891
-0.196742
-0.127808
-0.0433831
0.049736
0.149127
0.254298
0.364703
0.479545
0.592051
0.684294
0.750617
0.798159
0.830468
0.849708
0.858872
0.861863
0.862269
0.862127
-0.27212
-0.260868
-0.217885
-0.147874
-0.0622184
0.0322825
0.133283
0.240365
0.353077
0.470821
0.587046
0.683402
0.753322
0.803352
0.836712
0.855802
0.864307
0.866763
0.866979
0.866806
-0.29375
-0.282249
-0.238478
-0.167479
-0.080724
0.0149959
0.117382
0.226132
0.340866
0.461209
0.580899
0.6814
0.755232
0.808252
0.843149
0.862162
0.869633
0.871181
0.87109
0.870896
-0.314869
-0.30301
-0.258498
-0.186595
-0.098864
-0.00208152
0.101518
0.211683
0.328165
0.450793
0.573627
0.678188
0.756187
0.812747
0.849935
0.869354
0.875522
0.875477
0.874676
0.874449
-0.335308
-0.323122
-0.27791
-0.205172
-0.116556
-0.0188621
0.0857757
0.197141
0.315085
0.439645
0.565278
0.673668
0.755982
0.816583
0.856961
0.877943
0.883308
0.880967
0.878302
0.877227
-0.355123
-0.342624
-0.296657
-0.223155
-0.133762
-0.0352747
0.07024
0.18259
0.301742
0.427908
0.555928
0.667752
0.754397
0.819362
0.863664
0.88786
0.894501
0.89092
0.884281
0.875535
-0.374229
-0.361474
-0.314834
-0.240699
-0.150689
-0.0515968
0.0545749
0.167626
0.287681
0.415072
0.545036
0.659859
0.750899
0.820643
0.869242
0.898154
0.90923
0.906545
0.896449
0.890456
-0.392575
-0.379591
-0.332429
-0.257765
-0.167336
-0.0678261
0.0387975
0.152233
0.272863
0.401025
0.532415
0.649618
0.744741
0.819646
0.871618
0.904145
0.917752
0.919686
0.882161
0.830098
-0.409865
-0.39619
-0.349312
-0.274279
-0.183805
-0.0841112
0.0228594
0.136527
0.257344
0.385828
0.517997
0.636813
0.734873
0.815825
0.868606
0.89623
0.909923
0.893363
0.837022
0.774616
-0.426428
-0.411817
-0.36534
-0.289531
-0.199668
-0.0999826
0.00653381
0.120564
0.241272
0.369655
0.501802
0.621222
0.720123
0.80993
0.857817
0.904514
0.865543
0.818852
0.748378
0.681495
-0.412395
-0.394035
-0.343737
-0.263444
-0.167932
-0.0651022
0.0466463
0.163456
0.287253
0.419439
0.546138
0.653526
0.744525
0.839395
0.878617
0.797274
0.746948
0.681179
0.608059
0.560114
-0.43682
-0.420492
-0.384106
-0.31364
-0.224145
-0.125309
-0.0185251
0.0949465
0.214989
0.342288
0.472859
0.5908
0.687467
0.769611
0.843159
0.835564
0.711492
0.626229
0.562325
0.479912
-0.457089
-0.441323
-0.399276
-0.327452
-0.237502
-0.139042
-0.0333934
0.0791759
0.198274
0.32421
0.453197
0.569062
0.662533
0.733273
0.759013
0.681644
0.541927
0.445769
0.370229
0.282759
-0.477802
-0.465102
-0.418532
-0.345429
-0.255388
-0.156581
-0.0509493
0.0613308
0.179551
0.304024
0.430252
0.541564
0.626167
0.682694
0.659389
0.528204
0.376934
0.259887
0.162073
0.0265944
-0.50173
-0.488605
-0.439862
-0.365537
-0.275235
-0.176337
-0.070802
0.0409249
0.158066
0.280688
0.403551
0.509434
0.585564
0.620747
0.562189
0.380305
0.200178
0.0484347
-0.0911666
-0.286721
-0.524688
-0.511866
-0.4619
-0.386308
-0.295493
-0.19662
-0.0914511
0.0194537
0.13526
0.255642
0.37469
0.474437
0.542774
0.544082
0.436079
0.240008
0.0288019
-0.16965
-0.343305
-0.733575
-0.547734
-0.535246
-0.484735
-0.408201
-0.316962
-0.218041
-0.113248
-0.0031856
0.111163
0.229047
0.343896
0.436575
0.493641
0.463015
0.313406
0.115135
-0.100045
-0.309633
-0.486937
-0.760698
-0.571733
-0.559381
-0.508616
-0.431483
-0.339945
-0.240968
-0.136506
-0.0272655
0.0855605
0.200756
0.311106
0.396414
0.438901
0.391761
0.203728
0.0125793
-0.182615
-0.347507
-0.418247
-0.456573
-0.597184
-0.584956
-0.53393
-0.456462
-0.36483
-0.26597
-0.161993
-0.053805
0.0571689
0.169177
0.274354
0.351721
0.378166
0.296868
0.106186
-0.0728542
-0.234972
-0.339572
-0.376834
-0.385979
-0.624288
-0.612079
-0.560848
-0.483159
-0.391562
-0.292998
-0.189724
-0.0828532
0.0258963
0.134201
0.233483
0.302673
0.303197
0.192637
0.0171607
-0.148265
-0.285408
-0.339685
-0.351652
-0.356581
-0.653258
-0.640966
-0.589452
-0.511588
-0.420134
-0.32205
-0.219701
-0.114448
-0.00829156
0.0958475
0.188535
0.248655
0.225136
0.0951305
-0.0656739
-0.221297
-0.318594
-0.346666
-0.342905
-0.34297
-0.683791
-0.671705
-0.619706
-0.54171
-0.450505
-0.353077
-0.251902
-0.14857
-0.0453767
0.0541208
0.139756
0.188755
0.156472
0.0053952
-0.141067
-0.277204
-0.316811
-0.329111
-0.333948
-0.334068
-0.715741
-0.703634
-0.651394
-0.573354
-0.482536
-0.385965
-0.286225
-0.185131
-0.085293
0.00917915
0.0872723
0.125276
0.0870877
-0.0714483
-0.207206
-0.300665
-0.345223
-0.332607
-0.329758
-0.329496
-0.748574
-0.736449
-0.684206
-0.606186
-0.515929
-0.420456
-0.322426
-0.223905
-0.127818
-0.0386521
0.0315133
0.0606078
0.00153732
-0.138277
-0.259314
-0.307702
-0.323594
-0.325738
-0.326597
-0.32654
-0.781539
-0.769485
-0.717261
-0.639647
-0.550216
-0.456117
-0.360131
-0.264512
-0.17256
-0.0889853
-0.0263105
-0.0132621
-0.0826003
-0.19632
-0.28885
-0.314955
-0.320435
-0.324093
-0.324453
-0.324619
-0.813398
-0.801787
-0.749718
-0.672999
-0.584686
-0.49232
-0.398745
-0.306362
-0.218847
-0.141263
-0.0846081
-0.0868755
-0.161477
-0.250591
-0.305819
-0.360011
-0.337299
-0.32746
-0.325179
-0.324978
-0.84268
-0.831567
-0.780508
-0.704888
-0.618375
-0.528193
-0.437466
-0.348668
-0.265749
-0.194391
-0.143165
-0.152649
-0.242285
-0.307722
-0.317791
-0.316445
-0.332149
-0.335731
-0.335731
-0.335372
-0.867689
-0.857279
-0.807694
-0.73414
-0.650032
-0.562604
-0.475244
-0.390434
-0.31214
-0.246817
-0.202259
-0.213325
-0.317484
-0.406812
-0.381441
-0.389235
-0.381046
-0.371684
-0.366987
-0.364997
-0.886073
-0.876591
-0.829308
-0.758822
-0.678145
-0.594285
-0.510841
-0.430427
-0.356812
-0.29683
-0.259315
-0.268555
-0.376362
-0.545335
-0.661804
-0.549716
-0.474829
-0.444225
-0.42853
-0.419574
-0.895764
-0.887125
-0.843273
-0.777023
-0.700918
-0.621691
-0.542938
-0.46725
-0.398378
-0.342794
-0.309379
-0.305735
-0.384322
-0.55441
-0.703892
-0.561981
-0.467401
-0.429852
-0.417418
-0.412678
-0.89255
-0.885434
-0.847933
-0.786851
-0.716628
-0.643279
-0.570099
-0.499638
-0.435355
-0.383229
-0.347987
-0.306973
-0.249827
-0.177062
-0.302438
-0.306521
-0.325592
-0.334959
-0.339817
-0.341301
-0.874932
-0.870067
-0.840456
-0.786961
-0.723972
-0.657745
-0.59107
-0.526294
-0.466741
-0.417333
-0.376982
-0.295159
-0.0494242
0.362984
0.469744
0.0705496
-0.189287
-0.287542
-0.316211
-0.326561
-0.84338
-0.839852
-0.819448
-0.776408
-0.722526
-0.664498
-0.605028
-0.546282
-0.49171
-0.445144
-0.408525
-0.338575
-0.209199
-0.0417255
-0.114783
-0.323201
-0.439035
-0.487818
-0.517605
-0.529792
-0.802292
-0.80005
-0.788156
-0.757169
-0.713263
-0.664021
-0.611901
-0.559138
-0.509209
-0.468371
-0.44325
-0.511104
-0.852768
-1.4377
-1.62355
-1.43539
-1.20319
-1.06631
-0.991017
-0.970903
-0.759746
-0.75844
-0.752423
-0.733545
-0.699752
-0.657827
-0.612375
-0.564463
-0.517336
-0.477251
-0.466182
-0.569641
-0.99407
-1.5361
-1.85087
-1.72313
-1.55476
-1.39049
-1.23955
-1.16847
-0.724932
-0.724224
-0.721397
-0.710123
-0.685149
-0.649577
-0.608194
-0.562453
-0.514501
-0.469262
-0.442479
-0.416871
-0.567278
-0.743015
-0.974658
-1.07105
-1.05358
-1.00535
-0.848224
-0.783524
-0.700156
-0.699351
-0.697943
-0.693239
-0.674681
-0.642933
-0.602158
-0.555233
-0.502949
-0.447214
-0.391054
-0.366306
-0.325637
-0.138573
0.149631
0.416214
0.574852
0.63937
0.682965
0.713606
-0.682158
-0.681847
-0.681279
-0.679441
-0.668012
-0.639055
-0.596874
-0.546683
-0.48911
-0.422994
-0.353758
-0.289367
-0.159771
0.184849
0.594345
0.962403
1.20062
1.3193
1.37431
1.39183
-0.670829
-0.670655
-0.670193
-0.669279
-0.66353
-0.637362
-0.593311
-0.538218
-0.472365
-0.396261
-0.3067
-0.204955
-0.0403699
0.308797
0.712565
1.09035
1.36863
1.5254
1.59473
1.61821
-0.663392
-0.663401
-0.663236
-0.663239
-0.660201
-0.637792
-0.592729
-0.5318
-0.458055
-0.37089
-0.272371
-0.167479
-0.0168699
0.309081
0.678407
1.01978
1.28647
1.44692
1.52592
1.55804
-0.658447
-0.658555
-0.657799
-0.656317
-0.654277
-0.639483
-0.596724
-0.530828
-0.449264
-0.353596
-0.254782
-0.153038
-0.0384142
0.250313
0.588869
0.884081
1.12424
1.27851
1.35963
1.39298
-0.665715
-0.66466
-0.658828
-0.648757
-0.645726
-0.646958
-0.609669
-0.536269
-0.445024
-0.34407
-0.245695
-0.148259
-0.0573574
0.170041
0.466894
0.720937
0.929601
1.07111
1.14485
1.17289
-0.71037
-0.707338
-0.701656
-0.697641
-0.699951
-0.698944
-0.641082
-0.546874
-0.441034
-0.334087
-0.232705
-0.145464
-0.0777795
0.120716
0.36311
0.55936
0.720766
0.831868
0.889879
0.911429
-0.792653
-0.791775
-0.804407
-0.824062
-0.826909
-0.792518
-0.684678
-0.554275
-0.431526
-0.320813
-0.22103
-0.141022
-0.077773
0.0660803
0.245773
0.402479
0.522914
0.605661
0.649374
0.66541
-0.828545
-0.836349
-0.86144
-0.885567
-0.884249
-0.825047
-0.682606
-0.534416
-0.40793
-0.300785
-0.207157
-0.131505
-0.0610546
0.0382606
0.175204
0.285049
0.374817
0.438023
0.471457
0.483284
-0.70264
-0.710011
-0.733861
-0.755857
-0.752889
-0.693857
-0.579311
-0.463322
-0.35908
-0.269223
-0.188079
-0.116333
-0.050393
0.0157836
0.109097
0.19468
0.26236
0.309944
0.333313
0.340565
-0.435296
-0.442004
-0.456054
-0.472597
-0.478489
-0.454855
-0.404897
-0.346177
-0.28638
-0.2258
-0.164029
-0.105729
-0.0521138
-0.00746688
0.0489812
0.113174
0.16693
0.20766
0.227213
0.231391
-0.174619
-0.177818
-0.184928
-0.19887
-0.217088
-0.230404
-0.235348
-0.227729
-0.208708
-0.179134
-0.140744
-0.100079
-0.0651916
-0.0419454
-0.00293572
0.044713
0.0836212
0.11405
0.12628
0.128255
-0.0121621
-0.0138629
-0.0183476
-0.0316122
-0.0567823
-0.0897499
-0.118346
-0.137574
-0.14449
-0.138622
-0.121501
-0.0989882
-0.0803495
-0.0700732
-0.0519184
-0.0199579
0.00930624
0.027824
0.0349439
0.0358901
0.0558865
0.0547401
0.0511709
0.0393475
0.0154798
-0.0175503
-0.0512192
-0.079793
-0.0991949
-0.108011
-0.106935
-0.10041
-0.0953843
-0.0961964
-0.0858305
-0.0686497
-0.0533665
-0.0446446
-0.0419698
-0.0425545
0.0704112
0.0696086
0.0668131
0.0576392
0.038893
0.0120367
-0.0177432
-0.0462451
-0.070045
-0.0876364
-0.0987764
-0.105704
-0.110939
-0.115388
-0.112602
-0.104657
-0.0991585
-0.0985608
-0.0997948
-0.100611
0.0624234
0.0619152
0.059874
0.0533163
0.0398062
0.019828
-0.00400229
-0.0289994
-0.0528154
-0.0745553
-0.0944457
-0.113584
-0.130806
-0.138615
-0.137066
-0.132737
-0.132335
-0.133874
-0.136008
-0.13663
0.0479389
0.0476424
0.0462221
0.0417247
0.0323362
0.0179794
-0.000181508
-0.0207307
-0.0423732
-0.0651712
-0.0907655
-0.12037
-0.149002
-0.1573
-0.152169
-0.148289
-0.148919
-0.152076
-0.154277
-0.154733
0.0336951
0.0335347
0.0325777
0.0295716
0.0231941
0.0131047
-0.000320125
-0.0165797
-0.0351517
-0.0569936
-0.0844196
-0.119501
-0.155154
-0.161281
-0.152158
-0.148843
-0.150353
-0.154159
-0.15633
-0.156578
0.0219853
0.0219048
0.0212987
0.0193717
0.0151637
0.00825148
-0.0013569
-0.0135679
-0.0283015
-0.0467852
-0.0722533
-0.106064
-0.139461
-0.141936
-0.133056
-0.130743
-0.134991
-0.139463
-0.141709
-0.141848
0.0133507
0.0133129
0.0129192
0.0117502
0.00912917
0.004639
-0.00185741
-0.0104264
-0.0211727
-0.0349482
-0.0535296
-0.0786174
-0.102242
-0.100679
-0.0940699
-0.0963186
-0.102999
-0.108382
-0.110662
-0.110848
0.00739104
0.007384
0.00717545
0.00655381
0.00509983
0.00246236
-0.00151954
-0.00684339
-0.013408
-0.0211923
-0.0301845
-0.0408392
-0.0495936
-0.0456702
-0.0438812
-0.0504045
-0.0595987
-0.0652885
-0.0671044
-0.0673874
0.00351262
0.00350989
0.00341988
0.00319663
0.00261189
0.00139447
-0.000583024
-0.00319063
-0.00597013
-0.00781557
-0.00624664
0.000263434
0.010404
0.016965
0.0112268
-0.000521013
-0.0111609
-0.0165976
-0.0180779
-0.0186444
0.00126471
0.00126399
0.00124594
0.00126443
0.00124727
0.000990926
0.000429581
-0.000171447
-4.14749e-05
0.00281198
0.013139
0.0349884
0.0619544
0.0763922
0.0580249
0.0412672
0.0314157
0.0285912
0.0269833
0.0258749
0.000111473
0.000106125
0.00011766
0.00026001
0.000542478
0.00082358
0.00108477
0.0016619
0.003455
0.00880924
0.0233172
0.0518121
0.0853284
0.0999546
0.0790577
0.0633637
0.0579368
0.0559385
0.0552326
0.0536703
-0.000278092
-0.000289245
-0.000291434
-0.000154459
0.000176045
0.000607724
0.00113834
0.00203895
0.00410555
0.00939756
0.0227223
0.0481839
0.0770604
0.0864036
0.0695704
0.0594547
0.056455
0.057729
0.0573052
0.0558517
-2.83935e-05
-3.71765e-05
-5.51099e-05
-5.22176e-05
3.45506e-05
0.000142838
0.000286488
0.000582264
0.00130968
0.00325845
0.00766273
0.0137715
0.0167558
0.0147367
0.0171041
0.0182495
0.0163938
0.0111902
0.0100841
0.0333261
-1.14157
-0.461403
-0.0112911
0.248323
0.435428
0.579081
0.690903
0.781938
0.879132
0.970776
-0.090057
0.105323
0.283577
0.433818
0.559561
0.662233
0.745977
0.81456
0.857116
0.861073
0.243976
0.359754
0.473155
0.574129
0.661047
0.734376
0.794462
0.840124
0.869522
0.887192
0.455195
0.533949
0.612078
0.683572
0.745952
0.799233
0.84309
0.877505
0.903688
0.922791
0.609962
0.66346
0.722461
0.775753
0.822383
0.862982
0.897451
0.926059
0.949477
0.966492
0.73238
0.77324
0.819061
0.859261
0.896552
0.929835
0.958985
0.983907
1.00475
1.019
0.83513
0.869577
0.906632
0.940868
0.973089
1.00268
1.029
1.05158
1.07024
1.08198
0.928337
0.959355
0.993298
1.02588
1.05659
1.08491
1.11001
1.13126
1.1482
1.15774
1.01929
1.0518
1.08708
1.12106
1.15234
1.1806
1.20514
1.22543
1.24088
1.24909
1.12119
1.15868
1.19694
1.23317
1.26519
1.29304
1.31646
1.33544
1.34957
1.35806
1.24808
1.29043
1.3296
1.36544
1.39583
1.42149
1.44302
1.46063
1.47413
1.4843
1.40958
1.45102
1.48471
1.51425
1.53877
1.56027
1.57985
1.59727
1.612
1.6247
1.59997
1.63077
1.65199
1.67111
1.68916
1.70638
1.72259
1.7384
1.75491
1.77183
1.79781
1.8092
1.82024
1.83433
1.84861
1.86144
1.8728
1.88365
1.89655
1.91343
1.9836
1.99351
2.00215
2.00459
2.00545
2.00971
2.0205
2.03644
2.05406
2.05866
2.28464
2.22923
2.1784
2.13815
2.11576
2.11171
2.12521
2.15901
2.21544
2.291
0.849459
0.790765
0.748283
0.714422
0.689762
0.672204
0.659688
0.65075
0.644627
0.641128
0.640719
0.643559
0.648983
0.656909
0.667823
0.68287
0.703876
0.732969
0.77173
0.819555
0.651014
0.65977
0.6653
0.66612
0.662632
0.65658
0.650137
0.644652
0.640796
0.639122
0.640273
0.643847
0.649113
0.655577
0.662337
0.667603
0.669226
0.665989
0.658645
0.650976
0.628053
0.630083
0.634686
0.638194
0.640699
0.64212
0.641821
0.640071
0.637863
0.636271
0.63626
0.638061
0.640762
0.643372
0.644843
0.644499
0.642639
0.639836
0.635785
0.631402
0.621154
0.62202
0.624501
0.627209
0.629213
0.630565
0.631537
0.631972
0.631808
0.631528
0.631849
0.632904
0.633977
0.63444
0.634125
0.633271
0.631856
0.629614
0.626974
0.625007
0.615516
0.615977
0.61737
0.619386
0.621317
0.622882
0.624011
0.624888
0.625583
0.62613
0.626726
0.627336
0.627633
0.62752
0.627034
0.626061
0.624548
0.622717
0.621068
0.620051
0.610351
0.610637
0.611552
0.613015
0.614631
0.616222
0.617628
0.618778
0.619771
0.620688
0.621484
0.621991
0.622116
0.621869
0.621192
0.620118
0.618821
0.617498
0.616408
0.615782
0.605407
0.605608
0.606293
0.607458
0.60883
0.610258
0.61171
0.613087
0.614326
0.615464
0.616437
0.617021
0.61714
0.616815
0.61612
0.615214
0.614221
0.613215
0.612426
0.611986
0.600613
0.600766
0.60131
0.602284
0.6035
0.60482
0.60622
0.607672
0.609111
0.610477
0.611656
0.61238
0.612561
0.612311
0.61178
0.611087
0.610319
0.609553
0.608969
0.608639
0.595891
0.596011
0.596456
0.597296
0.59841
0.599668
0.601037
0.602521
0.604095
0.605691
0.607121
0.608047
0.608399
0.608344
0.608025
0.607542
0.606968
0.606404
0.605977
0.605722
0.591152
0.591249
0.591624
0.592373
0.593423
0.594642
0.596017
0.597559
0.599263
0.601089
0.602815
0.604033
0.604652
0.604847
0.604756
0.604485
0.604112
0.603723
0.60342
0.603218
0.586308
0.586388
0.586713
0.587403
0.58842
0.589637
0.591054
0.592693
0.594568
0.596657
0.598741
0.600337
0.601292
0.601778
0.60194
0.60189
0.601717
0.60149
0.60129
0.601128
0.581272
0.581338
0.581628
0.582285
0.5833
0.584562
0.586062
0.587844
0.589949
0.592369
0.594895
0.596953
0.598305
0.599126
0.599574
0.599762
0.599788
0.599715
0.599603
0.599473
0.575953
0.576009
0.576277
0.576926
0.577975
0.579324
0.580957
0.582943
0.585351
0.588196
0.591268
0.593878
0.595695
0.596901
0.597668
0.598117
0.598351
0.598432
0.598399
0.598293
0.570256
0.570303
0.57056
0.571224
0.572343
0.573824
0.575648
0.577912
0.580708
0.58409
0.587833
0.591107
0.593475
0.595128
0.596257
0.597012
0.597473
0.597702
0.597738
0.597651
0.564067
0.564106
0.564359
0.565061
0.566289
0.567954
0.570038
0.572663
0.575953
0.580004
0.584567
0.588642
0.591667
0.593847
0.595393
0.59648
0.597194
0.597587
0.597693
0.597623
0.557252
0.557282
0.557541
0.558302
0.559682
0.561591
0.56401
0.567094
0.571008
0.575881
0.581443
0.586489
0.590299
0.593104
0.595144
0.596609
0.597614
0.598186
0.59836
0.598303
0.549654
0.549669
0.549938
0.55078
0.552358
0.554578
0.55743
0.561101
0.5658
0.571694
0.578473
0.584681
0.589425
0.592963
0.595588
0.597506
0.598841
0.599602
0.599846
0.5998
0.54102
0.541046
0.541345
0.542282
0.544112
0.546726
0.550134
0.55455
0.560233
0.567393
0.575656
0.583252
0.589098
0.593501
0.59681
0.599268
0.600985
0.601957
0.602271
0.602235
0.531081
0.531095
0.531437
0.532518
0.534673
0.537811
0.541926
0.547283
0.554198
0.562917
0.572979
0.582236
0.589388
0.594813
0.598927
0.60201
0.604169
0.605375
0.605763
0.605733
0.519465
0.519474
0.519852
0.521128
0.523714
0.52752
0.532541
0.539099
0.547566
0.558216
0.570455
0.581687
0.590369
0.596991
0.602053
0.605855
0.608528
0.609987
0.61045
0.610422
0.505635
0.505639
0.506079
0.507619
0.510772
0.515467
0.521678
0.529797
0.540243
0.553284
0.568141
0.581695
0.59215
0.600145
0.606316
0.610945
0.614189
0.615916
0.616449
0.616419
0.488833
0.488832
0.489369
0.491289
0.495228
0.501131
0.508943
0.519123
0.532113
0.548129
0.566115
0.582348
0.594828
0.604393
0.611807
0.617382
0.621254
0.623254
0.623846
0.623808
0.467937
0.467931
0.468631
0.471133
0.476221
0.483845
0.493881
0.506838
0.523104
0.542767
0.564439
0.583745
0.598506
0.609826
0.618613
0.625244
0.629783
0.632039
0.632671
0.632617
0.441201
0.441195
0.442177
0.445651
0.452559
0.462772
0.47602
0.492789
0.513298
0.537422
0.563363
0.586074
0.603304
0.616522
0.626819
0.634581
0.639777
0.64224
0.642877
0.642796
0.405602
0.405612
0.407212
0.412579
0.422737
0.437056
0.455077
0.477057
0.50293
0.532338
0.563082
0.58949
0.609336
0.624557
0.636424
0.645367
0.651138
0.653712
0.654299
0.65418
0.355373
0.355608
0.35927
0.369004
0.385191
0.406259
0.431208
0.460036
0.492443
0.527907
0.56387
0.594133
0.616649
0.6339
0.647367
0.657417
0.663611
0.666153
0.666629
0.666463
0.282893
0.285186
0.295944
0.31507
0.341355
0.371856
0.405657
0.442607
0.48242
0.524556
0.566164
0.600594
0.626041
0.645536
0.660796
0.67196
0.678523
0.681014
0.681404
0.681229
0.205559
0.211838
0.23098
0.260193
0.297117
0.337346
0.380083
0.425293
0.472828
0.522219
0.570407
0.610047
0.639281
0.661637
0.679158
0.691676
0.698433
0.70067
0.700981
0.700885
0.139271
0.145921
0.171645
0.209418
0.255388
0.304559
0.355864
0.409159
0.464286
0.520773
0.575308
0.619865
0.652616
0.677619
0.696934
0.710233
0.716983
0.719064
0.719436
0.719431
0.0850966
0.0920171
0.12174
0.165657
0.218377
0.274877
0.333589
0.394184
0.456366
0.519578
0.580147
0.629341
0.665337
0.692654
0.713544
0.727727
0.73492
0.737307
0.737629
0.737647
0.0400215
0.0472621
0.0794677
0.128068
0.186162
0.248623
0.313562
0.380539
0.449088
0.518523
0.58476
0.638318
0.677355
0.706899
0.729335
0.744643
0.752511
0.754921
0.755302
0.755346
0.00164525
0.00906403
0.0430358
0.0951848
0.157742
0.225241
0.295534
0.368115
0.442392
0.517543
0.589067
0.64672
0.68862
0.720273
0.744275
0.76056
0.768996
0.771685
0.772143
0.772202
-0.0320221
-0.0244858
0.010778
0.0658627
0.132135
0.203957
0.278955
0.356539
0.436021
0.516451
0.59292
0.654408
0.698976
0.732522
0.757839
0.774992
0.78394
0.786987
0.7876
0.787662
-0.062437
-0.054785
-0.0184676
0.0391316
0.108559
0.184129
0.263296
0.345399
0.429666
0.515021
0.596156
0.661263
0.708291
0.743527
0.769974
0.787835
0.797195
0.800548
0.801274
0.801346
-0.0905209
-0.0827674
-0.0455018
0.0141873
0.0864028
0.165271
0.248154
0.334358
0.423044
0.513039
0.598638
0.667223
0.71657
0.753354
0.780726
0.799163
0.808831
0.812403
0.813208
0.813277
-0.117013
-0.109126
-0.0709696
-0.00952743
0.0652231
0.147018
0.233233
0.32317
0.415956
0.510349
0.600291
0.672292
0.723898
0.76214
0.790423
0.809212
0.819055
0.822763
0.82358
0.82363
-0.14235
-0.134293
-0.0952393
-0.0322955
0.0447014
0.129106
0.218329
0.311674
0.408267
0.506852
0.601049
0.676474
0.730351
0.770033
0.799096
0.818127
0.828057
0.831777
0.832625
0.832637
-0.166879
-0.15862
-0.118887
-0.0543399
0.0246273
0.111367
0.203304
0.299757
0.399889
0.50247
0.600862
0.679781
0.73602
0.777191
0.806969
0.826156
0.836075
0.839786
0.840595
0.840623
-0.190748
-0.182261
-0.141831
-0.0758489
0.0048807
0.0937114
0.188084
0.287366
0.390771
0.497144
0.599679
0.682209
0.740988
0.783746
0.814211
0.833498
0.84335
0.846992
0.847737
0.847714
-0.214053
-0.205425
-0.164176
-0.096927
-0.0146008
0.0760931
0.172649
0.274487
0.3809
0.490844
0.597453
0.683748
0.745309
0.789808
0.82096
0.840297
0.849991
0.85347
0.854113
0.85403
-0.236875
-0.228056
-0.186063
-0.117607
-0.0338408
0.0585167
0.157017
0.261145
0.370282
0.483557
0.594135
0.684361
0.749014
0.795468
0.827359
0.846662
0.856064
0.859264
0.859763
0.859639
-0.259246
-0.25023
-0.207458
-0.137888
-0.0528253
0.0410114
0.141225
0.247385
0.358974
0.475309
0.589699
0.683989
0.752071
0.800805
0.833597
0.852775
0.861665
0.864437
0.864766
0.864605
-0.281089
-0.271865
-0.228309
-0.157732
-0.071505
0.0236246
0.125346
0.233286
0.347047
0.466131
0.584123
0.682555
0.754396
0.805856
0.839909
0.858939
0.866988
0.869067
0.869158
0.86897
-0.302337
-0.292903
-0.248603
-0.177102
-0.0898333
0.0064301
0.109452
0.218934
0.334577
0.456105
0.577407
0.679959
0.755853
0.810576
0.846511
0.865634
0.872472
0.873337
0.872982
0.872777
-0.322992
-0.313338
-0.268314
-0.195956
-0.107762
-0.0104986
0.0936336
0.204428
0.321669
0.445305
0.569592
0.676105
0.756255
0.814784
0.853455
0.87347
0.879103
0.877961
0.876451
0.876178
-0.34298
-0.33311
-0.287398
-0.214248
-0.125223
-0.0271057
0.0779761
0.18986
0.308438
0.433843
0.560723
0.670896
0.755389
0.818148
0.860424
0.882803
0.888467
0.885212
0.881211
0.879474
-0.362324
-0.352249
-0.305836
-0.231976
-0.14224
-0.0434067
0.062458
0.175203
0.294854
0.421686
0.550732
0.664114
0.752961
0.820256
0.866709
0.893112
0.901627
0.898629
0.890887
0.874889
-0.38105
-0.370754
-0.323735
-0.249318
-0.159053
-0.0597127
0.0466983
0.159989
0.280368
0.408198
0.53895
0.655052
0.748228
0.8205
0.871
0.90196
0.915188
0.911227
0.903298
0.858716
-0.399432
-0.388237
-0.341009
-0.266133
-0.175562
-0.0759267
0.0308734
0.144439
0.265206
0.393584
0.525446
0.643563
0.740378
0.818126
0.870968
0.901932
0.915489
0.914736
0.863475
0.80317
-0.418507
-0.403604
-0.357435
-0.282269
-0.19201
-0.0922612
0.0147225
0.128553
0.249352
0.37783
0.510091
0.629365
0.728163
0.813047
0.863944
0.880807
0.893184
0.863037
0.79829
0.733872
-0.437382
-0.438906
-0.378449
-0.29522
-0.205318
-0.105834
-0.00115476
0.112992
0.23354
0.361711
0.493507
0.61272
0.71131
0.807122
0.824217
0.834452
0.824094
0.764392
0.691284
0.621373
-0.412768
-0.411545
-0.352841
-0.270183
-0.175224
-0.0724648
0.0369254
0.153561
0.27703
0.40873
0.534748
0.641557
0.730036
0.822975
0.839202
0.742885
0.660992
0.595372
0.523345
0.381308
-0.454212
-0.427583
-0.366087
-0.282689
-0.187908
-0.0853482
0.0234725
0.139516
0.262091
0.392366
0.516023
0.619694
0.699292
0.760351
0.731664
0.606022
0.488815
0.408224
0.32505
0.163762
-0.479017
-0.44759
-0.385007
-0.302072
-0.207206
-0.104823
0.00420891
0.119501
0.240799
0.368922
0.489319
0.587618
0.659428
0.685731
0.609694
0.449851
0.31352
0.212109
0.0980878
-0.134207
-0.503253
-0.469447
-0.405562
-0.321907
-0.226935
-0.124624
-0.0159123
0.0984802
0.218279
0.343832
0.460032
0.551611
0.611323
0.604274
0.472803
0.289019
0.120441
-0.0195288
-0.177967
-0.558181
-0.526554
-0.491839
-0.426854
-0.342278
-0.247125
-0.144968
-0.036864
0.0765118
0.194611
0.317227
0.428457
0.512529
0.554726
0.518587
0.33968
0.135763
-0.0748422
-0.251344
-0.496702
-1.0438
-0.549653
-0.514855
-0.449121
-0.363896
-0.268505
-0.166524
-0.0590144
0.0532565
0.169452
0.288793
0.394544
0.470951
0.494416
0.410105
0.217863
0.00706921
-0.206971
-0.405166
-0.570111
-1.16226
-0.573709
-0.538816
-0.472637
-0.387003
-0.291421
-0.189578
-0.0826255
0.0285141
0.14267
0.258466
0.358537
0.4255
0.425718
0.298746
0.11321
-0.0875033
-0.271617
-0.397729
-0.429692
-0.476684
-0.599153
-0.564178
-0.497727
-0.411909
-0.316317
-0.214769
-0.108545
0.00118608
0.112901
0.224504
0.318437
0.373132
0.351894
0.196393
0.0187313
-0.15721
-0.299008
-0.358964
-0.381559
-0.387319
-0.626349
-0.591141
-0.524484
-0.4386
-0.34316
-0.242089
-0.136852
-0.0288457
0.0800227
0.186818
0.273938
0.314338
0.278782
0.101034
-0.0674362
-0.221752
-0.328701
-0.354784
-0.355951
-0.35634
-0.655386
-0.619845
-0.552952
-0.467056
-0.371913
-0.271537
-0.167543
-0.0615815
0.0440013
0.145449
0.224715
0.253003
0.187307
0.0136342
-0.146341
-0.282449
-0.327707
-0.341842
-0.343028
-0.342627
-0.686163
-0.650225
-0.58309
-0.497262
-0.402555
-0.303078
-0.200594
-0.097022
0.00486107
0.100445
0.171238
0.186594
0.0906384
-0.0676535
-0.213374
-0.320536
-0.333256
-0.333165
-0.334163
-0.333774
-0.718209
-0.682078
-0.614711
-0.529042
-0.434946
-0.3366
-0.235917
-0.135098
-0.0372928
0.0519747
0.114285
0.11202
0.00620054
-0.139662
-0.266689
-0.303323
-0.325229
-0.32923
-0.329634
-0.329328
-0.751173
-0.71471
-0.647458
-0.562088
-0.468817
-0.371861
-0.273282
-0.175581
-0.0822299
0.000545007
0.0534262
0.0391806
-0.0730524
-0.19857
-0.301223
-0.341086
-0.329317
-0.326817
-0.32659
-0.326452
-0.784107
-0.747651
-0.680775
-0.595898
-0.50371
-0.408448
-0.312308
-0.218077
-0.129582
-0.0532099
-0.0115047
-0.0297678
-0.146563
-0.243103
-0.318347
-0.317994
-0.322736
-0.324239
-0.324559
-0.32463
-0.815978
-0.780045
-0.713484
-0.629728
-0.538965
-0.445766
-0.35242
-0.261955
-0.178686
-0.10874
-0.0742532
-0.102969
-0.214164
-0.28416
-0.301843
-0.328743
-0.328511
-0.325838
-0.325028
-0.324805
-0.845218
-0.810254
-0.744778
-0.662508
-0.573663
-0.48297
-0.392834
-0.306389
-0.228483
-0.165225
-0.132519
-0.184117
-0.284241
-0.319297
-0.312181
-0.327302
-0.335236
-0.3359
-0.335565
-0.334948
-0.870113
-0.836626
-0.772941
-0.692936
-0.606639
-0.518992
-0.43252
-0.350357
-0.277639
-0.221283
-0.191495
-0.257017
-0.368188
-0.41777
-0.3953
-0.389972
-0.375539
-0.36891
-0.365804
-0.364072
-0.888359
-0.857045
-0.795956
-0.719337
-0.636493
-0.552546
-0.470247
-0.392644
-0.324791
-0.274877
-0.251003
-0.313716
-0.449987
-0.639544
-0.60672
-0.506625
-0.455577
-0.435428
-0.4231
-0.4181
-0.897627
-0.869033
-0.811959
-0.739819
-0.661562
-0.582288
-0.504697
-0.43186
-0.368626
-0.323161
-0.299379
-0.338815
-0.448024
-0.688535
-0.653566
-0.504886
-0.443891
-0.421733
-0.414417
-0.412203
-0.895103
-0.870719
-0.819085
-0.752569
-0.680228
-0.606701
-0.534504
-0.466667
-0.407602
-0.363474
-0.329372
-0.286121
-0.213376
-0.28142
-0.297576
-0.317261
-0.331518
-0.33779
-0.340988
-0.34092
-0.877142
-0.858911
-0.815685
-0.756244
-0.691214
-0.624475
-0.558423
-0.495844
-0.440326
-0.397677
-0.350488
-0.203593
0.129707
0.576268
0.303159
-0.0821442
-0.254286
-0.304203
-0.323137
-0.327615
-0.84527
-0.8326
-0.80002
-0.750338
-0.693906
-0.634955
-0.575545
-0.518331
-0.467246
-0.426788
-0.380448
-0.27988
-0.107321
0.00719136
-0.235923
-0.392062
-0.466554
-0.504598
-0.525629
-0.531843
-0.803914
-0.795953
-0.774978
-0.736227
-0.689078
-0.638283
-0.585577
-0.533611
-0.487294
-0.454179
-0.445449
-0.636427
-1.13079
-1.59429
-1.57951
-1.30556
-1.12654
-1.01992
-0.975876
-0.970725
-0.761001
-0.756547
-0.744892
-0.718104
-0.6795
-0.63571
-0.5886
-0.540683
-0.496081
-0.466247
-0.459025
-0.757256
-1.25269
-1.77215
-1.81133
-1.63662
-1.47266
-1.30791
-1.1907
-1.16813
-0.72572
-0.723381
-0.717296
-0.69922
-0.668451
-0.629416
-0.585893
-0.538573
-0.491535
-0.447703
-0.440582
-0.481689
-0.649212
-0.868969
-1.03949
-1.07146
-1.03531
-0.943551
-0.805592
-0.771846
-0.69978
-0.698769
-0.696662
-0.685838
-0.66019
-0.623367
-0.579506
-0.529971
-0.474755
-0.417939
-0.377103
-0.356325
-0.251441
0.00377298
0.28555
0.516433
0.610993
0.663958
0.699226
0.726157
-0.68206
-0.681549
-0.680898
-0.675667
-0.655478
-0.619332
-0.572893
-0.518594
-0.457371
-0.389385
-0.317512
-0.240031
-0.0131659
0.392793
0.786132
1.10366
1.26907
1.35359
1.38602
1.39562
-0.670777
-0.670446
-0.669887
-0.668151
-0.653123
-0.617193
-0.566658
-0.506781
-0.436421
-0.351141
-0.255837
-0.150743
0.114459
0.510437
0.907137
1.24647
1.46064
1.56853
1.60942
1.62243
-0.66341
-0.663338
-0.663088
-0.662679
-0.652172
-0.617458
-0.563919
-0.497006
-0.415819
-0.323141
-0.220357
-0.115386
0.127438
0.494837
0.853905
1.16641
1.37985
1.4941
1.54665
1.56372
-0.658602
-0.658296
-0.657032
-0.655789
-0.649896
-0.621301
-0.566268
-0.492048
-0.403018
-0.303758
-0.201556
-0.110877
0.0832294
0.424158
0.741168
1.01324
1.21277
1.32643
1.38126
1.39883
-0.665619
-0.662524
-0.653712
-0.645935
-0.648976
-0.63404
-0.576118
-0.492437
-0.395502
-0.292477
-0.196063
-0.110339
0.037737
0.319529
0.600305
0.830922
1.01035
1.11516
1.16343
1.17731
-0.709174
-0.704948
-0.698474
-0.698111
-0.703227
-0.677258
-0.596433
-0.494741
-0.387843
-0.280717
-0.189072
-0.112251
-0.000820706
0.248124
0.464912
0.644855
0.783802
0.866678
0.90426
0.914367
-0.79046
-0.796337
-0.815993
-0.827787
-0.817381
-0.746407
-0.619482
-0.491296
-0.375624
-0.268115
-0.179268
-0.103806
-0.0189845
0.153815
0.329273
0.466478
0.569785
0.631832
0.660129
0.667255
-0.829244
-0.847345
-0.875036
-0.888946
-0.865022
-0.760571
-0.606302
-0.468421
-0.352896
-0.250995
-0.165761
-0.0902436
-0.0134299
0.107492
0.233381
0.332212
0.41044
0.458073
0.47972
0.483844
-0.704178
-0.72135
-0.746163
-0.759165
-0.732136
-0.639303
-0.520513
-0.409407
-0.313054
-0.226629
-0.150553
-0.0826155
-0.0175808
0.0616368
0.154525
0.230414
0.28941
0.324458
0.338088
0.340096
-0.437955
-0.448209
-0.464395
-0.477954
-0.471507
-0.431373
-0.376086
-0.316405
-0.256458
-0.194237
-0.134467
-0.0794302
-0.0295004
0.0175486
0.0819893
0.141057
0.190161
0.219464
0.231226
0.230642
-0.17623
-0.18061
-0.191076
-0.207918
-0.22443
-0.234435
-0.232868
-0.219465
-0.195228
-0.160411
-0.120603
-0.0829498
-0.0517051
-0.0255141
0.0204242
0.0658961
0.102673
0.121937
0.127459
0.126732
-0.0131515
-0.01534
-0.0236388
-0.0427097
-0.0730827
-0.104925
-0.129257
-0.142423
-0.143041
-0.130969
-0.110707
-0.0900639
-0.0728808
-0.0646643
-0.0369541
-0.00425532
0.0202584
0.0326293
0.0363808
0.0347258
0.0552096
0.0536297
0.0465682
0.0289483
-0.0004192
-0.0346321
-0.0663595
-0.0906308
-0.104747
-0.108314
-0.104126
-0.0980283
-0.0951326
-0.0921626
-0.0776516
-0.0601773
-0.0479495
-0.0431728
-0.0419464
-0.0432677
0.0699892
0.0687238
0.0632489
0.0495127
0.0261589
-0.00271037
-0.0323188
-0.0587835
-0.0794471
-0.0937717
-0.102756
-0.109111
-0.113715
-0.11497
-0.108453
-0.10141
-0.0983751
-0.0990438
-0.100274
-0.101101
0.062196
0.0612556
0.0573269
0.0474839
0.0304602
0.00827965
-0.0164943
-0.0410844
-0.0637449
-0.0845428
-0.104165
-0.123371
-0.137096
-0.138554
-0.134578
-0.131929
-0.132707
-0.135164
-0.13642
-0.137008
0.0478322
0.0471768
0.0444785
0.0376943
0.0257046
0.00932251
-0.010257
-0.031412
-0.053465
-0.0776585
-0.105256
-0.135745
-0.157074
-0.155397
-0.149638
-0.148618
-0.150407
-0.153413
-0.154621
-0.155007
0.0336582
0.0332183
0.031416
0.0268522
0.0185887
0.00679011
-0.0081234
-0.0255295
-0.0455196
-0.0697693
-0.101299
-0.138125
-0.162923
-0.157218
-0.149482
-0.148767
-0.152392
-0.155535
-0.156562
-0.156734
0.0219714
0.0217023
0.020561
0.0175941
0.0120437
0.00378325
-0.00713709
-0.0205663
-0.0367939
-0.0586886
-0.0882886
-0.12433
-0.145222
-0.136895
-0.131242
-0.132572
-0.137415
-0.140952
-0.141891
-0.141902
0.0133627
0.0131759
0.0124737
0.0106553
0.00712609
0.00164805
-0.00587856
-0.0154916
-0.0276521
-0.0436043
-0.0653935
-0.0921764
-0.104568
-0.0966835
-0.0943363
-0.0995187
-0.106015
-0.109931
-0.11087
-0.110854
0.00740654
0.00730881
0.00693844
0.00596074
0.00393953
0.000642183
-0.00401625
-0.00997041
-0.0171206
-0.0256414
-0.0353801
-0.0463622
-0.0486099
-0.0424952
-0.046722
-0.0554852
-0.0629243
-0.0665543
-0.0673387
-0.0673982
0.00352412
0.00347419
0.00333748
0.00296765
0.00209266
0.000496781
-0.00182831
-0.00459699
-0.00710806
-0.00766552
-0.00361807
0.0042505
0.0189477
0.0182926
0.00617585
-0.00669804
-0.0145676
-0.017559
-0.0183958
-0.0186921
0.0012719
0.00125005
0.00125071
0.00127343
0.00115778
0.000737369
0.000104063
-0.000265701
0.000867495
0.00670462
0.0226819
0.0496765
0.0728485
0.0674527
0.0493962
0.0356561
0.0293933
0.0277355
0.0264335
0.0256847
0.000112696
0.00010255
0.000168109
0.000390991
0.000688789
0.000945923
0.00129539
0.00232237
0.00545174
0.0145274
0.0360615
0.069002
0.0959508
0.0876923
0.0697924
0.0600581
0.0565639
0.0557497
0.0544044
0.0533049
-0.00028133
-0.000296719
-0.000245148
-9.534e-06
0.000382611
0.000853514
0.00151029
0.00285674
0.00614036
0.0147128
0.0341582
0.0630653
0.0850313
0.0765413
0.0633732
0.0571112
0.0568427
0.0577323
0.0565959
0.0553703
-0.000246842
-0.000266301
-0.000266459
-0.000189509
2.10844e-05
0.000293314
0.000619007
0.00116597
0.00235331
0.0052428
0.0126072
0.0264974
0.0421058
0.0443958
0.0362395
0.0332818
0.032971
0.0352239
0.0345975
0.0328149
-0.755457
-0.190364
0.130345
0.346128
0.511121
0.637462
0.739031
0.82654
0.9358
0.933597
0.0532862
0.200934
0.361915
0.499909
0.613671
0.706093
0.782291
0.840407
0.864233
0.868438
0.318276
0.417839
0.52551
0.619329
0.699374
0.766087
0.819281
0.8567
0.880071
0.897167
0.505959
0.574611
0.649067
0.715898
0.773751
0.822353
0.861451
0.891442
0.91504
0.933745
0.646686
0.698021
0.750028
0.799858
0.843445
0.88097
0.912466
0.93832
0.959985
0.97834
0.760569
0.797938
0.839388
0.878396
0.913706
0.944921
0.971994
0.994756
1.01386
1.03165
0.858217
0.888504
0.924006
0.957265
0.988259
1.01628
1.04079
1.06136
1.07804
1.09541
0.947805
0.976327
1.00982
1.04149
1.0711
1.0979
1.12116
1.14027
1.1547
1.17183
1.03826
1.06926
1.1044
1.13704
1.16689
1.19337
1.21585
1.23379
1.24635
1.2636
1.14188
1.17763
1.21556
1.24969
1.27966
1.30531
1.32652
1.34311
1.35467
1.37251
1.27101
1.31006
1.34821
1.38127
1.4092
1.43274
1.45234
1.46782
1.47963
1.49788
1.43213
1.46815
1.50023
1.527
1.5498
1.57029
1.58889
1.60491
1.61861
1.63648
1.61682
1.64187
1.66173
1.68024
1.69789
1.71463
1.73049
1.74648
1.7636
1.78274
1.8035
1.81435
1.82706
1.84161
1.85522
1.86729
1.8782
1.88954
1.90495
1.92438
1.9854
1.99883
2.00389
2.00491
2.00687
2.01423
2.02794
2.04553
2.05927
2.07061
2.25427
2.20368
2.15621
2.12463
2.11157
2.11613
2.13937
2.18442
2.25112
2.34524
0.706087
0.703077
0.697017
0.686087
0.673592
0.662275
0.653207
0.646439
0.641959
0.640044
0.641255
0.645226
0.651377
0.659653
0.670147
0.682462
0.694813
0.703522
0.708034
0.710199
0.634395
0.641042
0.646286
0.6499
0.651008
0.649367
0.645904
0.6421
0.639101
0.63777
0.638832
0.641855
0.645932
0.650149
0.653173
0.653699
0.651378
0.646998
0.640705
0.63488
0.624291
0.627252
0.630613
0.633099
0.634853
0.636029
0.636246
0.635486
0.634407
0.633934
0.634776
0.636499
0.638157
0.638937
0.638516
0.63726
0.635358
0.632487
0.629151
0.626863
0.618252
0.619675
0.621884
0.624152
0.625868
0.627055
0.627934
0.628505
0.628758
0.629047
0.62972
0.630464
0.630797
0.630588
0.629961
0.628818
0.627007
0.624782
0.623031
0.621947
0.6129
0.613717
0.615178
0.616947
0.61868
0.620147
0.621272
0.622197
0.623013
0.623756
0.624397
0.624751
0.624739
0.624369
0.623548
0.622266
0.620745
0.619226
0.618207
0.61754
0.607858
0.608412
0.609491
0.610899
0.612403
0.613897
0.615275
0.616466
0.617534
0.618522
0.619252
0.619571
0.619484
0.618969
0.618083
0.616996
0.615831
0.614754
0.614064
0.613596
0.602998
0.603412
0.604273
0.605477
0.606797
0.608195
0.60963
0.611027
0.612327
0.613523
0.614408
0.614795
0.6147
0.614213
0.613485
0.612638
0.611744
0.610939
0.610432
0.610076
0.598251
0.598577
0.599286
0.60034
0.601565
0.602895
0.604319
0.605817
0.607324
0.608761
0.609847
0.610365
0.61039
0.610079
0.609561
0.608918
0.608237
0.607644
0.607265
0.606981
0.593532
0.593796
0.594399
0.595352
0.596515
0.59781
0.599246
0.600823
0.602505
0.604206
0.605556
0.606301
0.606552
0.606466
0.606162
0.605726
0.605239
0.604814
0.604531
0.604297
0.588752
0.588972
0.589501
0.590391
0.591516
0.592811
0.594297
0.595982
0.597857
0.599849
0.601538
0.602603
0.603142
0.603308
0.60323
0.603011
0.602704
0.602424
0.602216
0.602017
0.583823
0.58401
0.584489
0.585346
0.58647
0.587807
0.58938
0.591222
0.593342
0.595685
0.597794
0.599254
0.600131
0.600587
0.600757
0.600748
0.600625
0.600475
0.600327
0.600154
0.578657
0.57882
0.579269
0.580125
0.58129
0.582711
0.584418
0.586475
0.588912
0.591699
0.594321
0.596248
0.597518
0.598304
0.598749
0.598951
0.599022
0.598992
0.598894
0.598739
0.573162
0.573307
0.573745
0.574629
0.575875
0.577427
0.579331
0.581677
0.58452
0.587863
0.591107
0.59359
0.595319
0.596478
0.597231
0.597695
0.597946
0.598025
0.597969
0.597826
0.567234
0.567365
0.567809
0.568751
0.57012
0.571857
0.574029
0.576749
0.580108
0.58414
0.58814
0.591287
0.593558
0.59515
0.596249
0.596993
0.597449
0.597637
0.597619
0.597484
0.56075
0.56087
0.561334
0.562364
0.563906
0.565893
0.568414
0.57161
0.575613
0.580488
0.585406
0.589353
0.592269
0.594371
0.595865
0.596929
0.597612
0.597913
0.59793
0.597799
0.553561
0.553674
0.55417
0.555324
0.557091
0.559401
0.562367
0.566168
0.570975
0.576887
0.582918
0.587821
0.591499
0.594205
0.596168
0.5976
0.598535
0.598954
0.599004
0.598873
0.545484
0.545597
0.546126
0.547443
0.549497
0.552219
0.555757
0.560322
0.566132
0.573315
0.58069
0.586734
0.59131
0.594722
0.597254
0.599114
0.600328
0.600873
0.600954
0.600821
0.536211
0.536335
0.536959
0.538475
0.540898
0.544157
0.548421
0.553951
0.561013
0.569762
0.578751
0.586146
0.591783
0.596024
0.599222
0.601585
0.603115
0.603795
0.603907
0.603767
0.525475
0.525596
0.526338
0.528123
0.531019
0.534967
0.540151
0.546894
0.555508
0.566164
0.577098
0.586099
0.592994
0.598218
0.602188
0.605134
0.607024
0.607848
0.607989
0.607839
0.5128
0.512939
0.513834
0.515976
0.519488
0.524329
0.530708
0.539007
0.549572
0.562565
0.575818
0.586695
0.59504
0.601408
0.606276
0.609898
0.612186
0.61316
0.613325
0.613162
0.497549
0.497725
0.498847
0.501474
0.50581
0.511845
0.519798
0.530108
0.543134
0.558978
0.574971
0.588025
0.598029
0.605713
0.611616
0.616
0.618716
0.619837
0.620019
0.619838
0.478803
0.479053
0.480516
0.483838
0.489324
0.497005
0.507089
0.520043
0.536176
0.55547
0.574656
0.59019
0.602077
0.611233
0.618291
0.623525
0.626686
0.627941
0.628128
0.627927
0.455162
0.455553
0.457563
0.461942
0.469132
0.479184
0.492226
0.508684
0.52872
0.552138
0.574995
0.593293
0.607266
0.618057
0.626367
0.632521
0.636113
0.637471
0.637646
0.637422
0.424331
0.425016
0.427986
0.434176
0.44412
0.457754
0.475017
0.496138
0.521041
0.549301
0.576246
0.597523
0.6137
0.626245
0.635911
0.642975
0.646925
0.648325
0.648464
0.648218
0.382219
0.383614
0.388644
0.398398
0.413143
0.432319
0.455521
0.48265
0.51339
0.547139
0.578532
0.60296
0.621436
0.635762
0.646859
0.654746
0.6589
0.660244
0.660319
0.660057
0.321185
0.325599
0.336124
0.352926
0.375831
0.403295
0.434424
0.468934
0.506404
0.54614
0.582131
0.60972
0.630458
0.646544
0.658915
0.667456
0.671611
0.672718
0.672694
0.672433
0.24831
0.256306
0.275547
0.302865
0.336275
0.373091
0.412763
0.455169
0.499965
0.546512
0.588112
0.619815
0.643609
0.661948
0.675942
0.685207
0.689372
0.690409
0.690433
0.690311
0.175082
0.188357
0.216644
0.254312
0.297691
0.343752
0.391989
0.44238
0.494629
0.548159
0.595576
0.631546
0.658547
0.679429
0.69512
0.704738
0.708586
0.709398
0.709413
0.709389
0.114262
0.131362
0.165329
0.210744
0.262243
0.31644
0.37257
0.43052
0.489919
0.55016
0.603107
0.643063
0.672945
0.695878
0.712816
0.722855
0.72651
0.727427
0.72758
0.727617
0.0643471
0.0834936
0.121917
0.173112
0.230971
0.291877
0.35483
0.419568
0.485577
0.552137
0.610306
0.653996
0.686545
0.711405
0.729616
0.740223
0.74435
0.745563
0.745762
0.745846
0.0223992
0.0428067
0.0845609
0.140365
0.203472
0.269996
0.338824
0.409579
0.481603
0.554031
0.617103
0.664305
0.69937
0.726149
0.745655
0.757158
0.761795
0.763217
0.763438
0.763536
-0.0138585
0.00736724
0.0517925
0.111325
0.178848
0.250218
0.324202
0.400338
0.477849
0.555717
0.623378
0.673867
0.711293
0.739801
0.760492
0.772857
0.777987
0.779568
0.779806
0.779899
-0.0460654
-0.0242499
0.0223502
0.0850167
0.1563
0.231896
0.310478
0.391492
0.474059
0.557011
0.628987
0.682546
0.72212
0.75209
0.773799
0.78691
0.79252
0.794236
0.794465
0.79453
-0.075415
-0.0531603
-0.00472047
0.0606459
0.135204
0.214519
0.297229
0.382701
0.469967
0.557722
0.633806
0.690266
0.731797
0.763077
0.785648
0.799215
0.80521
0.807042
0.8073
0.807347
-0.102849
-0.0801273
-0.0300324
0.0376259
0.115088
0.197707
0.284136
0.373695
0.465359
0.5577
0.637778
0.697043
0.740415
0.772912
0.796152
0.810037
0.816294
0.818204
0.81847
0.818485
-0.128874
-0.105642
-0.0542168
0.0155732
0.0956045
0.181182
0.270974
0.364294
0.46009
0.55685
0.64087
0.702919
0.748103
0.781726
0.805534
0.819609
0.825959
0.827885
0.828154
0.828124
-0.153897
-0.130114
-0.0775724
-0.00579005
0.0765166
0.164751
0.257599
0.354378
0.454054
0.555102
0.643053
0.70794
0.754974
0.789689
0.813939
0.828114
0.83445
0.836364
0.836594
0.836526
-0.178185
-0.15391
-0.100173
-0.0266619
0.0576832
0.148303
0.243912
0.343872
0.447188
0.552383
0.644302
0.712155
0.761156
0.796984
0.821589
0.835794
0.842086
0.843933
0.844133
0.844032
-0.201895
-0.177065
-0.122196
-0.04715
0.0390272
0.131774
0.229876
0.332743
0.43946
0.548648
0.644579
0.715596
0.766754
0.803733
0.828654
0.842827
0.849003
0.850742
0.850883
0.850753
-0.225083
-0.19968
-0.143748
-0.067296
0.0205154
0.115166
0.2155
0.320997
0.430852
0.54386
0.64384
0.718268
0.771839
0.810063
0.83527
0.849309
0.855267
0.856833
0.856893
0.856737
-0.247729
-0.221825
-0.164855
-0.0871136
0.00215816
0.0984944
0.200813
0.308671
0.421386
0.538
0.642031
0.720143
0.776452
0.816108
0.841596
0.855339
0.860908
0.862228
0.86221
0.862034
-0.269897
-0.243436
-0.185485
-0.106576
-0.0160064
0.0818095
0.185877
0.295824
0.411119
0.531071
0.639109
0.721151
0.780574
0.822013
0.847887
0.861125
0.86603
0.866997
0.866896
0.866711
-0.291474
-0.264474
-0.205599
-0.125651
-0.0339295
0.0651859
0.170772
0.282541
0.400118
0.523099
0.635015
0.721174
0.784134
0.82789
0.854478
0.867026
0.870828
0.871196
0.870983
0.870812
-0.312474
-0.284897
-0.225182
-0.144281
-0.0515429
0.0486916
0.155589
0.268926
0.388462
0.514146
0.629707
0.720071
0.786978
0.83373
0.861743
0.873719
0.87586
0.875008
0.874501
0.874423
-0.332804
-0.304698
-0.244181
-0.162418
-0.0687911
0.0324089
0.140409
0.255058
0.376269
0.504296
0.62316
0.717683
0.788867
0.839299
0.869834
0.88219
0.882598
0.879434
0.877574
0.877274
-0.352524
-0.323848
-0.262549
-0.180008
-0.085598
0.0164238
0.125353
0.241077
0.363664
0.493649
0.61539
0.713847
0.789498
0.844088
0.878288
0.893042
0.893448
0.887834
0.880537
0.863534
-0.37157
-0.342334
-0.280423
-0.197253
-0.10226
0.000405278
0.110005
0.226522
0.350135
0.481677
0.605846
0.707961
0.788459
0.847534
0.886108
0.905651
0.909206
0.9032
0.888309
0.902606
-0.390064
-0.360135
-0.297738
-0.214111
-0.118703
-0.0155875
0.0943715
0.211418
0.335674
0.468279
0.594325
0.699414
0.785029
0.84849
0.889882
0.913045
0.920725
0.911935
0.851005
0.834932
-0.408616
-0.377832
-0.314234
-0.230222
-0.134388
-0.0311044
0.078664
0.19603
0.320569
0.453661
0.580839
0.687803
0.778324
0.84613
0.88456
0.906727
0.905449
0.869964
0.802339
0.761632
-0.427935
-0.396391
-0.329492
-0.245235
-0.148942
-0.0459926
0.0632665
0.18053
0.304902
0.437836
0.565246
0.672949
0.766193
0.839397
0.890558
0.872673
0.846736
0.783772
0.712225
0.668853
-0.00787678
0.106113
0.226489
0.354351
0.485427
0.603733
0.700925
0.545474
-0.448601
-0.429769
-0.391212
-0.320343
-0.230641
-0.132158
-0.0260702
0.0868329
0.206395
0.333029
0.462974
0.580302
0.676099
0.753141
0.805254
0.764456
0.622813
0.534963
0.466195
-0.466326
-0.45317
-0.408417
-0.335918
-0.245896
-0.147252
-0.0416802
0.0707265
0.1894
0.314633
0.442343
0.556133
0.645635
0.710194
0.707375
0.60397
0.460784
0.355338
0.266456
-0.489626
-0.476799
-0.429021
-0.355381
-0.26526
-0.166387
-0.0607509
0.0513118
0.169027
0.292632
0.417234
0.525915
0.606056
0.652657
0.6139
0.453946
0.28949
0.157037
0.0397021
-0.513172
-0.500155
-0.450732
-0.375804
-0.285258
-0.186378
-0.0810086
0.0303291
0.146819
0.268362
0.389382
0.492301
0.565151
0.584956
0.500142
0.30886
0.112644
-0.064827
-0.230844
-0.535926
-0.523373
-0.473121
-0.397069
-0.306052
-0.207157
-0.102193
0.00828003
0.123367
0.242513
0.359487
0.455786
0.519163
0.501866
0.373199
0.174474
-0.0423288
-0.247825
-0.433822
-0.559268
-0.546985
-0.496407
-0.419606
-0.328211
-0.229239
-0.124604
-0.0149348
0.0986934
0.2153
0.327991
0.417104
0.46705
0.4278
0.257241
0.0620643
-0.146753
-0.342661
-0.46329
-0.501705
-0.583953
-0.57181
-0.520954
-0.443729
-0.352152
-0.253206
-0.148966
-0.0402162
0.0717261
0.185397
0.293262
0.37473
0.409551
0.34774
0.153555
-0.0328185
-0.210458
-0.343941
-0.38906
-0.412768
-0.610105
-0.598095
-0.547032
-0.469561
-0.377958
-0.279233
-0.175567
-0.0680048
0.0419017
0.152127
0.254458
0.327955
0.342816
0.243876
0.0610322
-0.11104
-0.260809
-0.342533
-0.362504
-0.367938
-0.638059
-0.626047
-0.574765
-0.497112
-0.405609
-0.30727
-0.204423
-0.0983307
0.00917279
0.115465
0.21153
0.276661
0.263006
0.143343
-0.0249669
-0.186852
-0.30439
-0.347868
-0.347592
-0.348733
-0.667721
-0.655814
-0.604179
-0.526383
-0.435093
-0.337311
-0.235522
-0.131186
-0.0264654
0.0754225
0.16464
0.219829
0.189386
0.0487095
-0.104639
-0.255227
-0.319422
-0.337311
-0.338182
-0.337821
-0.69894
-0.687039
-0.635169
-0.557284
-0.466313
-0.369293
-0.268798
-0.16654
-0.0649845
0.0320477
0.114011
0.157377
0.123753
-0.033902
-0.17718
-0.289855
-0.33912
-0.331901
-0.331525
-0.331514
-0.731218
-0.719235
-0.667469
-0.589554
-0.49907
-0.403026
-0.304098
-0.204245
-0.106231
-0.0143903
0.0598217
0.0938588
0.0454999
-0.106234
-0.235815
-0.312694
-0.328643
-0.327573
-0.327892
-0.327689
-0.764033
-0.751988
-0.700474
-0.622765
-0.53298
-0.438162
-0.341108
-0.243995
-0.149925
-0.0635308
0.00283364
0.0250534
-0.0415711
-0.168381
-0.279665
-0.298928
-0.316156
-0.323551
-0.32496
-0.325045
-0.796361
-0.784379
-0.733314
-0.656265
-0.56746
-0.474186
-0.379349
-0.285307
-0.195537
-0.114929
-0.0553655
-0.0508984
-0.121704
-0.225007
-0.296038
-0.347968
-0.331205
-0.326112
-0.324406
-0.324251
-0.826437
-0.815266
-0.765065
-0.689005
-0.601675
-0.510348
-0.418129
-0.327493
-0.242261
-0.16778
-0.113697
-0.120634
-0.201213
-0.278318
-0.319415
-0.328598
-0.330714
-0.329454
-0.328405
-0.328038
-0.853438
-0.842586
-0.794348
-0.71974
-0.634509
-0.545642
-0.45652
-0.369665
-0.289055
-0.22075
-0.172529
-0.183441
-0.281004
-0.351729
-0.331787
-0.339798
-0.348916
-0.349082
-0.347676
-0.347077
-0.874714
-0.864554
-0.818778
-0.747017
-0.664592
-0.578869
-0.493366
-0.410704
-0.334748
-0.272211
-0.231102
-0.242175
-0.349356
-0.477541
-0.511581
-0.472879
-0.430458
-0.405789
-0.395482
-0.390122
-0.888272
-0.879184
-0.836654
-0.768733
-0.690273
-0.608599
-0.527395
-0.44928
-0.378044
-0.320442
-0.285314
-0.290681
-0.391778
-0.587758
-0.748039
-0.58496
-0.492077
-0.453541
-0.43733
-0.429657
-0.891485
-0.884064
-0.845933
-0.783096
-0.709719
-0.633288
-0.557189
-0.48404
-0.417474
-0.363782
-0.330269
-0.308377
-0.337577
-0.417357
-0.564185
-0.471743
-0.403271
-0.381619
-0.37749
-0.377569
-0.882681
-0.876694
-0.844364
-0.788224
-0.721441
-0.651434
-0.581393
-0.513724
-0.45175
-0.400956
-0.362128
-0.292715
-0.142859
0.0929219
0.0646141
-0.103754
-0.245617
-0.29954
-0.315661
-0.321129
-0.858344
-0.854084
-0.829189
-0.78272
-0.724457
-0.662061
-0.598909
-0.537105
-0.480117
-0.431838
-0.391336
-0.307893
-0.0456133
0.379371
0.429674
0.0492598
-0.220383
-0.328233
-0.371528
-0.387498
-0.821618
-0.818988
-0.802321
-0.766664
-0.718884
-0.665071
-0.609295
-0.553566
-0.501321
-0.457654
-0.425669
-0.403799
-0.510586
-0.767565
-0.95196
-0.944906
-0.837907
-0.778209
-0.756087
-0.753074
-0.778818
-0.777173
-0.768636
-0.743799
-0.706729
-0.661546
-0.612771
-0.562792
-0.514553
-0.475182
-0.455777
-0.57323
-1.05608
-1.72012
-1.97516
-1.71409
-1.43496
-1.22902
-1.10033
-1.0612
-0.73972
-0.738646
-0.734789
-0.72034
-0.691922
-0.653684
-0.610681
-0.564168
-0.517473
-0.47568
-0.463268
-0.494333
-0.779625
-1.14725
-1.50273
-1.62959
-1.62105
-1.52293
-1.35876
-1.19131
-0.711299
-0.710694
-0.708378
-0.700848
-0.679187
-0.645824
-0.605163
-0.55931
-0.509054
-0.458606
-0.413692
-0.381421
-0.415793
-0.392842
-0.311923
-0.168692
-0.0687573
-0.0430642
0.0209576
0.0877506
-0.689958
-0.68946
-0.688624
-0.685873
-0.67099
-0.640676
-0.599273
-0.550967
-0.496572
-0.43558
-0.373126
-0.339295
-0.245517
0.049643
0.419063
0.753496
0.953859
1.04289
1.08999
1.10726
-0.67592
-0.675699
-0.675236
-0.673872
-0.665588
-0.637926
-0.594935
-0.542437
-0.480741
-0.409914
-0.33059
-0.239977
-0.0880434
0.269435
0.683828
1.06464
1.32987
1.47457
1.54039
1.56055
-0.666713
-0.666607
-0.666209
-0.665865
-0.66178
-0.637447
-0.592644
-0.534515
-0.464617
-0.382717
-0.286971
-0.182736
-0.021504
0.315897
0.705392
1.06811
1.34571
1.5064
1.58103
1.60854
-0.660514
-0.660647
-0.66053
-0.660405
-0.65824
-0.638808
-0.593935
-0.530463
-0.453005
-0.361237
-0.261473
-0.156604
-0.0224474
0.286687
0.640921
0.956727
1.20961
1.36764
1.44898
1.48287
-0.659014
-0.658753
-0.656086
-0.651051
-0.648741
-0.641471
-0.601395
-0.532697
-0.446673
-0.348209
-0.250897
-0.151861
-0.0511325
0.207473
0.525366
0.804122
1.03084
1.1804
1.25888
1.29003
-0.682595
-0.680387
-0.6726
-0.662073
-0.661262
-0.663164
-0.622284
-0.541176
-0.443464
-0.339503
-0.238911
-0.145795
-0.0679768
0.145124
0.417791
0.63915
0.824972
0.953014
1.01957
1.04433
-0.749
-0.745939
-0.746931
-0.755882
-0.759025
-0.745745
-0.664569
-0.55218
-0.437296
-0.328001
-0.227035
-0.143934
-0.0801558
0.0910137
0.300367
0.479365
0.618554
0.713644
0.763689
0.782293
-0.825454
-0.828389
-0.852286
-0.87577
-0.876124
-0.825459
-0.693512
-0.549521
-0.422272
-0.311903
-0.214491
-0.136999
-0.070795
0.0501239
0.206879
0.337048
0.441239
0.514143
0.552873
0.566765
-0.789101
-0.797119
-0.821577
-0.845183
-0.842504
-0.780742
-0.64432
-0.506306
-0.387012
-0.286724
-0.198472
-0.12353
-0.053754
0.0267892
0.142664
0.23958
0.316724
0.370862
0.398488
0.407993
-0.577702
-0.586386
-0.605932
-0.62556
-0.625974
-0.579957
-0.495966
-0.407872
-0.32482
-0.248553
-0.176374
-0.110189
-0.0495202
0.00517105
0.0773098
0.15179
0.212396
0.256331
0.277736
0.282772
-0.295904
-0.300647
-0.310559
-0.325284
-0.337186
-0.333245
-0.315447
-0.284641
-0.246745
-0.202204
-0.151876
-0.101988
-0.0581891
-0.0236601
0.0230854
0.0780978
0.124565
0.159868
0.175898
0.180745
-0.0796177
-0.081791
-0.0871698
-0.100626
-0.123592
-0.150306
-0.169515
-0.178248
-0.174255
-0.157744
-0.130726
-0.0996589
-0.0726732
-0.0590208
-0.0290737
0.0106277
0.0469384
0.0694463
0.0793027
0.0803123
0.0313098
0.0298203
0.0258144
0.0130246
-0.0122525
-0.0465535
-0.0796264
-0.10519
-0.119614
-0.122016
-0.113379
-0.0991922
-0.0877209
-0.0825295
-0.0705065
-0.0470033
-0.0245339
-0.0104333
-0.0056713
-0.00544521
0.0675178
0.0665415
0.0633507
0.0527855
0.0312766
0.000976328
-0.0312278
-0.0604365
-0.0828006
-0.0966408
-0.102158
-0.102584
-0.10277
-0.105787
-0.0992874
-0.0873286
-0.077933
-0.074065
-0.0737946
-0.0745845
0.0679346
0.0672884
0.0648799
0.057067
0.0410571
0.0177632
-0.00910702
-0.0361076
-0.0602929
-0.0804525
-0.0963305
-0.109429
-0.120427
-0.126881
-0.125614
-0.120076
-0.117419
-0.118263
-0.120347
-0.121069
0.0554256
0.0550341
0.0533224
0.0478693
0.0365724
0.0195796
-0.00131793
-0.0240917
-0.0469837
-0.0695417
-0.0927732
-0.117289
-0.140888
-0.149192
-0.146092
-0.141945
-0.142739
-0.145118
-0.147247
-0.147776
0.0405749
0.0403535
0.039182
0.0354982
0.0277449
0.0156777
1.43026e-05
-0.0183591
-0.0385814
-0.0611524
-0.0881302
-0.121171
-0.155085
-0.161728
-0.154354
-0.150939
-0.151638
-0.155163
-0.157344
-0.157686
0.0274712
0.027365
0.0265947
0.0241724
0.0189599
0.010563
-0.000852754
-0.0150465
-0.031786
-0.0522901
-0.0792022
-0.114741
-0.150185
-0.154737
-0.145288
-0.142024
-0.144953
-0.148946
-0.151125
-0.1513
0.0172875
0.0172179
0.0167413
0.0152275
0.0118775
0.0062628
-0.00170794
-0.0120537
-0.0248137
-0.0410259
-0.0636078
-0.0940089
-0.123023
-0.123436
-0.115733
-0.115375
-0.120766
-0.125769
-0.128084
-0.128235
0.0100807
0.0100624
0.00977226
0.00889122
0.00689078
0.00338213
-0.00179027
-0.00868388
-0.0173353
-0.0281911
-0.0421756
-0.0603755
-0.0770526
-0.074357
-0.069907
-0.0744762
-0.0824387
-0.0880108
-0.0900907
-0.0902956
0.00520516
0.00520042
0.00505106
0.00465882
0.00368623
0.00181691
-0.00108688
-0.00497074
-0.00956578
-0.0143095
-0.0179657
-0.0197579
-0.0198137
-0.0156778
-0.016212
-0.0255288
-0.0355772
-0.0411051
-0.0426639
-0.0430546
0.00221978
0.00222088
0.0021783
0.00209597
0.00183052
0.00113705
-6.16715e-05
-0.00156442
-0.00273721
-0.00199445
0.00431228
0.0191244
0.0390328
0.0501504
0.0372544
0.0217352
0.0113249
0.00695472
0.0055079
0.00482974
0.000573977
0.000573012
0.000575195
0.000678686
0.0008432
0.000899855
0.000811417
0.000914627
0.00206897
0.00651946
0.0195538
0.0454516
0.077354
0.0929745
0.0725425
0.0553652
0.0470606
0.0448618
0.0444078
0.0429125
-0.000170238
-0.000180583
-0.000162972
3.12001e-06
0.000335687
0.000742296
0.0011999
0.00203526
0.00411654
0.00971833
0.0242646
0.0521238
0.0850441
0.0984219
0.0772585
0.064684
0.0600729
0.0601531
0.0597045
0.0580625
-0.000301503
-0.000313481
-0.000303985
-0.000180324
9.36062e-05
0.000483086
0.000967928
0.00174385
0.00347413
0.00770307
0.0183763
0.0389224
0.063448
0.0679406
0.0548804
0.0485913
0.0481378
0.0489945
0.0493149
0.0475906
-0.000256289
-0.000271502
-0.000243884
-9.7448e-05
0.000154001
0.000444287
0.000850086
0.00162356
0.00347906
0.00815349
0.0189151
0.034481
0.0448378
0.0397596
0.0340258
0.0328357
0.0343903
0.0352983
0.0339191
0.00993155
-0.403034
-0.0607496
0.157823
0.347099
0.500039
0.621947
0.719374
0.802283
0.862602
0.858176
0.094951
0.246801
0.387733
0.509213
0.613029
0.699632
0.770937
0.826369
0.860054
0.872411
0.357684
0.453953
0.547633
0.631918
0.705128
0.767353
0.818366
0.857322
0.884952
0.903852
0.53732
0.601728
0.669185
0.731372
0.784867
0.83097
0.869516
0.900634
0.925621
0.943555
0.674083
0.720357
0.772274
0.818171
0.859531
0.89588
0.927343
0.953912
0.976041
0.991522
0.785314
0.822683
0.86323
0.900066
0.934318
0.965367
0.99288
1.01648
1.03616
1.04899
0.882512
0.914755
0.949428
0.982589
1.01373
1.04242
1.06801
1.08983
1.10759
1.11803
0.97329
1.00447
1.03857
1.07176
1.10266
1.13087
1.1557
1.17648
1.19266
1.20123
1.06789
1.10261
1.13932
1.17466
1.2065
1.23468
1.25881
1.27852
1.29329
1.30124
1.18059
1.22088
1.26007
1.29682
1.32856
1.3556
1.37813
1.39634
1.41001
1.41907
1.32436
1.36701
1.40463
1.43829
1.46626
1.49002
1.51061
1.528
1.54184
1.55296
1.50217
1.53974
1.56773
1.59205
1.61306
1.63233
1.65056
1.6677
1.68359
1.6981
1.69983
1.72084
1.73573
1.75152
1.76778
1.78308
1.79678
1.81004
1.82553
1.84389
1.89042
1.89759
1.90813
1.91967
1.92958
1.93877
1.94901
1.96011
1.97172
1.98058
2.10345
2.10522
2.09728
2.08077
2.06962
2.06905
2.0812
2.1058
2.13991
2.16445
2.52309
2.3292
2.22815
2.17027
2.14113
2.1345
2.1497
2.19052
2.26637
2.40932
-0.412215
-0.416688
-0.376846
-0.304043
-0.214136
-0.114894
0.79108
0.858547
0.853313
0.771725
0.698841
0.626001
0.397294
0.17469
-0.0949407
-0.450671
-0.798878
)
;

boundaryField
{
    wall-4
    {
        type            zeroGradient;
    }
    pressure-outlet-7
    {
        type            fixedValue;
        value           uniform 0;
    }
    velocity-inlet-6
    {
        type            zeroGradient;
    }
    velocity-inlet-5
    {
        type            zeroGradient;
    }
    frontAndBackPlanes
    {
        type            empty;
    }
}


// ************************************************************************* //
