/*--------------------------------*- C++ -*----------------------------------*\
  =========                 |
  \\      /  F ield         | OpenFOAM: The Open Source CFD Toolbox
   \\    /   O peration     | Website:  https://openfoam.org
    \\  /    A nd           | Version:  10
     \\/     M anipulation  |
\*---------------------------------------------------------------------------*/
FoamFile
{
    format      ascii;
    class       volScalarField;
    location    "59";
    object      p;
}
// * * * * * * * * * * * * * * * * * * * * * * * * * * * * * * * * * * * * * //

dimensions      [0 2 -2 0 0 0 0];

internalField   nonuniform List<scalar> 
8800
(
0.76707
0.719283
0.680595
0.651601
0.630739
0.615912
0.605321
0.597849
0.593041
0.591001
0.592288
0.596494
0.60315
0.612474
0.62526
0.642997
0.667777
0.70172
0.744271
0.802973
0.598318
0.605997
0.613473
0.616782
0.61528
0.610205
0.603723
0.597652
0.592939
0.590111
0.58985
0.592374
0.596877
0.602832
0.609608
0.615893
0.619536
0.618802
0.613384
0.604695
0.57672
0.58288
0.587007
0.589953
0.592004
0.592612
0.59151
0.589414
0.587411
0.586523
0.587505
0.589904
0.592715
0.594905
0.595518
0.594323
0.591984
0.588593
0.584035
0.580275
0.570908
0.573559
0.576311
0.578715
0.580352
0.581516
0.582263
0.58239
0.582108
0.582079
0.582854
0.584042
0.584895
0.584969
0.584366
0.583279
0.581467
0.578898
0.576496
0.574992
0.565525
0.56695
0.568729
0.570762
0.572548
0.573892
0.574887
0.575694
0.576325
0.576911
0.577588
0.578104
0.578218
0.57794
0.57725
0.576006
0.574314
0.572468
0.571162
0.570331
0.560446
0.561367
0.562608
0.564175
0.565809
0.567337
0.568628
0.569705
0.570687
0.571606
0.572324
0.572674
0.572649
0.57222
0.571347
0.570153
0.56883
0.567572
0.566751
0.5662
0.555536
0.556206
0.557168
0.558471
0.559881
0.561342
0.562787
0.564121
0.565339
0.566475
0.567328
0.567721
0.567656
0.567159
0.566362
0.565421
0.564413
0.563493
0.562909
0.562503
0.550749
0.551266
0.552049
0.553179
0.554457
0.555833
0.557286
0.558769
0.560218
0.561586
0.562629
0.563128
0.563124
0.562753
0.562161
0.561443
0.560674
0.559994
0.559561
0.559244
0.546013
0.546424
0.547079
0.548085
0.549291
0.55062
0.552071
0.55364
0.555283
0.556915
0.558201
0.558891
0.559078
0.558925
0.558553
0.558045
0.55748
0.556992
0.55667
0.556412
0.541242
0.541577
0.542143
0.543069
0.544226
0.54554
0.547027
0.548692
0.550522
0.552441
0.554043
0.555025
0.555486
0.555584
0.55544
0.555154
0.554782
0.554452
0.554215
0.553999
0.536349
0.536626
0.537131
0.538011
0.539149
0.540487
0.542046
0.54385
0.545907
0.548159
0.550159
0.551518
0.552308
0.552691
0.552797
0.552734
0.552553
0.552364
0.552194
0.552007
0.531244
0.531477
0.531943
0.532806
0.533966
0.535371
0.537044
0.539041
0.541389
0.544055
0.546543
0.548354
0.549529
0.55024
0.550623
0.55079
0.550801
0.55074
0.550626
0.550459
0.525837
0.526035
0.526481
0.527358
0.528581
0.530097
0.53194
0.534196
0.536916
0.5401
0.54318
0.545528
0.547153
0.548238
0.548933
0.549343
0.549563
0.549621
0.549554
0.549401
0.520028
0.520198
0.520641
0.52156
0.522887
0.524565
0.526645
0.52924
0.532432
0.536259
0.540057
0.543046
0.5452
0.546715
0.547764
0.548468
0.548892
0.549066
0.549038
0.548894
0.513699
0.513845
0.514301
0.515292
0.516769
0.518669
0.521062
0.52409
0.527879
0.532495
0.537162
0.540918
0.543699
0.545719
0.547169
0.548191
0.54885
0.549145
0.549154
0.549015
0.506714
0.506835
0.507318
0.508413
0.510092
0.512284
0.515079
0.518657
0.523186
0.528769
0.534486
0.53916
0.542684
0.545298
0.547223
0.548612
0.549531
0.54995
0.549993
0.549854
0.498893
0.498992
0.499518
0.500753
0.502691
0.505254
0.508562
0.512834
0.518283
0.525047
0.532032
0.537799
0.542199
0.545514
0.548007
0.549823
0.551033
0.551582
0.551657
0.551515
0.490011
0.490112
0.490692
0.492084
0.494353
0.497398
0.501359
0.506502
0.51309
0.5213
0.529807
0.536873
0.542306
0.546444
0.549609
0.551926
0.553462
0.55415
0.554255
0.554106
0.479759
0.479841
0.480512
0.482129
0.484831
0.488494
0.493282
0.499521
0.507528
0.517502
0.527833
0.536428
0.543077
0.548183
0.552118
0.555023
0.556932
0.557766
0.557897
0.557738
0.467769
0.467836
0.468606
0.470535
0.473795
0.478251
0.484098
0.491726
0.501498
0.513621
0.526127
0.536518
0.544581
0.550814
0.555645
0.559235
0.561549
0.562531
0.562684
0.562511
0.453492
0.453547
0.45446
0.456804
0.4608
0.466302
0.473529
0.48294
0.494924
0.509661
0.524737
0.537214
0.546894
0.554426
0.560293
0.564653
0.567401
0.568527
0.568692
0.568502
0.436168
0.436212
0.437337
0.440264
0.445268
0.452186
0.461251
0.472982
0.487753
0.505661
0.523741
0.538598
0.550108
0.5591
0.566123
0.57134
0.574534
0.575786
0.575953
0.575742
0.414643
0.414686
0.416158
0.419964
0.426423
0.435333
0.44692
0.461717
0.480001
0.501713
0.523252
0.540766
0.554306
0.564913
0.573179
0.579321
0.582936
0.584276
0.584427
0.584194
0.387196
0.387257
0.389314
0.394537
0.403247
0.415082
0.430222
0.44909
0.471763
0.497975
0.523413
0.543828
0.559546
0.571882
0.581493
0.588542
0.592502
0.593869
0.593981
0.593727
0.350797
0.350956
0.354218
0.362053
0.374565
0.390866
0.411069
0.435284
0.463329
0.494726
0.524442
0.54792
0.565902
0.580019
0.591009
0.598859
0.603016
0.604317
0.604368
0.604095
0.299666
0.300638
0.307118
0.320316
0.339431
0.362636
0.389818
0.420792
0.455176
0.49234
0.526569
0.55317
0.573416
0.589273
0.601562
0.610007
0.614142
0.615272
0.615248
0.614964
0.224908
0.232143
0.247133
0.270365
0.299336
0.33179
0.367507
0.406267
0.447681
0.491104
0.53019
0.560163
0.582867
0.600634
0.614217
0.623095
0.627084
0.628029
0.627959
0.627711
0.144525
0.16166
0.185953
0.219879
0.259079
0.300916
0.34524
0.391987
0.440853
0.49125
0.536124
0.570316
0.596089
0.616177
0.631325
0.640457
0.643995
0.644668
0.644615
0.64446
0.0775385
0.0977253
0.129714
0.172719
0.220961
0.271644
0.324321
0.378909
0.43508
0.492249
0.542651
0.580799
0.609431
0.631537
0.64766
0.656667
0.659879
0.660479
0.66048
0.660375
0.022678
0.0445174
0.0820092
0.131437
0.186826
0.244966
0.305032
0.366815
0.429857
0.493492
0.549161
0.591024
0.622258
0.646103
0.663186
0.672344
0.675531
0.676194
0.676222
0.676145
-0.0229988
2.05811e-05
0.0412948
0.0958227
0.156957
0.221256
0.287676
0.355869
0.425216
0.494902
0.555563
0.600951
0.634658
0.660224
0.678312
0.687991
0.691424
0.691985
0.692041
0.691994
-0.0617561
-0.0380689
0.00606629
0.0646395
0.130608
0.200152
0.272094
0.345982
0.421068
0.49639
0.561773
0.610537
0.646641
0.673909
0.693069
0.703418
0.707067
0.707675
0.707746
0.707728
-0.095613
-0.0714869
-0.0250845
0.0368209
0.106873
0.180976
0.257812
0.336842
0.417214
0.497818
0.567687
0.619677
0.658079
0.687002
0.707161
0.718149
0.722133
0.722844
0.722942
0.722942
-0.12606
-0.101547
-0.0532983
0.0114552
0.0850288
0.16313
0.244359
0.328083
0.413361
0.498951
0.5731
0.628176
0.668752
0.699186
0.720352
0.731911
0.73622
0.737105
0.737213
0.737221
-0.154058
-0.129195
-0.0793667
-0.0121602
0.0645134
0.146158
0.231335
0.319359
0.409226
0.499568
0.57785
0.635892
0.678523
0.710334
0.73237
0.744463
0.749048
0.750064
0.75016
0.750156
-0.180406
-0.155146
-0.103853
-0.0345416
0.0448948
0.129699
0.218445
0.310428
0.404605
0.499508
0.58183
0.642769
0.687366
0.72047
0.743215
0.755679
0.760462
0.761566
0.761656
0.761635
-0.20548
-0.17981
-0.127295
-0.0560227
0.0258677
0.113505
0.205488
0.301118
0.399346
0.498654
0.584973
0.648812
0.695324
0.72962
0.752945
0.765667
0.770542
0.771682
0.771746
0.771701
-0.229699
-0.203501
-0.149956
-0.076846
0.00722352
0.0974026
0.192324
0.291309
0.393343
0.496914
0.587242
0.65404
0.702495
0.737921
0.761738
0.774535
0.779426
0.780552
0.780598
0.780528
-0.253196
-0.226581
-0.171905
-0.0971866
-0.011165
0.0812931
0.178869
0.280935
0.386532
0.494231
0.588604
0.658487
0.708983
0.74553
0.769713
0.782491
0.787313
0.788402
0.78843
0.788335
-0.276104
-0.248985
-0.193284
-0.117129
-0.0293601
0.065133
0.165093
0.269963
0.378877
0.49055
0.589013
0.662179
0.7149
0.75263
0.777101
0.789722
0.794374
0.795376
0.795353
0.79524
-0.298555
-0.270874
-0.21418
-0.136708
-0.0473909
0.0489153
0.151005
0.258406
0.370371
0.485833
0.588419
0.665117
0.720349
0.75938
0.784054
0.796358
0.800697
0.801546
0.80147
0.801334
-0.320572
-0.292241
-0.234626
-0.155929
-0.0652319
0.032664
0.136644
0.246299
0.361038
0.480055
0.586762
0.667262
0.725384
0.765959
0.790776
0.802516
0.806352
0.806977
0.806848
0.806701
-0.342001
-0.313056
-0.254559
-0.174771
-0.0828562
0.0164395
0.122064
0.233712
0.350927
0.47323
0.583972
0.668542
0.730004
0.772542
0.797568
0.808459
0.811472
0.811742
0.811553
0.811409
-0.362824
-0.333293
-0.273968
-0.193193
-0.10021
0.000296132
0.107352
0.220717
0.340114
0.465381
0.579999
0.668836
0.734134
0.779239
0.804838
0.814709
0.816381
0.815938
0.815642
0.815554
-0.38311
-0.352922
-0.29283
-0.211165
-0.117235
-0.0156866
0.0925896
0.207413
0.328683
0.456569
0.574795
0.667992
0.737599
0.785983
0.812961
0.822153
0.82197
0.819976
0.81927
0.81947
-0.40269
-0.37192
-0.311092
-0.228629
-0.133874
-0.0314284
0.0778701
0.19391
0.316749
0.446882
0.568344
0.665834
0.740127
0.79243
0.821928
0.831803
0.830198
0.82579
0.823197
0.822809
-0.421658
-0.390278
-0.328772
-0.245617
-0.150161
-0.0469716
0.0631387
0.18015
0.304245
0.436252
0.560511
0.662088
0.741412
0.798061
0.831107
0.843924
0.843527
0.836993
0.828918
0.814927
-0.439943
-0.407984
-0.345986
-0.262327
-0.166376
-0.0626417
0.0479881
0.165664
0.29065
0.424056
0.550668
0.655993
0.740912
0.802172
0.838814
0.856398
0.857846
0.845191
0.825297
0.813794
-0.457369
-0.425173
-0.362543
-0.27856
-0.182171
-0.0780997
0.0326411
0.150769
0.276261
0.410546
0.538864
0.647056
0.73777
0.803587
0.840872
0.858295
0.862353
0.838861
0.771233
0.740913
-0.473273
-0.443095
-0.378117
-0.293828
-0.196758
-0.0928468
0.0174118
0.135694
0.261294
0.39584
0.52502
0.634951
0.73052
0.801609
0.832248
0.844343
0.832963
0.778448
0.709355
0.666863
-0.528686
-0.458905
-0.392239
-0.309258
-0.211758
-0.108345
0.00223188
0.120155
0.245375
0.37947
0.508513
0.619
0.715233
0.792816
0.796943
0.798952
0.748453
0.6776
0.600766
0.558012
-0.490124
-0.474116
-0.413334
-0.32936
-0.233946
-0.130592
-0.0210499
0.0962057
0.220411
0.353058
0.48015
0.588984
0.677354
0.759823
0.745693
0.631269
0.525351
0.451664
0.377995
0.408223
-0.520942
-0.491645
-0.429949
-0.346798
-0.251395
-0.148173
-0.0383737
0.0782315
0.201351
0.332174
0.456436
0.561046
0.639776
0.683848
0.634657
0.484717
0.356197
0.264342
0.165373
0.215154
-0.544675
-0.512442
-0.449523
-0.366219
-0.270704
-0.167589
-0.0578836
0.0578735
0.179574
0.307973
0.428462
0.526844
0.59683
0.606223
0.498899
0.325377
0.172163
0.0529513
-0.0783753
-0.0457144
-0.567896
-0.534128
-0.470023
-0.385797
-0.290198
-0.187238
-0.0780646
0.0367148
0.156799
0.282391
0.398158
0.488655
0.543385
0.521233
0.362108
0.165396
-0.0251748
-0.193246
-0.381843
-0.400474
-0.590523
-0.556299
-0.491298
-0.406293
-0.310548
-0.207812
-0.0992977
0.0143783
0.132589
0.254973
0.365316
0.44789
0.483058
0.424755
0.231973
0.0212774
-0.196032
-0.385272
-0.627141
-0.924759
-0.613444
-0.579209
-0.513661
-0.428164
-0.33223
-0.229665
-0.121739
-0.00920136
0.107025
0.225936
0.330548
0.404675
0.418782
0.309427
0.118775
-0.0911973
-0.29547
-0.467706
-0.536977
-0.61593
-0.637614
-0.603308
-0.537455
-0.451723
-0.355736
-0.253435
-0.146191
-0.034968
0.0789544
0.193863
0.29236
0.355492
0.344609
0.201651
0.0182077
-0.172726
-0.335539
-0.428412
-0.452484
-0.468391
-0.663339
-0.628899
-0.56285
-0.477047
-0.381194
-0.279332
-0.173012
-0.0634075
0.04779
0.158049
0.249963
0.298912
0.270488
0.101624
-0.0729228
-0.238774
-0.365261
-0.404325
-0.417195
-0.41852
-0.690818
-0.656159
-0.589909
-0.504131
-0.408553
-0.307357
-0.202217
-0.094568
0.0134664
0.118502
0.202918
0.237571
0.189608
0.00925902
-0.156252
-0.304751
-0.38076
-0.397912
-0.399261
-0.399077
-0.720112
-0.685149
-0.618654
-0.532969
-0.437825
-0.337496
-0.233807
-0.128462
-0.024008
0.075289
0.151313
0.174441
0.0904085
-0.0750581
-0.232412
-0.354767
-0.39135
-0.389668
-0.388738
-0.388128
-0.750932
-0.715681
-0.648977
-0.56347
-0.468918
-0.369689
-0.267747
-0.16506
-0.064598
0.028511
0.0960076
0.102308
6.05509e-05
-0.153543
-0.292879
-0.368355
-0.378755
-0.381515
-0.38224
-0.381953
-0.782723
-0.747314
-0.680619
-0.595398
-0.50164
-0.403774
-0.303879
-0.204228
-0.108124
-0.0214828
0.0374269
0.0290111
-0.0810462
-0.220108
-0.336792
-0.368643
-0.376733
-0.378106
-0.377916
-0.37765
-0.815012
-0.779484
-0.713129
-0.62835
-0.535639
-0.43942
-0.341914
-0.245672
-0.154308
-0.0740341
-0.0255299
-0.0406778
-0.155416
-0.274158
-0.367329
-0.382998
-0.375459
-0.374675
-0.374652
-0.374449
-0.846893
-0.811451
-0.745602
-0.661733
-0.570359
-0.476144
-0.381392
-0.288907
-0.202676
-0.128573
-0.0898901
-0.105351
-0.220066
-0.316431
-0.369672
-0.380028
-0.37624
-0.374228
-0.373354
-0.37303
-0.87678
-0.842028
-0.777064
-0.694602
-0.60502
-0.513229
-0.42164
-0.333235
-0.252413
-0.184601
-0.149351
-0.178399
-0.272061
-0.351644
-0.361645
-0.375509
-0.377068
-0.374268
-0.373239
-0.372688
-0.903054
-0.869394
-0.806371
-0.725742
-0.638561
-0.549719
-0.461769
-0.377764
-0.302385
-0.241257
-0.206434
-0.250065
-0.319337
-0.360153
-0.39179
-0.385026
-0.381726
-0.381129
-0.381105
-0.380648
-0.923575
-0.891628
-0.831479
-0.753722
-0.669677
-0.584429
-0.500652
-0.421408
-0.351415
-0.297116
-0.265993
-0.314211
-0.364647
-0.380352
-0.406158
-0.406998
-0.409942
-0.412889
-0.412745
-0.411679
-0.936062
-0.906819
-0.85039
-0.776653
-0.696835
-0.615987
-0.536999
-0.462878
-0.398301
-0.350434
-0.324298
-0.377006
-0.432666
-0.439016
-0.425649
-0.452994
-0.467301
-0.468233
-0.464205
-0.463376
-0.937854
-0.912673
-0.861159
-0.792679
-0.718305
-0.64297
-0.569382
-0.500713
-0.441609
-0.399414
-0.373895
-0.433675
-0.54632
-0.650085
-0.592747
-0.532952
-0.496542
-0.480093
-0.473733
-0.472555
-0.926797
-0.906494
-0.861595
-0.800169
-0.732567
-0.663795
-0.596392
-0.533361
-0.479576
-0.44151
-0.415062
-0.458257
-0.549491
-0.802035
-0.696173
-0.527556
-0.448751
-0.427344
-0.421621
-0.419052
-0.900775
-0.885454
-0.849867
-0.797881
-0.738632
-0.67745
-0.61674
-0.559396
-0.509932
-0.474849
-0.433528
-0.380105
-0.282657
-0.269619
-0.285834
-0.296497
-0.316903
-0.326782
-0.329401
-0.327866
-0.862296
-0.852379
-0.826716
-0.785984
-0.736496
-0.683682
-0.629872
-0.577743
-0.531367
-0.496476
-0.45441
-0.283458
0.0226804
0.38702
0.238483
-0.0622519
-0.239922
-0.307612
-0.326728
-0.33157
-0.818067
-0.81242
-0.797038
-0.767295
-0.728164
-0.683405
-0.636162
-0.588442
-0.544139
-0.507852
-0.469489
-0.396511
-0.304755
-0.251831
-0.38063
-0.507904
-0.564843
-0.571114
-0.57998
-0.592068
-0.777997
-0.774574
-0.767145
-0.747373
-0.716659
-0.678881
-0.636933
-0.592693
-0.548688
-0.514727
-0.492969
-0.640616
-1.1193
-1.73256
-1.99965
-1.96913
-1.81992
-1.56397
-1.33979
-1.29193
-0.749226
-0.747051
-0.7433
-0.73101
-0.706528
-0.673286
-0.634289
-0.590508
-0.544981
-0.501139
-0.484866
-0.572602
-0.945982
-1.43089
-1.78564
-1.76401
-1.58831
-1.36876
-1.16401
-1.09156
-0.727943
-0.727126
-0.725921
-0.719754
-0.700625
-0.669593
-0.630232
-0.584374
-0.531905
-0.471275
-0.426108
-0.404814
-0.409744
-0.300662
-0.131852
0.099344
0.271364
0.38045
0.444071
0.469333
-0.716053
-0.715688
-0.715045
-0.712257
-0.6984
-0.668415
-0.626684
-0.57657
-0.516805
-0.448956
-0.374418
-0.299331
-0.116049
0.28711
0.710876
1.09303
1.34643
1.46023
1.50521
1.51472
-0.70899
-0.708606
-0.707665
-0.706683
-0.698681
-0.670241
-0.625208
-0.568998
-0.503357
-0.420296
-0.320809
-0.216661
0.0459602
0.499734
0.970708
1.40092
1.66997
1.78959
1.82614
1.83057
-0.707071
-0.706904
-0.706582
-0.707071
-0.702888
-0.675838
-0.626218
-0.565067
-0.490649
-0.398445
-0.292115
-0.177866
0.0534561
0.461838
0.865561
1.22095
1.45545
1.55935
1.58886
1.59343
-0.705789
-0.706714
-0.709445
-0.713035
-0.710621
-0.682127
-0.630335
-0.565333
-0.484883
-0.389299
-0.281722
-0.175658
0.00341694
0.334283
0.637473
0.883385
1.04326
1.12017
1.15503
1.16646
-0.701012
-0.701649
-0.701047
-0.699284
-0.696624
-0.67783
-0.636618
-0.570785
-0.485845
-0.386636
-0.287449
-0.19573
-0.0593437
0.196682
0.431175
0.60864
0.726757
0.794302
0.831966
0.845971
-0.71775
-0.714165
-0.69731
-0.66827
-0.655999
-0.670798
-0.65178
-0.583862
-0.492356
-0.39013
-0.297217
-0.217828
-0.11011
0.101197
0.293774
0.439777
0.551512
0.618716
0.652116
0.662256
-0.782916
-0.778268
-0.769753
-0.762161
-0.757721
-0.757486
-0.7026
-0.607076
-0.49881
-0.391971
-0.305536
-0.237216
-0.15413
0.0179256
0.178468
0.30884
0.40878
0.468877
0.495666
0.502262
-0.905741
-0.918856
-0.955979
-0.984863
-0.97802
-0.923976
-0.783705
-0.634349
-0.502238
-0.389983
-0.304576
-0.241445
-0.17751
-0.0421891
0.0902362
0.193912
0.275236
0.323667
0.344553
0.348499
-0.990169
-1.01338
-1.05242
-1.07881
-1.06769
-0.99156
-0.811737
-0.633321
-0.49031
-0.377582
-0.295526
-0.23487
-0.175451
-0.0772315
0.0237235
0.102379
0.163027
0.197982
0.212076
0.214161
-0.891352
-0.914602
-0.950021
-0.978642
-0.969779
-0.882954
-0.722356
-0.572067
-0.448255
-0.349897
-0.275955
-0.218814
-0.163859
-0.100039
-0.0272883
0.0319375
0.0782107
0.104512
0.115741
0.115535
-0.598714
-0.615892
-0.645607
-0.67492
-0.678306
-0.628684
-0.541843
-0.453602
-0.376028
-0.30689
-0.249617
-0.203662
-0.164313
-0.120565
-0.0683245
-0.0234621
0.0114001
0.0309105
0.0373627
0.0368327
-0.264002
-0.272531
-0.290964
-0.317897
-0.342511
-0.348776
-0.341422
-0.321011
-0.292507
-0.256784
-0.220414
-0.188763
-0.167732
-0.141755
-0.104421
-0.0718343
-0.0474771
-0.0349221
-0.0310912
-0.0327729
-0.0377513
-0.0415208
-0.053919
-0.0794929
-0.117294
-0.158905
-0.191592
-0.211756
-0.217196
-0.208946
-0.192113
-0.174845
-0.163204
-0.153574
-0.13287
-0.114263
-0.101728
-0.097664
-0.0972663
-0.0988555
0.0578798
0.0557329
0.0465301
0.0241203
-0.0135709
-0.0597213
-0.103544
-0.138805
-0.161542
-0.170609
-0.167408
-0.159847
-0.156391
-0.155284
-0.152686
-0.15021
-0.150493
-0.153126
-0.155211
-0.156015
0.0754049
0.0738403
0.0669935
0.0499121
0.0203633
-0.0177873
-0.0583984
-0.095601
-0.124966
-0.143692
-0.149584
-0.145845
-0.142796
-0.151004
-0.161719
-0.171419
-0.18122
-0.188859
-0.191764
-0.192196
0.0614849
0.0603445
0.0555292
0.0435214
0.0223527
-0.00632211
-0.03949
-0.0729236
-0.10358
-0.128501
-0.142491
-0.144098
-0.142917
-0.158463
-0.175042
-0.188212
-0.198629
-0.204885
-0.206791
-0.207204
0.0397549
0.0389558
0.0356603
0.0274475
0.012653
-0.00832254
-0.0343696
-0.0631089
-0.0928579
-0.122621
-0.148115
-0.165967
-0.174974
-0.187767
-0.196408
-0.202675
-0.207721
-0.210366
-0.211284
-0.21185
0.0195856
0.0190319
0.0167978
0.0112054
0.000888994
-0.0143933
-0.0345679
-0.0588329
-0.0871206
-0.121204
-0.161996
-0.208245
-0.236119
-0.233728
-0.223902
-0.218156
-0.216155
-0.21608
-0.216232
-0.216693
0.0041219
0.00372003
0.00220963
-0.00160416
-0.00882126
-0.019993
-0.0355629
-0.0557401
-0.0817355
-0.117378
-0.168406
-0.23533
-0.274808
-0.255846
-0.234155
-0.223861
-0.220493
-0.22035
-0.22026
-0.220237
-0.00598337
-0.0062786
-0.00730835
-0.00989292
-0.0149121
-0.0229801
-0.03474
-0.0508026
-0.0726288
-0.105475
-0.154709
-0.219129
-0.246456
-0.226358
-0.209533
-0.205733
-0.207772
-0.209825
-0.209943
-0.209588
-0.0112648
-0.0114594
-0.0121495
-0.013818
-0.0171723
-0.0228122
-0.031336
-0.0434265
-0.0603357
-0.084829
-0.120143
-0.16132
-0.172297
-0.162188
-0.159504
-0.166005
-0.173998
-0.1778
-0.178108
-0.177665
-0.012537
-0.0126557
-0.0130826
-0.0141047
-0.0161794
-0.0198417
-0.0255574
-0.0337319
-0.0447846
-0.0593071
-0.0749814
-0.08722
-0.0847584
-0.0844182
-0.0972414
-0.111797
-0.12227
-0.126697
-0.127412
-0.127332
-0.0107637
-0.0108244
-0.0110505
-0.0115554
-0.0126931
-0.0148003
-0.0181922
-0.0229775
-0.0289424
-0.0344269
-0.0330676
-0.0195254
0.00191672
-0.0161684
-0.0403466
-0.059242
-0.0702419
-0.0729973
-0.0741192
-0.0743019
-0.0068977
-0.00691497
-0.00698641
-0.00715266
-0.00759197
-0.00853236
-0.0101154
-0.0122983
-0.0145967
-0.0147827
-0.00597455
0.0162692
0.0391375
0.019802
-0.0040484
-0.020197
-0.0267235
-0.028455
-0.0292286
-0.0296711
-0.00173401
-0.00170872
-0.00171608
-0.00162629
-0.00148944
-0.00140486
-0.00158793
-0.00208331
-0.00234351
-0.00236765
-0.000391672
0.00631861
0.0148707
0.00712744
0.0043557
0.00455206
0.00479996
0.00364828
0.000197567
-0.000865287
-0.153931
0.0126284
0.207006
0.376669
0.51213
0.618682
0.706724
0.781703
0.815918
0.792653
0.147857
0.268286
0.397836
0.509752
0.604016
0.681967
0.74508
0.789906
0.812344
0.824466
0.366088
0.448686
0.537234
0.615392
0.682592
0.738812
0.783535
0.816226
0.839882
0.857896
0.526492
0.585628
0.647055
0.704009
0.753527
0.795588
0.830151
0.857741
0.880492
0.898812
0.651654
0.694657
0.740524
0.784226
0.822845
0.856587
0.885481
0.909542
0.929903
0.947751
0.755802
0.788615
0.826664
0.862146
0.894725
0.923939
0.949476
0.97095
0.988787
1.00614
0.848244
0.876902
0.910831
0.942931
0.972852
1
1.02374
1.04345
1.05894
1.07602
0.936769
0.965951
0.999936
1.03196
1.06155
1.08812
1.11098
1.12946
1.14282
1.15986
1.03205
1.06524
1.10187
1.13544
1.16547
1.19165
1.2136
1.23087
1.24274
1.26014
1.14702
1.18484
1.22347
1.25771
1.28705
1.3118
1.33216
1.34805
1.35952
1.37758
1.29195
1.33049
1.36662
1.3973
1.42298
1.44507
1.46412
1.47965
1.49208
1.51007
1.46702
1.49864
1.52481
1.54726
1.56723
1.58595
1.60367
1.62014
1.63549
1.65356
1.65563
1.67283
1.68786
1.70409
1.71999
1.73453
1.74773
1.76166
1.7792
1.79935
1.83734
1.84688
1.85842
1.86923
1.87851
1.88809
1.89888
1.91024
1.9216
1.93696
2.04458
2.04824
2.03329
2.01848
2.01221
2.01788
2.03636
2.06667
2.09884
2.1255
2.3509
2.21603
2.13939
2.09701
2.07959
2.08355
2.11095
2.16736
2.26998
2.49435
0.657668
0.65554
0.651056
0.642433
0.630209
0.618082
0.607856
0.599964
0.594353
0.591107
0.590763
0.593511
0.598622
0.60585
0.615241
0.626782
0.639434
0.650469
0.656582
0.659636
0.582119
0.587966
0.5943
0.598793
0.601264
0.600941
0.598206
0.5944
0.590896
0.588645
0.588509
0.590716
0.594386
0.59868
0.60249
0.604375
0.60344
0.599959
0.594796
0.588176
0.57369
0.575986
0.57939
0.582386
0.584462
0.58596
0.586718
0.586406
0.585387
0.584514
0.5847
0.586137
0.58796
0.58927
0.589453
0.588564
0.587016
0.584681
0.581418
0.578498
0.568173
0.569259
0.571092
0.57347
0.575495
0.576924
0.577947
0.578704
0.579113
0.579346
0.579849
0.580666
0.581271
0.581343
0.580933
0.580086
0.578618
0.576535
0.574449
0.573066
0.562961
0.563624
0.564732
0.566437
0.568219
0.569853
0.571151
0.572172
0.573062
0.573864
0.574607
0.57517
0.575371
0.575209
0.574645
0.573592
0.572166
0.570623
0.569306
0.568526
0.557975
0.558435
0.559221
0.56052
0.562007
0.563525
0.564993
0.566296
0.56744
0.568508
0.569439
0.570019
0.570173
0.569904
0.56921
0.568222
0.567098
0.565966
0.565052
0.564535
0.553134
0.553478
0.554089
0.555157
0.556451
0.557826
0.559267
0.560718
0.562099
0.563393
0.564521
0.565225
0.565411
0.565142
0.564546
0.563772
0.562922
0.562057
0.561386
0.561008
0.548383
0.54865
0.549143
0.550051
0.551221
0.552518
0.553914
0.555408
0.556957
0.558492
0.559858
0.560742
0.561054
0.56094
0.560551
0.559994
0.559347
0.55871
0.558219
0.557931
0.54364
0.543853
0.544263
0.545061
0.546149
0.547398
0.548785
0.550324
0.552005
0.553776
0.555428
0.556573
0.557122
0.557247
0.557087
0.556749
0.556309
0.555862
0.555512
0.555286
0.538819
0.538991
0.539342
0.540066
0.541108
0.542335
0.543749
0.545372
0.547208
0.549232
0.551226
0.552725
0.553594
0.554004
0.554094
0.553984
0.553755
0.55348
0.553245
0.553065
0.533832
0.53397
0.534279
0.534959
0.535984
0.537234
0.538714
0.540462
0.542508
0.544841
0.547251
0.549191
0.550445
0.551185
0.551559
0.551691
0.551671
0.551562
0.551425
0.55128
0.528588
0.528699
0.528981
0.529641
0.530683
0.532003
0.533593
0.535519
0.53784
0.540565
0.543489
0.54596
0.547668
0.54879
0.549485
0.54988
0.550072
0.550133
0.550082
0.549964
0.522993
0.523081
0.523347
0.524012
0.525108
0.526538
0.528292
0.530466
0.53314
0.536361
0.539918
0.543025
0.54527
0.546833
0.547888
0.548593
0.549026
0.549242
0.549265
0.549169
0.51694
0.517007
0.517266
0.517958
0.519146
0.520734
0.522717
0.525216
0.528343
0.532184
0.536512
0.540385
0.543266
0.545348
0.546819
0.547866
0.548562
0.548948
0.549044
0.548965
0.5103
0.510347
0.510608
0.51135
0.51267
0.514472
0.516756
0.519673
0.523372
0.52798
0.533247
0.538041
0.541681
0.544376
0.546331
0.547761
0.548764
0.549333
0.5495
0.549434
0.502919
0.502949
0.503215
0.504031
0.505527
0.507608
0.510278
0.513726
0.518142
0.523693
0.530102
0.536003
0.540543
0.54396
0.546493
0.548378
0.549726
0.550492
0.550729
0.550675
0.494607
0.494623
0.494891
0.495804
0.497534
0.499959
0.503128
0.507249
0.51256
0.519273
0.527067
0.534291
0.539898
0.544163
0.547376
0.549811
0.551551
0.552531
0.552839
0.552792
0.485053
0.485039
0.485368
0.486421
0.488436
0.491316
0.495119
0.500089
0.506519
0.514665
0.524136
0.532934
0.539801
0.545065
0.549075
0.55215
0.554342
0.55556
0.55594
0.555898
0.473972
0.473934
0.474307
0.475555
0.477941
0.481408
0.486019
0.492065
0.499899
0.509811
0.521306
0.53197
0.54031
0.546746
0.551691
0.555502
0.558216
0.559689
0.56014
0.560098
0.460885
0.46082
0.461271
0.462772
0.465643
0.469877
0.475534
0.482963
0.492568
0.50466
0.518586
0.531446
0.541495
0.549281
0.555321
0.559977
0.563275
0.565015
0.56553
0.565484
0.445146
0.445052
0.445627
0.447479
0.451001
0.45626
0.463307
0.472541
0.484406
0.499187
0.516018
0.531431
0.543437
0.552758
0.560044
0.565659
0.569593
0.571601
0.572167
0.572111
0.425821
0.425699
0.426476
0.428843
0.433281
0.439963
0.448908
0.46055
0.475326
0.493434
0.513697
0.532023
0.546229
0.557263
0.565917
0.572602
0.577204
0.579458
0.580053
0.579979
0.401498
0.40136
0.402469
0.405633
0.411457
0.420223
0.431859
0.446776
0.465308
0.48748
0.511741
0.533336
0.54995
0.562859
0.572981
0.580822
0.586068
0.588513
0.589103
0.589003
0.369882
0.369764
0.371483
0.376027
0.384147
0.396154
0.411735
0.431148
0.454489
0.481548
0.510363
0.535524
0.554697
0.56958
0.581262
0.590261
0.596049
0.598584
0.599123
0.59899
0.326828
0.326872
0.32993
0.33735
0.349725
0.367018
0.388437
0.413905
0.443234
0.475998
0.509841
0.538765
0.560566
0.577456
0.590689
0.600767
0.606888
0.609351
0.609789
0.609621
0.264597
0.265792
0.273267
0.287101
0.307245
0.332943
0.362579
0.395762
0.432183
0.47131
0.510466
0.543213
0.567611
0.586432
0.601092
0.61198
0.618163
0.620316
0.620586
0.620395
0.190779
0.192525
0.206831
0.230582
0.261622
0.297248
0.335855
0.377261
0.421278
0.467419
0.512744
0.55023
0.578
0.59928
0.615701
0.627422
0.633525
0.635447
0.63568
0.635584
0.114597
0.12075
0.141878
0.175837
0.217255
0.262515
0.310057
0.359749
0.411468
0.464757
0.516431
0.558813
0.590056
0.613941
0.632272
0.644639
0.650281
0.651753
0.651918
0.651889
0.0522787
0.060729
0.0864166
0.127371
0.176919
0.230404
0.286006
0.343448
0.402505
0.462666
0.520435
0.567444
0.601914
0.628085
0.647761
0.660531
0.666107
0.667409
0.667616
0.667643
0.00158955
0.0106354
0.0398631
0.0860444
0.141732
0.201845
0.264263
0.328554
0.394325
0.460936
0.524488
0.575886
0.613367
0.641662
0.662775
0.67607
0.681553
0.683127
0.683419
0.68349
-0.0408467
-0.0315185
0.00015583
0.0503296
0.111059
0.176676
0.244881
0.315167
0.386978
0.459532
0.528517
0.584086
0.62445
0.654822
0.677306
0.691345
0.697283
0.699119
0.699435
0.699518
-0.0773864
-0.0679455
-0.0344302
0.0189447
0.0838425
0.154156
0.227402
0.302994
0.38027
0.458322
0.532426
0.59197
0.635111
0.667482
0.69133
0.706305
0.712764
0.714763
0.715118
0.715198
-0.109695
-0.100216
-0.0652867
-0.00920826
0.0591809
0.13354
0.211248
0.291621
0.373915
0.457093
0.536042
0.599379
0.645167
0.679429
0.704593
0.720384
0.727425
0.729603
0.729978
0.730036
-0.13905
-0.129528
-0.0934385
-0.0350252
0.0363572
0.114262
0.195938
0.280648
0.367569
0.45557
0.539147
0.606127
0.654443
0.690465
0.716846
0.733368
0.74095
0.743285
0.743675
0.743715
-0.166324
-0.156751
-0.119638
-0.0592207
0.0148321
0.0958734
0.181096
0.26975
0.360966
0.453537
0.541585
0.612105
0.662838
0.700515
0.727941
0.745077
0.75307
0.75554
0.755941
0.755959
-0.192078
-0.182444
-0.144369
-0.0822596
-0.00579948
0.0780364
0.166454
0.258708
0.353918
0.450834
0.543237
0.617259
0.670362
0.709607
0.737962
0.75557
0.76377
0.766358
0.766758
0.766749
-0.216816
-0.207022
-0.168095
-0.104405
-0.025808
0.06052
0.151823
0.247365
0.346291
0.447344
0.544023
0.621574
0.677064
0.717822
0.747032
0.764972
0.773245
0.775822
0.776222
0.776192
-0.240781
-0.230765
-0.191091
-0.125865
-0.0453744
0.0431762
0.137081
0.235622
0.337993
0.44299
0.543892
0.625042
0.683006
0.7253
0.755241
0.773376
0.781636
0.784171
0.784542
0.784483
-0.26408
-0.253856
-0.213392
-0.146795
-0.0646159
0.0259323
0.122165
0.223428
0.328978
0.437708
0.542784
0.62766
0.688257
0.732178
0.76282
0.781036
0.789165
0.791599
0.79192
0.791838
-0.286879
-0.276355
-0.23514
-0.167268
-0.0835782
0.00874676
0.107059
0.210774
0.319235
0.431476
0.540647
0.629404
0.692884
0.738608
0.769943
0.788095
0.795981
0.798237
0.798478
0.798369
-0.309139
-0.298341
-0.256394
-0.187325
-0.102271
-0.00837098
0.0917891
0.197689
0.308781
0.424279
0.537435
0.630226
0.696919
0.744714
0.77679
0.794715
0.802148
0.804125
0.804257
0.804119
-0.33092
-0.319817
-0.277093
-0.206953
-0.120678
-0.0253923
0.0763926
0.184228
0.297666
0.416136
0.533107
0.630056
0.700336
0.750605
0.783595
0.801114
0.807792
0.809319
0.80932
0.809164
-0.352052
-0.340715
-0.297231
-0.226115
-0.138755
-0.042249
0.0609324
0.170457
0.285958
0.407099
0.527637
0.628809
0.703057
0.756328
0.790629
0.807692
0.813226
0.813958
0.813731
0.813571
-0.372677
-0.360995
-0.316796
-0.244791
-0.156474
-0.0589043
0.0454981
0.156456
0.273742
0.397244
0.521034
0.626381
0.704933
0.761814
0.798104
0.815039
0.819113
0.818383
0.817573
0.817407
-0.392631
-0.380635
-0.335762
-0.262939
-0.173757
-0.0752756
0.0301688
0.142343
0.261125
0.386633
0.513335
0.622665
0.705763
0.766832
0.805968
0.823791
0.826776
0.823817
0.821342
0.820413
-0.411975
-0.399677
-0.354074
-0.280509
-0.190569
-0.0912947
0.0150272
0.128196
0.248218
0.375402
0.504607
0.617557
0.705311
0.770985
0.813701
0.834023
0.837813
0.833322
0.826836
0.818464
-0.430627
-0.41808
-0.371825
-0.297655
-0.207117
-0.10723
-0.000255024
0.113624
0.234583
0.36306
0.494329
0.610513
0.703095
0.773921
0.820639
0.845024
0.852371
0.848169
0.837775
0.832482
-0.44854
-0.435767
-0.389002
-0.31435
-0.223406
-0.123077
-0.0156654
0.0986081
0.220171
0.349486
0.482301
0.601139
0.698323
0.774838
0.824786
0.852499
0.862205
0.861904
0.824058
0.772226
-0.465423
-0.451958
-0.405458
-0.330522
-0.239537
-0.13899
-0.031258
0.0832606
0.205036
0.334732
0.468439
0.58918
0.689871
0.773106
0.82388
0.847385
0.856786
0.837854
0.781224
0.719126
-0.481599
-0.467238
-0.421074
-0.34547
-0.255017
-0.154511
-0.0472564
0.0676347
0.189323
0.318966
0.45276
0.574387
0.676477
0.769212
0.815409
0.85295
0.816416
0.766877
0.695277
0.628255
-0.467547
-0.449383
-0.399038
-0.319095
-0.222426
-0.118995
-0.00639674
0.111314
0.236236
0.369937
0.498615
0.609023
0.703814
0.800789
0.834592
0.751989
0.698582
0.630828
0.556784
0.508354
-0.491795
-0.475471
-0.43936
-0.368819
-0.278764
-0.179409
-0.0718457
0.042472
0.163518
0.292122
0.42445
0.544916
0.645345
0.730165
0.804061
0.790672
0.664552
0.577431
0.512183
0.429154
-0.511566
-0.495948
-0.454228
-0.382365
-0.291802
-0.192844
-0.0863808
0.0270242
0.147132
0.274386
0.405147
0.5237
0.621001
0.694334
0.720078
0.638645
0.495744
0.397714
0.321069
0.233089
-0.531842
-0.519276
-0.473062
-0.400092
-0.30945
-0.210041
-0.103612
0.00949881
0.128725
0.254506
0.382487
0.496535
0.584328
0.643867
0.619581
0.485314
0.331443
0.212608
0.113655
-0.022071
-0.555269
-0.542308
-0.49396
-0.419769
-0.328965
-0.229448
-0.123156
-0.0106127
0.107519
0.231417
0.355989
0.464413
0.542807
0.581115
0.520896
0.336538
0.154572
0.00143493
-0.139088
-0.335125
-0.577718
-0.565076
-0.515552
-0.440069
-0.348832
-0.249374
-0.143487
-0.0317948
0.0849751
0.206581
0.327249
0.42925
0.500305
0.502855
0.393203
0.195239
-0.0173995
-0.216868
-0.391227
-0.78071
-0.600269
-0.587961
-0.537916
-0.461501
-0.369901
-0.270427
-0.164962
-0.0541492
0.0611233
0.18016
0.296496
0.39122
0.450592
0.420645
0.269282
0.0693452
-0.14712
-0.357624
-0.53561
-0.808706
-0.623768
-0.611597
-0.561309
-0.484319
-0.392479
-0.292981
-0.187899
-0.0779542
0.0357447
0.152004
0.263689
0.350703
0.395056
0.348179
0.158506
-0.0342608
-0.230763
-0.396779
-0.468413
-0.507098
-0.648707
-0.636657
-0.586115
-0.508817
-0.416938
-0.317599
-0.213062
-0.104224
0.00755958
0.12053
0.226879
0.305606
0.333396
0.251604
0.0599445
-0.120692
-0.284185
-0.389849
-0.427502
-0.436603
-0.675296
-0.663254
-0.612506
-0.535012
-0.443222
-0.344234
-0.240468
-0.133011
-0.0235267
0.0856348
0.185915
0.256216
0.257368
0.146303
-0.0300959
-0.196943
-0.335387
-0.390355
-0.402393
-0.40729
-0.703727
-0.691585
-0.640564
-0.562922
-0.47133
-0.372887
-0.270121
-0.164357
-0.0575503
0.047344
0.140852
0.201907
0.178619
0.0479487
-0.113707
-0.270579
-0.368895
-0.397372
-0.393606
-0.393661
-0.733704
-0.721751
-0.670251
-0.592509
-0.501225
-0.40351
-0.302006
-0.198246
-0.0944966
0.0056641
0.0919889
0.141581
0.109596
-0.0423214
-0.189614
-0.326962
-0.36711
-0.379565
-0.384553
-0.384789
-0.76507
-0.753119
-0.701351
-0.623602
-0.532769
-0.435997
-0.336024
-0.234596
-0.134303
-0.0392411
0.039487
0.0782081
0.04036
-0.119384
-0.256274
-0.351224
-0.395734
-0.382959
-0.380255
-0.379976
-0.797299
-0.785321
-0.733537
-0.655863
-0.565666
-0.47009
-0.371939
-0.273193
-0.176751
-0.0870381
-0.0162114
0.0140934
-0.0439941
-0.186295
-0.309167
-0.359114
-0.375015
-0.376219
-0.376461
-0.3763
-0.829649
-0.817707
-0.765982
-0.688724
-0.599452
-0.505361
-0.40938
-0.313668
-0.22146
-0.137361
-0.0738213
-0.0584862
-0.124036
-0.243572
-0.340793
-0.365463
-0.370965
-0.374228
-0.374056
-0.373954
-0.86085
-0.849358
-0.797768
-0.72149
-0.633415
-0.541184
-0.447762
-0.355452
-0.267791
-0.189694
-0.131639
-0.130522
-0.194087
-0.291925
-0.363251
-0.412769
-0.387036
-0.376211
-0.373392
-0.372771
-0.889427
-0.878434
-0.827849
-0.752738
-0.666583
-0.576689
-0.486293
-0.397772
-0.314891
-0.243004
-0.189683
-0.194061
-0.260922
-0.324616
-0.377703
-0.37256
-0.376861
-0.376658
-0.37588
-0.375578
-0.913662
-0.90336
-0.854257
-0.781291
-0.697685
-0.610738
-0.523929
-0.439649
-0.361717
-0.295891
-0.248708
-0.2529
-0.320785
-0.355051
-0.358206
-0.384797
-0.391363
-0.392229
-0.392774
-0.392677
-0.931166
-0.921788
-0.874994
-0.805193
-0.72519
-0.642048
-0.559426
-0.479874
-0.407093
-0.347107
-0.306982
-0.310338
-0.378296
-0.397222
-0.373211
-0.412006
-0.430664
-0.440773
-0.441132
-0.438809
-0.939838
-0.931287
-0.887938
-0.822495
-0.74728
-0.669049
-0.591425
-0.517026
-0.449683
-0.395279
-0.361001
-0.365022
-0.450452
-0.512869
-0.515816
-0.494912
-0.493157
-0.487608
-0.479607
-0.475523
-0.935357
-0.928342
-0.891395
-0.831285
-0.762203
-0.690137
-0.618433
-0.549735
-0.487868
-0.43863
-0.409524
-0.412357
-0.501434
-0.678532
-0.756608
-0.60534
-0.511865
-0.472359
-0.460371
-0.456422
-0.916296
-0.911493
-0.882464
-0.830185
-0.768637
-0.704
-0.639116
-0.576539
-0.519885
-0.475238
-0.449238
-0.436372
-0.434966
-0.520721
-0.605993
-0.482852
-0.4136
-0.388399
-0.379718
-0.376217
-0.883164
-0.879693
-0.859896
-0.818238
-0.766136
-0.71004
-0.652651
-0.596204
-0.544347
-0.502747
-0.476097
-0.401229
-0.212292
0.0848672
0.1201
-0.0445884
-0.193421
-0.269618
-0.294097
-0.299835
-0.840597
-0.838383
-0.827036
-0.797573
-0.7558
-0.708836
-0.659074
-0.608544
-0.560439
-0.519585
-0.488086
-0.404696
-0.171991
0.137103
0.227181
-0.0163509
-0.258807
-0.376229
-0.412323
-0.422111
-0.797155
-0.79585
-0.790149
-0.772711
-0.741374
-0.702236
-0.659579
-0.614245
-0.568714
-0.528303
-0.496266
-0.492078
-0.609619
-0.900271
-1.08546
-1.11257
-1.05451
-0.963196
-0.878611
-0.851695
-0.762124
-0.76142
-0.758548
-0.74843
-0.726178
-0.694244
-0.656529
-0.614283
-0.570089
-0.526857
-0.504899
-0.532636
-0.910979
-1.53435
-2.20445
-2.47527
-2.36174
-2.09856
-1.88684
-1.6974
-0.737644
-0.736845
-0.735311
-0.73122
-0.715493
-0.688113
-0.652271
-0.610685
-0.563433
-0.513255
-0.467314
-0.425407
-0.544462
-0.713492
-0.805197
-0.755467
-0.568197
-0.432881
-0.311046
-0.20871
-0.721312
-0.721011
-0.720354
-0.71847
-0.709445
-0.685259
-0.649337
-0.605091
-0.553533
-0.494257
-0.426503
-0.384919
-0.318505
-0.116377
0.202978
0.542667
0.810884
0.961926
1.03666
1.07234
-0.711957
-0.711819
-0.711275
-0.710293
-0.706088
-0.685562
-0.64845
-0.600209
-0.542992
-0.473365
-0.392856
-0.304618
-0.161506
0.201652
0.670586
1.11987
1.4847
1.66586
1.73693
1.75417
-0.70748
-0.707311
-0.706694
-0.705955
-0.70483
-0.689462
-0.650677
-0.597293
-0.532635
-0.455087
-0.35881
-0.245123
-0.0912153
0.274056
0.729021
1.16386
1.50115
1.68177
1.74932
1.76048
-0.706973
-0.707106
-0.7077
-0.708964
-0.709719
-0.697483
-0.655729
-0.597663
-0.527513
-0.442605
-0.340977
-0.227104
-0.0937993
0.215302
0.582177
0.911325
1.16837
1.30651
1.36143
1.37814
-0.702578
-0.703453
-0.705343
-0.70909
-0.711257
-0.699612
-0.660153
-0.602355
-0.528406
-0.436547
-0.335809
-0.231898
-0.130973
0.112672
0.403255
0.638735
0.807437
0.903133
0.954647
0.979107
-0.703244
-0.703774
-0.700028
-0.688955
-0.677069
-0.675603
-0.661862
-0.612887
-0.534419
-0.439094
-0.341823
-0.247073
-0.164444
0.0285647
0.254723
0.440216
0.578055
0.667184
0.717907
0.740807
-0.74402
-0.741794
-0.730549
-0.704564
-0.683249
-0.686751
-0.690565
-0.636408
-0.546492
-0.443425
-0.344826
-0.261645
-0.199894
-0.0420617
0.153517
0.30778
0.431509
0.517153
0.563036
0.580414
-0.840774
-0.837779
-0.846418
-0.868841
-0.875365
-0.859629
-0.801891
-0.683048
-0.55996
-0.445065
-0.345632
-0.270576
-0.216698
-0.0926894
0.0597942
0.193273
0.297863
0.37163
0.409141
0.421972
-0.965449
-0.97033
-1.00474
-1.04569
-1.05735
-1.02575
-0.898263
-0.721028
-0.564771
-0.439105
-0.339761
-0.270822
-0.219774
-0.123397
0.00075056
0.102515
0.183669
0.240579
0.268831
0.278393
-0.966936
-0.977262
-1.00889
-1.04321
-1.05436
-1.01324
-0.874889
-0.692453
-0.537347
-0.416435
-0.324384
-0.25716
-0.202782
-0.137104
-0.0430311
0.0321621
0.0931057
0.134405
0.154802
0.160435
-0.759272
-0.771375
-0.801317
-0.838018
-0.855687
-0.81978
-0.704814
-0.576667
-0.463143
-0.370401
-0.294968
-0.236394
-0.187686
-0.144099
-0.0785829
-0.0214948
0.0253518
0.0579806
0.0724444
0.0766081
-0.421197
-0.429061
-0.447333
-0.473892
-0.49761
-0.494999
-0.461735
-0.412575
-0.360096
-0.308461
-0.258012
-0.214494
-0.179935
-0.152337
-0.109645
-0.066709
-0.0324491
-0.0093831
0.000975053
0.00201958
-0.131375
-0.135047
-0.144816
-0.165665
-0.196305
-0.228846
-0.251631
-0.261763
-0.259095
-0.243577
-0.219287
-0.193016
-0.172411
-0.15965
-0.134192
-0.105691
-0.0829372
-0.0693101
-0.064922
-0.0651277
0.0246765
0.022735
0.0170437
0.000169485
-0.0321313
-0.0767004
-0.121486
-0.15771
-0.180692
-0.189327
-0.184683
-0.172622
-0.162382
-0.159903
-0.150449
-0.138549
-0.129696
-0.127044
-0.127893
-0.128954
0.0735679
0.0723992
0.0682925
0.0549802
0.0278422
-0.0117607
-0.0556765
-0.0967962
-0.129297
-0.150065
-0.157884
-0.154831
-0.149381
-0.150157
-0.155171
-0.15988
-0.165447
-0.171204
-0.175801
-0.176829
0.0707764
0.070048
0.0670567
0.0574494
0.0376193
0.00782651
-0.0278674
-0.0648057
-0.0984018
-0.125055
-0.141302
-0.144352
-0.140124
-0.144976
-0.160317
-0.173817
-0.185632
-0.195659
-0.200668
-0.20154
0.0509419
0.0505225
0.0484196
0.0418082
0.0280217
0.00663175
-0.0207311
-0.0514204
-0.0824904
-0.111578
-0.13558
-0.149255
-0.152065
-0.160694
-0.178131
-0.190557
-0.199928
-0.206443
-0.209124
-0.209754
0.0292274
0.0290264
0.0275677
0.0230779
0.0136043
-0.00159939
-0.0221551
-0.047006
-0.0749178
-0.10536
-0.138322
-0.17155
-0.196908
-0.207889
-0.210564
-0.209379
-0.21135
-0.212382
-0.2131
-0.213584
0.0111994
0.0110775
0.0100661
0.00702599
0.000504964
-0.0103262
-0.0257305
-0.0456926
-0.0703264
-0.101119
-0.141918
-0.196105
-0.250913
-0.259253
-0.241328
-0.227101
-0.220671
-0.219342
-0.219164
-0.219191
-0.00160066
-0.00166413
-0.00240361
-0.00446802
-0.00894277
-0.0166499
-0.0281313
-0.0439069
-0.064636
-0.0932275
-0.13574
-0.197333
-0.260712
-0.259481
-0.235492
-0.220747
-0.216347
-0.217172
-0.217783
-0.217454
-0.00920865
-0.0092359
-0.00974146
-0.0111247
-0.0141319
-0.0195169
-0.0278669
-0.0398568
-0.0564717
-0.0799217
-0.115514
-0.166191
-0.211092
-0.203962
-0.19036
-0.187133
-0.190911
-0.195485
-0.196967
-0.196563
-0.0123731
-0.0123815
-0.0126966
-0.0136021
-0.015508
-0.0190772
-0.0248386
-0.0333286
-0.0452123
-0.0617387
-0.084299
-0.111637
-0.131113
-0.123337
-0.124418
-0.133908
-0.145182
-0.152154
-0.154272
-0.154208
-0.0120074
-0.0119997
-0.0121854
-0.0126687
-0.0137869
-0.015945
-0.0195594
-0.0249543
-0.0323381
-0.0415597
-0.0501558
-0.0523803
-0.0449815
-0.0414209
-0.0570925
-0.0757377
-0.0906117
-0.0979009
-0.0997031
-0.100256
-0.00905109
-0.00902121
-0.00909285
-0.00931241
-0.00984447
-0.010929
-0.0128678
-0.0157918
-0.0195758
-0.0232568
-0.0223016
-0.00876866
0.0155637
0.0173154
-0.00821838
-0.029522
-0.0434011
-0.0479744
-0.0499925
-0.0506543
-0.0017104
-0.00171765
-0.00169095
-0.00154188
-0.00142174
-0.00145772
-0.00181349
-0.00225664
-0.00233737
-0.00181708
0.00223736
0.011033
0.0142229
0.00550956
0.00325121
0.00481767
0.00475049
0.00151114
-0.000546008
-0.0126257
-1.18787
-0.510376
-0.0609069
0.197855
0.383893
0.526315
0.63669
0.726085
0.822083
0.91371
-0.139963
0.0544825
0.231916
0.381367
0.506241
0.607926
0.690672
0.758455
0.800566
0.804388
0.192027
0.307195
0.42001
0.52037
0.606623
0.679297
0.738824
0.784083
0.813235
0.830805
0.401941
0.480274
0.557959
0.62902
0.690946
0.743833
0.787376
0.821562
0.847594
0.866635
0.555892
0.609029
0.667798
0.720736
0.767093
0.807454
0.841735
0.870204
0.89353
0.910502
0.677705
0.718414
0.764005
0.803999
0.841114
0.874252
0.903287
0.928122
0.948901
0.963129
0.78011
0.814449
0.85135
0.885464
0.917575
0.947075
0.97332
0.99585
1.01447
1.02619
0.873081
0.904032
0.937887
0.97039
1.00104
1.0293
1.05435
1.07557
1.09248
1.102
0.963889
0.996361
1.03159
1.06552
1.09676
1.12498
1.14949
1.16977
1.1852
1.1934
1.06571
1.10317
1.1414
1.1776
1.2096
1.23742
1.26083
1.27979
1.29391
1.30239
1.19255
1.23488
1.27403
1.30986
1.34023
1.36587
1.3874
1.405
1.41849
1.42865
1.35401
1.39545
1.42913
1.45866
1.48316
1.50466
1.52423
1.54164
1.55637
1.56906
1.54439
1.57517
1.59639
1.61551
1.63355
1.65077
1.66697
1.68278
1.69929
1.71621
1.74221
1.7536
1.76464
1.77873
1.793
1.80583
1.81719
1.82803
1.84093
1.85781
1.928
1.9379
1.94654
1.94898
1.94984
1.9541
1.96489
1.98083
1.99844
2.00304
2.22903
2.17362
2.12279
2.08255
2.06015
2.0561
2.0696
2.10339
2.15983
2.23538
0.799883
0.741189
0.698709
0.66485
0.640194
0.622641
0.610132
0.601205
0.595096
0.591618
0.591234
0.594099
0.599542
0.607481
0.618405
0.63346
0.654471
0.683568
0.722331
0.770157
0.601433
0.610191
0.615724
0.616546
0.613062
0.607016
0.600582
0.59511
0.591273
0.589624
0.5908
0.594398
0.599681
0.606159
0.612927
0.618199
0.619826
0.616592
0.609254
0.601585
0.578465
0.580495
0.585099
0.58861
0.59112
0.592546
0.592256
0.590518
0.588326
0.586757
0.586774
0.588603
0.591326
0.593952
0.595435
0.5951
0.593247
0.59045
0.586401
0.58202
0.571551
0.572417
0.5749
0.577613
0.579622
0.58098
0.581962
0.58241
0.582265
0.582011
0.582363
0.58345
0.584547
0.585029
0.584728
0.583885
0.582478
0.580243
0.577607
0.575641
0.565894
0.566356
0.567751
0.569771
0.571709
0.573282
0.574422
0.575315
0.576032
0.576608
0.577241
0.577886
0.578212
0.578121
0.577653
0.576694
0.575191
0.573368
0.571724
0.570709
0.560705
0.560992
0.561909
0.563377
0.565
0.5666
0.56802
0.569188
0.570206
0.571158
0.571997
0.572546
0.572706
0.572486
0.571832
0.570774
0.56949
0.568177
0.567093
0.56647
0.555731
0.555932
0.55662
0.55779
0.559171
0.56061
0.562077
0.563475
0.564743
0.565922
0.566946
0.567582
0.567743
0.567452
0.566785
0.5659
0.564924
0.563931
0.563149
0.562711
0.5509
0.551052
0.551598
0.552579
0.553804
0.555137
0.556554
0.558031
0.559505
0.560918
0.562159
0.562946
0.563179
0.562972
0.562475
0.56181
0.561064
0.560315
0.559739
0.559411
0.546132
0.546251
0.546699
0.547545
0.54867
0.549943
0.551332
0.552845
0.554459
0.556112
0.557615
0.558617
0.559034
0.559033
0.558759
0.55831
0.557764
0.557221
0.556805
0.556551
0.541336
0.541433
0.54181
0.542567
0.543629
0.544865
0.546263
0.54784
0.549592
0.551484
0.553298
0.554609
0.555309
0.55557
0.555534
0.555308
0.554969
0.554608
0.554318
0.554117
0.536423
0.536503
0.536831
0.537528
0.538558
0.539794
0.541239
0.542918
0.54485
0.54702
0.54921
0.550919
0.551972
0.55254
0.552771
0.552778
0.552649
0.552457
0.552272
0.552111
0.531302
0.531369
0.531662
0.532327
0.533356
0.53464
0.536172
0.538001
0.540175
0.542691
0.545345
0.547538
0.549009
0.549932
0.550466
0.550724
0.550808
0.550778
0.550684
0.550555
0.525882
0.525937
0.526209
0.526866
0.527931
0.529305
0.530974
0.533014
0.535499
0.538457
0.541681
0.544456
0.546419
0.547752
0.548627
0.549167
0.549477
0.549609
0.549596
0.549491
0.52006
0.520106
0.520366
0.52104
0.522176
0.523685
0.525549
0.527875
0.53076
0.534273
0.538196
0.541668
0.544216
0.546025
0.547289
0.548158
0.548714
0.549007
0.549067
0.548981
0.513719
0.513757
0.514014
0.514726
0.515972
0.517667
0.519797
0.522491
0.525886
0.530089
0.534863
0.539176
0.542418
0.544791
0.546505
0.547734
0.548566
0.549039
0.549172
0.549101
0.506719
0.506748
0.507011
0.507783
0.509182
0.511125
0.513597
0.516761
0.520797
0.52585
0.53166
0.536983
0.541053
0.54409
0.546337
0.54798
0.549133
0.549797
0.55
0.549942
0.498891
0.498908
0.499183
0.500036
0.501637
0.503893
0.506804
0.510566
0.515404
0.521504
0.528571
0.535105
0.540156
0.543975
0.546852
0.548992
0.55051
0.551381
0.551656
0.551606
0.489986
0.490012
0.490318
0.491268
0.49312
0.495776
0.499251
0.503769
0.509606
0.516996
0.525588
0.533565
0.539777
0.544517
0.548133
0.550864
0.552801
0.553899
0.554246
0.554203
0.479718
0.479733
0.480081
0.481177
0.483359
0.486541
0.490731
0.496203
0.503293
0.512275
0.52271
0.532402
0.539977
0.545799
0.550282
0.553689
0.556115
0.557463
0.557883
0.557842
0.467707
0.467717
0.468105
0.469396
0.472011
0.475873
0.48098
0.487669
0.496332
0.507275
0.51993
0.53165
0.540815
0.547899
0.553396
0.557586
0.560567
0.562178
0.562666
0.562625
0.453404
0.453409
0.45386
0.455417
0.458606
0.463365
0.469675
0.47794
0.488602
0.501964
0.517279
0.53137
0.542371
0.550895
0.55757
0.562652
0.566244
0.568127
0.568675
0.568626
0.436048
0.436049
0.436594
0.438532
0.442513
0.448496
0.456421
0.466763
0.479986
0.496343
0.51482
0.531645
0.544727
0.554877
0.562868
0.568952
0.573205
0.575349
0.57594
0.575878
0.414477
0.414474
0.415185
0.417717
0.422864
0.430589
0.44076
0.453904
0.470436
0.490474
0.512664
0.532583
0.547973
0.559928
0.569337
0.576529
0.581452
0.58382
0.584425
0.58434
0.386965
0.386961
0.387957
0.39147
0.398461
0.408803
0.422214
0.439195
0.459985
0.484494
0.510964
0.53431
0.552195
0.56608
0.577016
0.585369
0.590904
0.593418
0.593997
0.593882
0.350459
0.350471
0.352092
0.357513
0.367784
0.382266
0.400484
0.422708
0.448888
0.478699
0.509976
0.537002
0.557495
0.573381
0.585893
0.595371
0.601375
0.603908
0.604409
0.604256
0.299153
0.299394
0.30309
0.312908
0.329271
0.350566
0.375771
0.404894
0.437644
0.473523
0.509999
0.540834
0.563953
0.581827
0.595866
0.606318
0.612555
0.614942
0.615317
0.615127
0.225444
0.227757
0.23859
0.257852
0.284387
0.315199
0.349316
0.386596
0.426759
0.469284
0.511353
0.546287
0.572257
0.592297
0.607975
0.619289
0.625602
0.627774
0.628038
0.627848
0.146958
0.153281
0.172529
0.201918
0.239168
0.27976
0.322855
0.368413
0.416288
0.466016
0.514541
0.554509
0.584058
0.606756
0.624436
0.636678
0.642762
0.644505
0.644667
0.644556
0.0796728
0.0863605
0.112194
0.150188
0.196555
0.246142
0.297844
0.351502
0.40695
0.463711
0.518462
0.563186
0.59608
0.621208
0.640436
0.65303
0.658793
0.66033
0.660501
0.660441
0.0246878
0.0316395
0.0614746
0.105619
0.158785
0.215751
0.274892
0.335863
0.398355
0.461796
0.522495
0.571724
0.607723
0.635002
0.655568
0.668693
0.674439
0.67604
0.676222
0.676196
-0.0209949
-0.0137308
0.0185824
0.0674139
0.125978
0.188947
0.254353
0.321732
0.390598
0.460238
0.526544
0.580052
0.618988
0.648354
0.670289
0.684094
0.690287
0.691833
0.69203
0.692024
-0.0597821
-0.0523493
-0.0182941
0.0340715
0.0971501
0.165196
0.235989
0.308997
0.383597
0.458946
0.530524
0.588102
0.62987
0.66127
0.684545
0.699232
0.705877
0.707493
0.707731
0.707741
-0.0936766
-0.0861377
-0.0508225
0.0044799
0.0713016
0.143701
0.219233
0.297271
0.377102
0.457757
0.534311
0.595773
0.640252
0.673598
0.698217
0.713714
0.720797
0.72263
0.722928
0.722944
-0.124158
-0.116515
-0.0801732
-0.022362
0.0476297
0.123811
0.20355
0.286139
0.370789
0.456409
0.537693
0.602867
0.649933
0.685098
0.710937
0.727256
0.734728
0.736849
0.737196
0.737222
-0.152176
-0.144442
-0.107202
-0.0472538
0.0255058
0.105018
0.18851
0.275233
0.364338
0.454651
0.540478
0.609237
0.658772
0.695636
0.7226
0.739565
0.747428
0.749771
0.750154
0.750156
-0.178487
-0.170639
-0.132535
-0.0708435
0.00446248
0.0869369
0.17379
0.264282
0.35753
0.452297
0.542534
0.614805
0.666724
0.705202
0.733117
0.750622
0.758765
0.761248
0.761657
0.761642
-0.203558
-0.19556
-0.156607
-0.0934062
-0.0158357
0.0692786
0.15917
0.253104
0.350203
0.44921
0.543758
0.619537
0.673829
0.713834
0.742647
0.760512
0.768792
0.771367
0.771756
0.771721
-0.227743
-0.219578
-0.179902
-0.115189
-0.0356105
0.0518569
0.144492
0.241567
0.342246
0.445295
0.544091
0.62343
0.680141
0.721665
0.751259
0.769352
0.777688
0.780255
0.780626
0.78056
-0.251212
-0.242817
-0.20252
-0.136373
-0.0550082
0.0345683
0.129663
0.229599
0.333592
0.44048
0.543476
0.626473
0.685728
0.728821
0.759122
0.777335
0.785605
0.788104
0.788455
0.788387
-0.274091
-0.265544
-0.22448
-0.157072
-0.0741079
0.0173502
0.114649
0.217172
0.324214
0.434724
0.541861
0.628655
0.690658
0.735458
0.766451
0.784666
0.79273
0.795112
0.795402
0.795299
-0.296452
-0.287726
-0.245932
-0.17734
-0.0929385
0.00019506
0.0994572
0.204299
0.314104
0.428004
0.539188
0.629944
0.694988
0.741709
0.773406
0.79148
0.799189
0.801342
0.801537
0.801402
-0.318334
-0.30942
-0.26689
-0.19719
-0.111498
-0.0168793
0.0841113
0.191013
0.303309
0.420334
0.535421
0.630279
0.698719
0.747697
0.7802
0.797948
0.80506
0.806853
0.80693
0.806773
-0.339682
-0.330572
-0.28729
-0.216591
-0.12975
-0.0338345
0.0686772
0.177381
0.291889
0.411736
0.530522
0.629583
0.701804
0.753503
0.787084
0.804372
0.810541
0.81174
0.811648
0.811479
-0.360438
-0.351128
-0.307128
-0.235518
-0.147653
-0.0506023
0.0532186
0.163486
0.279914
0.402278
0.52448
0.627757
0.704126
0.759125
0.794322
0.811248
0.81608
0.816193
0.815752
0.815597
-0.380607
-0.371085
-0.326388
-0.253937
-0.165167
-0.0671147
0.0378223
0.149418
0.267481
0.392028
0.517326
0.624697
0.705507
0.764417
0.802023
0.81923
0.822647
0.820868
0.819463
0.819303
-0.40012
-0.390392
-0.345029
-0.271805
-0.182227
-0.0833202
0.0225688
0.135267
0.2547
0.381089
0.509095
0.620297
0.705729
0.769061
0.809922
0.828779
0.831856
0.827917
0.824194
0.822723
-0.419004
-0.409077
-0.363038
-0.289129
-0.198858
-0.0992331
0.00743799
0.121006
0.241545
0.369429
0.499718
0.614336
0.704501
0.772665
0.817377
0.839566
0.844798
0.840583
0.832806
0.817322
-0.437286
-0.427142
-0.380514
-0.306084
-0.215301
-0.115155
-0.0079456
0.106178
0.227476
0.356426
0.488542
0.606138
0.701117
0.774705
0.823234
0.84946
0.85869
0.853058
0.844654
0.800341
-0.455233
-0.444205
-0.397368
-0.322542
-0.231466
-0.130989
-0.0234139
0.0909962
0.212709
0.342271
0.475614
0.595509
0.694681
0.774346
0.825168
0.851602
0.860649
0.857811
0.806382
0.746459
-0.473857
-0.459189
-0.413355
-0.338349
-0.24757
-0.146963
-0.0392302
0.0754586
0.197226
0.326943
0.460795
0.582132
0.683867
0.771367
0.820337
0.83334
0.842141
0.809302
0.743896
0.679541
-0.492262
-0.494179
-0.434171
-0.35108
-0.260417
-0.160188
-0.0547838
0.0602242
0.181762
0.311215
0.444709
0.566258
0.668278
0.767452
0.781277
0.797004
0.776236
0.713727
0.639325
0.569089
-0.467944
-0.466725
-0.408103
-0.325343
-0.229573
-0.126188
-0.0159836
0.101559
0.226162
0.359395
0.487469
0.5974
0.68985
0.785337
0.796321
0.69707
0.613113
0.545794
0.472831
0.330721
-0.508693
-0.482412
-0.421023
-0.337388
-0.24203
-0.138719
-0.0290935
0.0878626
0.211587
0.343416
0.469193
0.576206
0.659337
0.721971
0.691248
0.561235
0.441579
0.359524
0.275591
0.114299
-0.533012
-0.501958
-0.43959
-0.35652
-0.261031
-0.157884
-0.0480531
0.0681441
0.190581
0.320232
0.442736
0.54441
0.618848
0.646671
0.568242
0.405573
0.267054
0.164176
0.0494059
-0.182858
-0.556747
-0.523354
-0.459736
-0.375967
-0.280409
-0.177359
-0.0678753
0.0474075
0.168321
0.29536
0.413587
0.508092
0.571317
0.564053
0.43013
0.244244
0.0741018
-0.067054
-0.226161
-0.606169
-0.579542
-0.545273
-0.480579
-0.395887
-0.300223
-0.197365
-0.0885237
0.0257171
0.144897
0.26893
0.382051
0.468527
0.513638
0.47713
0.295846
0.0901765
-0.121596
-0.29895
-0.544617
-1.08922
-0.602143
-0.567799
-0.502384
-0.417066
-0.321218
-0.218577
-0.110371
0.00272894
0.119955
0.240611
0.348095
0.426498
0.452031
0.366719
0.17294
-0.0394499
-0.254576
-0.453479
-0.619042
-1.20657
-0.625701
-0.591262
-0.525426
-0.439736
-0.34374
-0.241285
-0.133684
-0.0217627
0.0933595
0.210348
0.311931
0.380772
0.382155
0.254182
0.0672101
-0.135009
-0.32036
-0.447482
-0.480174
-0.527053
-0.65064
-0.616113
-0.550022
-0.464185
-0.368225
-0.266123
-0.159306
-0.0488507
0.0637544
0.17641
0.271673
0.327789
0.307321
0.150704
-0.0283254
-0.20573
-0.348828
-0.409534
-0.432184
-0.43794
-0.677311
-0.642545
-0.576265
-0.490397
-0.394643
-0.293085
-0.18732
-0.0786569
0.0310173
0.13872
0.226997
0.268281
0.233104
0.0543554
-0.11543
-0.271084
-0.379156
-0.405494
-0.406659
-0.407053
-0.705809
-0.670699
-0.6042
-0.518359
-0.422959
-0.322172
-0.217724
-0.111184
-0.00488712
0.0973348
0.177547
0.206678
0.140479
-0.0338611
-0.195039
-0.332285
-0.378255
-0.392546
-0.393735
-0.393311
-0.736027
-0.700515
-0.633784
-0.548057
-0.453157
-0.353353
-0.2505
-0.146437
-0.0439355
0.0523197
0.123916
0.139514
0.0432133
-0.115574
-0.262669
-0.37062
-0.383691
-0.383691
-0.384848
-0.384504
-0.767497
-0.73176
-0.664833
-0.579315
-0.485098
-0.386522
-0.285566
-0.184351
-0.0860236
0.00386334
0.0669375
0.0652401
-0.0412687
-0.187862
-0.316605
-0.354189
-0.376127
-0.379684
-0.380086
-0.37985
-0.799864
-0.763815
-0.696995
-0.611822
-0.518518
-0.42144
-0.3227
-0.224705
-0.130926
-0.0475052
0.00621053
-0.00646184
-0.119692
-0.247735
-0.351913
-0.392338
-0.380139
-0.376836
-0.376375
-0.3762
-0.832179
-0.796106
-0.729712
-0.645083
-0.552962
-0.457701
-0.361529
-0.267123
-0.178284
-0.101114
-0.0584272
-0.0725589
-0.189621
-0.293912
-0.370528
-0.368595
-0.372965
-0.37401
-0.374017
-0.373873
-0.863406
-0.827823
-0.761763
-0.678361
-0.587767
-0.494712
-0.401489
-0.311004
-0.227456
-0.156481
-0.120744
-0.140829
-0.24742
-0.335087
-0.359703
-0.380365
-0.377376
-0.374326
-0.372992
-0.372534
-0.89194
-0.85733
-0.792362
-0.710557
-0.622013
-0.531637
-0.441808
-0.355564
-0.277453
-0.212951
-0.178126
-0.215216
-0.295844
-0.355978
-0.37426
-0.376322
-0.377209
-0.376179
-0.375728
-0.375191
-0.916071
-0.882916
-0.819785
-0.740353
-0.654525
-0.567401
-0.481471
-0.399805
-0.327117
-0.269403
-0.236246
-0.282899
-0.341519
-0.364646
-0.404264
-0.395733
-0.391638
-0.392603
-0.392827
-0.392152
-0.933443
-0.90244
-0.841978
-0.766049
-0.683883
-0.600712
-0.519248
-0.442538
-0.375269
-0.324251
-0.296439
-0.345338
-0.391779
-0.397648
-0.398268
-0.422748
-0.437379
-0.44176
-0.439743
-0.438631
-0.941684
-0.913385
-0.85701
-0.785729
-0.708407
-0.630192
-0.553803
-0.482372
-0.420565
-0.375775
-0.351003
-0.406642
-0.484738
-0.522471
-0.49742
-0.493394
-0.49157
-0.483437
-0.476887
-0.475578
-0.937899
-0.913827
-0.863016
-0.797553
-0.726433
-0.654263
-0.583685
-0.517815
-0.461403
-0.421628
-0.394919
-0.455982
-0.572417
-0.765328
-0.676347
-0.550756
-0.486499
-0.464589
-0.457801
-0.455856
-0.918495
-0.900549
-0.858237
-0.80017
-0.736648
-0.671594
-0.607504
-0.54734
-0.495827
-0.459546
-0.438045
-0.433985
-0.460908
-0.611842
-0.541366
-0.43966
-0.397425
-0.382952
-0.377694
-0.374717
-0.885058
-0.872634
-0.841082
-0.793034
-0.738447
-0.681514
-0.624244
-0.569664
-0.521845
-0.487731
-0.448675
-0.320436
-0.0806191
0.150893
0.0490071
-0.126876
-0.240727
-0.285823
-0.298329
-0.299485
-0.842224
-0.834461
-0.814512
-0.777651
-0.732748
-0.684295
-0.633877
-0.583989
-0.538906
-0.503534
-0.458976
-0.308857
-0.0210575
0.319965
0.125096
-0.149808
-0.33247
-0.400371
-0.4188
-0.42405
-0.798394
-0.794004
-0.783179
-0.758413
-0.722526
-0.68151
-0.637189
-0.591406
-0.547325
-0.511964
-0.484277
-0.522912
-0.738635
-1.02398
-1.11776
-1.09188
-1.00679
-0.918106
-0.856557
-0.857748
-0.762875
-0.76053
-0.754813
-0.738747
-0.711225
-0.675872
-0.635939
-0.592322
-0.547973
-0.511556
-0.497794
-0.673852
-1.19293
-1.89789
-2.40948
-2.44156
-2.24419
-1.98858
-1.77559
-1.67264
-0.737302
-0.736186
-0.734081
-0.724981
-0.703006
-0.67109
-0.632289
-0.587672
-0.539313
-0.485819
-0.452753
-0.465974
-0.634288
-0.766808
-0.810951
-0.662008
-0.49259
-0.371638
-0.255074
-0.186606
-0.721224
-0.720691
-0.719919
-0.715543
-0.699098
-0.668567
-0.628108
-0.580583
-0.524061
-0.459983
-0.402164
-0.35287
-0.246397
0.0356575
0.376253
0.691431
0.89973
1.0055
1.0591
1.07995
-0.711929
-0.711594
-0.710827
-0.709257
-0.698203
-0.668633
-0.625564
-0.572555
-0.510088
-0.435291
-0.34573
-0.252985
-0.0142963
0.438606
0.897405
1.32406
1.59612
1.71077
1.74971
1.75684
-0.707433
-0.707063
-0.706206
-0.705739
-0.699982
-0.672394
-0.62539
-0.566617
-0.496599
-0.407104
-0.303069
-0.192147
0.0629805
0.499909
0.952065
1.35112
1.60994
1.72649
1.7586
1.76164
-0.706998
-0.707325
-0.708265
-0.710112
-0.707036
-0.679331
-0.628265
-0.56465
-0.486701
-0.393331
-0.285285
-0.172292
0.0329995
0.402839
0.751488
1.05392
1.25169
1.34122
1.3728
1.38055
-0.702998
-0.704152
-0.707162
-0.710708
-0.708587
-0.682604
-0.63342
-0.567276
-0.484571
-0.386649
-0.282817
-0.185176
-0.031715
0.262921
0.528953
0.731806
0.863367
0.932736
0.969987
0.983829
-0.703807
-0.702751
-0.695267
-0.681481
-0.673732
-0.67229
-0.641933
-0.576065
-0.488696
-0.38842
-0.292501
-0.205898
-0.0820939
0.143764
0.354504
0.514173
0.628504
0.696455
0.732561
0.744919
-0.743427
-0.737793
-0.719057
-0.691602
-0.681504
-0.69372
-0.670271
-0.594086
-0.4959
-0.391184
-0.302012
-0.229632
-0.13636
0.0594089
0.235359
0.373065
0.479935
0.544442
0.574676
0.582859
-0.838202
-0.841322
-0.855053
-0.876107
-0.869552
-0.842416
-0.744036
-0.621697
-0.50122
-0.39198
-0.306339
-0.240419
-0.167353
-0.01639
0.130185
0.248609
0.33981
0.394338
0.41792
0.423264
-0.963341
-0.984859
-1.02702
-1.05663
-1.04695
-0.98112
-0.80918
-0.639794
-0.499262
-0.385299
-0.301072
-0.240288
-0.180188
-0.0619191
0.0549262
0.145282
0.216146
0.257764
0.275507
0.278446
-0.969838
-0.990493
-1.02682
-1.05334
-1.04215
-0.959249
-0.781868
-0.611435
-0.473615
-0.366048
-0.287119
-0.227607
-0.168843
-0.0891834
-0.00348796
0.0644593
0.116813
0.14695
0.158868
0.160062
-0.763047
-0.784454
-0.819906
-0.850911
-0.846693
-0.768545
-0.639839
-0.517624
-0.414914
-0.329752
-0.263283
-0.210724
-0.162206
-0.110317
-0.0486313
0.00324599
0.0442808
0.0666002
0.0759711
0.0756121
-0.424305
-0.436774
-0.460061
-0.487286
-0.500535
-0.48122
-0.438632
-0.386221
-0.334404
-0.282232
-0.235146
-0.196247
-0.166539
-0.131618
-0.0874439
-0.0489114
-0.0191602
-0.00264707
0.00176667
0.000699928
-0.133167
-0.138734
-0.153812
-0.180064
-0.213073
-0.241465
-0.258146
-0.262043
-0.25278
-0.231956
-0.205987
-0.181977
-0.166883
-0.148565
-0.119598
-0.0933837
-0.0746399
-0.0661117
-0.0643391
-0.0661236
0.023573
0.020869
0.0103199
-0.0140466
-0.0533478
-0.0997449
-0.140811
-0.170871
-0.186758
-0.188419
-0.179091
-0.167218
-0.160312
-0.15604
-0.144304
-0.133769
-0.127424
-0.127673
-0.12841
-0.129541
0.0729219
0.0711042
0.0630985
0.0432341
0.00922834
-0.033618
-0.076874
-0.114188
-0.141126
-0.155618
-0.157284
-0.152131
-0.149183
-0.15271
-0.157667
-0.162442
-0.168126
-0.173947
-0.176618
-0.177155
0.0704353
0.0690898
0.0633158
0.048911
0.0237649
-0.00948648
-0.0464626
-0.0821097
-0.1126
-0.134761
-0.144462
-0.142972
-0.139995
-0.152394
-0.167343
-0.179895
-0.191217
-0.198855
-0.201369
-0.201771
0.0507917
0.0498353
0.0458466
0.0359038
0.0181899
-0.00637429
-0.035873
-0.0669584
-0.0972541
-0.12455
-0.143794
-0.152004
-0.154322
-0.170236
-0.184697
-0.195582
-0.203814
-0.208179
-0.209531
-0.210024
0.0291967
0.0285404
0.0258227
0.0190449
0.00669724
-0.0112069
-0.034145
-0.0605767
-0.0896795
-0.121811
-0.155071
-0.186496
-0.204103
-0.210415
-0.209953
-0.210134
-0.211732
-0.21281
-0.213329
-0.213913
0.0111936
0.0107436
0.00889016
0.00426901
-0.00435828
-0.0174269
-0.035181
-0.0573857
-0.0846416
-0.120104
-0.167433
-0.226539
-0.262304
-0.250688
-0.233075
-0.223355
-0.219674
-0.219185
-0.219141
-0.21938
-0.0015729
-0.00193012
-0.00321114
-0.006343
-0.012364
-0.0218799
-0.0354634
-0.0535618
-0.0773845
-0.112637
-0.164392
-0.233112
-0.268477
-0.247183
-0.22602
-0.217415
-0.216654
-0.217629
-0.217653
-0.217423
-0.00917963
-0.00941149
-0.010284
-0.012374
-0.0164951
-0.0232801
-0.033359
-0.0474743
-0.0672004
-0.0960384
-0.139332
-0.193442
-0.212622
-0.197226
-0.187246
-0.188365
-0.19349
-0.196642
-0.196845
-0.196407
-0.0123448
-0.0124949
-0.0130556
-0.0143923
-0.0170507
-0.02165
-0.028704
-0.0388012
-0.052742
-0.0723676
-0.0977281
-0.124703
-0.13086
-0.123588
-0.128738
-0.139874
-0.149339
-0.153749
-0.154374
-0.153946
-0.0119798
-0.0120686
-0.0123714
-0.0131244
-0.0147101
-0.0175472
-0.0220189
-0.0283973
-0.0367107
-0.0462791
-0.0524638
-0.0501453
-0.0354483
-0.0481826
-0.0665838
-0.0844179
-0.0952049
-0.0989393
-0.1001
-0.100209
-0.00902044
-0.0090481
-0.00917559
-0.00953084
-0.0102954
-0.011778
-0.0142081
-0.017592
-0.0215125
-0.0238559
-0.0174001
0.00314279
0.0277197
0.00653633
-0.0194406
-0.0376237
-0.0466112
-0.0493042
-0.0503976
-0.0506535
-0.00438883
-0.00434964
-0.00438419
-0.00443901
-0.00447768
-0.00473073
-0.00537553
-0.00651633
-0.00795852
-0.00874889
-0.00567716
0.00689856
0.0282077
0.0291471
0.00953303
-0.00404274
-0.00798695
-0.0111781
-0.0109015
-0.0127175
-0.803542
-0.239763
0.0803364
0.295127
0.459032
0.584001
0.684012
0.769983
0.878727
0.876917
0.00266107
0.149676
0.309862
0.447038
0.55987
0.651274
0.726551
0.784028
0.807598
0.811853
0.265913
0.364986
0.47207
0.565239
0.644616
0.710712
0.763421
0.80052
0.823717
0.840857
0.452481
0.520756
0.594732
0.661113
0.718539
0.766785
0.805612
0.835414
0.858907
0.877639
0.592444
0.643474
0.695141
0.744695
0.78803
0.825341
0.856675
0.882411
0.904012
0.922383
0.705785
0.742962
0.78423
0.823041
0.858192
0.889278
0.91625
0.938936
0.958003
0.975804
0.803117
0.833292
0.868662
0.901804
0.932698
0.960634
0.985087
1.00561
1.02226
1.03963
0.892506
0.920959
0.954367
0.985965
1.01552
1.04227
1.06548
1.08456
1.09897
1.1161
0.982836
1.0138
1.04888
1.08148
1.11129
1.13774
1.16019
1.17811
1.19066
1.20791
1.08638
1.12211
1.16001
1.19411
1.22405
1.24969
1.27088
1.28745
1.29901
1.31685
1.21547
1.2545
1.29263
1.32568
1.35359
1.37712
1.39671
1.41218
1.42398
1.44223
1.37656
1.41258
1.44464
1.4714
1.49419
1.51468
1.53327
1.54928
1.56298
1.58085
1.56123
1.58628
1.60614
1.62463
1.64228
1.65901
1.67487
1.69086
1.70798
1.72711
1.7479
1.75875
1.77146
1.786
1.79961
1.81168
1.82258
1.83393
1.84933
1.86876
1.92979
1.94322
1.94828
1.9493
1.95126
1.95862
1.97232
1.98992
2.00366
2.015
2.19866
2.14807
2.1006
2.06902
2.05596
2.06051
2.08376
2.12881
2.1955
2.28962
0.656509
0.6535
0.647441
0.636515
0.624024
0.612713
0.603655
0.596899
0.592437
0.590546
0.591782
0.595775
0.601943
0.610232
0.620736
0.633056
0.64541
0.654123
0.658636
0.660802
0.58481
0.591457
0.596705
0.600322
0.601435
0.599801
0.596347
0.592557
0.589576
0.588271
0.58936
0.592407
0.596502
0.600733
0.603766
0.604299
0.601983
0.597606
0.591314
0.58549
0.574696
0.577657
0.581021
0.58351
0.585271
0.586455
0.586682
0.585937
0.584879
0.584434
0.585305
0.587054
0.588733
0.589528
0.589118
0.587871
0.585976
0.583109
0.579776
0.577488
0.56864
0.570064
0.572277
0.574549
0.576272
0.577467
0.578359
0.578948
0.579224
0.579544
0.580252
0.581026
0.581382
0.581191
0.580578
0.579446
0.577642
0.575423
0.573676
0.572591
0.563266
0.564085
0.565549
0.567324
0.569065
0.570542
0.571682
0.572627
0.57347
0.574249
0.574931
0.57532
0.575337
0.574989
0.574184
0.572915
0.571405
0.569893
0.568877
0.568211
0.558198
0.558752
0.559835
0.56125
0.562763
0.564269
0.565665
0.566879
0.567979
0.56901
0.569788
0.570149
0.570096
0.569609
0.568744
0.567674
0.566522
0.565454
0.564768
0.5643
0.553304
0.553719
0.554585
0.555795
0.557126
0.558538
0.559993
0.561417
0.562753
0.564001
0.564943
0.565382
0.56533
0.564877
0.564176
0.563352
0.562474
0.561681
0.561179
0.560822
0.548516
0.548842
0.549556
0.550618
0.551855
0.553201
0.554648
0.556176
0.557727
0.559225
0.560381
0.560964
0.561042
0.560774
0.560291
0.559675
0.559016
0.558437
0.558064
0.557779
0.543746
0.54401
0.544618
0.545579
0.546756
0.54807
0.549533
0.551146
0.552881
0.554654
0.556088
0.556912
0.55723
0.557197
0.556937
0.556538
0.556078
0.555671
0.555393
0.555158
0.538903
0.539124
0.539657
0.540557
0.541698
0.543015
0.544531
0.546261
0.548198
0.550276
0.552067
0.553228
0.553849
0.554082
0.554059
0.553886
0.553615
0.553357
0.553154
0.552954
0.533898
0.534085
0.534569
0.535438
0.53658
0.537942
0.53955
0.541444
0.543639
0.546086
0.548318
0.549893
0.55087
0.551411
0.551649
0.551701
0.551621
0.551497
0.551356
0.551181
0.528639
0.528802
0.529257
0.530125
0.531309
0.532758
0.534508
0.536625
0.53915
0.54206
0.544831
0.546899
0.548292
0.549182
0.549716
0.549992
0.550118
0.550121
0.550031
0.549872
0.523031
0.523176
0.52362
0.524517
0.525784
0.527367
0.529319
0.531735
0.534678
0.538167
0.541589
0.544244
0.546126
0.547414
0.548277
0.548837
0.54916
0.549277
0.549229
0.549082
0.516965
0.517097
0.517546
0.518502
0.519894
0.521667
0.523893
0.526692
0.530168
0.53437
0.538581
0.541937
0.544395
0.546148
0.547385
0.54825
0.548795
0.54903
0.54902
0.54888
0.510312
0.510435
0.510904
0.511949
0.513516
0.515543
0.518124
0.521413
0.525554
0.53063
0.535797
0.539991
0.543132
0.545432
0.547099
0.548312
0.549106
0.549461
0.549487
0.549348
0.502919
0.503035
0.503537
0.504706
0.506502
0.508856
0.511891
0.515798
0.520764
0.526909
0.533231
0.538427
0.542375
0.545321
0.547502
0.549118
0.550186
0.550668
0.550726
0.550586
0.494592
0.494706
0.495245
0.496582
0.498663
0.501436
0.505052
0.509737
0.515726
0.523178
0.53089
0.537279
0.542178
0.54588
0.548681
0.550769
0.552141
0.552755
0.552843
0.552699
0.485019
0.485145
0.485779
0.487313
0.48977
0.493086
0.497437
0.503099
0.51036
0.519409
0.528788
0.536585
0.542609
0.547201
0.550727
0.553357
0.555078
0.555835
0.555951
0.555798
0.47392
0.474046
0.474797
0.476606
0.479542
0.483553
0.488837
0.495733
0.504575
0.515572
0.526944
0.5364
0.543736
0.549375
0.553732
0.557003
0.559112
0.560015
0.560155
0.55999
0.46081
0.460953
0.461864
0.464033
0.467592
0.472506
0.478997
0.487464
0.498282
0.511651
0.525389
0.536783
0.545632
0.552485
0.55781
0.561812
0.564341
0.565389
0.565547
0.565366
0.445043
0.445224
0.446364
0.449025
0.453416
0.459536
0.467616
0.478112
0.491411
0.507659
0.524183
0.537809
0.548385
0.55661
0.563045
0.567862
0.570833
0.572017
0.572182
0.571982
0.425682
0.42594
0.427428
0.430791
0.436344
0.444125
0.454353
0.467515
0.483946
0.503674
0.523426
0.539574
0.552079
0.561843
0.569487
0.575201
0.578609
0.579902
0.580059
0.579838
0.401316
0.401717
0.403758
0.408194
0.415476
0.425653
0.438869
0.455563
0.475925
0.499801
0.523238
0.542172
0.55679
0.568228
0.577168
0.583815
0.587612
0.588965
0.589095
0.588853
0.369647
0.370346
0.373357
0.37962
0.389681
0.403469
0.420932
0.442306
0.467543
0.496268
0.523805
0.545734
0.562575
0.575774
0.586095
0.593602
0.597676
0.599013
0.599094
0.598834
0.32655
0.327961
0.333043
0.342911
0.357814
0.377194
0.400641
0.428067
0.459174
0.493397
0.525355
0.55039
0.569505
0.584469
0.596152
0.604362
0.608502
0.609722
0.609735
0.609465
0.264334
0.268783
0.279397
0.296383
0.319517
0.34726
0.378693
0.413537
0.451384
0.491575
0.528097
0.556246
0.577573
0.594227
0.607058
0.61569
0.619632
0.620578
0.62051
0.620249
0.190295
0.198336
0.217694
0.245252
0.278975
0.316127
0.356135
0.39888
0.444026
0.490958
0.532972
0.565084
0.589297
0.608062
0.62222
0.631168
0.634866
0.63566
0.635643
0.635518
0.11598
0.129317
0.157764
0.195724
0.23948
0.285926
0.334533
0.38527
0.437838
0.491661
0.539335
0.575536
0.602746
0.623758
0.63935
0.648217
0.651335
0.651899
0.651906
0.651876
0.0542524
0.0714158
0.105534
0.15129
0.203235
0.257861
0.314383
0.372674
0.432353
0.492806
0.545881
0.585914
0.615855
0.638717
0.655117
0.664123
0.667049
0.667562
0.667631
0.667646
0.00362346
0.0228353
0.0614068
0.112958
0.171305
0.232682
0.296054
0.361146
0.427422
0.494144
0.552347
0.595995
0.628464
0.653102
0.670534
0.679621
0.682616
0.683342
0.683452
0.683512
-0.0388373
-0.0183754
0.0235228
0.0796888
0.143328
0.210362
0.279642
0.350768
0.423053
0.49561
0.558666
0.605761
0.640672
0.667043
0.685473
0.695155
0.698514
0.699347
0.699476
0.699558
-0.075416
-0.0541546
-0.00959904
0.0503081
0.118399
0.190314
0.264778
0.341303
0.419088
0.497096
0.564752
0.615149
0.652412
0.680491
0.699994
0.710406
0.714093
0.715029
0.71516
0.715247
-0.107769
-0.0859448
-0.0392318
0.0238206
0.0956971
0.171874
0.250971
0.332405
0.415279
0.498411
0.570444
0.623994
0.663496
0.693162
0.713697
0.72483
0.728873
0.729904
0.730013
0.730092
-0.137118
-0.114879
-0.0663451
-0.000585122
0.0745863
0.154523
0.237781
0.323706
0.411318
0.499312
0.575544
0.632117
0.673734
0.704856
0.726377
0.73813
0.742519
0.743598
0.743698
0.743759
-0.16443
-0.141755
-0.0916155
-0.0235244
0.0545727
0.137849
0.224858
0.314907
0.406964
0.499611
0.579923
0.639416
0.683037
0.715498
0.737843
0.750051
0.754741
0.755864
0.755954
0.755987
-0.190229
-0.167095
-0.115573
-0.0454151
0.0352882
0.121553
0.211959
0.305807
0.402044
0.499167
0.583492
0.645877
0.691432
0.725132
0.748132
0.760653
0.765518
0.766688
0.766758
0.766759
-0.214948
-0.191283
-0.138655
-0.0665325
0.0164768
0.105424
0.198918
0.296263
0.396424
0.497884
0.586202
0.651509
0.698985
0.733845
0.757419
0.770109
0.775
0.776152
0.776215
0.776183
-0.238862
-0.214732
-0.16097
-0.0870924
-0.00202246
0.089333
0.185617
0.286179
0.390025
0.495681
0.588026
0.656346
0.705802
0.741779
0.765775
0.778519
0.783369
0.784486
0.784515
0.784458
-0.262153
-0.2375
-0.182642
-0.107222
-0.0203061
0.0732014
0.172003
0.27551
0.382801
0.492506
0.588919
0.660414
0.71199
0.749115
0.773445
0.786132
0.790839
0.791883
0.791884
0.791798
-0.284889
-0.259686
-0.203788
-0.126975
-0.0384156
0.0570143
0.158073
0.264245
0.37472
0.48831
0.588834
0.66373
0.717664
0.75602
0.780596
0.793067
0.797552
0.798473
0.798426
0.798316
-0.307063
-0.28138
-0.224466
-0.146375
-0.0563513
0.0407771
0.143842
0.252409
0.365793
0.483067
0.587714
0.666277
0.722904
0.762662
0.787406
0.799451
0.803555
0.804288
0.804186
0.80406
-0.328737
-0.302527
-0.24466
-0.165406
-0.0740879
0.0245302
0.129364
0.240051
0.356067
0.476767
0.585502
0.668004
0.727736
0.769225
0.794121
0.80546
0.808923
0.809388
0.809235
0.809104
-0.349821
-0.323097
-0.264331
-0.184043
-0.0915846
0.00834095
0.11471
0.227248
0.345599
0.469422
0.58213
0.66881
0.732127
0.775859
0.801098
0.811472
0.813881
0.813859
0.813634
0.813522
-0.370332
-0.343052
-0.283471
-0.202241
-0.108778
-0.00772856
0.0999644
0.214096
0.33446
0.461083
0.577546
0.668557
0.735952
0.782603
0.808762
0.818185
0.818961
0.817875
0.817442
0.817434
-0.390181
-0.362394
-0.302038
-0.219959
-0.125619
-0.0236009
0.0852026
0.20067
0.322761
0.451825
0.571719
0.667077
0.738988
0.789261
0.817353
0.826627
0.825549
0.82237
0.820699
0.820511
-0.409434
-0.381093
-0.319985
-0.237145
-0.142034
-0.0391927
0.0705445
0.187106
0.310623
0.441737
0.564651
0.664192
0.740922
0.795336
0.826499
0.837492
0.836
0.830243
0.823282
0.806592
-0.428028
-0.399142
-0.337448
-0.254004
-0.158313
-0.0548266
0.055581
0.172955
0.297547
0.43031
0.555819
0.659343
0.741415
0.800375
0.835377
0.850419
0.851381
0.84463
0.830079
0.844917
-0.446083
-0.416518
-0.354367
-0.270503
-0.174379
-0.0704458
0.0403173
0.158241
0.283522
0.41744
0.545004
0.651892
0.739698
0.803235
0.8408
0.859203
0.863686
0.853862
0.792999
0.777381
-0.464198
-0.433814
-0.370485
-0.286312
-0.189666
-0.0856064
0.0249661
0.143224
0.26883
0.40332
0.532192
0.64139
0.734757
0.803044
0.837863
0.855636
0.85063
0.814157
0.746686
0.706163
-0.483054
-0.452008
-0.385387
-0.301151
-0.203795
-0.100162
0.00991368
0.128074
0.253549
0.387953
0.517211
0.627595
0.724224
0.798467
0.848375
0.824971
0.796082
0.731012
0.658973
0.615442
-0.0613308
0.053513
0.174889
0.304053
0.436873
0.55765
0.658513
0.494204
-0.503322
-0.484581
-0.446342
-0.375332
-0.285077
-0.18612
-0.0792277
0.0345147
0.155083
0.283032
0.414747
0.534679
0.634324
0.71395
0.766447
0.720647
0.576136
0.486509
0.416549
-0.520588
-0.507577
-0.463161
-0.390734
-0.300085
-0.200885
-0.0945019
0.0187387
0.138421
0.264971
0.394447
0.510966
0.604374
0.671327
0.667915
0.561287
0.415045
0.307707
0.217736
-0.543424
-0.530739
-0.483335
-0.409842
-0.319167
-0.219674
-0.113259
-0.000371419
0.118343
0.243243
0.36958
0.480929
0.563453
0.613531
0.573555
0.410638
0.244029
0.10997
-0.00846093
-0.566459
-0.553612
-0.504609
-0.429799
-0.338795
-0.239312
-0.133205
-0.0210638
0.096404
0.219201
0.341892
0.447189
0.522634
0.544608
0.457913
0.264604
0.0667789
-0.111884
-0.278623
-0.588707
-0.576336
-0.526539
-0.450597
-0.359191
-0.259727
-0.154068
-0.0428247
0.073208
0.193547
0.312077
0.410555
0.476574
0.459965
0.329706
0.129189
-0.0889386
-0.295377
-0.48205
-0.611557
-0.599454
-0.549346
-0.472676
-0.38095
-0.28144
-0.176158
-0.0657607
0.0487675
0.166485
0.280592
0.371581
0.423587
0.384995
0.212552
0.015758
-0.194339
-0.391238
-0.512793
-0.551966
-0.635736
-0.623771
-0.573395
-0.496327
-0.404476
-0.305029
-0.200197
-0.0907694
0.0220155
0.136701
0.245823
0.328818
0.365224
0.303254
0.107818
-0.0801751
-0.259156
-0.393802
-0.43958
-0.46329
-0.661378
-0.649536
-0.598956
-0.521666
-0.429844
-0.330667
-0.226473
-0.118292
-0.00761225
0.10352
0.206943
0.281669
0.297442
0.198027
0.0142752
-0.159316
-0.310451
-0.393048
-0.41322
-0.418623
-0.688806
-0.676949
-0.626152
-0.548706
-0.457039
-0.358307
-0.255004
-0.148363
-0.040165
0.0669268
0.163905
0.23007
0.216816
0.0965459
-0.0726587
-0.235848
-0.354585
-0.398663
-0.398339
-0.399444
-0.71792
-0.706155
-0.655009
-0.57745
-0.486053
-0.387946
-0.285783
-0.180977
-0.07565
0.0269358
0.11691
0.172834
0.142699
0.00116144
-0.152965
-0.304703
-0.369798
-0.387689
-0.388851
-0.388534
-0.748568
-0.736818
-0.685421
-0.607807
-0.516791
-0.419526
-0.318748
-0.216108
-0.114043
-0.016394
0.0661995
0.110229
0.0768715
-0.0816988
-0.226029
-0.339967
-0.389506
-0.382348
-0.382147
-0.382161
-0.780254
-0.768431
-0.717115
-0.639517
-0.549055
-0.452858
-0.353751
-0.253617
-0.155195
-0.0627821
0.0120349
0.0469927
-0.000826328
-0.154098
-0.285593
-0.363515
-0.379416
-0.378044
-0.37802
-0.377799
-0.812461
-0.800556
-0.749505
-0.672142
-0.582467
-0.4876
-0.390486
-0.29321
-0.198837
-0.111881
-0.0448116
-0.020892
-0.0855065
-0.216096
-0.331095
-0.349711
-0.367279
-0.373899
-0.374716
-0.374571
-0.844192
-0.832284
-0.781705
-0.705052
-0.616444
-0.523239
-0.42848
-0.33442
-0.244454
-0.163298
-0.102626
-0.0951185
-0.159447
-0.270279
-0.351354
-0.400096
-0.3819
-0.375955
-0.373683
-0.373173
-0.873565
-0.862527
-0.812767
-0.737182
-0.650145
-0.559027
-0.467049
-0.376578
-0.291289
-0.216303
-0.160378
-0.16344
-0.227439
-0.311417
-0.379365
-0.386839
-0.379988
-0.375369
-0.373585
-0.373017
-0.899831
-0.88909
-0.841307
-0.767252
-0.682444
-0.593956
-0.505274
-0.418811
-0.33838
-0.269589
-0.218893
-0.223762
-0.291805
-0.340412
-0.370802
-0.376091
-0.381434
-0.381423
-0.381058
-0.381014
-0.920294
-0.910221
-0.864906
-0.793795
-0.711949
-0.626818
-0.541999
-0.460025
-0.384625
-0.321771
-0.277895
-0.281895
-0.348618
-0.375459
-0.352536
-0.394052
-0.408096
-0.412064
-0.413034
-0.412233
-0.932902
-0.923894
-0.88184
-0.814678
-0.736987
-0.656163
-0.575942
-0.498891
-0.428785
-0.371607
-0.334301
-0.338458
-0.413312
-0.442075
-0.426703
-0.44379
-0.461384
-0.46881
-0.465926
-0.463332
-0.935006
-0.927655
-0.890017
-0.828071
-0.755708
-0.680405
-0.605609
-0.533991
-0.46941
-0.417581
-0.385502
-0.390039
-0.484262
-0.614466
-0.638265
-0.559808
-0.511932
-0.48661
-0.476095
-0.472665
-0.92484
-0.918934
-0.887125
-0.832072
-0.766585
-0.697998
-0.6296
-0.563919
-0.504701
-0.457952
-0.430411
-0.427101
-0.490453
-0.662314
-0.814193
-0.596489
-0.479184
-0.434453
-0.423784
-0.420271
-0.898954
-0.894774
-0.870455
-0.825243
-0.768604
-0.707965
-0.646752
-0.587272
-0.533031
-0.490279
-0.460659
-0.412371
-0.330881
-0.243076
-0.282332
-0.28812
-0.308264
-0.323113
-0.328627
-0.329107
-0.860654
-0.858064
-0.842028
-0.807768
-0.761911
-0.710246
-0.656648
-0.603188
-0.553493
-0.512234
-0.482743
-0.396944
-0.131896
0.216181
0.345519
0.0653812
-0.167139
-0.284012
-0.319577
-0.330421
-0.816612
-0.814961
-0.806904
-0.783559
-0.748753
-0.706092
-0.659891
-0.612083
-0.565346
-0.524841
-0.492286
-0.434008
-0.350662
-0.292457
-0.305955
-0.4567
-0.539971
-0.571606
-0.573857
-0.58616
-0.776963
-0.775889
-0.772145
-0.759017
-0.733155
-0.698216
-0.65829
-0.614857
-0.570372
-0.529363
-0.501225
-0.532093
-0.8504
-1.43105
-1.90954
-1.99863
-1.91122
-1.69908
-1.43349
-1.29542
-0.748574
-0.747957
-0.745503
-0.738892
-0.720081
-0.690815
-0.654389
-0.612837
-0.567683
-0.521246
-0.492859
-0.476173
-0.744988
-1.17945
-1.65388
-1.81377
-1.68279
-1.48039
-1.24627
-1.12105
-0.728114
-0.72762
-0.72666
-0.724185
-0.712012
-0.686346
-0.650594
-0.608088
-0.558522
-0.504166
-0.444645
-0.404071
-0.411273
-0.370327
-0.22036
-0.0180755
0.197366
0.331679
0.418227
0.458948
-0.716101
-0.715915
-0.715413
-0.713892
-0.707623
-0.685118
-0.648814
-0.602523
-0.548411
-0.483809
-0.409861
-0.348938
-0.23634
0.0773062
0.499353
0.912278
1.23997
1.41503
1.48921
1.51037
-0.709018
-0.708868
-0.708224
-0.707506
-0.705014
-0.687085
-0.649335
-0.59836
-0.53743
-0.46372
-0.374886
-0.267702
-0.111502
0.261485
0.738601
1.19754
1.55848
1.7428
1.81504
1.82877
-0.707119
-0.707017
-0.706748
-0.706495
-0.706333
-0.693321
-0.652912
-0.596719
-0.529163
-0.447918
-0.347943
-0.233282
-0.0865553
0.252181
0.668271
1.05296
1.35703
1.51987
1.57966
1.5919
-0.705596
-0.706117
-0.70774
-0.711197
-0.713426
-0.700811
-0.658044
-0.599292
-0.527462
-0.438732
-0.336457
-0.226386
-0.111678
0.167189
0.492043
0.769325
0.975345
1.08895
1.14125
1.16267
-0.700419
-0.701398
-0.70157
-0.70022
-0.698698
-0.690152
-0.660121
-0.606795
-0.530555
-0.436867
-0.338666
-0.239989
-0.147591
0.0662556
0.319966
0.527335
0.675949
0.764965
0.816386
0.841206
-0.717574
-0.717012
-0.707921
-0.683215
-0.658666
-0.663013
-0.66894
-0.622379
-0.539891
-0.441629
-0.34361
-0.254115
-0.183392
-0.00806991
0.204175
0.370961
0.501303
0.590076
0.638939
0.659001
-0.784639
-0.780572
-0.775183
-0.764448
-0.759687
-0.758286
-0.739753
-0.65704
-0.553476
-0.444522
-0.345828
-0.267367
-0.210184
-0.0700561
0.102105
0.247487
0.363147
0.443666
0.485546
0.500499
-0.909009
-0.909436
-0.934061
-0.974086
-0.986411
-0.960541
-0.860235
-0.707268
-0.564591
-0.443815
-0.34359
-0.272056
-0.221136
-0.110712
0.0275765
0.145332
0.23777
0.303597
0.336773
0.347906
-0.989645
-0.998978
-1.03293
-1.06889
-1.07949
-1.04261
-0.908316
-0.717782
-0.55652
-0.430364
-0.333793
-0.26586
-0.213014
-0.131895
-0.0226052
0.0649756
0.135475
0.183503
0.206952
0.214435
-0.889504
-0.898912
-0.931609
-0.967096
-0.981288
-0.939933
-0.803516
-0.64426
-0.50576
-0.396243
-0.311109
-0.246941
-0.193899
-0.140639
-0.0616079
0.00370415
0.0571124
0.0937675
0.112354
0.116028
-0.594828
-0.605285
-0.629709
-0.661597
-0.681987
-0.661851
-0.586548
-0.496653
-0.413156
-0.340621
-0.277048
-0.225686
-0.183584
-0.147695
-0.0942574
-0.0445359
-0.00455313
0.0230468
0.035384
0.0380786
-0.261606
-0.267112
-0.28046
-0.303827
-0.331848
-0.347723
-0.347123
-0.332342
-0.307743
-0.275431
-0.238472
-0.203536
-0.176223
-0.156622
-0.122963
-0.0869087
-0.0584353
-0.0398719
-0.032111
-0.0315204
-0.0364191
-0.0389243
-0.0462415
-0.064906
-0.0972237
-0.138849
-0.176843
-0.203581
-0.21637
-0.214619
-0.20119
-0.182748
-0.167498
-0.160949
-0.143473
-0.122948
-0.106912
-0.0988228
-0.0971732
-0.0980737
0.0587476
0.0572495
0.0524759
0.0373225
0.00696586
-0.0364732
-0.0824392
-0.122787
-0.151964
-0.167852
-0.170167
-0.163377
-0.156573
-0.155636
-0.154202
-0.15112
-0.150031
-0.151838
-0.154426
-0.155565
0.075882
0.0749554
0.0714368
0.0600286
0.0365893
0.00188828
-0.0382069
-0.0778803
-0.111666
-0.135883
-0.148233
-0.148299
-0.143163
-0.145902
-0.156471
-0.166556
-0.176406
-0.185362
-0.190929
-0.191939
0.0617171
0.0611589
0.0586427
0.0506449
0.0340579
0.00873972
-0.0226391
-0.0564351
-0.0889516
-0.11713
-0.137171
-0.144397
-0.142027
-0.149406
-0.167399
-0.181903
-0.19371
-0.202369
-0.206263
-0.206971
0.0398463
0.0395354
0.0377804
0.03233
0.0208959
0.0028603
-0.020872
-0.0485567
-0.0780732
-0.107879
-0.136115
-0.158312
-0.170204
-0.180803
-0.192591
-0.199944
-0.205349
-0.209294
-0.21096
-0.21154
0.0196047
0.0194361
0.0182313
0.0145388
0.0066808
-0.00614149
-0.0239244
-0.0461994
-0.0724851
-0.103416
-0.14066
-0.184934
-0.225998
-0.237337
-0.228601
-0.220113
-0.216882
-0.216139
-0.216139
-0.216407
0.00410259
0.00399335
0.00318734
0.00067144
-0.00473484
-0.0138885
-0.0272088
-0.045031
-0.0678963
-0.0978643
-0.140483
-0.199886
-0.265774
-0.267976
-0.243965
-0.228081
-0.221148
-0.220312
-0.220364
-0.220168
-0.00601283
-0.00605641
-0.00666135
-0.00834605
-0.0120533
-0.0185248
-0.0283614
-0.04219
-0.0608492
-0.0871273
-0.127411
-0.186192
-0.242015
-0.236674
-0.216388
-0.206829
-0.206444
-0.208987
-0.21008
-0.209686
-0.0112926
-0.011313
-0.0117283
-0.0128035
-0.0152382
-0.01967
-0.0266788
-0.0368813
-0.0511387
-0.0713832
-0.100909
-0.141098
-0.172525
-0.165043
-0.158797
-0.162081
-0.17033
-0.176507
-0.178186
-0.177862
-0.0125649
-0.012565
-0.0128154
-0.0134965
-0.0149733
-0.0177833
-0.0224162
-0.0293089
-0.038875
-0.0516658
-0.0671849
-0.0817704
-0.0881858
-0.0821324
-0.0899255
-0.104396
-0.117746
-0.125337
-0.12718
-0.127429
-0.0107913
-0.010775
-0.0109107
-0.011248
-0.0120258
-0.0136001
-0.0163214
-0.0204116
-0.025879
-0.0320692
-0.0350925
-0.0277056
-0.010646
-0.00660668
-0.0290047
-0.0506342
-0.0659933
-0.0721759
-0.0737879
-0.0743378
-0.00692447
-0.00689597
-0.00694384
-0.00705339
-0.00731436
-0.00798916
-0.00924559
-0.0111389
-0.0135412
-0.0152962
-0.0120787
0.00376499
0.0279591
0.0328717
0.00686091
-0.0135929
-0.0244078
-0.0278267
-0.0288198
-0.0296131
-0.00435562
-0.0043629
-0.00440745
-0.00445716
-0.00456923
-0.0049996
-0.00588199
-0.00720689
-0.0085184
-0.00803306
-0.00072558
0.0168642
0.034474
0.0191153
0.000731919
-0.00563055
-0.00989644
-0.0116104
-0.012272
-0.000744951
-0.451548
-0.110375
0.107144
0.295537
0.447529
0.568306
0.664464
0.746216
0.805886
0.801362
0.0439589
0.195001
0.335252
0.456027
0.559076
0.64486
0.715409
0.770284
0.803648
0.815883
0.305035
0.400791
0.493937
0.577705
0.650361
0.712077
0.762673
0.801329
0.828769
0.847591
0.483622
0.547595
0.614753
0.676563
0.729692
0.775491
0.813795
0.844736
0.869607
0.887489
0.619677
0.665719
0.717387
0.76301
0.804154
0.840319
0.871634
0.898094
0.920149
0.935595
0.730446
0.767692
0.808044
0.844725
0.878835
0.909771
0.937193
0.960725
0.980358
0.993159
0.82736
0.859517
0.894073
0.927136
0.958195
0.986813
1.01234
1.03412
1.05185
1.06227
0.917953
0.949077
0.983113
1.01624
1.04709
1.07525
1.10005
1.1208
1.13696
1.14552
1.01244
1.04713
1.0838
1.11911
1.15091
1.17907
1.20317
1.22286
1.23762
1.24556
1.12508
1.16535
1.20451
1.24125
1.27297
1.29998
1.32251
1.3407
1.35436
1.36342
1.26881
1.31145
1.34906
1.3827
1.41066
1.43441
1.45499
1.47237
1.4862
1.49732
1.44659
1.48416
1.51214
1.53645
1.55745
1.57671
1.59494
1.61208
1.62796
1.64247
1.64423
1.66525
1.68013
1.69591
1.71217
1.72746
1.74117
1.75442
1.76991
1.78826
1.83482
1.84199
1.85252
1.86406
1.87397
1.88316
1.8934
1.90449
1.9161
1.92496
2.04784
2.04961
2.04168
2.02516
2.01401
2.01343
2.02558
2.05018
2.0843
2.10883
2.46748
2.27359
2.17254
2.11466
2.08552
2.07889
2.09408
2.1349
2.21075
2.3537
-0.467335
-0.471849
-0.432184
-0.359811
-0.268945
-0.169102
0.752038
0.818057
0.808178
0.724688
0.649395
0.575229
0.347035
0.125525
-0.143466
-0.498613
-0.84608
)
;

boundaryField
{
    wall-4
    {
        type            zeroGradient;
    }
    pressure-outlet-7
    {
        type            fixedValue;
        value           uniform 0;
    }
    velocity-inlet-6
    {
        type            zeroGradient;
    }
    velocity-inlet-5
    {
        type            zeroGradient;
    }
    frontAndBackPlanes
    {
        type            empty;
    }
}


// ************************************************************************* //
