/*--------------------------------*- C++ -*----------------------------------*\
  =========                 |
  \\      /  F ield         | OpenFOAM: The Open Source CFD Toolbox
   \\    /   O peration     | Website:  https://openfoam.org
    \\  /    A nd           | Version:  10
     \\/     M anipulation  |
\*---------------------------------------------------------------------------*/
FoamFile
{
    format      ascii;
    class       volScalarField;
    location    "69";
    object      p;
}
// * * * * * * * * * * * * * * * * * * * * * * * * * * * * * * * * * * * * * //

dimensions      [0 2 -2 0 0 0 0];

internalField   nonuniform List<scalar> 
8800
(
0.888377
0.840592
0.801905
0.772914
0.752057
0.737236
0.726654
0.719195
0.714405
0.712389
0.713702
0.717929
0.724602
0.733939
0.746733
0.764477
0.789261
0.823206
0.86576
0.924462
0.71962
0.727299
0.734779
0.738091
0.736592
0.731522
0.725048
0.718989
0.714292
0.711485
0.711251
0.713801
0.718324
0.724294
0.731081
0.737373
0.741021
0.740289
0.734876
0.72619
0.698014
0.704174
0.708304
0.711254
0.713311
0.713926
0.712835
0.710754
0.708771
0.707909
0.708921
0.711344
0.714175
0.716378
0.717002
0.715814
0.713481
0.710094
0.705538
0.701778
0.692187
0.694839
0.697595
0.700003
0.701646
0.70282
0.703579
0.703722
0.703463
0.703464
0.704272
0.705488
0.706362
0.706453
0.705862
0.704784
0.702978
0.700415
0.698016
0.696513
0.686785
0.68821
0.689993
0.692032
0.693825
0.69518
0.696189
0.697016
0.697672
0.698294
0.699008
0.699556
0.699696
0.699438
0.698763
0.69753
0.695847
0.694008
0.692705
0.691873
0.68168
0.682601
0.683847
0.685421
0.687064
0.688604
0.689912
0.691012
0.692025
0.692985
0.693747
0.694136
0.694141
0.693737
0.692883
0.691702
0.69039
0.689141
0.688323
0.687771
0.676738
0.677408
0.678375
0.679686
0.681107
0.682583
0.684048
0.685409
0.686663
0.687847
0.688754
0.689194
0.689166
0.6887
0.687925
0.687002
0.686009
0.685098
0.684518
0.684112
0.671911
0.672428
0.673216
0.674356
0.675647
0.677041
0.678517
0.680033
0.681524
0.68295
0.684057
0.684614
0.684656
0.684322
0.683759
0.683063
0.682313
0.681645
0.681217
0.680899
0.667127
0.667537
0.668198
0.669215
0.670437
0.671787
0.673265
0.674871
0.676566
0.678267
0.679631
0.680391
0.680636
0.680529
0.680194
0.679714
0.679173
0.6787
0.678383
0.678124
0.662297
0.662631
0.663204
0.664142
0.665317
0.666656
0.668175
0.669885
0.671776
0.673778
0.675474
0.676542
0.677075
0.67723
0.677132
0.676883
0.67654
0.676229
0.675997
0.675779
0.657332
0.657609
0.658121
0.659015
0.660174
0.661541
0.663138
0.664995
0.667125
0.669476
0.671591
0.673054
0.673932
0.674387
0.674551
0.674534
0.674391
0.674223
0.67406
0.673871
0.652141
0.652374
0.652847
0.653727
0.65491
0.656348
0.658067
0.660126
0.662561
0.665346
0.667972
0.66991
0.671192
0.671994
0.67245
0.672674
0.672735
0.6727
0.672592
0.672423
0.646631
0.646828
0.647282
0.648177
0.649427
0.650981
0.652877
0.655206
0.658028
0.661354
0.6646
0.667103
0.66886
0.670057
0.670843
0.671329
0.671608
0.671699
0.671639
0.671483
0.640697
0.640866
0.641318
0.642257
0.643614
0.645335
0.647476
0.650154
0.653467
0.657461
0.661458
0.664636
0.666953
0.668607
0.66977
0.670569
0.671068
0.671281
0.671262
0.671114
0.634218
0.634363
0.634828
0.635841
0.637352
0.6393
0.641762
0.644886
0.648814
0.653628
0.658532
0.662517
0.665499
0.667691
0.669286
0.670431
0.671179
0.671519
0.671537
0.671393
0.627053
0.627172
0.627665
0.628783
0.6305
0.632744
0.635617
0.639307
0.643999
0.649813
0.655812
0.660759
0.664526
0.667354
0.66946
0.670998
0.672031
0.672503
0.672555
0.672409
0.619009
0.619116
0.61965
0.620907
0.622888
0.625508
0.628905
0.633304
0.638939
0.645974
0.653289
0.659383
0.664076
0.667652
0.67037
0.672375
0.673721
0.674331
0.674414
0.674264
0.609866
0.609965
0.610557
0.611977
0.614288
0.617399
0.62146
0.626747
0.633549
0.64207
0.650964
0.658416
0.664203
0.668657
0.672099
0.674646
0.676349
0.677105
0.677217
0.677058
0.599301
0.59938
0.600061
0.601706
0.604455
0.60819
0.613086
0.619486
0.627733
0.638062
0.648843
0.657893
0.664965
0.670454
0.67472
0.677917
0.680018
0.680924
0.681059
0.680889
0.58693
0.586996
0.587777
0.589733
0.59304
0.597575
0.60354
0.611349
0.621393
0.63392
0.646941
0.657861
0.666419
0.673112
0.678343
0.68228
0.684813
0.685869
0.686021
0.685834
0.572188
0.572243
0.573168
0.575541
0.579589
0.585176
0.592532
0.602144
0.614433
0.629627
0.645287
0.658369
0.668624
0.676693
0.68304
0.687805
0.690793
0.691986
0.692143
0.691938
0.554298
0.554342
0.55548
0.55844
0.563502
0.570513
0.579722
0.591678
0.606787
0.625202
0.643937
0.659478
0.67165
0.681265
0.688835
0.694524
0.697962
0.699263
0.69941
0.699184
0.532082
0.532123
0.533612
0.537458
0.543981
0.552995
0.564745
0.579792
0.59845
0.620722
0.642984
0.661262
0.675542
0.686862
0.695763
0.70241
0.70625
0.707606
0.707723
0.707477
0.503767
0.50383
0.505914
0.511191
0.519992
0.531948
0.54728
0.566435
0.589524
0.616345
0.642567
0.663816
0.680346
0.693473
0.703795
0.711354
0.715485
0.716816
0.716881
0.716617
0.466282
0.466449
0.469757
0.477673
0.490315
0.506778
0.527217
0.551765
0.580274
0.612328
0.642873
0.667241
0.686101
0.701072
0.712823
0.721144
0.725376
0.726578
0.72657
0.726296
0.413731
0.414734
0.421319
0.43467
0.453992
0.477432
0.50492
0.536284
0.571173
0.609025
0.644109
0.671639
0.69282
0.70958
0.722633
0.731444
0.735517
0.736487
0.736402
0.736127
0.33708
0.34449
0.359732
0.383278
0.412549
0.445331
0.481431
0.520637
0.562591
0.606706
0.64662
0.677497
0.701147
0.719816
0.73406
0.743119
0.746869
0.747598
0.747464
0.747224
0.254739
0.272247
0.29694
0.3313
0.370921
0.413175
0.457928
0.505135
0.554502
0.605491
0.651046
0.685956
0.71251
0.733345
0.748858
0.757673
0.760691
0.761131
0.761025
0.760862
0.186078
0.206704
0.239195
0.282742
0.331486
0.382652
0.435797
0.490845
0.547471
0.605114
0.656001
0.694629
0.723761
0.746316
0.762242
0.770442
0.772945
0.773326
0.773279
0.773156
0.129843
0.152139
0.190195
0.240232
0.296184
0.354855
0.415425
0.477668
0.541114
0.605089
0.661024
0.703116
0.734557
0.758444
0.774787
0.78275
0.785028
0.785377
0.785366
0.785274
0.0830616
0.10654
0.14841
0.203596
0.265341
0.33021
0.397154
0.465799
0.535499
0.605414
0.666156
0.711544
0.745203
0.770514
0.787409
0.795243
0.797506
0.797858
0.797876
0.797808
0.0434582
0.0675868
0.112345
0.171598
0.238215
0.308364
0.380855
0.455202
0.530617
0.606096
0.671437
0.720042
0.755909
0.782628
0.800161
0.808335
0.810621
0.810947
0.810972
0.810925
0.00898511
0.0335261
0.0805516
0.143169
0.213907
0.288653
0.36607
0.445578
0.526279
0.60701
0.676771
0.728515
0.766562
0.794721
0.813135
0.821674
0.824071
0.824409
0.82444
0.824409
-0.0218737
0.00302086
0.0518924
0.117376
0.191678
0.270462
0.35231
0.436547
0.522178
0.607904
0.681945
0.736772
0.777003
0.806599
0.825857
0.834861
0.837453
0.837801
0.83783
0.837811
-0.0501081
-0.0249031
0.0255423
0.0935104
0.170942
0.253317
0.339161
0.427743
0.518006
0.60853
0.686754
0.744613
0.786954
0.817997
0.838057
0.847494
0.850302
0.850713
0.850724
0.850711
-0.0765394
-0.0509822
0.00087544
0.0710181
0.15125
0.236834
0.326298
0.418895
0.513532
0.608689
0.691029
0.751877
0.796288
0.828691
0.849507
0.859361
0.862334
0.862777
0.862768
0.862742
-0.101559
-0.0756521
-0.0224735
0.0495266
0.132268
0.220738
0.313496
0.409806
0.50857
0.608217
0.694644
0.758478
0.804913
0.838595
0.860064
0.870192
0.873291
0.873739
0.8737
0.87366
-0.125623
-0.0992973
-0.0451017
0.028795
0.113767
0.204833
0.300589
0.400323
0.502976
0.606989
0.697518
0.764388
0.812831
0.847681
0.869638
0.879955
0.883087
0.883521
0.883445
0.883391
-0.148873
-0.12206
-0.0669254
0.00863715
0.095598
0.188996
0.287467
0.390355
0.496666
0.604917
0.699588
0.769594
0.820086
0.856011
0.878314
0.888646
0.891737
0.892151
0.892041
0.891971
-0.171463
-0.144237
-0.0880634
-0.0110636
0.0776836
0.173164
0.27408
0.379849
0.489576
0.601922
0.700787
0.774112
0.826776
0.863759
0.886236
0.8964
0.899376
0.899732
0.899598
0.899512
-0.193526
-0.165808
-0.108652
-0.0303567
0.0599774
0.157316
0.260419
0.368796
0.481678
0.597947
0.701057
0.77794
0.833022
0.871093
0.893577
0.903383
0.906113
0.906375
0.906221
0.906122
-0.215131
-0.186812
-0.12877
-0.0492559
0.042491
0.141458
0.246507
0.357213
0.472975
0.592947
0.700327
0.781059
0.838917
0.878243
0.900577
0.909745
0.912052
0.912179
0.912001
0.911897
-0.23613
-0.207244
-0.148348
-0.0677535
0.025238
0.12564
0.232384
0.345157
0.463504
0.58692
0.698516
0.783409
0.844508
0.885443
0.907587
0.915756
0.917331
0.917228
0.917039
0.916943
-0.256512
-0.227081
-0.167383
-0.0858127
0.00826123
0.109905
0.218127
0.332688
0.453325
0.579873
0.69556
0.784873
0.849766
0.892891
0.915097
0.921975
0.922277
0.921648
0.921453
0.921418
-0.276348
-0.2463
-0.185869
-0.103414
-0.00838596
0.0943271
0.203811
0.319897
0.442513
0.571852
0.691389
0.785294
0.854547
0.900624
0.923616
0.929367
0.927751
0.92585
0.925466
0.92577
-0.295483
-0.264888
-0.203754
-0.12051
-0.024653
0.0789808
0.189522
0.306886
0.431173
0.562933
0.685968
0.784474
0.858588
0.908388
0.933331
0.93913
0.935835
0.931567
0.929668
0.929709
-0.31401
-0.28284
-0.221061
-0.137136
-0.0405755
0.0638225
0.175207
0.2936
0.419241
0.553047
0.679164
0.782135
0.861602
0.91575
0.943819
0.951816
0.948907
0.941666
0.934246
0.92083
-0.331863
-0.300145
-0.237905
-0.153491
-0.0564311
0.0485326
0.160465
0.279579
0.40621
0.541598
0.670377
0.777566
0.863137
0.922181
0.953683
0.965636
0.963651
0.949934
0.929074
0.918894
-0.348876
-0.316961
-0.254102
-0.169385
-0.0718665
0.0334477
0.145512
0.265134
0.392366
0.52881
0.659613
0.770203
0.862219
0.926441
0.958891
0.970921
0.970508
0.945148
0.87801
0.848118
-0.364395
-0.334561
-0.269352
-0.184344
-0.0860795
0.0190688
0.130669
0.250494
0.377923
0.514795
0.646765
0.759656
0.857232
0.92769
0.954023
0.961003
0.945673
0.889061
0.819649
0.777167
-0.418975
-0.350067
-0.283126
-0.1995
-0.100741
0.00389912
0.11586
0.235364
0.362491
0.499062
0.631169
0.745143
0.84406
0.921528
0.922188
0.92064
0.865454
0.791956
0.714179
0.670916
-0.380675
-0.364759
-0.303672
-0.218939
-0.12244
-0.0178322
0.0931035
0.211996
0.338214
0.47354
0.604032
0.716874
0.808935
0.892281
0.874
0.754336
0.645243
0.569393
0.494537
0.523247
-0.41086
-0.38187
-0.319913
-0.23603
-0.139578
-0.0350895
0.0761315
0.194403
0.319582
0.453172
0.580984
0.689673
0.771913
0.816086
0.763671
0.608916
0.477381
0.3835
0.283485
0.331822
-0.434095
-0.402192
-0.339127
-0.255124
-0.158557
-0.0541792
0.0569603
0.174401
0.298192
0.429403
0.553517
0.655915
0.729017
0.738152
0.626894
0.450019
0.29424
0.173109
0.0406333
0.0725333
-0.456773
-0.423396
-0.359218
-0.274321
-0.177687
-0.0734742
0.0371281
0.153598
0.275791
0.404211
0.523606
0.617906
0.675231
0.652511
0.489336
0.28972
0.0971056
-0.0724841
-0.261884
-0.281589
-0.47885
-0.445063
-0.380041
-0.294398
-0.19765
-0.09368
0.0162507
0.131615
0.251933
0.377129
0.491026
0.577031
0.614383
0.554387
0.358241
0.14489
-0.0741833
-0.264634
-0.507126
-0.80308
-0.501217
-0.467447
-0.401927
-0.315835
-0.218933
-0.11516
-0.00583716
0.108374
0.226689
0.348357
0.456376
0.533764
0.549148
0.437414
0.244007
0.0314479
-0.17466
-0.348168
-0.418638
-0.497049
-0.524816
-0.491009
-0.425222
-0.338945
-0.242026
-0.13855
-0.0299351
0.0829388
0.198914
0.316493
0.418173
0.484198
0.47404
0.328485
0.14231
-0.0512114
-0.216072
-0.310265
-0.334647
-0.350454
-0.54995
-0.516041
-0.450096
-0.363801
-0.267057
-0.164058
-0.0563997
0.054823
0.168022
0.280835
0.37567
0.427016
0.398865
0.227215
0.0500591
-0.118319
-0.246756
-0.286449
-0.299272
-0.300576
-0.576819
-0.542715
-0.476612
-0.390398
-0.293977
-0.191689
-0.085251
0.0239756
0.133947
0.241397
0.328432
0.365057
0.316436
0.133705
-0.0343377
-0.185193
-0.262755
-0.279781
-0.281118
-0.280922
-0.605481
-0.571096
-0.504799
-0.418737
-0.322804
-0.221435
-0.116494
-0.00961815
0.0967031
0.198258
0.276568
0.301131
0.215927
0.0483712
-0.111219
-0.23562
-0.272888
-0.271208
-0.27027
-0.269668
-0.635653
-0.60101
-0.534556
-0.448736
-0.353454
-0.253242
-0.150098
-0.0459311
0.0563294
0.151533
0.220989
0.228383
0.124752
-0.0307099
-0.171901
-0.249482
-0.259889
-0.262491
-0.263151
-0.262873
-0.666788
-0.632002
-0.56563
-0.480169
-0.385744
-0.286958
-0.185915
-0.0848308
0.013014
0.10158
0.162185
0.15428
0.043107
-0.0976192
-0.216367
-0.248062
-0.256904
-0.258424
-0.258195
-0.257897
-0.698427
-0.663537
-0.597567
-0.512649
-0.419335
-0.322267
-0.223667
-0.12603
-0.0329512
0.0491089
0.0992621
0.08414
-0.0317269
-0.15166
-0.24652
-0.264104
-0.255406
-0.254502
-0.254464
-0.254227
-0.729672
-0.694908
-0.629523
-0.545579
-0.453691
-0.358702
-0.262911
-0.169052
-0.0810876
-0.00522711
0.035042
0.0198239
-0.0970931
-0.191987
-0.248288
-0.257788
-0.254497
-0.25319
-0.252599
-0.252355
-0.758996
-0.724944
-0.660526
-0.578047
-0.488059
-0.395573
-0.303002
-0.213217
-0.130595
-0.0608189
-0.0239953
-0.0508276
-0.150002
-0.228065
-0.231311
-0.249986
-0.254235
-0.252648
-0.252066
-0.251662
-0.78479
-0.751802
-0.68946
-0.608898
-0.521415
-0.431961
-0.343088
-0.257684
-0.180353
-0.116768
-0.0799379
-0.118584
-0.196614
-0.247278
-0.265651
-0.261054
-0.259235
-0.25848
-0.258031
-0.257544
-0.804943
-0.773687
-0.714219
-0.636732
-0.55249
-0.466751
-0.382099
-0.301448
-0.229242
-0.171738
-0.13724
-0.173141
-0.23521
-0.294181
-0.312152
-0.28922
-0.275822
-0.272681
-0.270872
-0.269969
-0.817248
-0.788693
-0.733016
-0.659655
-0.579809
-0.498643
-0.418866
-0.343324
-0.276224
-0.224122
-0.191873
-0.217283
-0.256211
-0.320552
-0.303188
-0.286873
-0.280863
-0.277868
-0.276184
-0.275918
-0.819104
-0.794585
-0.743863
-0.675901
-0.601698
-0.526241
-0.45209
-0.382092
-0.320177
-0.272562
-0.236646
-0.248328
-0.242606
-0.272222
-0.26509
-0.262215
-0.262125
-0.262571
-0.26342
-0.263501
-0.808277
-0.788556
-0.744601
-0.683898
-0.61671
-0.548094
-0.480469
-0.416495
-0.359942
-0.316166
-0.273428
-0.260358
-0.208596
-0.168314
-0.193685
-0.231392
-0.251159
-0.259097
-0.261985
-0.262517
-0.782886
-0.768101
-0.73345
-0.682403
-0.623855
-0.563223
-0.502858
-0.445282
-0.394366
-0.354778
-0.307369
-0.285311
-0.224075
-0.136453
-0.184921
-0.249103
-0.278674
-0.289781
-0.293342
-0.294826
-0.745493
-0.735982
-0.711257
-0.671564
-0.623104
-0.571336
-0.518587
-0.467443
-0.42203
-0.387613
-0.359474
-0.352221
-0.388355
-0.460061
-0.490611
-0.42957
-0.384848
-0.364531
-0.358408
-0.357197
-0.702782
-0.697387
-0.68283
-0.654173
-0.61634
-0.573181
-0.527662
-0.482332
-0.441025
-0.411037
-0.389583
-0.422621
-0.516061
-0.673679
-0.658502
-0.50884
-0.408063
-0.361784
-0.348361
-0.345047
-0.664428
-0.661167
-0.654259
-0.635557
-0.606434
-0.570507
-0.531057
-0.489744
-0.450207
-0.41792
-0.397581
-0.373386
-0.302291
-0.198687
-0.0621229
-0.0373139
-0.119231
-0.198143
-0.220666
-0.222946
-0.636788
-0.634774
-0.631235
-0.619877
-0.597163
-0.566295
-0.530439
-0.490887
-0.449426
-0.410117
-0.387757
-0.327895
-0.245648
-0.171556
-0.22715
-0.392391
-0.536014
-0.540307
-0.459882
-0.442999
-0.6157
-0.61493
-0.613751
-0.608163
-0.591126
-0.563303
-0.528242
-0.487842
-0.443124
-0.397648
-0.363434
-0.338453
-0.315846
-0.374798
-0.470234
-0.572583
-0.69817
-0.732048
-0.681462
-0.646987
-0.6035
-0.60323
-0.602666
-0.600185
-0.588158
-0.561693
-0.525575
-0.482408
-0.433778
-0.377704
-0.332589
-0.29642
-0.285128
-0.334539
-0.469294
-0.611366
-0.626628
-0.53676
-0.423569
-0.365233
-0.594992
-0.594927
-0.594648
-0.594037
-0.586516
-0.561663
-0.52354
-0.476863
-0.421063
-0.353804
-0.285333
-0.203168
-0.107396
-0.0261511
0.0511849
0.128898
0.267215
0.451767
0.584932
0.641931
-0.588439
-0.58846
-0.588397
-0.588674
-0.583773
-0.562688
-0.523494
-0.472175
-0.408816
-0.33285
-0.235822
-0.13179
0.0683632
0.350982
0.670948
0.9878
1.27653
1.47991
1.5874
1.62195
-0.58348
-0.583283
-0.58257
-0.581023
-0.579322
-0.564951
-0.526009
-0.469809
-0.401053
-0.313482
-0.206475
-0.0992853
0.120508
0.461461
0.879018
1.27192
1.58647
1.77946
1.8632
1.88388
-0.582359
-0.58262
-0.583122
-0.583152
-0.583049
-0.573058
-0.531603
-0.472519
-0.399733
-0.307436
-0.199746
-0.0863054
0.0757231
0.4201
0.793662
1.13022
1.39059
1.5397
1.60067
1.61459
-0.582918
-0.584264
-0.588152
-0.596045
-0.603415
-0.585853
-0.539347
-0.481278
-0.406805
-0.312168
-0.208312
-0.102768
0.0191011
0.291205
0.591551
0.847339
1.03711
1.14032
1.18046
1.18866
-0.595942
-0.596797
-0.593993
-0.582294
-0.569431
-0.55975
-0.541124
-0.496548
-0.421397
-0.325862
-0.22621
-0.130226
-0.0388491
0.156756
0.376512
0.555866
0.686007
0.753251
0.778222
0.781906
-0.639386
-0.637844
-0.620184
-0.569977
-0.519209
-0.524391
-0.554472
-0.522208
-0.442069
-0.342068
-0.247168
-0.164302
-0.0930002
0.0452258
0.190967
0.305721
0.385778
0.425366
0.438863
0.440996
-0.71152
-0.710309
-0.718295
-0.726677
-0.720911
-0.701105
-0.671705
-0.575871
-0.467843
-0.358703
-0.267923
-0.194141
-0.133992
-0.0417391
0.0491948
0.114714
0.151761
0.168365
0.175284
0.176498
-0.856466
-0.878547
-0.933549
-0.990327
-1.00212
-0.958083
-0.826285
-0.646561
-0.492669
-0.3707
-0.28257
-0.221275
-0.173536
-0.106783
-0.0523803
-0.0194591
-0.005642
-0.00207446
0.00250295
0.00474522
-0.96078
-0.987133
-1.03533
-1.07591
-1.08404
-1.03327
-0.876237
-0.665948
-0.493311
-0.367547
-0.287112
-0.239224
-0.206933
-0.152997
-0.109122
-0.084417
-0.0726578
-0.0670181
-0.0619675
-0.0609783
-0.882435
-0.903958
-0.940254
-0.974273
-0.981766
-0.930127
-0.772661
-0.596141
-0.448273
-0.339837
-0.275043
-0.244885
-0.223669
-0.177717
-0.13618
-0.107123
-0.0883921
-0.0796776
-0.0749798
-0.0742116
-0.612995
-0.632191
-0.667428
-0.70591
-0.722061
-0.681571
-0.574735
-0.459984
-0.361816
-0.288324
-0.244681
-0.228769
-0.216626
-0.172672
-0.131056
-0.0992157
-0.0775754
-0.0643409
-0.0604161
-0.0610168
-0.255768
-0.26807
-0.293232
-0.326547
-0.354051
-0.35845
-0.336222
-0.298644
-0.259102
-0.222112
-0.197442
-0.188055
-0.178108
-0.14294
-0.110136
-0.0847454
-0.0659586
-0.0556762
-0.0528682
-0.0537299
0.031168
0.0251627
0.00821533
-0.0223071
-0.0632895
-0.103342
-0.13437
-0.153448
-0.158218
-0.151147
-0.140775
-0.13053
-0.11735
-0.09743
-0.0792635
-0.0649086
-0.0537533
-0.0475798
-0.0462466
-0.0473196
0.1799
0.176238
0.163989
0.137458
0.0944457
0.0407354
-0.0103307
-0.050542
-0.0761335
-0.0867561
-0.083561
-0.0719387
-0.0583492
-0.0525469
-0.0490983
-0.0449149
-0.0402612
-0.0376136
-0.0373908
-0.0386894
0.222569
0.220213
0.211207
0.190198
0.154298
0.107648
0.0581418
0.0138723
-0.018643
-0.0355257
-0.0352905
-0.0236192
-0.013273
-0.0184742
-0.0254803
-0.0295276
-0.0314414
-0.0327835
-0.0340509
-0.0352577
0.21257
0.21105
0.204841
0.189911
0.163795
0.128523
0.0884716
0.0504645
0.0197022
0.00168369
0.000106595
0.00867966
0.0135728
0.00259995
-0.0100035
-0.0204098
-0.0280113
-0.0337983
-0.0364148
-0.0371719
0.182979
0.182111
0.178127
0.168226
0.150461
0.125618
0.095793
0.066012
0.0407787
0.0256118
0.0244808
0.0304519
0.0305025
0.0172699
0.00147208
-0.0124033
-0.0238178
-0.0319773
-0.0348986
-0.0351935
0.148555
0.148161
0.145771
0.139513
0.127907
0.1111
0.0900722
0.0683006
0.0491582
0.0379004
0.0390484
0.0467066
0.0459679
0.0302356
0.0130867
-0.00138526
-0.0128605
-0.0201594
-0.0224554
-0.0226406
0.114884
0.114686
0.113357
0.109574
0.102284
0.0913456
0.0771844
0.0620718
0.0484191
0.040625
0.0438353
0.0539815
0.0562665
0.0386771
0.0218509
0.0102659
0.00223622
-0.00206797
-0.00343157
-0.00377476
0.0837531
0.083702
0.0830054
0.080863
0.0764674
0.0696167
0.060463
0.0503641
0.0409162
0.0350968
0.0364749
0.0439442
0.0465545
0.0332424
0.0224393
0.0167061
0.0137837
0.0127867
0.0121658
0.0116114
0.0551874
0.0552285
0.0549613
0.053916
0.0515823
0.0476651
0.0422238
0.0358822
0.0294285
0.0240591
0.0197337
0.0146826
0.0117232
0.0090629
0.0107339
0.0140085
0.0162712
0.0174326
0.0172087
0.0165124
0.029119
0.0291934
0.029159
0.0288662
0.0279083
0.0261686
0.0235095
0.0201855
0.0163216
0.0117264
0.00205611
-0.0174195
-0.0293781
-0.0191454
-0.00448557
0.00468549
0.00891803
0.0101738
0.0101404
0.00959191
0.00497602
0.00504419
0.00504692
0.00529535
0.00574868
0.00589401
0.00560296
0.0050455
0.00424477
0.0028544
-0.000414725
-0.00979644
-0.0187362
-0.0130266
-0.00595409
-0.00553142
-0.00558719
-0.00471078
-0.00297116
-0.00198775
-0.036657
0.128977
0.321982
0.490332
0.624284
0.729066
0.815305
0.888797
0.922513
0.899303
0.262146
0.381768
0.510312
0.62114
0.714242
0.791017
0.853132
0.897289
0.919396
0.931609
0.478319
0.560241
0.64805
0.725407
0.791821
0.847352
0.891538
0.923871
0.947333
0.965407
0.637365
0.696077
0.756794
0.813281
0.862303
0.903959
0.938216
0.965595
0.988232
1.00659
0.761565
0.804198
0.849729
0.893084
0.931413
0.964913
0.993622
1.01755
1.03784
1.05571
0.865111
0.897707
0.935531
0.970796
1.00319
1.03226
1.05768
1.07908
1.09687
1.11423
0.95718
0.985713
1.01949
1.05146
1.08127
1.10833
1.132
1.15166
1.16712
1.1842
1.04548
1.07459
1.10848
1.14042
1.16994
1.19646
1.21927
1.23772
1.25107
1.2681
1.14062
1.17377
1.21034
1.24387
1.27386
1.3
1.32192
1.33918
1.35102
1.36842
1.25552
1.29331
1.33191
1.36612
1.39543
1.42016
1.4405
1.45638
1.46783
1.4859
1.4004
1.43892
1.47503
1.5057
1.53136
1.55344
1.57248
1.588
1.60042
1.61841
1.57543
1.60705
1.63321
1.65564
1.67561
1.69432
1.71203
1.7285
1.74384
1.76191
1.76402
1.78122
1.79625
1.81247
1.82837
1.8429
1.8561
1.87002
1.88756
1.90771
1.94573
1.95527
1.9668
1.97761
1.98689
1.99647
2.00725
2.01861
2.02997
2.04533
2.15296
2.15662
2.14167
2.12686
2.12058
2.12625
2.14473
2.17504
2.20722
2.23387
2.45928
2.32441
2.24777
2.20538
2.18796
2.19192
2.21932
2.27573
2.37835
2.60272
0.778974
0.776847
0.772364
0.763742
0.751523
0.739401
0.729183
0.721303
0.715707
0.712483
0.712165
0.714937
0.720068
0.72731
0.736711
0.74826
0.760917
0.771956
0.77807
0.781125
0.703418
0.709265
0.7156
0.720097
0.722572
0.722255
0.719528
0.715735
0.712248
0.710019
0.70991
0.712144
0.715835
0.720144
0.723965
0.725858
0.724929
0.721453
0.716292
0.709672
0.694977
0.697273
0.700679
0.703679
0.70576
0.707265
0.708033
0.707734
0.706733
0.705885
0.706101
0.707568
0.709413
0.710741
0.710937
0.710058
0.708517
0.706187
0.702928
0.700009
0.689443
0.690529
0.692364
0.694747
0.696778
0.698215
0.69925
0.700021
0.700451
0.700712
0.70125
0.702101
0.702733
0.702825
0.70243
0.701595
0.700136
0.698059
0.695978
0.694597
0.684209
0.684871
0.685982
0.687692
0.689482
0.691125
0.692436
0.693475
0.69439
0.695225
0.696008
0.696611
0.696843
0.696706
0.696161
0.695122
0.693706
0.692172
0.69086
0.690082
0.679194
0.679654
0.680442
0.681746
0.683243
0.684773
0.686256
0.68758
0.688754
0.689861
0.690839
0.691466
0.691658
0.691419
0.690748
0.689779
0.688669
0.687548
0.68664
0.686124
0.674316
0.67466
0.675274
0.676349
0.677653
0.679042
0.680502
0.681978
0.683394
0.684734
0.685918
0.68668
0.686913
0.68668
0.686113
0.685362
0.684531
0.683679
0.683015
0.682638
0.669521
0.669788
0.670284
0.6712
0.672382
0.673696
0.675114
0.676637
0.678227
0.679817
0.681251
0.682205
0.682574
0.682506
0.682154
0.681626
0.681002
0.680381
0.6799
0.679613
0.664725
0.664937
0.66535
0.666157
0.66726
0.668528
0.669941
0.671516
0.673245
0.675081
0.676815
0.678044
0.678664
0.678847
0.678733
0.678432
0.67802
0.677595
0.677255
0.67703
0.659839
0.66001
0.660364
0.661098
0.662157
0.663407
0.664851
0.666516
0.66841
0.670512
0.672605
0.674206
0.675162
0.675644
0.675791
0.675728
0.675535
0.675287
0.675064
0.674886
0.654773
0.654911
0.655223
0.655914
0.656958
0.658235
0.659751
0.661548
0.663661
0.666087
0.668618
0.670682
0.672042
0.67287
0.673317
0.673509
0.673532
0.673458
0.673336
0.673192
0.649435
0.649545
0.64983
0.650503
0.651567
0.652917
0.654548
0.656532
0.658933
0.661769
0.664838
0.667458
0.669296
0.670527
0.671312
0.671783
0.672037
0.672137
0.672102
0.671985
0.643727
0.643814
0.644083
0.644761
0.645882
0.647346
0.649148
0.651389
0.654156
0.657509
0.661237
0.664525
0.66693
0.668627
0.669795
0.670594
0.671104
0.67137
0.671414
0.671318
0.637537
0.637603
0.637865
0.638572
0.639787
0.641414
0.643451
0.646026
0.649261
0.653255
0.657787
0.661879
0.664957
0.667205
0.668815
0.669981
0.670776
0.671223
0.671341
0.671262
0.630733
0.630779
0.631043
0.6318
0.63315
0.634996
0.63734
0.640343
0.644168
0.648954
0.654463
0.65952
0.663397
0.666296
0.668429
0.670008
0.67113
0.671773
0.671965
0.6719
0.623161
0.623185
0.623452
0.624283
0.625811
0.627941
0.630679
0.634226
0.638787
0.644547
0.651239
0.657451
0.662277
0.665941
0.668694
0.670768
0.672263
0.673117
0.673383
0.673326
0.614596
0.614609
0.614888
0.61582
0.617583
0.620058
0.623304
0.627538
0.633014
0.639969
0.648093
0.655684
0.661633
0.666199
0.669681
0.672351
0.67427
0.675355
0.675694
0.675644
0.604757
0.604741
0.605072
0.606147
0.608199
0.611134
0.615022
0.620117
0.626734
0.635155
0.645008
0.654237
0.66151
0.667139
0.671478
0.674839
0.67725
0.678589
0.679001
0.678953
0.59333
0.593289
0.593669
0.594937
0.597359
0.600887
0.605588
0.611773
0.619816
0.63004
0.641974
0.653138
0.661956
0.668829
0.674172
0.678328
0.681305
0.682913
0.683392
0.683343
0.579822
0.579754
0.580213
0.581736
0.584645
0.588942
0.594699
0.602282
0.612122
0.624565
0.638989
0.652423
0.663028
0.671326
0.677843
0.682914
0.686514
0.688397
0.688934
0.688876
0.563568
0.563472
0.564058
0.565936
0.569498
0.574824
0.581981
0.591386
0.603513
0.618691
0.63608
0.652141
0.664783
0.674701
0.682539
0.688644
0.692918
0.695065
0.695641
0.695568
0.543616
0.543492
0.544284
0.54668
0.551162
0.557919
0.566986
0.578819
0.593884
0.612427
0.63331
0.652365
0.667288
0.679008
0.688289
0.695544
0.700505
0.702877
0.703461
0.703365
0.51852
0.518381
0.519511
0.522712
0.528588
0.537441
0.549218
0.564354
0.583212
0.605864
0.630804
0.653197
0.670603
0.684276
0.695127
0.703584
0.709179
0.711694
0.712245
0.712119
0.485933
0.485818
0.487567
0.492166
0.500361
0.512486
0.52824
0.547909
0.571617
0.599203
0.628748
0.654767
0.6748
0.690519
0.702995
0.712647
0.718733
0.721262
0.721729
0.721568
0.441641
0.441695
0.444809
0.452323
0.464823
0.482286
0.503935
0.529715
0.559463
0.592796
0.627405
0.657226
0.679944
0.697727
0.711814
0.722526
0.72883
0.731193
0.731529
0.731336
0.377748
0.378986
0.386604
0.400629
0.421011
0.44697
0.476923
0.510489
0.547379
0.58711
0.627052
0.66071
0.686058
0.705819
0.721338
0.732773
0.738978
0.740934
0.741097
0.740886
0.302055
0.303875
0.318462
0.342559
0.373973
0.409955
0.448952
0.490788
0.535293
0.58201
0.628043
0.666325
0.694941
0.717098
0.7342
0.74625
0.75209
0.753699
0.753812
0.753683
0.224013
0.230317
0.251856
0.286302
0.328193
0.373913
0.421906
0.472051
0.524235
0.578021
0.63026
0.673245
0.705097
0.729612
0.74846
0.760522
0.765505
0.766599
0.766658
0.766602
0.160145
0.168806
0.19494
0.23647
0.286573
0.34058
0.396679
0.454597
0.514102
0.57468
0.632839
0.680211
0.715034
0.741517
0.761185
0.773112
0.777716
0.778712
0.778816
0.77882
0.108209
0.117471
0.147185
0.193991
0.250287
0.310973
0.373926
0.438705
0.504894
0.571833
0.635606
0.68713
0.724706
0.752996
0.773615
0.785664
0.790023
0.790935
0.791092
0.791145
0.064791
0.0743339
0.106511
0.157337
0.218717
0.284947
0.353714
0.4245
0.496711
0.569533
0.638613
0.69413
0.734385
0.764508
0.786151
0.798358
0.802669
0.803762
0.803949
0.804042
0.0275144
0.0371596
0.0711742
0.125216
0.190807
0.261771
0.335614
0.411728
0.489406
0.567695
0.641822
0.7012
0.744099
0.77602
0.798709
0.811474
0.816067
0.817201
0.817383
0.81749
-0.00531197
0.00435428
0.0397727
0.0965269
0.16565
0.2407
0.319041
0.399965
0.482682
0.566101
0.64505
0.708181
0.753678
0.787422
0.811316
0.824712
0.829577
0.830812
0.830991
0.831075
-0.0349913
-0.0253041
0.0112602
0.0703552
0.142506
0.221142
0.303497
0.388801
0.476182
0.564453
0.648057
0.714865
0.762923
0.798472
0.823457
0.837544
0.842771
0.844067
0.844227
0.844292
-0.0624305
-0.0527154
-0.0151686
0.0459873
0.120817
0.202634
0.288585
0.377882
0.46961
0.562509
0.650646
0.721066
0.771635
0.808907
0.835002
0.849675
0.855291
0.856645
0.856773
0.856809
-0.0882134
-0.0784476
-0.0399972
0.0229007
0.100149
0.184811
0.274008
0.366964
0.462752
0.560071
0.652646
0.726655
0.779694
0.818631
0.845727
0.860924
0.866814
0.868205
0.868296
0.868295
-0.112836
-0.102955
-0.0636162
0.000767672
0.0802115
0.167419
0.259557
0.355863
0.455441
0.556983
0.653929
0.731555
0.787065
0.827605
0.855612
0.871164
0.877196
0.878608
0.878678
0.878647
-0.136595
-0.126512
-0.0864533
-0.0205839
0.0608051
0.150284
0.245081
0.344453
0.447553
0.553138
0.654413
0.735718
0.793751
0.83584
0.864589
0.880371
0.886436
0.887804
0.887862
0.887802
-0.159605
-0.149335
-0.108599
-0.041308
0.0417956
0.133317
0.230497
0.332657
0.439024
0.54845
0.654011
0.739116
0.799788
0.84345
0.872816
0.888653
0.894607
0.895919
0.89593
0.895854
-0.182066
-0.171532
-0.130057
-0.0615171
0.0231175
0.116458
0.21577
0.32045
0.429815
0.542868
0.652652
0.741716
0.805244
0.850584
0.880459
0.896154
0.901872
0.903055
0.90302
0.902923
-0.203937
-0.193148
-0.15099
-0.0812699
0.00474938
0.0997006
0.20091
0.307839
0.419926
0.536358
0.650275
0.743468
0.810173
0.857398
0.887738
0.903065
0.908353
0.909331
0.909238
0.909122
-0.225287
-0.214222
-0.171341
-0.100566
-0.0133066
0.08306
0.185939
0.294866
0.409389
0.528923
0.646822
0.744303
0.81458
0.864058
0.894933
0.909626
0.914165
0.914809
0.914649
0.914529
-0.245982
-0.234704
-0.191105
-0.119371
-0.0310189
0.0665928
0.170909
0.281585
0.39826
0.520597
0.642253
0.744132
0.818416
0.870672
0.90239
0.916275
0.919631
0.919632
0.919352
0.919258
-0.266156
-0.254559
-0.210284
-0.137677
-0.0483665
0.050328
0.155902
0.268066
0.386612
0.511445
0.636557
0.742838
0.821548
0.877239
0.910438
0.923702
0.925435
0.924132
0.923473
0.923445
-0.285658
-0.273768
-0.22886
-0.155452
-0.0652782
0.0343431
0.140991
0.25442
0.374544
0.501517
0.629756
0.740298
0.823774
0.883583
0.919176
0.932701
0.932938
0.929533
0.927423
0.926843
-0.304555
-0.292384
-0.246783
-0.172654
-0.0817258
0.0187012
0.126253
0.24072
0.36216
0.490938
0.6219
0.736382
0.824835
0.889334
0.92821
0.943552
0.943865
0.938608
0.932382
0.924631
-0.322769
-0.310365
-0.264151
-0.189436
-0.0979145
0.00313886
0.111367
0.226587
0.349039
0.479242
0.612501
0.730596
0.824315
0.894278
0.93708
0.955871
0.958885
0.952972
0.941776
0.937365
-0.340255
-0.327635
-0.28095
-0.205775
-0.113857
-0.0123409
0.0963411
0.211997
0.335125
0.466297
0.601338
0.722513
0.821373
0.897616
0.943881
0.965775
0.970841
0.967384
0.929114
0.877565
-0.356738
-0.343414
-0.297031
-0.221602
-0.129658
-0.0279041
0.0811141
0.197058
0.320464
0.452143
0.588304
0.711822
0.814802
0.89864
0.94626
0.964836
0.968869
0.946855
0.889542
0.827897
-0.372525
-0.358385
-0.312348
-0.236245
-0.144795
-0.0430837
0.0654632
0.181821
0.305201
0.436945
0.573408
0.698221
0.803259
0.897599
0.941595
0.974232
0.933468
0.880532
0.807438
0.740173
-0.358402
-0.340247
-0.289645
-0.20916
-0.11129
-0.00663215
0.107389
0.226697
0.353561
0.489804
0.621658
0.735738
0.833484
0.931864
0.960142
0.874089
0.817116
0.746719
0.671456
0.622362
-0.382496
-0.365989
-0.330029
-0.259045
-0.168024
-0.067522
0.0413685
0.157183
0.280002
0.410848
0.546115
0.670228
0.774559
0.86122
0.934822
0.915559
0.785288
0.695538
0.628441
0.544595
-0.401783
-0.386177
-0.344563
-0.272205
-0.180696
-0.08061
0.0271933
0.142115
0.26404
0.393613
0.527476
0.649897
0.751305
0.826579
0.851318
0.764311
0.617712
0.517109
0.438875
0.350169
-0.421581
-0.40913
-0.363008
-0.289593
-0.198005
-0.0974504
0.0103226
0.124971
0.246047
0.374204
0.50539
0.623368
0.71523
0.776304
0.750534
0.61163
0.454431
0.33324
0.23267
0.0965634
-0.444488
-0.431651
-0.383489
-0.308899
-0.217179
-0.116509
-0.00887636
0.105213
0.225215
0.351521
0.479335
0.591654
0.673783
0.713324
0.650655
0.462573
0.277876
0.122739
-0.0191779
-0.215999
-0.466379
-0.45391
-0.40463
-0.328776
-0.236665
-0.136067
-0.028854
0.0843822
0.203028
0.32705
0.450948
0.556746
0.631222
0.634077
0.521505
0.320525
0.105629
-0.095431
-0.270943
-0.659757
-0.488376
-0.476267
-0.426515
-0.349758
-0.257327
-0.156738
-0.0499657
0.0623786
0.179519
0.300951
0.420462
0.518723
0.581241
0.551171
0.396433
0.193678
-0.0248879
-0.23685
-0.415846
-0.68826
-0.51131
-0.499351
-0.449405
-0.372112
-0.279486
-0.178901
-0.0725395
0.0389171
0.154462
0.273076
0.387823
0.478003
0.524938
0.477546
0.284582
0.0889782
-0.109696
-0.277421
-0.350223
-0.38925
-0.535668
-0.523835
-0.473685
-0.396126
-0.303507
-0.203117
-0.0973323
0.0129895
0.126587
0.241848
0.351092
0.43275
0.46235
0.379019
0.184925
0.00146926
-0.164331
-0.27159
-0.309694
-0.318713
-0.561656
-0.54984
-0.499522
-0.421817
-0.329337
-0.22934
-0.124366
-0.0154597
0.0957952
0.207161
0.310133
0.383056
0.385281
0.272428
0.0937013
-0.075777
-0.216443
-0.272345
-0.284383
-0.289256
-0.589462
-0.577564
-0.527002
-0.449207
-0.356978
-0.257575
-0.153647
-0.0464756
0.0620502
0.169047
0.265025
0.328309
0.305631
0.172936
0.00895232
-0.150174
-0.250411
-0.279284
-0.275353
-0.275386
-0.618799
-0.607095
-0.556099
-0.478263
-0.386401
-0.287782
-0.185165
-0.0800453
0.025368
0.127522
0.216076
0.267577
0.235726
0.0817089
-0.0676042
-0.207035
-0.248442
-0.260892
-0.265814
-0.266048
-0.649515
-0.637804
-0.5866
-0.508822
-0.417476
-0.31986
-0.218833
-0.116094
-0.0141872
0.0827683
0.163499
0.203667
0.165639
0.00413157
-0.134569
-0.231117
-0.276866
-0.263816
-0.260868
-0.260561
-0.681091
-0.669365
-0.618197
-0.540568
-0.44992
-0.353566
-0.254422
-0.154412
-0.0563995
0.0351398
0.10775
0.139179
0.0806068
-0.063131
-0.187667
-0.240207
-0.255252
-0.256382
-0.256567
-0.256343
-0.712791
-0.701126
-0.650025
-0.572954
-0.483277
-0.388486
-0.29158
-0.194646
-0.10089
-0.0149589
0.0501641
0.0670575
-1.07713e-05
-0.120108
-0.219423
-0.243253
-0.249949
-0.253589
-0.253571
-0.253514
-0.743393
-0.732166
-0.681291
-0.605205
-0.516862
-0.424019
-0.329742
-0.236243
-0.147027
-0.0669957
-0.0074739
-0.00420987
-0.0698438
-0.168938
-0.237348
-0.290066
-0.264482
-0.254288
-0.252236
-0.251844
-0.77144
-0.760707
-0.710874
-0.636052
-0.54974
-0.459323
-0.368144
-0.27847
-0.193964
-0.119961
-0.0648787
-0.06611
-0.133947
-0.205475
-0.251682
-0.245387
-0.252757
-0.254399
-0.254244
-0.253973
-0.795242
-0.785196
-0.736871
-0.664318
-0.580676
-0.493309
-0.405795
-0.320399
-0.240714
-0.172467
-0.12267
-0.121307
-0.186438
-0.243807
-0.263476
-0.272617
-0.26825
-0.265955
-0.264443
-0.263654
-0.812455
-0.803319
-0.757348
-0.688075
-0.60816
-0.524746
-0.441521
-0.360905
-0.286228
-0.223288
-0.179065
-0.172338
-0.224539
-0.280375
-0.310535
-0.296393
-0.285698
-0.28055
-0.277645
-0.275935
-0.821053
-0.812705
-0.770226
-0.70541
-0.630425
-0.552117
-0.474071
-0.398701
-0.329364
-0.271299
-0.230562
-0.216087
-0.247035
-0.27443
-0.293273
-0.280849
-0.274807
-0.271744
-0.270782
-0.270641
-0.816609
-0.809839
-0.773851
-0.714469
-0.645811
-0.573892
-0.502029
-0.432605
-0.368878
-0.315429
-0.276294
-0.249013
-0.244258
-0.210286
-0.234788
-0.241328
-0.251549
-0.257131
-0.259729
-0.260548
-0.798013
-0.793361
-0.765222
-0.713926
-0.653048
-0.588819
-0.524157
-0.461322
-0.403495
-0.355014
-0.318177
-0.286794
-0.238168
-0.150849
-0.140956
-0.202037
-0.244827
-0.264739
-0.270472
-0.272648
-0.765742
-0.762397
-0.743385
-0.70282
-0.651622
-0.596311
-0.53965
-0.483789
-0.431942
-0.388803
-0.360367
-0.328659
-0.2997
-0.266814
-0.26096
-0.296484
-0.317955
-0.322756
-0.323798
-0.324559
-0.724463
-0.722343
-0.711579
-0.683282
-0.642622
-0.596834
-0.5484
-0.499429
-0.453114
-0.41494
-0.390162
-0.385633
-0.427415
-0.581002
-0.676702
-0.59321
-0.472281
-0.4059
-0.38307
-0.377145
-0.682746
-0.681497
-0.676174
-0.659684
-0.629653
-0.592161
-0.551297
-0.508206
-0.466136
-0.429866
-0.409179
-0.400226
-0.421166
-0.438802
-0.416019
-0.328337
-0.277136
-0.289858
-0.298292
-0.293856
-0.649287
-0.648637
-0.645944
-0.636483
-0.61562
-0.58557
-0.550117
-0.511191
-0.470498
-0.432198
-0.405232
-0.361074
-0.298339
-0.165258
-0.0209359
0.00563731
-0.103043
-0.174808
-0.20696
-0.210256
-0.625374
-0.624662
-0.623217
-0.619426
-0.605137
-0.580224
-0.547429
-0.510016
-0.468637
-0.425034
-0.386223
-0.356156
-0.303657
-0.285607
-0.33554
-0.479288
-0.633156
-0.707776
-0.652313
-0.596105
-0.609003
-0.608742
-0.608132
-0.606236
-0.598415
-0.577163
-0.545429
-0.506953
-0.46301
-0.413427
-0.366985
-0.342116
-0.317935
-0.34441
-0.440626
-0.54843
-0.664862
-0.713632
-0.668424
-0.604913
-0.598902
-0.598864
-0.598587
-0.598062
-0.594319
-0.576314
-0.544234
-0.503293
-0.454123
-0.398034
-0.335622
-0.286596
-0.227657
-0.210198
-0.244276
-0.339205
-0.340151
-0.223069
-0.0648429
0.0400952
-0.591482
-0.591548
-0.591499
-0.591437
-0.589865
-0.576227
-0.544388
-0.499741
-0.445702
-0.381351
-0.301601
-0.219868
-0.0911859
0.09119
0.303268
0.513132
0.71891
0.942373
1.10754
1.18627
-0.585546
-0.58559
-0.585392
-0.584829
-0.583157
-0.5758
-0.546056
-0.498626
-0.439311
-0.365158
-0.272795
-0.167396
-0.0165038
0.257204
0.62736
1.01563
1.37886
1.63883
1.78408
1.83769
-0.582415
-0.582419
-0.582119
-0.581163
-0.579957
-0.576897
-0.551088
-0.500774
-0.436447
-0.356799
-0.258185
-0.14138
-0.00631903
0.26603
0.662958
1.05225
1.3923
1.6265
1.74448
1.78282
-0.582369
-0.583059
-0.584563
-0.588201
-0.592451
-0.590927
-0.560178
-0.506936
-0.441395
-0.358615
-0.257534
-0.145225
-0.0435136
0.187861
0.535337
0.852257
1.12025
1.29371
1.37709
1.40309
-0.585126
-0.586408
-0.588319
-0.591062
-0.595573
-0.592293
-0.562957
-0.516862
-0.4536
-0.367637
-0.267903
-0.165432
-0.0701914
0.0894163
0.359141
0.595786
0.786708
0.905976
0.960493
0.976809
-0.614015
-0.614554
-0.611597
-0.587974
-0.545068
-0.516872
-0.540586
-0.532129
-0.472851
-0.383809
-0.284845
-0.19053
-0.1083
0.00386672
0.191924
0.355021
0.483874
0.560868
0.594503
0.602763
-0.669972
-0.667797
-0.6615
-0.637922
-0.596916
-0.576418
-0.594852
-0.578083
-0.501927
-0.402747
-0.302939
-0.217914
-0.146255
-0.0646343
0.0601268
0.163474
0.23598
0.275829
0.292338
0.297864
-0.780392
-0.777726
-0.803799
-0.85096
-0.882455
-0.867045
-0.812298
-0.683519
-0.545429
-0.421339
-0.318165
-0.239945
-0.179098
-0.116108
-0.0405725
0.0200989
0.0530247
0.0677627
0.0739543
0.0773786
-0.928085
-0.934755
-0.978732
-1.03808
-1.07083
-1.05198
-0.964575
-0.764847
-0.57659
-0.42958
-0.324685
-0.257593
-0.210496
-0.162317
-0.107316
-0.0695627
-0.052626
-0.0472071
-0.0434491
-0.0398122
-0.946292
-0.956636
-0.98993
-1.03115
-1.05456
-1.03613
-0.937998
-0.73788
-0.553546
-0.41155
-0.315692
-0.261811
-0.229736
-0.192772
-0.145634
-0.111932
-0.0902559
-0.0803501
-0.0742721
-0.0722259
-0.764441
-0.77579
-0.805962
-0.845178
-0.873239
-0.85923
-0.758649
-0.605629
-0.466764
-0.358276
-0.285279
-0.248213
-0.233691
-0.201906
-0.157225
-0.120044
-0.0937934
-0.0771076
-0.0693071
-0.0677994
-0.430789
-0.440445
-0.464213
-0.499507
-0.531273
-0.535994
-0.490948
-0.418083
-0.343416
-0.282108
-0.237029
-0.215082
-0.209347
-0.180783
-0.139957
-0.105699
-0.0805143
-0.0638982
-0.0570922
-0.0560142
-0.094089
-0.099711
-0.114407
-0.140626
-0.17625
-0.206238
-0.223244
-0.22574
-0.21587
-0.197167
-0.177278
-0.164592
-0.157168
-0.134537
-0.107597
-0.0849205
-0.0671096
-0.0551896
-0.0503083
-0.0500724
0.123793
0.120831
0.112176
0.0911684
0.0547565
0.00558146
-0.0429565
-0.0816465
-0.10719
-0.117631
-0.115524
-0.107081
-0.0943698
-0.080047
-0.067969
-0.0588144
-0.0504376
-0.0441848
-0.0417181
-0.0422999
0.211693
0.209884
0.204002
0.187365
0.155192
0.108156
0.0550774
0.00580912
-0.0316283
-0.0541949
-0.0602745
-0.0522382
-0.0389331
-0.033844
-0.0354739
-0.0366024
-0.0358259
-0.0344771
-0.0342555
-0.0353348
0.222067
0.220978
0.216889
0.204711
0.180303
0.143436
0.0996705
0.0552821
0.0174356
-0.00841516
-0.0175771
-0.0112869
2.23933e-05
-0.00175746
-0.0117279
-0.0211558
-0.027151
-0.031335
-0.0342779
-0.035613
0.199179
0.198651
0.196005
0.187803
0.170928
0.14478
0.11204
0.076747
0.0451164
0.021864
0.012705
0.016807
0.0234339
0.0172991
0.00259049
-0.0109858
-0.0220513
-0.0306213
-0.0357913
-0.0369906
0.165958
0.165788
0.164202
0.158977
0.147894
0.130202
0.107101
0.0810194
0.0564812
0.0381292
0.031496
0.0360371
0.0409039
0.0322051
0.015353
-0.000339047
-0.0137027
-0.0238625
-0.0293025
-0.030135
0.131343
0.13138
0.130558
0.127429
0.120464
0.108943
0.0933227
0.0750777
0.0572968
0.0438563
0.0400724
0.0469372
0.0544344
0.0451098
0.0265363
0.0111645
-0.000737389
-0.00884075
-0.012581
-0.0132468
0.0988975
0.0990362
0.0985554
0.0967739
0.092557
0.0853198
0.0751692
0.0629456
0.0506283
0.0411015
0.038875
0.0459651
0.0558993
0.0481461
0.0302287
0.0184748
0.0112261
0.00710925
0.0056147
0.00504797
0.0690342
0.0692044
0.0690085
0.068089
0.0657664
0.0614921
0.0552545
0.0474719
0.0392797
0.032298
0.0290092
0.0296539
0.0325345
0.0277384
0.0197973
0.017036
0.0164591
0.0165242
0.0164604
0.01589
0.0417836
0.0419421
0.0419228
0.0415484
0.0404923
0.0383439
0.0349562
0.0305111
0.0254374
0.0203147
0.0147967
0.00438686
-0.0105066
-0.00990221
-0.000982733
0.00669933
0.011947
0.0145333
0.0150603
0.014587
0.00503464
0.00503093
0.00512711
0.00555349
0.00587599
0.00581087
0.00533117
0.00464732
0.00389594
0.00150968
-0.00380576
-0.0167332
-0.0156935
-0.00919419
-0.00530577
-0.00550986
-0.00543321
-0.00379843
-0.00229661
0.00430883
-1.06603
-0.392097
0.0563459
0.313805
0.498253
0.638888
0.747189
0.834228
0.928408
1.01982
-0.0231975
0.169869
0.34611
0.494398
0.617992
0.718247
0.799539
0.866118
0.90752
0.911134
0.305801
0.420061
0.532004
0.631464
0.716741
0.788464
0.847164
0.891814
0.920598
0.938029
0.513768
0.591478
0.668502
0.738934
0.800209
0.852513
0.895591
0.92944
0.955255
0.974215
0.666496
0.719104
0.777541
0.829958
0.875933
0.915941
0.949948
0.978216
1.00142
1.01833
0.787424
0.827908
0.873173
0.912871
0.949732
0.982662
1.01153
1.03624
1.05694
1.07113
0.88932
0.923504
0.960188
0.994129
1.02608
1.05545
1.0816
1.10405
1.12262
1.13431
0.981953
1.01281
1.04654
1.07893
1.10949
1.13767
1.16266
1.18383
1.20071
1.21021
1.07256
1.10497
1.14013
1.174
1.20518
1.23335
1.25782
1.27806
1.29347
1.30166
1.17426
1.21168
1.24987
1.28603
1.318
1.34579
1.36917
1.38812
1.40222
1.41069
1.30102
1.34334
1.38247
1.41827
1.44862
1.47424
1.49575
1.51334
1.52682
1.53698
1.46245
1.50387
1.53754
1.56705
1.59155
1.61303
1.6326
1.65
1.66472
1.67741
1.65279
1.68358
1.70479
1.7239
1.74193
1.75914
1.77534
1.79114
1.80764
1.82456
1.85061
1.86199
1.87303
1.88711
1.90138
1.91421
1.92556
1.9364
1.9493
1.96617
2.03638
2.04628
2.05492
2.05736
2.05823
2.06248
2.07326
2.0892
2.10681
2.11141
2.33741
2.282
2.23117
2.19092
2.16853
2.16447
2.17797
2.21176
2.2682
2.34376
0.92119
0.862496
0.820019
0.786162
0.761509
0.743962
0.73146
0.722544
0.71645
0.712993
0.712635
0.715524
0.720986
0.72894
0.739875
0.754937
0.775953
0.805053
0.843819
0.891646
0.722735
0.731495
0.737031
0.737856
0.734376
0.728337
0.721912
0.716454
0.712636
0.711012
0.712215
0.715835
0.721136
0.727627
0.734404
0.739682
0.741313
0.73808
0.730748
0.72308
0.699758
0.701789
0.706395
0.709909
0.712424
0.713856
0.713575
0.711849
0.709675
0.708129
0.708175
0.710032
0.712777
0.715419
0.716915
0.716588
0.714742
0.71195
0.707904
0.703523
0.69283
0.693696
0.696182
0.698898
0.700913
0.702279
0.703271
0.703734
0.703608
0.70338
0.703764
0.704882
0.706004
0.706505
0.706218
0.705386
0.703987
0.701757
0.699125
0.697161
0.687153
0.687615
0.689013
0.691038
0.692982
0.694564
0.695716
0.696626
0.697366
0.697972
0.698642
0.699323
0.699678
0.69961
0.699159
0.698212
0.696719
0.694905
0.693266
0.692252
0.681938
0.682225
0.683145
0.684619
0.68625
0.687861
0.689295
0.690482
0.691528
0.692515
0.693398
0.69399
0.694184
0.693992
0.693358
0.692317
0.691045
0.689742
0.688664
0.688042
0.676932
0.677133
0.677824
0.679001
0.680391
0.681843
0.683327
0.684748
0.686048
0.687269
0.688345
0.689032
0.689236
0.688978
0.688337
0.687473
0.686513
0.685532
0.684757
0.68432
0.672061
0.672213
0.672762
0.673751
0.674988
0.676335
0.677773
0.679277
0.680788
0.682252
0.683555
0.684404
0.684689
0.684523
0.68406
0.68342
0.682694
0.681961
0.681394
0.681066
0.667244
0.667364
0.667814
0.66867
0.669808
0.671098
0.672512
0.674057
0.675715
0.677427
0.679005
0.680084
0.680565
0.680616
0.680383
0.679966
0.679446
0.678923
0.678516
0.678264
0.66239
0.662487
0.662867
0.663633
0.66471
0.665967
0.667394
0.669008
0.670813
0.672776
0.674681
0.676085
0.676863
0.677189
0.677205
0.677019
0.676714
0.676377
0.676099
0.675899
0.657406
0.657485
0.657816
0.658524
0.659572
0.660832
0.66231
0.664035
0.66603
0.668284
0.670584
0.672406
0.673555
0.674202
0.674498
0.674556
0.674471
0.674308
0.674136
0.673977
0.652199
0.652264
0.652561
0.653238
0.654288
0.6556
0.65717
0.659053
0.6613
0.663918
0.666704
0.669033
0.670621
0.671643
0.672258
0.672582
0.67272
0.672727
0.672649
0.67252
0.646674
0.646729
0.647004
0.647675
0.648762
0.650168
0.651882
0.653984
0.656556
0.659635
0.663017
0.665956
0.668063
0.669518
0.670494
0.671117
0.671495
0.671674
0.67168
0.671575
0.640727
0.640773
0.641037
0.641725
0.642886
0.644432
0.646347
0.648744
0.651729
0.655385
0.659495
0.663167
0.665891
0.667851
0.66924
0.670215
0.670855
0.671208
0.67129
0.671203
0.634236
0.634274
0.634536
0.635262
0.636537
0.638273
0.640459
0.643234
0.646746
0.651115
0.656111
0.660664
0.664121
0.666681
0.668552
0.669915
0.670855
0.671397
0.671553
0.671482
0.627055
0.627085
0.627352
0.628139
0.629569
0.631559
0.634092
0.637351
0.641521
0.646769
0.65284
0.658449
0.662777
0.666044
0.668486
0.670296
0.671583
0.672331
0.672561
0.672501
0.619003
0.619027
0.619311
0.620177
0.621805
0.624116
0.627098
0.630967
0.635958
0.642284
0.649658
0.65653
0.66189
0.665988
0.669106
0.671454
0.673139
0.674108
0.674412
0.67436
0.60984
0.609864
0.610176
0.611144
0.613033
0.615741
0.619297
0.623934
0.629947
0.637596
0.646544
0.65492
0.661502
0.666578
0.670489
0.673474
0.675616
0.67683
0.677208
0.677161
0.599257
0.599272
0.599623
0.600738
0.602956
0.606198
0.610475
0.616079
0.623366
0.63264
0.643485
0.653643
0.661658
0.667887
0.672727
0.676444
0.67912
0.680597
0.681047
0.681
0.586865
0.586875
0.587269
0.588578
0.591229
0.595154
0.600357
0.607192
0.616078
0.627352
0.640475
0.652732
0.662412
0.669973
0.675903
0.680466
0.68374
0.685493
0.686007
0.685955
0.572097
0.572102
0.57256
0.574137
0.577364
0.582193
0.588606
0.597033
0.607943
0.621679
0.637523
0.652226
0.66382
0.672899
0.680092
0.685613
0.689541
0.691568
0.692133
0.692069
0.554175
0.554176
0.554728
0.556689
0.560713
0.566773
0.574812
0.585335
0.598834
0.615605
0.634672
0.652186
0.665943
0.676739
0.68531
0.691921
0.696541
0.698818
0.699408
0.699326
0.531913
0.531909
0.532628
0.535188
0.540385
0.548195
0.558494
0.571841
0.588679
0.609175
0.632014
0.6527
0.668846
0.681526
0.69161
0.699397
0.704688
0.707157
0.707737
0.707628
0.503533
0.503529
0.50454
0.508095
0.515156
0.525601
0.539165
0.556383
0.577518
0.60253
0.629705
0.653884
0.672596
0.687282
0.698972
0.707967
0.71384
0.716394
0.716916
0.716774
0.46594
0.465954
0.467602
0.473091
0.483464
0.498089
0.516503
0.539009
0.565582
0.595943
0.62797
0.655878
0.67726
0.694016
0.707347
0.717471
0.723736
0.72622
0.726633
0.726453
0.413214
0.413463
0.41723
0.427184
0.443726
0.465238
0.490711
0.520179
0.553371
0.589836
0.62709
0.658836
0.682896
0.70169
0.716584
0.727636
0.733992
0.736226
0.736491
0.736279
0.337641
0.340012
0.351053
0.370597
0.397458
0.428568
0.463042
0.500734
0.541385
0.584516
0.62735
0.663162
0.690066
0.711033
0.727528
0.739297
0.745527
0.747429
0.747563
0.747352
0.257237
0.263701
0.283309
0.313116
0.350806
0.39181
0.435326
0.481328
0.52968
0.579945
0.629111
0.669786
0.700081
0.723568
0.741859
0.75412
0.7597
0.76105
0.761093
0.760956
0.188271
0.19512
0.221416
0.25994
0.306835
0.356911
0.409088
0.463211
0.519115
0.576335
0.631566
0.676778
0.710156
0.735786
0.755229
0.767243
0.772145
0.773248
0.773315
0.773224
0.131905
0.139013
0.169374
0.214111
0.267867
0.32538
0.385038
0.446494
0.509419
0.573231
0.634232
0.683702
0.719926
0.747362
0.767664
0.779699
0.784313
0.785298
0.785386
0.785329
0.0851155
0.0925333
0.125402
0.174866
0.234062
0.297624
0.363578
0.431449
0.50072
0.570654
0.637112
0.690649
0.729569
0.75882
0.780117
0.792284
0.796773
0.797778
0.797884
0.797853
0.0454786
0.053057
0.0876696
0.140681
0.204437
0.273114
0.344486
0.418003
0.493003
0.5686
0.64023
0.697692
0.739278
0.77033
0.792618
0.805225
0.809951
0.810856
0.810981
0.810968
0.0109643
0.0186371
0.0544954
0.110454
0.177995
0.251066
0.327212
0.405785
0.486026
0.566915
0.643475
0.704741
0.748942
0.781788
0.805183
0.81841
0.823358
0.824317
0.824439
0.82443
-0.0199338
-0.0121715
0.0246955
0.0831664
0.153919
0.23081
0.311204
0.394365
0.479455
0.565326
0.646618
0.711596
0.758381
0.793055
0.817623
0.831405
0.836671
0.837708
0.83783
0.837822
-0.0481916
-0.0403551
-0.00263406
0.058014
0.131556
0.211821
0.296015
0.383356
0.472945
0.563554
0.649436
0.718056
0.767374
0.803799
0.82943
0.843883
0.849424
0.85061
0.85073
0.850716
-0.0745937
-0.0666614
-0.0281254
0.0343382
0.110415
0.19369
0.281296
0.372459
0.466251
0.561383
0.651749
0.723963
0.775769
0.813888
0.840533
0.855586
0.861382
0.862676
0.862781
0.862748
-0.0996167
-0.0915661
-0.0522539
0.0117524
0.0901367
0.176104
0.266802
0.361469
0.459182
0.558633
0.653399
0.729209
0.783482
0.823234
0.850824
0.866314
0.87229
0.873649
0.87373
0.873672
-0.12365
-0.115434
-0.0753113
-0.0099753
0.0704793
0.158852
0.25235
0.350222
0.451591
0.555177
0.654293
0.733747
0.790509
0.83183
0.860241
0.875997
0.882067
0.883449
0.88349
0.883409
-0.146867
-0.138479
-0.0978176
-0.0309957
0.0512796
0.141808
0.237823
0.338623
0.443387
0.550918
0.654341
0.73753
0.796862
0.839731
0.868813
0.884685
0.890742
0.892086
0.8921
0.891998
-0.169446
-0.16088
-0.119558
-0.0514574
0.0324398
0.124893
0.223166
0.32662
0.434522
0.545785
0.653468
0.740531
0.802598
0.847084
0.876724
0.892532
0.89843
0.899691
0.899663
0.899547
-0.191458
-0.182734
-0.140692
-0.0714399
0.013915
0.108083
0.20837
0.31421
0.424964
0.539736
0.651604
0.742712
0.807786
0.854036
0.884149
0.899705
0.905262
0.906367
0.906298
0.906164
-0.212936
-0.20403
-0.161317
-0.090972
-0.00430489
0.0913812
0.193444
0.301406
0.414742
0.532766
0.648694
0.744014
0.812455
0.860754
0.891346
0.906396
0.911369
0.912214
0.912085
0.911941
-0.233851
-0.224772
-0.181354
-0.11003
-0.0221961
0.0748123
0.178439
0.288265
0.403902
0.524878
0.644686
0.74436
0.816589
0.867381
0.898625
0.912928
0.916946
0.917331
0.91712
0.916986
-0.254168
-0.244906
-0.20081
-0.128592
-0.0397302
0.0584351
0.16341
0.274856
0.392502
0.516129
0.63955
0.743641
0.820096
0.873981
0.906344
0.919863
0.922456
0.921919
0.921507
0.921431
-0.273892
-0.264435
-0.219681
-0.146637
-0.056872
0.0423119
0.148437
0.261264
0.380628
0.506574
0.633301
0.741739
0.822805
0.880472
0.91475
0.927985
0.9289
0.92662
0.925506
0.925583
-0.292962
-0.283312
-0.237932
-0.164136
-0.0735631
0.0264886
0.133595
0.24757
0.368384
0.496303
0.625956
0.738526
0.824487
0.886576
0.923724
0.937941
0.937937
0.933491
0.93035
0.929414
-0.311408
-0.301573
-0.255554
-0.181093
-0.0898331
0.0109499
0.118862
0.23375
0.355745
0.485288
0.617448
0.733781
0.824851
0.891955
0.93276
0.949644
0.951022
0.945553
0.937656
0.922728
-0.32926
-0.319219
-0.27265
-0.197687
-0.105922
-0.00460056
0.10387
0.219356
0.342184
0.472926
0.60715
0.726867
0.823247
0.896219
0.940914
0.961385
0.965886
0.958037
0.948878
0.904802
-0.346779
-0.335867
-0.289125
-0.213796
-0.121749
-0.0200752
0.0887779
0.204592
0.327904
0.459386
0.595071
0.717524
0.818681
0.898458
0.945838
0.966801
0.970718
0.964405
0.912838
0.853447
-0.36495
-0.350462
-0.304746
-0.229269
-0.137524
-0.0357094
0.0733162
0.189453
0.312881
0.44464
0.581055
0.705383
0.809753
0.898328
0.944558
0.95217
0.956768
0.920732
0.854237
0.789933
-0.382883
-0.38545
-0.325537
-0.241777
-0.149984
-0.048566
0.0581118
0.1746
0.297862
0.429471
0.565733
0.690648
0.795957
0.897244
0.906958
0.921211
0.895249
0.82913
0.753034
0.682358
-0.358834
-0.357497
-0.298652
-0.215144
-0.118265
-0.0136428
0.0979524
0.217111
0.343689
0.479529
0.610887
0.724676
0.820553
0.917619
0.923141
0.819804
0.732496
0.662827
0.588587
0.446447
-0.398872
-0.372867
-0.311165
-0.226783
-0.130366
-0.0257899
0.0852432
0.203852
0.329615
0.464175
0.593436
0.704518
0.791286
0.854246
0.820303
0.684876
0.562127
0.477995
0.39297
0.231718
-0.422685
-0.391948
-0.32938
-0.245594
-0.149054
-0.044642
0.0666199
0.184493
0.309007
0.441451
0.567552
0.673274
0.751092
0.778904
0.696576
0.530122
0.38877
0.283889
0.168039
-0.0641741
-0.445895
-0.412866
-0.349143
-0.264689
-0.168084
-0.0637747
0.0471421
0.164113
0.287128
0.41699
0.538852
0.637309
0.703393
0.695678
0.557801
0.368788
0.196353
0.0534708
-0.106716
-0.486492
-0.46814
-0.434294
-0.369554
-0.284205
-0.187521
-0.0834186
0.0268464
0.142778
0.264068
0.390926
0.507646
0.597748
0.64523
0.607824
0.422605
0.214183
0.00058499
-0.178149
-0.424461
-0.9662
-0.490192
-0.456303
-0.390893
-0.304956
-0.208121
-0.104259
0.00535525
0.120137
0.239463
0.362908
0.473886
0.55559
0.582958
0.495336
0.298704
0.0837006
-0.133196
-0.333191
-0.499637
-1.08196
-0.513186
-0.479233
-0.413448
-0.327186
-0.230238
-0.126591
-0.0176052
0.095979
0.213174
0.332882
0.437764
0.50971
0.512051
0.381613
0.191881
-0.0129054
-0.200219
-0.328779
-0.362301
-0.409012
-0.537544
-0.503537
-0.437534
-0.351176
-0.254303
-0.151044
-0.042871
0.0692191
0.183853
0.299125
0.397454
0.456208
0.436251
0.276901
0.0952022
-0.0847724
-0.229917
-0.291622
-0.314317
-0.320044
-0.563614
-0.529394
-0.463245
-0.37691
-0.280288
-0.177614
-0.0705295
0.0397316
0.151375
0.261564
0.352616
0.396065
0.360744
0.179367
0.00698267
-0.151066
-0.260917
-0.287536
-0.288639
-0.289011
-0.591489
-0.556951
-0.490628
-0.404378
-0.308161
-0.206307
-0.100582
0.00751146
0.115708
0.220268
0.302943
0.333712
0.266584
0.090036
-0.0735492
-0.212994
-0.260047
-0.274253
-0.275459
-0.275035
-0.621063
-0.586149
-0.51965
-0.433575
-0.337914
-0.237097
-0.133016
-0.0274473
0.0768819
0.17531
0.249023
0.265998
0.168278
0.00754132
-0.141692
-0.251458
-0.265239
-0.265016
-0.266104
-0.265772
-0.651876
-0.616782
-0.55013
-0.464332
-0.369417
-0.269888
-0.167755
-0.0650836
0.0350088
0.126899
0.191786
0.190994
0.0831397
-0.0653187
-0.195734
-0.234855
-0.256949
-0.260326
-0.260675
-0.260435
-0.683583
-0.648177
-0.581717
-0.496355
-0.402415
-0.304452
-0.204589
-0.105182
-0.00967666
0.0755899
0.13096
0.118534
0.00427077
-0.125408
-0.231294
-0.271779
-0.260236
-0.256889
-0.256436
-0.256223
-0.715251
-0.679865
-0.613865
-0.529153
-0.43647
-0.340397
-0.243159
-0.147372
-0.0568101
0.0221242
0.0664826
0.0521375
-0.0661334
-0.170925
-0.250103
-0.247761
-0.252321
-0.25349
-0.253565
-0.253431
-0.745882
-0.711012
-0.645448
-0.562001
-0.470943
-0.377155
-0.282922
-0.191065
-0.105759
-0.0329357
0.00432607
-0.0146786
-0.124852
-0.210603
-0.234923
-0.256546
-0.254645
-0.252892
-0.251985
-0.251668
-0.77389
-0.739991
-0.67562
-0.593843
-0.504943
-0.413917
-0.323139
-0.235505
-0.155546
-0.0888505
-0.0523681
-0.0861014
-0.173358
-0.235551
-0.243599
-0.250655
-0.254161
-0.254367
-0.254127
-0.253686
-0.79759
-0.76515
-0.702665
-0.623424
-0.53734
-0.449657
-0.362839
-0.279763
-0.205008
-0.144513
-0.108752
-0.147562
-0.216828
-0.264582
-0.290185
-0.276495
-0.26713
-0.265057
-0.264005
-0.263279
-0.814681
-0.784381
-0.724635
-0.649035
-0.566749
-0.483167
-0.400874
-0.322743
-0.25307
-0.198388
-0.165962
-0.196525
-0.248402
-0.313977
-0.31187
-0.290404
-0.282824
-0.27893
-0.276522
-0.275752
-0.822835
-0.795206
-0.739655
-0.668809
-0.591551
-0.513103
-0.436054
-0.363217
-0.298668
-0.248925
-0.216066
-0.235174
-0.253637
-0.301807
-0.286745
-0.27667
-0.272977
-0.271102
-0.270648
-0.270717
-0.81911
-0.795762
-0.745896
-0.680984
-0.610154
-0.537981
-0.467014
-0.399976
-0.340654
-0.294992
-0.256281
-0.256514
-0.224663
-0.220048
-0.229626
-0.245674
-0.254721
-0.258748
-0.260326
-0.260446
-0.800166
-0.782792
-0.741519
-0.684272
-0.621287
-0.55655
-0.492504
-0.431715
-0.377919
-0.336088
-0.297455
-0.270538
-0.197612
-0.109484
-0.1627
-0.226896
-0.257013
-0.267934
-0.271923
-0.272915
-0.76761
-0.755628
-0.725135
-0.678081
-0.624312
-0.568153
-0.511589
-0.457249
-0.409155
-0.372167
-0.338714
-0.314149
-0.285221
-0.230643
-0.277245
-0.310758
-0.3211
-0.323575
-0.324201
-0.324955
-0.726072
-0.718643
-0.699614
-0.663924
-0.620148
-0.572948
-0.523923
-0.475792
-0.432685
-0.401039
-0.379039
-0.399008
-0.489316
-0.657452
-0.652931
-0.523917
-0.432893
-0.390382
-0.379338
-0.376279
-0.683958
-0.679777
-0.669596
-0.646022
-0.61158
-0.572258
-0.529955
-0.486893
-0.446929
-0.416923
-0.39599
-0.413454
-0.425838
-0.441315
-0.379168
-0.292092
-0.281752
-0.298197
-0.296214
-0.291883
-0.649996
-0.647813
-0.642463
-0.627402
-0.601585
-0.56819
-0.531077
-0.490935
-0.451044
-0.415189
-0.395927
-0.342648
-0.233367
-0.0893749
0.0210846
-0.0424656
-0.147952
-0.195062
-0.208607
-0.216426
-0.625075
-0.624043
-0.622035
-0.613765
-0.593774
-0.564657
-0.529412
-0.489931
-0.44683
-0.404449
-0.375804
-0.331094
-0.284996
-0.299147
-0.402887
-0.55664
-0.689838
-0.689902
-0.621227
-0.591991
-0.60893
-0.608457
-0.607682
-0.603687
-0.589355
-0.562411
-0.526868
-0.485529
-0.438895
-0.388699
-0.349683
-0.332453
-0.318217
-0.388265
-0.499865
-0.604966
-0.704818
-0.696237
-0.628039
-0.596858
-0.598902
-0.598753
-0.598296
-0.59705
-0.587393
-0.561679
-0.524572
-0.479766
-0.42774
-0.365395
-0.310294
-0.248657
-0.212906
-0.216712
-0.290471
-0.355886
-0.295475
-0.142387
-0.00118601
0.0638579
-0.591532
-0.591536
-0.591417
-0.591477
-0.585267
-0.562113
-0.52345
-0.474399
-0.414362
-0.343489
-0.259475
-0.160399
-0.00244673
0.19159
0.412797
0.610085
0.833586
1.03536
1.1571
1.20048
-0.585595
-0.585519
-0.585185
-0.584652
-0.581827
-0.563554
-0.524175
-0.470246
-0.404259
-0.322067
-0.217925
-0.114513
0.107252
0.431119
0.818032
1.20816
1.52331
1.72549
1.82018
1.84572
-0.582448
-0.582313
-0.581753
-0.580094
-0.578709
-0.567782
-0.528021
-0.470098
-0.399443
-0.308685
-0.200801
-0.0874001
0.104683
0.456692
0.861245
1.23169
1.52511
1.69862
1.77101
1.78802
-0.582701
-0.583625
-0.586095
-0.590493
-0.594023
-0.579509
-0.535185
-0.476155
-0.402319
-0.308722
-0.202401
-0.0930801
0.0472466
0.360003
0.698449
0.995638
1.2201
1.34514
1.39528
1.40601
-0.585842
-0.587203
-0.589516
-0.593066
-0.596747
-0.580146
-0.541749
-0.488033
-0.413152
-0.318115
-0.216795
-0.115233
-0.0102113
0.222151
0.482838
0.698242
0.856062
0.940019
0.972038
0.976845
-0.614453
-0.61424
-0.603353
-0.568367
-0.529654
-0.529969
-0.542608
-0.507349
-0.431167
-0.33396
-0.236183
-0.146992
-0.066634
0.0974283
0.277682
0.424277
0.529255
0.581694
0.600465
0.60316
-0.668937
-0.665723
-0.652894
-0.616491
-0.582256
-0.581833
-0.596377
-0.544403
-0.454222
-0.350428
-0.258235
-0.180073
-0.115259
-0.00122054
0.115878
0.20316
0.259738
0.286243
0.296298
0.297658
-0.777122
-0.787065
-0.825217
-0.871828
-0.880111
-0.845236
-0.755183
-0.612983
-0.481596
-0.365844
-0.275904
-0.207929
-0.153139
-0.0763324
-0.00853206
0.039303
0.0616404
0.0715941
0.0759848
0.0776336
-0.925764
-0.953307
-1.00973
-1.05886
-1.0691
-1.02126
-0.86957
-0.666468
-0.49756
-0.371827
-0.286712
-0.231905
-0.191985
-0.132858
-0.0852901
-0.0588062
-0.049258
-0.045346
-0.0413756
-0.0392501
-0.948989
-0.970358
-1.00966
-1.04595
-1.05224
-1.0002
-0.841094
-0.641809
-0.477175
-0.357065
-0.283206
-0.243844
-0.217863
-0.168285
-0.126416
-0.101204
-0.084428
-0.0767507
-0.0729673
-0.0722228
-0.767425
-0.788829
-0.825274
-0.862189
-0.873249
-0.823431
-0.681969
-0.533864
-0.408595
-0.316501
-0.262191
-0.239938
-0.223868
-0.179273
-0.137664
-0.105497
-0.0848085
-0.0724866
-0.0679224
-0.0681226
-0.434375
-0.450473
-0.481085
-0.516823
-0.538711
-0.519415
-0.455851
-0.379693
-0.311289
-0.256625
-0.222863
-0.211305
-0.201295
-0.160219
-0.121682
-0.092154
-0.0708807
-0.0594855
-0.0560793
-0.0567845
-0.0965004
-0.10556
-0.125789
-0.157972
-0.1926
-0.216331
-0.226415
-0.221953
-0.207298
-0.186416
-0.169814
-0.160444
-0.149043
-0.121474
-0.0954797
-0.0754109
-0.0602524
-0.0519432
-0.0497883
-0.0508042
0.122353
0.117681
0.103445
0.074928
0.0311968
-0.0195173
-0.0635035
-0.0961544
-0.113995
-0.11759
-0.111688
-0.100639
-0.0861196
-0.0737418
-0.0634717
-0.0545021
-0.0468712
-0.0424956
-0.0417441
-0.042938
0.210758
0.207891
0.197342
0.173342
0.133178
0.0818183
0.0295008
-0.0145053
-0.0447013
-0.059217
-0.0576549
-0.0457548
-0.0338159
-0.0338251
-0.0363503
-0.0365056
-0.0350172
-0.0341974
-0.0346442
-0.0359453
0.221542
0.219625
0.212071
0.194171
0.16319
0.122135
0.0770838
0.0353328
0.00280662
-0.0153168
-0.0158856
-0.00543164
0.00202313
-0.00626828
-0.0168862
-0.0244904
-0.0293932
-0.0330461
-0.0350727
-0.0360762
0.198968
0.197795
0.19279
0.180562
0.158898
0.129114
0.0942492
0.0603048
0.0321702
0.015251
0.0137275
0.0204546
0.0224683
0.0102438
-0.00433886
-0.0167984
-0.0266025
-0.0338429
-0.0367447
-0.0372533
0.165943
0.165293
0.162178
0.154258
0.139825
0.119291
0.0941094
0.0684525
0.0462562
0.0330424
0.0329372
0.0389375
0.0382322
0.024024
0.00723191
-0.00735923
-0.0192543
-0.0273451
-0.0300376
-0.0302316
0.13139
0.131175
0.129377
0.124493
0.115262
0.10164
0.0842983
0.066065
0.0497455
0.0404375
0.0425372
0.0516028
0.052327
0.0355364
0.0183814
0.00478007
-0.00531744
-0.0112572
-0.0130857
-0.0133388
0.0990243
0.0988813
0.0978974
0.0950199
0.0893205
0.0806154
0.0691599
0.0567288
0.0453572
0.0387632
0.0414051
0.0517954
0.0554381
0.038339
0.023578
0.014441
0.00871956
0.0061959
0.00528935
0.00486775
0.0691518
0.0691672
0.0686837
0.0671402
0.0638819
0.0586251
0.051471
0.0433724
0.035577
0.0300482
0.0287807
0.0313272
0.0316068
0.0227168
0.0178697
0.0166501
0.0164309
0.0165678
0.0162117
0.0155921
0.0418888
0.0419536
0.0417939
0.0411363
0.0395687
0.0368174
0.0328318
0.0280229
0.0229009
0.0176194
0.0101645
-0.0050078
-0.0118723
-0.00552003
0.00296992
0.00973079
0.0135166
0.0150142
0.0148836
0.014243
0.0169431
0.017061
0.0170715
0.0170147
0.0168642
0.0162926
0.0151028
0.0134325
0.0113992
0.00826367
0.00309248
-0.0100909
-0.032258
-0.0304981
-0.0112855
-0.00292506
0.000766099
0.00312051
0.00418308
0.00404271
-0.684048
-0.12213
0.196979
0.410278
0.572583
0.695576
0.793355
0.877073
0.984837
0.983619
0.118377
0.264455
0.42348
0.559446
0.670923
0.760854
0.83477
0.891259
0.914418
0.91876
0.379058
0.477412
0.583631
0.675844
0.75425
0.819444
0.871425
0.908042
0.930982
0.948197
0.563967
0.631682
0.704964
0.770698
0.827497
0.875218
0.913644
0.943168
0.966514
0.985293
0.702796
0.753389
0.804571
0.853727
0.896684
0.933682
0.96478
0.990349
1.01186
1.03026
0.815342
0.852247
0.893252
0.931779
0.966701
0.997601
1.02443
1.04701
1.06602
1.08384
0.912213
0.942229
0.977412
1.01039
1.04114
1.06896
1.09332
1.11378
1.13039
1.14777
1.00131
1.02967
1.06296
1.09446
1.12393
1.1506
1.17376
1.1928
1.20719
1.22432
1.09147
1.12237
1.15739
1.18993
1.21969
1.24608
1.26851
1.2864
1.29893
1.31618
1.19491
1.2306
1.26846
1.30253
1.33244
1.35805
1.37922
1.39577
1.40731
1.42515
1.32394
1.36295
1.40106
1.43408
1.46197
1.48549
1.50506
1.52052
1.53231
1.55056
1.48499
1.521
1.55304
1.57979
1.60257
1.62304
1.64162
1.65763
1.67132
1.68919
1.66964
1.69467
1.71453
1.73302
1.75065
1.76738
1.78324
1.79922
1.81633
1.83547
1.8563
1.86713
1.87984
1.89439
1.90799
1.92005
1.93095
1.94229
1.95769
1.97712
2.03817
2.0516
2.05666
2.05768
2.05964
2.067
2.0807
2.09829
2.11203
2.12337
2.30703
2.25645
2.20898
2.1774
2.16434
2.16889
2.19213
2.23718
2.30388
2.39799
0.777814
0.774807
0.768749
0.757826
0.74534
0.734036
0.724987
0.718245
0.7138
0.711934
0.713197
0.717212
0.723397
0.731698
0.74221
0.754536
0.766895
0.77561
0.780124
0.782291
0.706109
0.712757
0.718007
0.721628
0.722746
0.721118
0.717675
0.713899
0.710938
0.709658
0.710776
0.713846
0.717959
0.722203
0.725246
0.725786
0.723475
0.719102
0.71281
0.706986
0.695982
0.698945
0.702312
0.704806
0.706572
0.707764
0.708003
0.707274
0.706236
0.705819
0.706722
0.708497
0.710196
0.711006
0.710607
0.709369
0.707479
0.704617
0.701286
0.698999
0.68991
0.691335
0.693551
0.695829
0.697559
0.698764
0.699669
0.700275
0.700576
0.700928
0.70167
0.702475
0.702854
0.702681
0.702082
0.700959
0.699163
0.69695
0.695206
0.694122
0.684513
0.685333
0.686801
0.688582
0.690332
0.69182
0.692976
0.693941
0.694813
0.69563
0.696353
0.696777
0.696822
0.696495
0.695707
0.694451
0.69295
0.691445
0.690433
0.689767
0.679416
0.679971
0.681059
0.682481
0.684004
0.685524
0.686938
0.688177
0.689311
0.690386
0.691212
0.691616
0.691598
0.691136
0.690292
0.689238
0.688099
0.68704
0.686357
0.685889
0.674486
0.674902
0.675772
0.676992
0.678335
0.679763
0.68124
0.682693
0.684069
0.68537
0.686371
0.686861
0.686851
0.686431
0.685756
0.684952
0.68409
0.683307
0.68281
0.682452
0.669654
0.669981
0.6707
0.671772
0.673024
0.674389
0.675861
0.677425
0.679023
0.680584
0.681811
0.682456
0.682587
0.682359
0.681909
0.68132
0.68068
0.680115
0.679746
0.67946
0.66483
0.665095
0.665709
0.666682
0.667876
0.669213
0.670705
0.67236
0.674151
0.675999
0.677519
0.678421
0.678803
0.678821
0.678602
0.678236
0.677801
0.67741
0.677138
0.676901
0.659922
0.660144
0.660683
0.661597
0.662758
0.664101
0.665653
0.667431
0.669436
0.671604
0.673499
0.674754
0.675455
0.675752
0.675781
0.67565
0.675409
0.675172
0.674975
0.674773
0.654838
0.655027
0.655517
0.656402
0.657566
0.658959
0.660609
0.662561
0.664835
0.667391
0.669749
0.67144
0.672514
0.673133
0.673439
0.673542
0.673502
0.673404
0.673269
0.673091
0.649485
0.649649
0.650111
0.650997
0.652207
0.653691
0.655489
0.657676
0.660294
0.663335
0.666256
0.668464
0.669978
0.670966
0.671581
0.67193
0.672105
0.672136
0.672053
0.671891
0.643763
0.643909
0.644361
0.645277
0.646573
0.648197
0.650205
0.6527
0.655754
0.659398
0.663001
0.665826
0.667856
0.669267
0.670233
0.67088
0.671267
0.671419
0.671379
0.671228
0.637561
0.637693
0.638151
0.639127
0.640553
0.642372
0.644661
0.647551
0.651156
0.65554
0.659968
0.663532
0.666172
0.668077
0.669443
0.670418
0.671045
0.67132
0.671319
0.671173
0.630744
0.630867
0.631345
0.632413
0.634017
0.636093
0.638747
0.64214
0.646431
0.65172
0.657146
0.661591
0.664955
0.667444
0.669273
0.670624
0.671516
0.67192
0.671954
0.67181
0.623162
0.623268
0.623779
0.624972
0.62681
0.629219
0.632336
0.636364
0.641504
0.647899
0.654526
0.660021
0.664238
0.667415
0.669802
0.671588
0.672776
0.673313
0.67338
0.673233
0.614577
0.614697
0.615251
0.616611
0.618735
0.62157
0.625279
0.630101
0.63629
0.644032
0.652102
0.658845
0.664069
0.668054
0.671111
0.673404
0.674923
0.675602
0.675699
0.675545
0.604721
0.604846
0.605492
0.607056
0.609558
0.612943
0.617396
0.623211
0.630699
0.640081
0.649877
0.658094
0.664506
0.669443
0.67328
0.676165
0.678062
0.678888
0.679011
0.678847
0.593276
0.593403
0.594167
0.596005
0.598987
0.603072
0.608469
0.615535
0.624633
0.636009
0.647863
0.657808
0.665607
0.671661
0.676392
0.679975
0.682286
0.683263
0.683405
0.683227
0.579745
0.579889
0.580815
0.583015
0.586622
0.591616
0.598231
0.606888
0.617994
0.631792
0.64608
0.658041
0.667427
0.674769
0.68055
0.684917
0.687672
0.688792
0.688945
0.68875
0.563463
0.563647
0.564806
0.5675
0.571942
0.578148
0.586366
0.597075
0.610696
0.627427
0.644569
0.658838
0.670035
0.678834
0.685795
0.691042
0.694252
0.695495
0.695646
0.695432
0.543474
0.543738
0.545249
0.548648
0.554257
0.562135
0.572516
0.585914
0.602699
0.62296
0.643402
0.660273
0.673488
0.683909
0.692155
0.698356
0.701996
0.703323
0.703454
0.703219
0.518335
0.518746
0.520817
0.525296
0.532646
0.542933
0.556326
0.573288
0.594046
0.618506
0.642697
0.66243
0.677828
0.690015
0.699644
0.706791
0.710785
0.71213
0.71222
0.711966
0.485696
0.486412
0.489465
0.495793
0.505949
0.519879
0.537553
0.559235
0.584911
0.614269
0.642616
0.665406
0.683101
0.697112
0.708192
0.716187
0.720382
0.721652
0.72168
0.721413
0.441362
0.442807
0.447965
0.457943
0.472991
0.492567
0.516284
0.544071
0.575664
0.610562
0.643362
0.669307
0.689337
0.705174
0.717646
0.72627
0.730413
0.731502
0.731455
0.731185
0.377489
0.38204
0.392824
0.410025
0.433408
0.461437
0.493219
0.528484
0.56686
0.607753
0.645134
0.674212
0.696502
0.714049
0.727648
0.736553
0.740348
0.741126
0.741003
0.740749
0.301577
0.309814
0.329493
0.357418
0.391499
0.429024
0.46944
0.512641
0.558313
0.605893
0.648665
0.681592
0.706682
0.72622
0.741
0.749902
0.753252
0.753832
0.753752
0.753617
0.225438
0.239061
0.267985
0.306429
0.350647
0.397549
0.446607
0.497802
0.550846
0.605204
0.653468
0.690267
0.718105
0.739722
0.755493
0.763769
0.766321
0.766671
0.766627
0.766572
0.16218
0.17969
0.214336
0.260676
0.313151
0.368286
0.425295
0.48405
0.54416
0.605022
0.658469
0.698858
0.729143
0.752232
0.768229
0.776159
0.778444
0.7788
0.778818
0.778801
0.110303
0.129889
0.169028
0.221217
0.28015
0.342081
0.405967
0.471515
0.538166
0.605167
0.663537
0.70729
0.739824
0.764298
0.78082
0.788601
0.790669
0.791047
0.791125
0.791139
0.0668574
0.0877018
0.130193
0.187028
0.251297
0.318919
0.388733
0.460314
0.532938
0.605681
0.66875
0.715756
0.750511
0.776434
0.793537
0.801216
0.803436
0.80389
0.804003
0.804053
0.0295382
0.0511725
0.0963305
0.156934
0.225694
0.298232
0.373262
0.450254
0.528364
0.606508
0.674082
0.724267
0.761219
0.788568
0.80641
0.814499
0.816866
0.81733
0.817446
0.817511
-0.00333773
0.0188401
0.0661565
0.129929
0.202516
0.279356
0.359052
0.440979
0.524191
0.60745
0.679367
0.732658
0.771798
0.800643
0.81935
0.827878
0.830453
0.830941
0.831036
0.831107
-0.0330139
-0.0104531
0.0386927
0.105186
0.181105
0.261748
0.345648
0.432107
0.520091
0.60824
0.684384
0.740736
0.782026
0.812333
0.831845
0.840979
0.843676
0.844192
0.844257
0.844326
-0.0604985
-0.0375355
0.01318
0.0820756
0.160947
0.244979
0.33268
0.423312
0.515796
0.60866
0.688948
0.748304
0.791685
0.823404
0.843742
0.853356
0.856258
0.856753
0.856784
0.856841
-0.0863191
-0.0629511
-0.0108088
0.0601253
0.141652
0.228723
0.319874
0.414368
0.511103
0.608521
0.692908
0.755244
0.80067
0.833708
0.854791
0.86476
0.86782
0.868301
0.86828
0.868324
-0.110939
-0.0871121
-0.0338204
0.0390486
0.122937
0.212744
0.307043
0.405102
0.50584
0.607688
0.696161
0.761503
0.808943
0.843217
0.864905
0.875093
0.878225
0.878701
0.87865
0.878663
-0.134656
-0.110354
-0.0560639
0.0186284
0.104622
0.196891
0.29404
0.395388
0.499898
0.60605
0.698645
0.767064
0.81652
0.851906
0.874033
0.884327
0.887455
0.887893
0.887818
0.887805
-0.157664
-0.132869
-0.077551
-0.0012853
0.0865903
0.181062
0.280789
0.385157
0.49321
0.603527
0.700288
0.771926
0.823479
0.859928
0.882329
0.892548
0.895587
0.895981
0.895881
0.895846
-0.180067
-0.154784
-0.0984159
-0.0207728
0.0687854
0.165226
0.267269
0.374379
0.485718
0.600047
0.701031
0.776098
0.829934
0.867444
0.889937
0.899929
0.902773
0.903086
0.902955
0.902906
-0.201868
-0.17613
-0.118777
-0.0398663
0.0511911
0.149372
0.253479
0.363059
0.477412
0.595567
0.700808
0.779575
0.835996
0.874657
0.897077
0.906594
0.909123
0.909321
0.909163
0.909098
-0.223119
-0.196907
-0.138631
-0.0585625
0.0338192
0.133526
0.239455
0.35123
0.468324
0.590056
0.699551
0.782323
0.841737
0.881805
0.904032
0.912738
0.914719
0.914747
0.914571
0.914501
-0.243768
-0.217084
-0.157935
-0.0768456
0.0166975
0.117745
0.225258
0.338957
0.458494
0.583513
0.697179
0.784249
0.847173
0.88911
0.911226
0.918761
0.919776
0.919468
0.919282
0.919234
-0.263839
-0.236633
-0.1767
-0.0946753
-0.000118259
0.102083
0.210964
0.326325
0.447983
0.575973
0.693622
0.785215
0.852217
0.896713
0.919186
0.92542
0.92482
0.923677
0.923411
0.923517
-0.283242
-0.255564
-0.194888
-0.112023
-0.0165832
0.0866118
0.196641
0.313403
0.436891
0.567496
0.688829
0.78504
0.856668
0.904515
0.928323
0.933859
0.93125
0.928233
0.926979
0.927059
-0.302055
-0.273857
-0.212459
-0.128845
-0.03263
0.0714092
0.182405
0.300319
0.425332
0.558158
0.682783
0.783517
0.860206
0.912089
0.938461
0.945033
0.94156
0.935547
0.92914
0.913
-0.320216
-0.291501
-0.22955
-0.145344
-0.0485464
0.0561587
0.167855
0.28664
0.412827
0.547481
0.675
0.780143
0.862591
0.919155
0.949054
0.958849
0.956816
0.948863
0.934725
0.950099
-0.337845
-0.308486
-0.246102
-0.161495
-0.0642555
0.0409155
0.152993
0.272384
0.399357
0.535346
0.665237
0.774247
0.863016
0.924608
0.957103
0.969937
0.970051
0.958984
0.898128
0.883138
-0.355524
-0.325435
-0.261875
-0.176978
-0.0791755
0.0261263
0.138032
0.257809
0.3852
0.521935
0.653447
0.765319
0.860336
0.927487
0.957814
0.970077
0.960864
0.922532
0.855186
0.814951
-0.373914
-0.343312
-0.276464
-0.19153
-0.0929362
0.0119269
0.12336
0.243083
0.370428
0.507237
0.639427
0.75304
0.851965
0.92613
0.973536
0.944198
0.911206
0.843666
0.770907
0.727102
0.0517595
0.168094
0.291225
0.4226
0.558289
0.682592
0.787074
0.608911
-0.393782
-0.374948
-0.336849
-0.265348
-0.174156
-0.0740687
0.0341586
0.149407
0.271771
0.402002
0.536742
0.660449
0.764126
0.845734
0.897605
0.845864
0.697459
0.605231
0.533584
-0.410565
-0.397645
-0.353305
-0.280405
-0.188806
-0.0884688
0.0192569
0.134025
0.255543
0.384443
0.517082
0.637515
0.735059
0.803793
0.798874
0.687443
0.537597
0.42777
0.336247
-0.432912
-0.420344
-0.373076
-0.299163
-0.207556
-0.10691
0.000847289
0.115279
0.235856
0.363151
0.492718
0.607986
0.694429
0.745874
0.704195
0.53688
0.367264
0.231013
0.110998
-0.455398
-0.442704
-0.393915
-0.318722
-0.226823
-0.126192
-0.0187503
0.0949372
0.21428
0.339492
0.465425
0.574579
0.653599
0.676451
0.586774
0.390312
0.190008
0.00954501
-0.158366
-0.477093
-0.464911
-0.415379
-0.339081
-0.246822
-0.146229
-0.0392532
0.0735289
0.191436
0.314182
0.435922
0.53813
0.607414
0.590775
0.457457
0.254008
0.0337446
-0.174193
-0.361929
-0.499386
-0.487489
-0.437695
-0.360702
-0.268168
-0.167557
-0.0609823
0.0509384
0.167325
0.287419
0.404653
0.49897
0.5539
0.515198
0.339163
0.139557
-0.0726587
-0.271102
-0.393894
-0.433847
-0.522992
-0.51124
-0.461231
-0.38388
-0.291266
-0.190749
-0.0846539
0.0262731
0.14089
0.2579
0.370003
0.456043
0.494668
0.431589
0.233354
0.0425001
-0.138725
-0.275103
-0.321702
-0.345378
-0.548045
-0.536422
-0.486252
-0.408724
-0.316188
-0.21598
-0.110559
-0.000909477
0.111565
0.224947
0.331163
0.408678
0.425848
0.32477
0.138676
-0.0376675
-0.191109
-0.275004
-0.295337
-0.300683
-0.574861
-0.563235
-0.51288
-0.435251
-0.342921
-0.243205
-0.138716
-0.0306458
0.0792993
0.188547
0.288105
0.356716
0.344259
0.222076
0.0505327
-0.11512
-0.23597
-0.280565
-0.280201
-0.281295
-0.603346
-0.591817
-0.541154
-0.463468
-0.371464
-0.272426
-0.169125
-0.0629355
0.0440856
0.148724
0.24104
0.299033
0.269218
0.125653
-0.030692
-0.184569
-0.251581
-0.269366
-0.270382
-0.270069
-0.63335
-0.621829
-0.570972
-0.493291
-0.40173
-0.303591
-0.20173
-0.0977555
0.00594935
0.105545
0.190257
0.235958
0.202556
0.0420054
-0.104124
-0.220005
-0.27004
-0.263278
-0.263064
-0.263077
-0.664387
-0.652794
-0.602072
-0.524472
-0.433533
-0.336524
-0.236393
-0.134973
-0.0349606
0.0593058
0.136021
0.172145
0.124125
-0.0308059
-0.163978
-0.243749
-0.259919
-0.258366
-0.258329
-0.258061
-0.695938
-0.684285
-0.63385
-0.556601
-0.466501
-0.370894
-0.27282
-0.174304
-0.0783731
0.0103906
0.0791468
0.104326
0.0388342
-0.0928847
-0.20971
-0.230024
-0.247433
-0.253834
-0.254541
-0.254367
-0.727029
-0.715409
-0.665482
-0.589012
-0.500071
-0.406209
-0.310557
-0.215294
-0.123778
-0.0407666
0.0213931
0.0307692
-0.0354676
-0.146817
-0.227083
-0.277264
-0.260171
-0.254635
-0.252825
-0.252468
-0.755866
-0.745059
-0.696031
-0.620684
-0.533432
-0.441746
-0.348944
-0.257302
-0.170429
-0.0934254
-0.0359767
-0.0363797
-0.102452
-0.189758
-0.252255
-0.261708
-0.256236
-0.253309
-0.252257
-0.251917
-0.78165
-0.771149
-0.724094
-0.6504
-0.565498
-0.476538
-0.387103
-0.299501
-0.217394
-0.146328
-0.093564
-0.0943226
-0.162076
-0.224929
-0.254326
-0.253624
-0.258316
-0.258834
-0.258221
-0.257831
-0.801739
-0.791909
-0.747343
-0.676734
-0.594912
-0.509424
-0.42394
-0.340859
-0.263661
-0.198127
-0.151064
-0.14745
-0.206876
-0.266368
-0.29184
-0.291244
-0.279073
-0.274058
-0.27165
-0.270316
-0.814165
-0.805398
-0.764114
-0.697553
-0.620015
-0.539015
-0.458254
-0.38016
-0.308134
-0.247695
-0.205362
-0.195314
-0.238294
-0.286514
-0.312147
-0.292455
-0.283288
-0.279159
-0.27686
-0.275884
-0.816315
-0.809191
-0.772346
-0.711091
-0.639047
-0.563776
-0.488677
-0.416158
-0.349616
-0.293902
-0.253802
-0.233622
-0.249314
-0.24864
-0.276276
-0.264412
-0.262632
-0.262174
-0.263075
-0.26356
-0.806355
-0.800643
-0.76966
-0.715482
-0.650557
-0.582249
-0.51386
-0.447644
-0.386834
-0.335821
-0.297009
-0.263736
-0.237569
-0.181954
-0.196235
-0.221139
-0.243543
-0.256107
-0.260924
-0.262451
-0.781097
-0.777078
-0.753542
-0.709317
-0.653519
-0.593482
-0.532738
-0.473358
-0.418564
-0.372683
-0.337789
-0.294901
-0.255542
-0.196531
-0.158276
-0.221731
-0.267153
-0.285752
-0.292005
-0.294179
-0.743863
-0.741378
-0.726077
-0.692833
-0.648017
-0.597379
-0.544828
-0.492466
-0.443526
-0.403139
-0.374939
-0.353993
-0.361614
-0.42814
-0.48684
-0.462495
-0.404273
-0.371628
-0.36072
-0.357386
-0.701347
-0.69976
-0.692204
-0.66988
-0.636241
-0.595038
-0.550504
-0.504651
-0.4607
-0.423896
-0.401365
-0.399602
-0.463581
-0.599445
-0.683791
-0.599632
-0.450972
-0.37981
-0.353152
-0.346197
-0.663424
-0.6624
-0.658916
-0.646612
-0.622032
-0.58896
-0.551085
-0.510376
-0.469371
-0.432377
-0.410526
-0.380203
-0.343701
-0.25656
-0.134701
-0.0293391
-0.0761533
-0.166378
-0.213371
-0.223161
-0.636176
-0.635622
-0.633297
-0.627168
-0.609729
-0.582555
-0.54888
-0.510958
-0.469993
-0.429356
-0.395734
-0.353764
-0.29425
-0.201631
-0.175462
-0.308277
-0.479374
-0.556507
-0.498818
-0.436283
-0.615844
-0.615403
-0.614485
-0.612104
-0.601299
-0.578347
-0.546356
-0.508481
-0.466046
-0.419701
-0.377448
-0.356184
-0.314367
-0.338024
-0.419583
-0.518209
-0.640127
-0.727092
-0.713153
-0.657817
-0.603533
-0.603403
-0.603008
-0.601585
-0.596241
-0.576437
-0.544574
-0.504972
-0.458744
-0.406046
-0.352837
-0.317025
-0.289448
-0.301143
-0.392946
-0.556311
-0.634219
-0.58946
-0.477408
-0.384133
-0.59496
-0.594984
-0.594845
-0.594798
-0.592337
-0.576226
-0.543879
-0.501099
-0.449627
-0.389931
-0.318297
-0.254005
-0.153508
-0.0679712
0.0170454
0.0866696
0.186471
0.362396
0.526355
0.622085
-0.588383
-0.588464
-0.588438
-0.588329
-0.586743
-0.576228
-0.544805
-0.498928
-0.442474
-0.372763
-0.28583
-0.190191
-0.0452094
0.203611
0.510598
0.831239
1.14064
1.39021
1.54461
1.61057
-0.583451
-0.583432
-0.583023
-0.581894
-0.580516
-0.5755
-0.547966
-0.49982
-0.437166
-0.359648
-0.26346
-0.151041
-0.00161623
0.274606
0.674916
1.0804
1.44301
1.69828
1.83212
1.87744
-0.582237
-0.582473
-0.582833
-0.583271
-0.583418
-0.581894
-0.555657
-0.503757
-0.437833
-0.356613
-0.256499
-0.140008
-0.0262471
0.233777
0.61113
0.967608
1.27379
1.4781
1.5785
1.61054
-0.582354
-0.583454
-0.585701
-0.591869
-0.600416
-0.598601
-0.564874
-0.511566
-0.446615
-0.362197
-0.26124
-0.154216
-0.0560153
0.13833
0.448228
0.724779
0.953279
1.09812
1.16618
1.18675
-0.595251
-0.596437
-0.596512
-0.588857
-0.575068
-0.563914
-0.552875
-0.523011
-0.462311
-0.375129
-0.276218
-0.177528
-0.0879183
0.044372
0.272245
0.470919
0.629268
0.726163
0.769385
0.781078
-0.639389
-0.638682
-0.632446
-0.598856
-0.539728
-0.51087
-0.545443
-0.547152
-0.485903
-0.393033
-0.293756
-0.204583
-0.12862
-0.0325281
0.12158
0.252181
0.351581
0.409795
0.434056
0.441498
-0.714263
-0.709443
-0.714257
-0.720788
-0.729371
-0.710779
-0.696165
-0.627192
-0.522053
-0.412491
-0.311467
-0.229519
-0.162351
-0.0916793
0.0057405
0.0859242
0.136517
0.161569
0.172846
0.176522
-0.859997
-0.862133
-0.902706
-0.965827
-1.00441
-0.985585
-0.908742
-0.733662
-0.565807
-0.427764
-0.322833
-0.249638
-0.195997
-0.14044
-0.077712
-0.0331435
-0.0107899
-0.00368689
0.000288659
0.00414944
-0.960293
-0.970323
-1.01058
-1.05827
-1.0861
-1.06725
-0.972981
-0.767576
-0.573453
-0.424833
-0.322782
-0.261991
-0.221622
-0.179629
-0.129522
-0.0942641
-0.0769064
-0.0694634
-0.0642016
-0.061109
-0.880938
-0.889722
-0.921155
-0.959069
-0.983303
-0.966754
-0.863406
-0.681313
-0.517031
-0.388963
-0.302971
-0.257011
-0.234564
-0.200573
-0.155662
-0.120071
-0.0961383
-0.0837084
-0.0766277
-0.0741377
-0.608649
-0.620302
-0.648318
-0.687743
-0.719235
-0.711256
-0.631943
-0.51625
-0.40734
-0.321961
-0.263108
-0.234127
-0.2255
-0.195095
-0.15079
-0.113485
-0.0875066
-0.0693221
-0.0617371
-0.0603192
-0.252759
-0.260325
-0.279116
-0.309356
-0.342393
-0.36056
-0.349717
-0.318607
-0.278585
-0.239931
-0.207973
-0.191443
-0.185916
-0.160017
-0.125646
-0.0965772
-0.0744685
-0.0596997
-0.053623
-0.0529417
0.0329997
0.0291677
0.0185886
-0.00537108
-0.0421562
-0.0841423
-0.120432
-0.145589
-0.157882
-0.155838
-0.146113
-0.135862
-0.125693
-0.107026
-0.0874358
-0.0717165
-0.0588198
-0.0499919
-0.0464423
-0.0466598
0.181196
0.178716
0.171628
0.15281
0.117913
0.0679829
0.0140684
-0.0323329
-0.0653827
-0.0835787
-0.0865585
-0.0791833
-0.0649219
-0.0556623
-0.0507244
-0.0471353
-0.0425152
-0.0386315
-0.0371837
-0.038051
0.223294
0.221862
0.216928
0.202534
0.174061
0.131694
0.0827207
0.0347345
-0.00429239
-0.0293847
-0.037274
-0.030181
-0.0170118
-0.015657
-0.0225075
-0.0277387
-0.03063
-0.032092
-0.0334543
-0.0347093
0.212922
0.212137
0.208815
0.198726
0.178256
0.146957
0.108742
0.0687599
0.0337659
0.0086864
-0.000974859
0.0038033
0.013077
0.00883338
-0.00391216
-0.0156848
-0.0244893
-0.0311977
-0.0354759
-0.0368042
0.183086
0.182768
0.180697
0.174105
0.160358
0.138756
0.111106
0.0805192
0.0524114
0.0315357
0.0234209
0.0274436
0.0325259
0.0249464
0.00893773
-0.00561669
-0.0185109
-0.0284071
-0.0340314
-0.0350341
0.148515
0.148542
0.147332
0.14326
0.134419
0.120073
0.100972
0.0790083
0.05797
0.0421683
0.0369582
0.0430984
0.0488698
0.0393196
0.0211219
0.00555944
-0.00756955
-0.0170811
-0.0218495
-0.0225666
0.114778
0.114827
0.114267
0.111854
0.106407
0.0972341
0.0845816
0.0695833
0.0547577
0.0433924
0.0407892
0.0486584
0.0580463
0.0486786
0.0297405
0.0155519
0.00581175
-0.000418026
-0.00301529
-0.00364244
0.0836317
0.0837966
0.0834867
0.0821681
0.0789643
0.0733319
0.0652861
0.055442
0.045352
0.0372275
0.0348877
0.0395904
0.0469097
0.0410149
0.027045
0.0190531
0.0150021
0.0131589
0.0124582
0.0118626
0.0550778
0.0552388
0.0551402
0.0545776
0.0529339
0.0498109
0.0451102
0.0391218
0.032553
0.0265243
0.0220492
0.0173896
0.012877
0.010255
0.00956006
0.0125518
0.0152381
0.0170175
0.0174525
0.0168599
0.0290301
0.0291689
0.0292007
0.0290876
0.028474
0.0271479
0.024931
0.0219228
0.0184184
0.0141032
0.00826711
-0.00704801
-0.0255337
-0.0246122
-0.0115827
0.000871298
0.00721764
0.0097956
0.0102653
0.00990085
0.0170288
0.0170661
0.017075
0.016945
0.0166506
0.015786
0.0143093
0.0124151
0.0100959
0.00614554
-0.00194768
-0.0211358
-0.0358663
-0.020961
-0.00501001
-0.00107137
0.00218617
0.00377163
0.0043573
-0.00196074
-0.332743
0.00676309
0.222795
0.40988
0.560468
0.679609
0.773935
0.853977
0.912594
0.907889
0.159135
0.308988
0.448235
0.567968
0.669891
0.75449
0.823925
0.877957
0.910824
0.922881
0.417764
0.512762
0.605107
0.688128
0.759974
0.820946
0.870922
0.909132
0.936294
0.955009
0.59478
0.65811
0.724843
0.786077
0.838706
0.884052
0.922001
0.952684
0.977391
0.995204
0.729792
0.775488
0.826803
0.87203
0.912862
0.948759
0.979861
1.00616
1.02812
1.04352
0.839879
0.876945
0.917022
0.95348
0.987389
1.01816
1.04545
1.06889
1.08846
1.10123
0.936379
0.968414
1.00281
1.03573
1.06667
1.09519
1.12063
1.14235
1.16004
1.17043
1.02671
1.05776
1.0917
1.12475
1.15552
1.18362
1.20837
1.22908
1.24521
1.25376
1.12104
1.15569
1.1923
1.22756
1.25932
1.28744
1.31151
1.33118
1.34591
1.35384
1.23359
1.27384
1.31296
1.34967
1.38136
1.40835
1.43086
1.44904
1.46268
1.47173
1.37726
1.41989
1.45748
1.4911
1.51905
1.54278
1.56335
1.58072
1.59454
1.60566
1.55501
1.59257
1.62055
1.64485
1.66583
1.68509
1.70331
1.72044
1.73632
1.75082
1.75263
1.77364
1.78852
1.8043
1.82055
1.83584
1.84954
1.86279
1.87827
1.89663
1.94321
1.95037
1.96091
1.97244
1.98235
1.99154
2.00177
2.01286
2.02447
2.03332
2.15622
2.15799
2.15005
2.13354
2.12239
2.12181
2.13396
2.15856
2.19267
2.2172
2.57586
2.38198
2.28092
2.22304
2.19389
2.18726
2.20245
2.24327
2.31913
2.46207
-0.358171
-0.362661
-0.323033
-0.250315
-0.158339
-0.0573265
0.882753
0.94723
0.932075
0.844813
0.766531
0.690579
0.463217
0.243385
-0.0245808
-0.378801
-0.725012
)
;

boundaryField
{
    wall-4
    {
        type            zeroGradient;
    }
    pressure-outlet-7
    {
        type            fixedValue;
        value           uniform 0;
    }
    velocity-inlet-6
    {
        type            zeroGradient;
    }
    velocity-inlet-5
    {
        type            zeroGradient;
    }
    frontAndBackPlanes
    {
        type            empty;
    }
}


// ************************************************************************* //
