/*--------------------------------*- C++ -*----------------------------------*\
  =========                 |
  \\      /  F ield         | OpenFOAM: The Open Source CFD Toolbox
   \\    /   O peration     | Website:  https://openfoam.org
    \\  /    A nd           | Version:  10
     \\/     M anipulation  |
\*---------------------------------------------------------------------------*/
FoamFile
{
    format      ascii;
    class       volScalarField;
    location    "66";
    object      p;
}
// * * * * * * * * * * * * * * * * * * * * * * * * * * * * * * * * * * * * * //

dimensions      [0 2 -2 0 0 0 0];

internalField   nonuniform List<scalar> 
8800
(
0.788341
0.740555
0.701868
0.672876
0.652018
0.637195
0.626611
0.619148
0.614353
0.61233
0.613636
0.617857
0.624526
0.633859
0.64665
0.664393
0.689176
0.72312
0.765673
0.824375
0.619585
0.627264
0.634743
0.638054
0.636554
0.631483
0.625006
0.618944
0.614243
0.61143
0.611189
0.613731
0.618249
0.624215
0.630999
0.637289
0.640936
0.640203
0.634788
0.626102
0.597981
0.604141
0.608271
0.611219
0.613274
0.613887
0.612794
0.610708
0.60872
0.607851
0.608854
0.611271
0.614096
0.616296
0.616916
0.615727
0.613392
0.610004
0.605448
0.601688
0.592159
0.59481
0.597565
0.599972
0.601613
0.602784
0.60354
0.603678
0.603414
0.603406
0.604205
0.605413
0.606281
0.606368
0.605773
0.604693
0.602885
0.600321
0.597921
0.596417
0.586762
0.588187
0.589969
0.592006
0.593797
0.595149
0.596154
0.596975
0.597625
0.598237
0.59894
0.59948
0.599612
0.599349
0.59867
0.597434
0.595748
0.593907
0.592604
0.591772
0.581664
0.582585
0.583829
0.585401
0.587042
0.588579
0.589882
0.590976
0.59198
0.592928
0.593679
0.594057
0.594053
0.593643
0.592783
0.591599
0.590284
0.589032
0.588214
0.587662
0.576731
0.577401
0.578367
0.579675
0.581093
0.582564
0.584024
0.585377
0.586621
0.587793
0.588685
0.589112
0.589073
0.588599
0.587818
0.58689
0.585893
0.584979
0.584398
0.583992
0.571915
0.572432
0.573219
0.574356
0.575643
0.577032
0.578501
0.580008
0.581488
0.582898
0.583986
0.584528
0.584557
0.584213
0.583642
0.58294
0.582185
0.581514
0.581084
0.580766
0.567144
0.567555
0.568214
0.569228
0.570445
0.571789
0.57326
0.574855
0.576536
0.578217
0.57956
0.580301
0.58053
0.58041
0.580065
0.579578
0.57903
0.578553
0.578235
0.577976
0.562331
0.562665
0.563236
0.564171
0.565341
0.566672
0.568182
0.569879
0.571753
0.573732
0.575402
0.576447
0.57696
0.577099
0.576989
0.57673
0.576379
0.576063
0.57583
0.575612
0.557386
0.557663
0.558173
0.559062
0.560216
0.561574
0.56316
0.565003
0.567112
0.569436
0.571519
0.572953
0.573807
0.574243
0.574391
0.574361
0.574208
0.574035
0.573869
0.573681
0.552219
0.552452
0.552922
0.553798
0.554974
0.556403
0.558109
0.56015
0.562561
0.565312
0.5679
0.569803
0.571056
0.571833
0.57227
0.572479
0.572526
0.572484
0.572374
0.572206
0.546737
0.546935
0.547386
0.548276
0.549518
0.551061
0.552942
0.55525
0.558044
0.56133
0.56453
0.56699
0.568711
0.569878
0.570639
0.571104
0.571368
0.57145
0.571388
0.571233
0.540838
0.541007
0.541456
0.54239
0.543738
0.545447
0.547569
0.550224
0.553503
0.557451
0.561392
0.564518
0.566791
0.568407
0.569539
0.570313
0.570792
0.570994
0.570972
0.570826
0.534401
0.534546
0.535008
0.536014
0.537515
0.539449
0.541891
0.544988
0.548877
0.553635
0.558473
0.562395
0.565322
0.567467
0.569023
0.570134
0.570859
0.571188
0.571204
0.57106
0.527286
0.527406
0.527895
0.529006
0.530711
0.532941
0.535791
0.539449
0.544095
0.549844
0.555764
0.560636
0.564336
0.567106
0.569163
0.570661
0.571664
0.572121
0.572171
0.572027
0.519302
0.519405
0.519938
0.521189
0.523156
0.52576
0.529132
0.533495
0.539077
0.546036
0.553259
0.559262
0.563874
0.567379
0.570036
0.571991
0.5733
0.573894
0.573975
0.573827
0.510232
0.510332
0.51092
0.512331
0.51463
0.517721
0.521753
0.526999
0.53374
0.542172
0.550959
0.558304
0.563993
0.568361
0.571728
0.574212
0.575872
0.57661
0.576719
0.576563
0.499753
0.499834
0.500512
0.502148
0.504883
0.508596
0.513461
0.519814
0.527992
0.53822
0.548875
0.557798
0.564753
0.570138
0.574313
0.577433
0.579482
0.58037
0.580503
0.580336
0.487487
0.487554
0.488332
0.490279
0.493572
0.498084
0.504015
0.511771
0.521737
0.534148
0.547023
0.557795
0.566216
0.572783
0.577906
0.581748
0.584223
0.58526
0.585411
0.585228
0.472874
0.47293
0.473851
0.476215
0.480248
0.485811
0.493129
0.502683
0.514883
0.529945
0.545438
0.558349
0.568445
0.576365
0.582581
0.587237
0.590161
0.591337
0.591495
0.591294
0.455143
0.455188
0.456322
0.459272
0.464317
0.471301
0.480468
0.492358
0.507367
0.525633
0.544179
0.559525
0.571512
0.580956
0.588371
0.593938
0.597312
0.5986
0.598752
0.59853
0.433123
0.433165
0.434648
0.438482
0.444988
0.453971
0.465673
0.480646
0.499193
0.521298
0.543348
0.561407
0.575475
0.586601
0.595327
0.601837
0.605619
0.606972
0.607097
0.606855
0.405055
0.405118
0.407194
0.412455
0.421231
0.433153
0.448428
0.467498
0.490461
0.517098
0.543085
0.56409
0.580385
0.593286
0.603419
0.610841
0.614929
0.61627
0.616347
0.616086
0.367887
0.368052
0.371346
0.379238
0.391844
0.40826
0.42863
0.453077
0.481443
0.513293
0.543585
0.567685
0.586287
0.601019
0.612555
0.62075
0.624967
0.626197
0.626204
0.62593
0.315758
0.316752
0.323305
0.336609
0.355873
0.379243
0.406639
0.437883
0.472613
0.510247
0.545061
0.572304
0.593201
0.609694
0.622531
0.631248
0.635344
0.636359
0.636289
0.63601
0.239688
0.247041
0.262201
0.285651
0.314834
0.347521
0.383504
0.422571
0.464352
0.508242
0.547883
0.578462
0.601811
0.620197
0.634239
0.643248
0.647069
0.647857
0.647739
0.647495
0.157961
0.175345
0.199906
0.234128
0.273625
0.315756
0.360379
0.407442
0.456645
0.50743
0.552743
0.587393
0.613661
0.634245
0.649596
0.65846
0.66161
0.662118
0.66203
0.661868
0.0898296
0.110304
0.142626
0.186006
0.234601
0.285623
0.338624
0.393525
0.449997
0.507471
0.55817
0.596604
0.625526
0.647873
0.663796
0.672173
0.674848
0.6753
0.675279
0.675159
0.0340318
0.0561698
0.0940338
0.143881
0.199666
0.258179
0.318597
0.380699
0.444015
0.507864
0.563679
0.605651
0.636977
0.660799
0.677308
0.685591
0.688053
0.688464
0.68847
0.688382
-0.01239
0.0109256
0.0525906
0.107572
0.169139
0.233843
0.300633
0.369139
0.438719
0.508545
0.569236
0.614594
0.648235
0.673606
0.690807
0.699147
0.701675
0.702064
0.702095
0.702031
-0.0517099
-0.0277409
0.0168035
0.0758428
0.142272
0.212246
0.284574
0.358782
0.434096
0.509523
0.574864
0.6235
0.659418
0.686283
0.704327
0.713117
0.715724
0.716109
0.716143
0.716098
-0.0859663
-0.0615793
-0.0147709
0.0476215
0.118161
0.192724
0.269974
0.349346
0.429951
0.51064
0.580433
0.632251
0.670421
0.698815
0.717787
0.727034
0.729839
0.730246
0.730288
0.730263
-0.116669
-0.0919202
-0.0432689
0.0219852
0.0960772
0.17467
0.256341
0.340428
0.425953
0.511645
0.58573
0.640652
0.681002
0.710904
0.730743
0.740516
0.743566
0.744025
0.744075
0.744058
-0.144801
-0.119731
-0.0695054
-0.00177677
0.0754356
0.157604
0.243255
0.331676
0.42183
0.512311
0.590571
0.648512
0.690975
0.722295
0.74302
0.753252
0.756542
0.757091
0.757116
0.7571
-0.171177
-0.145741
-0.0940954
-0.0242098
0.0557904
0.141154
0.230414
0.322836
0.417342
0.512432
0.594787
0.655695
0.700205
0.732891
0.75438
0.765026
0.768501
0.769095
0.769095
0.769072
-0.196183
-0.170383
-0.11745
-0.0456712
0.0368221
0.125057
0.217592
0.313703
0.41231
0.511866
0.598283
0.662153
0.708662
0.742607
0.764698
0.775647
0.779249
0.779867
0.779841
0.7798
-0.220265
-0.194026
-0.140052
-0.0664051
0.0183042
0.109117
0.204629
0.304142
0.406613
0.5105
0.600986
0.667862
0.716356
0.751447
0.774043
0.785163
0.788773
0.789386
0.789328
0.789269
-0.243561
-0.216845
-0.161891
-0.0865948
9.29124e-05
0.0932195
0.191428
0.294072
0.400167
0.508252
0.602842
0.672837
0.723369
0.759554
0.782507
0.793595
0.797184
0.797755
0.797676
0.797599
-0.266216
-0.23906
-0.183073
-0.106345
-0.0178821
0.0773117
0.177944
0.283441
0.392917
0.505054
0.603799
0.677094
0.729809
0.767078
0.790229
0.801158
0.804604
0.805118
0.80501
0.804916
-0.288367
-0.2607
-0.203729
-0.1257
-0.0356627
0.061373
0.164173
0.272249
0.384845
0.500856
0.603801
0.680635
0.735787
0.774208
0.797418
0.807985
0.811166
0.81158
0.811437
0.811329
-0.31007
-0.281786
-0.223919
-0.144674
-0.0532342
0.0454162
0.150142
0.260522
0.375959
0.49562
0.60278
0.683438
0.741396
0.781155
0.804293
0.81424
0.816965
0.817217
0.817047
0.81693
-0.33117
-0.302306
-0.243577
-0.163253
-0.0705783
0.0294939
0.135897
0.248317
0.366301
0.48935
0.600662
0.685442
0.746666
0.788136
0.8112
0.820184
0.822145
0.822132
0.821938
0.821829
-0.351659
-0.322238
-0.2627
-0.181397
-0.0876485
0.0136543
0.121518
0.2357
0.355935
0.482058
0.597384
0.686528
0.751553
0.795326
0.818605
0.826373
0.82704
0.826442
0.826208
0.826162
-0.371606
-0.341555
-0.281275
-0.199087
-0.10439
-0.00202819
0.107081
0.222764
0.34494
0.473795
0.592885
0.686541
0.755905
0.802727
0.826973
0.833743
0.832514
0.83056
0.830066
0.830341
-0.39085
-0.360242
-0.29925
-0.216272
-0.12075
-0.017477
0.0926757
0.209613
0.333424
0.46464
0.587137
0.685291
0.759453
0.810057
0.836428
0.843413
0.840604
0.836259
0.834109
0.834028
-0.409487
-0.378293
-0.316647
-0.232986
-0.136764
-0.0327349
0.0782475
0.196193
0.321323
0.454526
0.580005
0.6825
0.76191
0.816859
0.846475
0.855841
0.853705
0.846617
0.839092
0.82547
-0.427448
-0.395696
-0.333581
-0.249428
-0.15271
-0.048123
0.0633945
0.182041
0.308125
0.442846
0.570885
0.677441
0.762792
0.822552
0.855618
0.869167
0.868216
0.85484
0.834309
0.823724
-0.444565
-0.412602
-0.349867
-0.265406
-0.168235
-0.0633044
0.0483355
0.167469
0.29412
0.429836
0.559793
0.669574
0.761167
0.825922
0.859803
0.8733
0.874251
0.849545
0.782262
0.752238
-0.46018
-0.430277
-0.365195
-0.280446
-0.18254
-0.0777794
0.0333883
0.152706
0.279522
0.415607
0.546633
0.658529
0.755466
0.82618
0.853725
0.862172
0.847951
0.792038
0.722794
0.680329
-0.51496
-0.445857
-0.379054
-0.295677
-0.197281
-0.0930335
0.0184807
0.137462
0.263947
0.399678
0.530752
0.643561
0.741621
0.819171
0.820781
0.820305
0.766524
0.693824
0.616361
0.573277
-0.476612
-0.460688
-0.399737
-0.315261
-0.219105
-0.114899
-0.00441659
0.11393
0.239467
0.37388
0.503231
0.614732
0.705608
0.788766
0.771655
0.653564
0.545443
0.47027
0.395795
0.424972
-0.506954
-0.477903
-0.416067
-0.332438
-0.236321
-0.132236
-0.0214803
0.0962323
0.220713
0.353358
0.47998
0.587302
0.668404
0.712486
0.661058
0.50779
0.377194
0.283949
0.184285
0.233061
-0.530311
-0.49834
-0.435367
-0.351612
-0.255379
-0.151405
-0.0407382
0.0761347
0.199212
0.329458
0.452353
0.553404
0.625413
0.634577
0.524546
0.348754
0.193795
0.0732708
-0.0588214
-0.0266734
-0.553123
-0.519661
-0.455554
-0.370896
-0.274595
-0.170786
-0.0606598
0.0552353
0.176704
0.304149
0.422319
0.515345
0.571711
0.549115
0.387221
0.188556
-0.00337864
-0.172457
-0.36158
-0.380971
-0.575336
-0.54145
-0.476483
-0.391068
-0.294649
-0.191081
-0.0816265
0.0331587
0.152747
0.276969
0.389657
0.474513
0.511007
0.451485
0.256425
0.0439572
-0.174504
-0.364518
-0.606762
-0.903193
-0.597838
-0.56396
-0.49848
-0.412605
-0.316023
-0.212648
-0.103801
0.00982955
0.127414
0.248123
0.354972
0.431257
0.44603
0.335014
0.142507
-0.0691766
-0.274645
-0.447685
-0.517742
-0.596284
-0.621574
-0.587647
-0.52189
-0.435815
-0.339209
-0.236125
-0.127983
-0.0156897
0.0995589
0.2162
0.316784
0.381777
0.371256
0.226451
0.041141
-0.151497
-0.315648
-0.409365
-0.433638
-0.449488
-0.646848
-0.612808
-0.54688
-0.460773
-0.364332
-0.261718
-0.154529
-0.0438851
0.0685959
0.180498
0.274319
0.324815
0.296438
0.125538
-0.0507904
-0.218318
-0.346075
-0.385551
-0.3984
-0.399715
-0.673857
-0.639613
-0.573513
-0.487472
-0.391342
-0.289432
-0.183457
-0.0748057
0.0344585
0.141033
0.22713
0.263072
0.214433
0.0323027
-0.134951
-0.285004
-0.361992
-0.379084
-0.380459
-0.380276
-0.702659
-0.668124
-0.601815
-0.515909
-0.420255
-0.319253
-0.214769
-0.108465
-0.00284211
0.0978793
0.175347
0.199319
0.114192
-0.0528857
-0.211719
-0.335429
-0.372469
-0.37082
-0.36994
-0.369352
-0.732966
-0.698162
-0.63168
-0.545998
-0.450981
-0.351127
-0.248435
-0.144835
-0.0432654
0.0511409
0.119835
0.126644
0.0229444
-0.131956
-0.272543
-0.349381
-0.359862
-0.362599
-0.363304
-0.363047
-0.764229
-0.729276
-0.662851
-0.57751
-0.483335
-0.384895
-0.284299
-0.183781
-0.0866253
0.00117325
0.0610806
0.0527228
-0.0589959
-0.199125
-0.316963
-0.348944
-0.357589
-0.359134
-0.358952
-0.358681
-0.79598
-0.760917
-0.694871
-0.610047
-0.51697
-0.420236
-0.322081
-0.225014
-0.132637
-0.0513089
-0.00182011
-0.0172887
-0.134157
-0.254341
-0.347855
-0.364846
-0.356713
-0.355944
-0.355961
-0.355745
-0.827316
-0.79236
-0.726879
-0.643009
-0.55134
-0.456673
-0.36133
-0.268054
-0.180821
-0.105679
-0.066067
-0.0812081
-0.199733
-0.298047
-0.351438
-0.360877
-0.357477
-0.355691
-0.354916
-0.354627
-0.856687
-0.822431
-0.75789
-0.675474
-0.585679
-0.493508
-0.401389
-0.312219
-0.23037
-0.161376
-0.125423
-0.151484
-0.251198
-0.337998
-0.344308
-0.357589
-0.358574
-0.355546
-0.35437
-0.353798
-0.88247
-0.849289
-0.786771
-0.706257
-0.618945
-0.529802
-0.441391
-0.356654
-0.280167
-0.217512
-0.18157
-0.218605
-0.292098
-0.354026
-0.38363
-0.369149
-0.361974
-0.359417
-0.35846
-0.357761
-0.90254
-0.871076
-0.811442
-0.733935
-0.64985
-0.564409
-0.480244
-0.400322
-0.329105
-0.272776
-0.239234
-0.273144
-0.31877
-0.361877
-0.402365
-0.382316
-0.373426
-0.37301
-0.372234
-0.371392
-0.914648
-0.885882
-0.830016
-0.756612
-0.676887
-0.595995
-0.516728
-0.441995
-0.376126
-0.32567
-0.294764
-0.320836
-0.332767
-0.334922
-0.342473
-0.370198
-0.38721
-0.392
-0.391558
-0.39185
-0.916155
-0.891432
-0.840509
-0.772471
-0.698345
-0.623126
-0.549477
-0.480364
-0.420011
-0.374986
-0.341979
-0.371665
-0.3865
-0.366164
-0.378373
-0.39677
-0.400432
-0.400429
-0.400986
-0.401611
-0.904851
-0.884947
-0.840735
-0.779901
-0.712732
-0.644294
-0.577109
-0.514016
-0.459332
-0.419189
-0.384953
-0.420283
-0.493381
-0.577765
-0.532939
-0.466399
-0.429439
-0.415698
-0.410915
-0.409268
-0.878737
-0.86378
-0.828876
-0.777635
-0.719026
-0.65846
-0.598374
-0.541502
-0.492244
-0.456498
-0.418386
-0.435215
-0.478705
-0.603973
-0.549301
-0.444658
-0.398134
-0.38476
-0.379043
-0.376364
-0.840347
-0.8307
-0.80572
-0.765814
-0.717196
-0.665333
-0.612558
-0.561643
-0.516859
-0.484361
-0.453062
-0.383455
-0.255277
-0.167038
-0.186574
-0.242141
-0.286889
-0.306833
-0.31235
-0.312524
-0.796381
-0.790892
-0.776113
-0.747242
-0.709191
-0.665738
-0.619878
-0.573929
-0.532036
-0.499086
-0.465406
-0.35501
-0.16213
0.0593287
0.0093512
-0.153487
-0.275639
-0.334851
-0.35151
-0.356773
-0.75667
-0.753333
-0.746288
-0.727405
-0.698042
-0.661699
-0.621517
-0.579358
-0.537829
-0.503782
-0.478817
-0.453783
-0.499852
-0.546418
-0.603779
-0.700976
-0.715221
-0.700329
-0.663549
-0.672687
-0.728049
-0.725942
-0.722337
-0.71081
-0.68774
-0.656363
-0.619686
-0.578973
-0.536466
-0.498184
-0.477162
-0.549572
-0.886185
-1.45168
-1.98925
-2.14415
-1.9801
-1.74482
-1.55039
-1.43796
-0.706441
-0.705679
-0.704514
-0.698733
-0.681078
-0.652502
-0.616447
-0.574645
-0.527929
-0.475607
-0.438084
-0.434677
-0.58428
-0.759165
-0.900793
-0.882497
-0.739545
-0.596063
-0.478148
-0.41473
-0.6936
-0.693338
-0.692776
-0.690078
-0.677454
-0.650359
-0.61284
-0.56839
-0.514776
-0.453053
-0.396271
-0.339508
-0.24836
-0.0349533
0.213591
0.472776
0.679652
0.79413
0.851691
0.875949
-0.684554
-0.684392
-0.683837
-0.682716
-0.674836
-0.649952
-0.611247
-0.561815
-0.502944
-0.431018
-0.343751
-0.253073
-0.0410799
0.364621
0.784833
1.19538
1.47841
1.60443
1.65082
1.66029
-0.678931
-0.678695
-0.677986
-0.677355
-0.672905
-0.652537
-0.611811
-0.557847
-0.492251
-0.407545
-0.306053
-0.198102
0.0429424
0.458659
0.896334
1.29299
1.56756
1.69327
1.72749
1.72984
-0.677589
-0.677351
-0.676622
-0.67522
-0.674496
-0.659248
-0.616414
-0.558064
-0.486014
-0.397315
-0.290253
-0.178917
0.0161601
0.372534
0.715546
1.01926
1.22474
1.31681
1.34731
1.35411
-0.679088
-0.679954
-0.682343
-0.686246
-0.688591
-0.671515
-0.62439
-0.563086
-0.487558
-0.394724
-0.291241
-0.189919
-0.0409202
0.24185
0.501179
0.701302
0.83208
0.89952
0.935145
0.948704
-0.680658
-0.681985
-0.684107
-0.687551
-0.68984
-0.67219
-0.632181
-0.574454
-0.496643
-0.401722
-0.304472
-0.213237
-0.0966431
0.121154
0.326509
0.483359
0.596357
0.662388
0.697134
0.709058
-0.704318
-0.703524
-0.690632
-0.65789
-0.626195
-0.635305
-0.639723
-0.592603
-0.510497
-0.412346
-0.322009
-0.244758
-0.156103
0.029107
0.202067
0.337902
0.44363
0.508002
0.53808
0.546169
-0.759259
-0.755393
-0.742334
-0.711493
-0.688927
-0.69335
-0.692435
-0.624257
-0.527694
-0.423811
-0.33613
-0.264532
-0.193101
-0.0500113
0.0950313
0.212122
0.304176
0.360244
0.384372
0.389543
-0.87133
-0.882486
-0.917531
-0.961472
-0.963812
-0.927404
-0.822345
-0.678676
-0.546413
-0.431248
-0.342592
-0.277606
-0.222306
-0.107464
0.011627
0.105024
0.178493
0.221134
0.238059
0.240241
-1.00544
-1.03187
-1.08329
-1.12365
-1.12541
-1.07163
-0.910392
-0.714644
-0.552838
-0.429133
-0.341031
-0.27944
-0.227514
-0.14436
-0.0537239
0.0182359
0.0739893
0.104951
0.117586
0.117738
-1.0026
-1.02287
-1.0603
-1.09151
-1.09272
-1.03367
-0.867175
-0.680174
-0.525913
-0.408112
-0.327113
-0.271739
-0.225802
-0.166391
-0.101054
-0.0466897
-0.00593568
0.0168141
0.0250682
0.0250016
-0.79398
-0.815072
-0.851461
-0.887483
-0.895038
-0.837637
-0.703855
-0.569731
-0.455465
-0.36584
-0.301579
-0.25704
-0.225392
-0.184829
-0.139078
-0.0996478
-0.0702609
-0.0541455
-0.0487376
-0.0500854
-0.449993
-0.464388
-0.492105
-0.52573
-0.546477
-0.532358
-0.481875
-0.419655
-0.36135
-0.308851
-0.266267
-0.235825
-0.215786
-0.194326
-0.164769
-0.140244
-0.12301
-0.115387
-0.113642
-0.115332
-0.132809
-0.140224
-0.158444
-0.188621
-0.224607
-0.252014
-0.269416
-0.273731
-0.265729
-0.247983
-0.228074
-0.211111
-0.202081
-0.192329
-0.182218
-0.174989
-0.172297
-0.173459
-0.174642
-0.175613
0.0543988
0.0503864
0.037462
0.01041
-0.032411
-0.0842894
-0.130067
-0.16484
-0.185942
-0.193834
-0.190705
-0.182528
-0.17694
-0.181
-0.188343
-0.197214
-0.206392
-0.214344
-0.217171
-0.217531
0.121736
0.119242
0.109557
0.0869747
0.0485756
-0.000558967
-0.0515139
-0.0966559
-0.130937
-0.152912
-0.161718
-0.15975
-0.156774
-0.170533
-0.188671
-0.205251
-0.220112
-0.229037
-0.231501
-0.231674
0.124614
0.122893
0.1159
0.0990962
0.0698177
0.0306296
-0.0135746
-0.0567757
-0.0949407
-0.125504
-0.145703
-0.154907
-0.159539
-0.174797
-0.190903
-0.205454
-0.21691
-0.222485
-0.22377
-0.224042
0.103322
0.102184
0.0974154
0.0857472
0.0649928
0.0360163
0.000835604
-0.0363903
-0.0731934
-0.108476
-0.14077
-0.170145
-0.187964
-0.192584
-0.19522
-0.200572
-0.20484
-0.206644
-0.207059
-0.207461
0.0774071
0.0766939
0.0735751
0.0657669
0.0514993
0.0307046
0.00394467
-0.0265211
-0.0596066
-0.095996
-0.137478
-0.185739
-0.21508
-0.205262
-0.196006
-0.190461
-0.189689
-0.189321
-0.189209
-0.189469
0.0541623
0.0537027
0.0517503
0.0466999
0.0371362
0.0225781
0.00295206
-0.0208156
-0.0485905
-0.0821708
-0.123448
-0.17389
-0.198502
-0.184717
-0.171905
-0.168314
-0.168085
-0.168364
-0.168442
-0.168604
0.0358973
0.0356205
0.0344102
0.0312149
0.0249411
0.0150146
0.00109495
-0.0165213
-0.0376897
-0.063207
-0.0947868
-0.127989
-0.139247
-0.13455
-0.132715
-0.136314
-0.140377
-0.142627
-0.143214
-0.143289
0.0221745
0.0220434
0.0213575
0.0194964
0.0156583
0.0092428
-7.18091e-05
-0.0122218
-0.0269219
-0.0440996
-0.0594346
-0.0695788
-0.0703361
-0.0743172
-0.0858088
-0.0980046
-0.106755
-0.110991
-0.112101
-0.112077
0.012358
0.0123119
0.0119703
0.0110293
0.00892458
0.00520793
-0.0004374
-0.00793273
-0.016694
-0.0251307
-0.0273077
-0.0174754
-0.00485214
-0.0222445
-0.0430625
-0.059155
-0.0688513
-0.0732657
-0.0746256
-0.0746088
0.00552834
0.00555141
0.00545381
0.00510349
0.00420107
0.0024612
-0.000337327
-0.00400414
-0.00805939
-0.0108086
-0.00669329
0.00734036
0.0207928
0.00340084
-0.0137307
-0.0260904
-0.0327415
-0.0354899
-0.0365576
-0.0367389
0.000413345
0.000468802
0.000466054
0.000640191
0.000920547
0.000965933
0.000687328
3.68535e-05
-0.000841702
-0.00144502
-0.00042072
0.00307029
0.00752955
0.00246689
-0.000235005
-0.00284152
-0.00267007
-0.00340266
-0.00486654
-0.00502074
-0.135553
0.0303532
0.223751
0.392493
0.526903
0.632231
0.719038
0.793017
0.826916
0.803688
0.164148
0.284009
0.412855
0.524014
0.617475
0.69462
0.757054
0.801432
0.823647
0.835829
0.380951
0.46308
0.551114
0.628717
0.695377
0.751126
0.795484
0.827931
0.851453
0.869508
0.540421
0.599261
0.660195
0.716831
0.766007
0.80779
0.842144
0.869588
0.89226
0.910604
0.66492
0.707666
0.753302
0.796765
0.835185
0.86876
0.897526
0.921498
0.941809
0.95967
0.768655
0.801317
0.839211
0.874542
0.906996
0.936109
0.961567
0.982985
1.00079
1.01815
0.86084
0.889411
0.923236
0.955247
0.985091
1.01218
1.03586
1.05554
1.07101
1.08809
0.94921
0.978338
1.01226
1.04423
1.07377
1.1003
1.12313
1.14159
1.15494
1.17197
1.04439
1.07755
1.11415
1.14768
1.17769
1.20384
1.22577
1.24303
1.25488
1.27228
1.15931
1.19711
1.23572
1.26994
1.29926
1.32399
1.34435
1.36022
1.37168
1.38975
1.3042
1.34273
1.37885
1.40952
1.43519
1.45727
1.47632
1.49184
1.50426
1.52225
1.47925
1.51087
1.53703
1.55947
1.57944
1.59815
1.61586
1.63234
1.64768
1.66575
1.66785
1.68505
1.70008
1.7163
1.7322
1.74673
1.75993
1.77385
1.79139
1.81154
1.84956
1.85909
1.87063
1.88144
1.89072
1.9003
1.91108
1.92244
1.9338
1.94916
2.05679
2.06045
2.0455
2.03069
2.02441
2.03008
2.04856
2.07887
2.11105
2.1377
2.36311
2.22824
2.1516
2.10921
2.09179
2.09575
2.12315
2.17957
2.28218
2.50655
0.678938
0.67681
0.672327
0.663705
0.651485
0.639361
0.629141
0.621258
0.615657
0.612427
0.612102
0.614868
0.619993
0.627231
0.63663
0.648176
0.660832
0.67187
0.677983
0.681039
0.603384
0.609231
0.615566
0.620061
0.622535
0.622216
0.619488
0.61569
0.612199
0.609964
0.609848
0.612074
0.615759
0.620064
0.623883
0.625773
0.624842
0.621365
0.616204
0.609583
0.594946
0.597242
0.600648
0.603647
0.605727
0.607229
0.607994
0.607691
0.606686
0.605831
0.606039
0.607497
0.609336
0.610659
0.610851
0.60997
0.608427
0.606096
0.602836
0.599917
0.589417
0.590503
0.592338
0.594719
0.596748
0.598183
0.599214
0.599982
0.600406
0.600659
0.601188
0.602029
0.602654
0.60274
0.602341
0.601503
0.600041
0.597963
0.595881
0.594499
0.584189
0.584851
0.585961
0.58767
0.589458
0.591098
0.592406
0.59344
0.594348
0.595174
0.595946
0.596537
0.596761
0.596617
0.596067
0.595024
0.593605
0.592069
0.590756
0.589977
0.579182
0.579642
0.58043
0.581732
0.583226
0.584753
0.586232
0.58755
0.588715
0.589812
0.590777
0.591391
0.591572
0.591325
0.590648
0.589673
0.58856
0.587436
0.586526
0.58601
0.574315
0.574659
0.575271
0.576344
0.577646
0.579031
0.580485
0.581954
0.583361
0.584688
0.585856
0.586602
0.586822
0.58658
0.586005
0.585247
0.584411
0.583556
0.58289
0.582513
0.569532
0.569799
0.570294
0.571208
0.572386
0.573695
0.575107
0.576622
0.578201
0.579775
0.581191
0.582125
0.582478
0.582398
0.582035
0.5815
0.58087
0.580245
0.57976
0.579473
0.564751
0.564963
0.565375
0.566179
0.567278
0.56854
0.569946
0.571511
0.573226
0.575044
0.576756
0.577961
0.578562
0.578729
0.578603
0.578292
0.577872
0.577441
0.577098
0.576873
0.559883
0.560054
0.560407
0.561138
0.562192
0.563435
0.564871
0.566524
0.568402
0.570482
0.572547
0.57412
0.575053
0.575515
0.575646
0.575571
0.575368
0.575113
0.574886
0.574708
0.554839
0.554976
0.555288
0.555975
0.557014
0.558283
0.559789
0.561572
0.563666
0.566066
0.568563
0.570593
0.571925
0.572729
0.573155
0.573331
0.573343
0.573259
0.573133
0.572989
0.549527
0.549637
0.549921
0.55059
0.551648
0.552989
0.554608
0.556576
0.558954
0.561759
0.564788
0.567367
0.569169
0.57037
0.571131
0.571582
0.571819
0.571908
0.571869
0.571752
0.54385
0.543937
0.544205
0.544879
0.545993
0.547447
0.549236
0.551457
0.554198
0.557514
0.561194
0.564433
0.566793
0.568454
0.569592
0.570365
0.570855
0.571107
0.571146
0.57105
0.537697
0.537764
0.538025
0.538728
0.539935
0.54155
0.543571
0.546125
0.549329
0.55328
0.557755
0.561787
0.564811
0.567013
0.568586
0.569721
0.570488
0.570919
0.571031
0.570952
0.530938
0.530985
0.531248
0.532001
0.533342
0.535174
0.537502
0.54048
0.544269
0.549005
0.554446
0.55943
0.563242
0.566086
0.56817
0.569709
0.570799
0.571423
0.571608
0.571543
0.523416
0.523445
0.523712
0.524539
0.526057
0.528172
0.53089
0.534409
0.538929
0.54463
0.551243
0.557369
0.562115
0.565713
0.568405
0.57043
0.571885
0.572715
0.572972
0.572917
0.514924
0.514938
0.515213
0.516139
0.517893
0.520354
0.523577
0.527779
0.533208
0.540094
0.548126
0.555615
0.561469
0.565953
0.569362
0.571968
0.573838
0.574897
0.575227
0.575178
0.505165
0.505149
0.50548
0.506548
0.508588
0.511508
0.51537
0.520429
0.526992
0.535335
0.54508
0.554189
0.561349
0.566878
0.571127
0.574411
0.576766
0.578072
0.578475
0.578428
0.493833
0.493793
0.49417
0.495433
0.497844
0.501354
0.506029
0.512174
0.520156
0.530291
0.542099
0.553124
0.561809
0.568561
0.573798
0.577858
0.580765
0.582338
0.582809
0.582762
0.480441
0.480374
0.480831
0.482347
0.485245
0.489524
0.495252
0.50279
0.512562
0.524903
0.539186
0.552456
0.562905
0.571063
0.577449
0.582407
0.585927
0.587772
0.588303
0.588248
0.46433
0.464235
0.464818
0.466689
0.47024
0.475546
0.482671
0.492026
0.504077
0.519138
0.536366
0.552242
0.564705
0.574458
0.582143
0.588116
0.5923
0.59441
0.594983
0.594914
0.444555
0.444432
0.44522
0.447608
0.452077
0.458812
0.467843
0.47962
0.4946
0.513014
0.533715
0.55256
0.567278
0.578808
0.587911
0.595021
0.599883
0.602224
0.602811
0.602721
0.419678
0.41954
0.420664
0.423855
0.429717
0.438545
0.450281
0.465352
0.484112
0.50662
0.531357
0.553517
0.570696
0.584152
0.5948
0.603092
0.608595
0.611093
0.611654
0.611534
0.387371
0.387256
0.388996
0.39358
0.401754
0.413846
0.429549
0.449142
0.472739
0.500165
0.529487
0.555248
0.575027
0.590509
0.602764
0.612237
0.618246
0.620779
0.621265
0.621111
0.343444
0.343495
0.346592
0.354079
0.366545
0.383957
0.405538
0.431225
0.460842
0.493998
0.528367
0.557911
0.580354
0.597877
0.611718
0.622257
0.628518
0.630911
0.631274
0.631087
0.280052
0.281276
0.288847
0.302814
0.32313
0.349009
0.378869
0.412318
0.449061
0.488599
0.528289
0.561655
0.586705
0.60618
0.621441
0.632723
0.638929
0.640944
0.641137
0.640929
0.204941
0.206737
0.221229
0.245217
0.276519
0.312397
0.351277
0.39298
0.437331
0.48386
0.529652
0.567661
0.595987
0.617846
0.634704
0.64665
0.652558
0.654252
0.654399
0.654279
0.127484
0.13374
0.155137
0.189428
0.231175
0.276758
0.324616
0.374621
0.426653
0.480267
0.532302
0.575062
0.606679
0.630964
0.64959
0.66168
0.666822
0.668014
0.668103
0.668057
0.0641099
0.0726989
0.0986762
0.14002
0.189957
0.243809
0.299757
0.357527
0.416888
0.477324
0.535334
0.582546
0.617208
0.643527
0.663127
0.675241
0.680085
0.681184
0.681302
0.681313
0.012574
0.0217616
0.0513033
0.0979064
0.154019
0.214537
0.277333
0.341966
0.408024
0.474848
0.538523
0.589972
0.627473
0.655728
0.676462
0.688845
0.693465
0.694517
0.69471
0.69477
-0.0305209
-0.0210532
0.0109435
0.061556
0.122742
0.188796
0.2574
0.328034
0.400117
0.472847
0.541885
0.597396
0.637662
0.667831
0.68969
0.702416
0.707163
0.708428
0.708647
0.708739
-0.0675453
-0.0579736
-0.0241411
0.029681
0.0950656
0.165841
0.239511
0.315472
0.393034
0.471253
0.545366
0.604786
0.647749
0.679801
0.702875
0.716273
0.721347
0.722711
0.722927
0.723021
-0.100184
-0.0905868
-0.0553507
0.001179
0.0700827
0.144936
0.223099
0.303867
0.386459
0.469804
0.548756
0.611959
0.657558
0.691493
0.715775
0.729907
0.735377
0.736847
0.737057
0.737132
-0.129734
-0.12011
-0.0837244
-0.024858
0.0470647
0.125493
0.207656
0.292786
0.380032
0.468231
0.55184
0.61872
0.666881
0.702601
0.728063
0.742904
0.748791
0.750354
0.750548
0.750599
-0.157092
-0.147434
-0.110057
-0.0491473
0.025451
0.107046
0.19279
0.281902
0.373487
0.466297
0.554421
0.624897
0.67555
0.71299
0.739541
0.755022
0.761332
0.762969
0.763144
0.763168
-0.182836
-0.173125
-0.134826
-0.0721931
0.00481948
0.0892462
0.178223
0.270978
0.366598
0.463801
0.55634
0.630382
0.683483
0.722574
0.750142
0.766107
0.77269
0.77439
0.77455
0.774541
-0.207465
-0.197625
-0.15845
-0.0942996
-0.0151129
0.0718442
0.163743
0.259825
0.35921
0.460612
0.557494
0.635122
0.690667
0.731328
0.759779
0.776106
0.782825
0.784543
0.784688
0.784648
-0.231257
-0.22121
-0.181312
-0.115661
-0.0345428
0.0546708
0.149208
0.248335
0.35122
0.45663
0.5578
0.639078
0.697126
0.739329
0.768525
0.78508
0.791793
0.793481
0.793605
0.79354
-0.254325
-0.244085
-0.203474
-0.136425
-0.0535981
0.0376427
0.134547
0.236441
0.342559
0.451772
0.557186
0.642236
0.702914
0.746705
0.776533
0.793137
0.799744
0.801356
0.801436
0.801346
-0.27686
-0.266343
-0.224992
-0.156689
-0.0723372
0.0207085
0.119726
0.224115
0.333201
0.446
0.55559
0.644567
0.7081
0.753599
0.783986
0.800471
0.806825
0.808294
0.808325
0.808214
-0.298817
-0.288043
-0.245997
-0.176509
-0.0907795
0.00386394
0.104761
0.211377
0.323153
0.439288
0.552956
0.646024
0.712734
0.760173
0.791102
0.807247
0.813163
0.814407
0.814366
0.814237
-0.320271
-0.30921
-0.266425
-0.195881
-0.108919
-0.0128715
0.0896795
0.198271
0.312451
0.431641
0.549233
0.646538
0.716818
0.766572
0.798143
0.813719
0.81887
0.819744
0.81962
0.819487
-0.341069
-0.329791
-0.286275
-0.214768
-0.126719
-0.0294366
0.0745375
0.184856
0.301156
0.423102
0.544386
0.646022
0.72029
0.772886
0.805441
0.820312
0.824281
0.824466
0.82419
0.824075
-0.361353
-0.349747
-0.305546
-0.233161
-0.144157
-0.0458002
0.059418
0.171203
0.289344
0.413738
0.538408
0.644365
0.723013
0.779093
0.813285
0.827681
0.83007
0.828907
0.828187
0.828115
-0.380967
-0.369061
-0.324215
-0.251026
-0.16116
-0.0618832
0.0443959
0.157428
0.277117
0.403604
0.531326
0.641448
0.724788
0.785001
0.821729
0.836564
0.837593
0.83428
0.832044
0.831332
-0.399975
-0.387782
-0.342232
-0.268316
-0.177698
-0.0776211
0.0295507
0.143604
0.264582
0.392829
0.523197
0.637151
0.725361
0.790233
0.830335
0.847169
0.848485
0.843459
0.837147
0.829171
-0.418298
-0.405867
-0.359693
-0.285186
-0.193975
-0.0932782
0.0145597
0.12935
0.251311
0.380937
0.513523
0.630962
0.724295
0.794532
0.838575
0.859021
0.863271
0.857894
0.846935
0.84231
-0.435891
-0.423241
-0.376583
-0.301611
-0.210004
-0.10885
-0.000567856
0.114642
0.237253
0.367803
0.502089
0.622468
0.720766
0.797105
0.844527
0.868084
0.874498
0.872038
0.833914
0.782267
-0.452474
-0.439125
-0.392755
-0.317524
-0.225887
-0.1245
-0.0158914
0.0995904
0.222455
0.353467
0.488796
0.611375
0.713591
0.797271
0.845868
0.865817
0.871335
0.850305
0.793299
0.73152
-0.46836
-0.45417
-0.408136
-0.332245
-0.241107
-0.139765
-0.0316335
0.0842463
0.207063
0.338098
0.473656
0.597396
0.701455
0.795354
0.839969
0.874046
0.834506
0.782573
0.709975
0.642824
-0.454266
-0.436132
-0.385635
-0.305375
-0.207856
-0.103593
0.00996834
0.128747
0.254957
0.390336
0.521122
0.633977
0.730775
0.828825
0.85863
0.773601
0.717732
0.64814
0.573261
0.524386
-0.478395
-0.461953
-0.425983
-0.355168
-0.264451
-0.164319
-0.0558559
0.0594666
0.181691
0.311778
0.446049
0.568938
0.671977
0.758129
0.831831
0.814263
0.685222
0.596288
0.529768
0.446187
-0.497802
-0.482201
-0.440601
-0.368423
-0.277215
-0.177498
-0.070125
0.0442951
0.165607
0.294391
0.427201
0.548333
0.648377
0.723021
0.748072
0.662735
0.517276
0.417471
0.339745
0.25128
-0.517716
-0.505244
-0.459136
-0.385901
-0.294612
-0.194427
-0.0870881
0.0270487
0.147497
0.274843
0.404939
0.521605
0.612116
0.672621
0.647284
0.509833
0.353689
0.233236
0.133183
-0.00276669
-0.54075
-0.52789
-0.479716
-0.405294
-0.313868
-0.213569
-0.106373
0.00719733
0.126561
0.252041
0.378746
0.489764
0.570637
0.609659
0.547744
0.360855
0.177046
0.0225563
-0.118906
-0.315462
-0.56278
-0.550272
-0.500965
-0.425267
-0.333442
-0.233214
-0.126439
-0.013725
0.104276
0.227463
0.35025
0.454778
0.528051
0.530687
0.419024
0.21904
0.00489964
-0.195613
-0.370724
-0.759676
-0.584914
-0.572756
-0.522963
-0.446353
-0.354199
-0.253975
-0.147639
-0.0358181
0.080674
0.201273
0.319685
0.416753
0.478107
0.448007
0.294312
0.0924885
-0.125347
-0.336793
-0.515409
-0.787933
-0.607985
-0.595972
-0.54597
-0.468813
-0.376453
-0.276227
-0.170298
-0.0593653
0.0555326
0.173319
0.287
0.376119
0.422048
0.374761
0.182794
-0.0118794
-0.209795
-0.376921
-0.449302
-0.488227
-0.632481
-0.620593
-0.57037
-0.492935
-0.400571
-0.300532
-0.195175
-0.0853757
0.027577
0.142023
0.250251
0.330939
0.359784
0.276809
0.0834628
-0.0990672
-0.264081
-0.370774
-0.408722
-0.417775
-0.658609
-0.646734
-0.596331
-0.518734
-0.426497
-0.326843
-0.22229
-0.113903
-0.00328853
0.107283
0.209291
0.281343
0.283038
0.170579
-0.00744743
-0.176067
-0.315976
-0.371539
-0.383596
-0.388488
-0.686557
-0.674592
-0.623935
-0.546231
-0.454232
-0.355161
-0.251647
-0.144991
-0.0371
0.0691245
0.164197
0.226749
0.203596
0.0713528
-0.091998
-0.250334
-0.349907
-0.378619
-0.374811
-0.37488
-0.716032
-0.704258
-0.653153
-0.57539
-0.483743
-0.385443
-0.283234
-0.178624
-0.0738411
0.0275608
0.115265
0.166055
0.133779
-0.0197568
-0.168485
-0.307219
-0.34818
-0.360675
-0.365678
-0.365953
-0.746879
-0.735102
-0.683765
-0.606043
-0.514895
-0.417586
-0.316957
-0.214726
-0.113448
-0.0172262
0.0627201
0.102346
0.0637303
-0.0975444
-0.235541
-0.331611
-0.37698
-0.364105
-0.361288
-0.361018
-0.778574
-0.766778
-0.715456
-0.637863
-0.547401
-0.451339
-0.352585
-0.253083
-0.155703
-0.0648886
0.00696177
0.0378889
-0.0213058
-0.165265
-0.28912
-0.340466
-0.35605
-0.357358
-0.357639
-0.357455
-0.810379
-0.79863
-0.747378
-0.670299
-0.580796
-0.486283
-0.389758
-0.293336
-0.200226
-0.115037
-0.050638
-0.0341351
-0.10166
-0.22373
-0.322177
-0.345244
-0.351852
-0.355549
-0.355506
-0.355431
-0.841048
-0.829744
-0.778684
-0.702587
-0.614385
-0.521804
-0.427901
-0.334927
-0.246382
-0.167151
-0.108317
-0.105344
-0.17063
-0.274205
-0.346515
-0.394242
-0.368261
-0.357591
-0.354894
-0.354285
-0.869115
-0.858307
-0.808271
-0.733416
-0.647215
-0.557047
-0.46624
-0.377106
-0.29333
-0.220222
-0.165849
-0.16773
-0.232653
-0.30913
-0.369092
-0.358191
-0.359031
-0.357502
-0.356067
-0.355424
-0.892873
-0.882751
-0.834215
-0.761588
-0.678031
-0.590901
-0.503762
-0.418926
-0.340073
-0.272861
-0.223898
-0.223041
-0.281958
-0.332227
-0.369732
-0.375849
-0.368973
-0.365937
-0.364295
-0.363525
-0.909953
-0.900744
-0.854545
-0.785162
-0.705306
-0.622107
-0.53926
-0.459236
-0.385529
-0.323864
-0.280713
-0.274735
-0.318777
-0.335431
-0.331511
-0.365459
-0.378145
-0.383338
-0.383611
-0.38254
-0.918285
-0.909878
-0.86715
-0.8022
-0.727242
-0.649112
-0.571434
-0.496698
-0.428491
-0.372125
-0.33336
-0.323648
-0.357134
-0.333851
-0.330166
-0.366874
-0.387896
-0.39446
-0.395972
-0.396491
-0.913473
-0.906622
-0.870348
-0.810807
-0.742129
-0.670347
-0.598814
-0.530028
-0.467578
-0.416426
-0.382159
-0.370883
-0.419783
-0.451829
-0.4465
-0.433628
-0.421286
-0.412284
-0.409182
-0.408176
-0.894265
-0.889565
-0.861155
-0.809622
-0.748659
-0.684503
-0.620087
-0.557812
-0.501192
-0.455574
-0.425793
-0.420333
-0.456296
-0.57787
-0.650771
-0.528881
-0.45031
-0.41757
-0.406358
-0.402322
-0.861133
-0.857746
-0.838494
-0.797659
-0.74631
-0.690966
-0.634391
-0.578835
-0.527767
-0.48678
-0.463361
-0.431317
-0.388377
-0.37676
-0.390908
-0.356869
-0.349583
-0.347805
-0.345565
-0.343945
-0.81873
-0.816575
-0.805631
-0.777041
-0.736181
-0.690235
-0.641668
-0.592517
-0.54616
-0.507769
-0.482468
-0.425935
-0.267382
-0.0456026
0.0500892
-0.0681782
-0.199015
-0.271337
-0.297173
-0.304785
-0.775653
-0.774377
-0.768926
-0.752226
-0.721955
-0.68422
-0.642954
-0.599331
-0.555965
-0.51798
-0.488774
-0.437725
-0.336735
-0.20539
-0.110177
-0.196852
-0.328784
-0.422471
-0.457322
-0.469843
-0.740934
-0.740256
-0.737478
-0.727898
-0.706807
-0.676405
-0.640439
-0.60051
-0.55876
-0.518545
-0.490996
-0.479425
-0.618423
-0.938789
-1.34657
-1.55802
-1.5747
-1.47529
-1.28241
-1.16859
-0.716366
-0.715618
-0.714142
-0.71027
-0.695578
-0.669985
-0.636727
-0.598106
-0.555129
-0.509466
-0.47272
-0.441368
-0.613659
-0.960146
-1.39206
-1.61597
-1.54927
-1.3771
-1.16768
-1.01073
-0.699439
-0.699188
-0.698613
-0.696719
-0.688442
-0.666322
-0.633667
-0.593701
-0.547011
-0.494462
-0.436531
-0.400425
-0.390082
-0.383012
-0.313862
-0.223794
-0.0652021
0.0707116
0.167589
0.226594
-0.688657
-0.688615
-0.688277
-0.687542
-0.683348
-0.664662
-0.631862
-0.589078
-0.538522
-0.477051
-0.405498
-0.343546
-0.236285
0.0248257
0.382224
0.746353
1.06408
1.24862
1.33135
1.3607
-0.681235
-0.681228
-0.680872
-0.680209
-0.67816
-0.664778
-0.632491
-0.586626
-0.529829
-0.460048
-0.373656
-0.27151
-0.121125
0.218764
0.671168
1.11214
1.47826
1.67721
1.75604
1.7716
-0.677651
-0.677537
-0.67693
-0.675594
-0.673603
-0.667555
-0.636693
-0.587413
-0.524227
-0.448009
-0.351536
-0.238873
-0.0963188
0.224432
0.628064
1.00863
1.32117
1.4951
1.55774
1.56867
-0.678384
-0.678491
-0.678826
-0.679346
-0.680352
-0.676637
-0.645734
-0.59179
-0.52527
-0.442618
-0.343112
-0.232942
-0.120164
0.145376
0.463527
0.737551
0.945092
1.05944
1.11032
1.1309
-0.67868
-0.679721
-0.681956
-0.687545
-0.694766
-0.69069
-0.654879
-0.599963
-0.531912
-0.445519
-0.349109
-0.247707
-0.152785
0.050742
0.296571
0.49886
0.645284
0.733031
0.781986
0.805834
-0.687211
-0.688383
-0.687907
-0.680425
-0.668494
-0.661863
-0.648729
-0.612567
-0.545339
-0.45629
-0.36016
-0.268385
-0.196076
-0.031695
0.174406
0.338926
0.466612
0.554336
0.602419
0.62218
-0.728445
-0.727546
-0.719281
-0.686092
-0.636958
-0.622327
-0.652545
-0.637386
-0.564999
-0.46902
-0.372024
-0.290188
-0.227005
-0.0969396
0.0692834
0.213036
0.327099
0.408275
0.450531
0.465427
-0.807451
-0.802799
-0.80838
-0.815716
-0.825329
-0.809499
-0.789952
-0.703464
-0.593871
-0.481653
-0.381189
-0.305267
-0.250266
-0.148422
-0.0115808
0.106638
0.200596
0.268494
0.302185
0.313137
-0.949848
-0.952375
-0.989006
-1.04789
-1.07668
-1.05267
-0.965092
-0.788442
-0.623975
-0.488504
-0.383894
-0.312076
-0.260438
-0.183477
-0.0720396
0.0197076
0.0935369
0.144107
0.16848
0.174717
-1.02718
-1.03758
-1.07445
-1.11608
-1.1374
-1.11225
-1.00646
-0.804062
-0.620549
-0.47899
-0.375372
-0.304936
-0.253597
-0.199732
-0.11581
-0.0459111
0.0100028
0.047603
0.0651989
0.0701133
-0.919829
-0.928648
-0.960204
-0.996918
-1.01843
-0.995489
-0.881663
-0.710957
-0.559566
-0.438564
-0.349581
-0.288833
-0.245804
-0.205347
-0.148239
-0.0963944
-0.0556013
-0.0283401
-0.0157719
-0.0135476
-0.625496
-0.637034
-0.66379
-0.701847
-0.73071
-0.72174
-0.647209
-0.546023
-0.450676
-0.372778
-0.309594
-0.264121
-0.232831
-0.209391
-0.171956
-0.136037
-0.107809
-0.0900469
-0.0826621
-0.082189
-0.275742
-0.282334
-0.298788
-0.326533
-0.359475
-0.377576
-0.37642
-0.357535
-0.328724
-0.295545
-0.26209
-0.234309
-0.214791
-0.203543
-0.184348
-0.166219
-0.152755
-0.146381
-0.145085
-0.145824
-0.0198914
-0.0231775
-0.0326639
-0.0542738
-0.089707
-0.134952
-0.174586
-0.203428
-0.220095
-0.222629
-0.214863
-0.202474
-0.192213
-0.189106
-0.186922
-0.187009
-0.189585
-0.194287
-0.198497
-0.199424
0.100618
0.0985693
0.0923001
0.0747686
0.0412902
-0.0071492
-0.0598965
-0.107419
-0.142796
-0.165284
-0.174587
-0.172788
-0.166035
-0.168404
-0.181712
-0.195167
-0.209302
-0.221066
-0.227057
-0.227788
0.128754
0.127543
0.123086
0.109689
0.0828518
0.0425126
-0.00440597
-0.0521015
-0.0935945
-0.12584
-0.146508
-0.154659
-0.153273
-0.160994
-0.179952
-0.198158
-0.213768
-0.224806
-0.229182
-0.229677
0.115656
0.114978
0.111885
0.102404
0.0830482
0.0532051
0.016048
-0.0248723
-0.0642267
-0.100027
-0.129928
-0.152621
-0.166228
-0.176884
-0.188311
-0.198071
-0.20742
-0.213566
-0.215483
-0.215888
0.0904026
0.0900762
0.0880145
0.0816243
0.0683158
0.0471664
0.0192951
-0.0135772
-0.0482322
-0.0836486
-0.120537
-0.159975
-0.195929
-0.204271
-0.197924
-0.197306
-0.197514
-0.198341
-0.198367
-0.198542
0.0651651
0.0650646
0.0637764
0.059643
0.0507532
0.0361252
0.0158535
-0.00942506
-0.0383152
-0.0708212
-0.109513
-0.157593
-0.205526
-0.208014
-0.193551
-0.18273
-0.179946
-0.179453
-0.179259
-0.179371
0.044348
0.0443121
0.043499
0.0408817
0.0350905
0.0251899
0.0108458
-0.00783439
-0.0304094
-0.057109
-0.0905511
-0.132033
-0.169075
-0.166589
-0.157012
-0.153396
-0.154152
-0.155654
-0.156306
-0.156473
0.0284361
0.0284866
0.0279911
0.026398
0.022773
0.0162992
0.00654112
-0.0065918
-0.0229754
-0.0426882
-0.0651326
-0.0883831
-0.103861
-0.101951
-0.105778
-0.113372
-0.121321
-0.126344
-0.128294
-0.128552
0.0167719
0.0168441
0.0165925
0.015719
0.0136614
0.00977304
0.00361285
-0.00491268
-0.0156386
-0.02801
-0.0390682
-0.0432925
-0.0381205
-0.0386532
-0.0547335
-0.0712341
-0.0838609
-0.0908705
-0.093583
-0.0940251
0.00859524
0.00868171
0.00859257
0.00822837
0.00722593
0.00521654
0.00182824
-0.00299671
-0.00902986
-0.0153126
-0.0178785
-0.0107213
0.00704376
0.00239719
-0.0175853
-0.0347095
-0.0464287
-0.0521379
-0.054661
-0.0552511
0.00046013
0.000457941
0.00052169
0.000809221
0.000981715
0.000869494
0.000411564
-0.000452777
-0.00107808
-0.00118771
0.000970609
0.00542009
0.00617704
0.00206411
-0.00207444
-0.00279218
-0.00284529
-0.00422073
-0.00498176
-0.0197557
-1.16621
-0.491303
-0.0425658
0.215271
0.40019
0.541365
0.650305
0.738081
0.832865
0.924389
-0.121931
0.0715407
0.248128
0.396763
0.520746
0.621443
0.703192
0.77016
0.811801
0.815485
0.207961
0.322496
0.434702
0.534436
0.620014
0.692035
0.750998
0.795846
0.824748
0.842222
0.416526
0.494429
0.571654
0.642279
0.703758
0.756245
0.799471
0.833426
0.859309
0.878293
0.569636
0.622407
0.680947
0.733524
0.779619
0.819737
0.85383
0.88216
0.905398
0.922329
0.69084
0.731394
0.776759
0.816549
0.853488
0.886483
0.915404
0.940151
0.960875
0.975076
0.792895
0.827127
0.863877
0.897872
0.929875
0.959285
0.985459
1.00794
1.02652
1.03822
0.885633
0.916517
0.950285
0.982714
1.01329
1.0415
1.06651
1.0877
1.10459
1.11409
0.976298
1.00873
1.04391
1.0778
1.109
1.13719
1.16167
1.18192
1.19734
1.20553
1.07804
1.11547
1.15368
1.18985
1.22182
1.24963
1.27301
1.29197
1.30607
1.31455
1.20482
1.24715
1.28628
1.32209
1.35244
1.37808
1.39959
1.41718
1.43067
1.44082
1.36626
1.40769
1.44136
1.47088
1.49538
1.51687
1.53643
1.55383
1.56856
1.58125
1.55662
1.5874
1.60861
1.62772
1.64576
1.66297
1.67917
1.69498
1.71148
1.7284
1.75443
1.76582
1.77685
1.79094
1.80521
1.81804
1.82939
1.84023
1.85313
1.87001
1.94021
1.95011
1.95875
1.96119
1.96205
1.96631
1.97709
1.99303
2.01064
2.01524
2.24124
2.18583
2.135
2.09475
2.07236
2.0683
2.0818
2.1156
2.17203
2.24759
0.821154
0.76246
0.719982
0.686125
0.66147
0.643921
0.631418
0.622499
0.616401
0.612938
0.612572
0.615455
0.620912
0.628862
0.639793
0.654853
0.675868
0.704967
0.743733
0.79156
0.6227
0.631459
0.636995
0.637819
0.634338
0.628297
0.621869
0.616408
0.612584
0.610953
0.612149
0.615763
0.621059
0.627546
0.634321
0.639597
0.641227
0.637994
0.63066
0.622992
0.599725
0.601756
0.606362
0.609875
0.612388
0.613819
0.613535
0.611806
0.609627
0.608074
0.608113
0.609961
0.6127
0.615338
0.616831
0.616502
0.614654
0.61186
0.607814
0.603433
0.592801
0.593668
0.596152
0.598868
0.600881
0.602245
0.603234
0.603693
0.603561
0.603326
0.603702
0.604811
0.605926
0.606422
0.606131
0.605296
0.603895
0.601664
0.59903
0.597066
0.58713
0.587592
0.588989
0.591013
0.592955
0.594534
0.595683
0.596588
0.597322
0.59792
0.598579
0.599251
0.599598
0.599523
0.599068
0.598118
0.596622
0.594805
0.593165
0.59215
0.581922
0.582209
0.583129
0.5846
0.586229
0.587837
0.589267
0.590449
0.591487
0.592465
0.593335
0.593916
0.5941
0.5939
0.593261
0.592215
0.59094
0.589635
0.588555
0.587932
0.576925
0.577126
0.577816
0.578992
0.580379
0.581827
0.583306
0.584721
0.586012
0.587221
0.588283
0.588956
0.589148
0.588881
0.588233
0.587363
0.586398
0.585415
0.584638
0.584201
0.572065
0.572217
0.572766
0.573752
0.574985
0.576329
0.577761
0.579257
0.580758
0.582207
0.583493
0.584325
0.584596
0.584419
0.583947
0.5833
0.582569
0.581831
0.581262
0.580934
0.567262
0.567382
0.567831
0.568684
0.569818
0.571104
0.57251
0.574046
0.575692
0.577388
0.578945
0.580003
0.580466
0.580503
0.580258
0.579833
0.579306
0.578778
0.578369
0.578115
0.562424
0.562521
0.5629
0.563664
0.564736
0.565987
0.567406
0.56901
0.570799
0.572743
0.574623
0.576001
0.576758
0.577066
0.577067
0.576871
0.576557
0.576213
0.575932
0.575732
0.55746
0.557539
0.557869
0.558574
0.559617
0.56087
0.562339
0.56405
0.566028
0.568258
0.570528
0.572318
0.573441
0.574067
0.574345
0.574389
0.574292
0.574121
0.573946
0.573787
0.552277
0.552343
0.552638
0.553312
0.554355
0.555659
0.557219
0.559086
0.561313
0.563902
0.566651
0.568943
0.570499
0.571494
0.572087
0.572393
0.572517
0.572514
0.572432
0.572303
0.546781
0.546836
0.54711
0.547777
0.548858
0.550254
0.551955
0.55404
0.556587
0.559632
0.56297
0.565864
0.567932
0.569353
0.570302
0.570902
0.571262
0.571429
0.57143
0.571324
0.540869
0.540915
0.541178
0.541861
0.543015
0.544549
0.54645
0.548827
0.551784
0.555399
0.559457
0.563074
0.56575
0.567669
0.569024
0.569971
0.570588
0.570925
0.571001
0.570914
0.534419
0.534457
0.534718
0.535439
0.536705
0.538429
0.540599
0.543351
0.54683
0.551152
0.556086
0.560573
0.563971
0.56648
0.568308
0.569634
0.570546
0.57107
0.57122
0.571149
0.527289
0.527319
0.527584
0.528366
0.529786
0.531761
0.534278
0.53751
0.541642
0.546835
0.552833
0.558363
0.56262
0.565824
0.568213
0.569977
0.571229
0.571954
0.572177
0.572118
0.519297
0.519317
0.519599
0.520462
0.522084
0.524377
0.527339
0.531177
0.536125
0.542387
0.549675
0.556453
0.561728
0.565749
0.568801
0.571095
0.572734
0.573677
0.573973
0.573922
0.510207
0.510231
0.510542
0.511504
0.513381
0.516074
0.519606
0.524209
0.530171
0.537747
0.546595
0.55486
0.561339
0.566323
0.570154
0.57307
0.575157
0.576341
0.576711
0.576665
0.49971
0.499725
0.500076
0.501185
0.503391
0.506616
0.510867
0.516433
0.523663
0.532853
0.543583
0.55361
0.561503
0.56762
0.572365
0.575996
0.578606
0.580049
0.580491
0.580445
0.487423
0.487433
0.487826
0.489129
0.49177
0.495676
0.500851
0.507643
0.516465
0.527643
0.540633
0.552739
0.562276
0.569705
0.575517
0.57998
0.583174
0.58489
0.585397
0.585348
0.472784
0.47279
0.473245
0.474817
0.478032
0.482841
0.489224
0.497604
0.508442
0.52207
0.537761
0.55229
0.563718
0.572644
0.579694
0.585095
0.588935
0.590923
0.591483
0.591424
0.455021
0.455022
0.455572
0.457526
0.461538
0.467575
0.475581
0.486051
0.499469
0.516118
0.535013
0.55233
0.565895
0.576514
0.584921
0.591393
0.595915
0.598157
0.598747
0.59867
0.432956
0.432952
0.433668
0.43622
0.441402
0.449188
0.459449
0.472737
0.489483
0.509842
0.53249
0.552952
0.568883
0.58136
0.591259
0.598884
0.604077
0.60652
0.607107
0.607004
0.404822
0.404818
0.405825
0.409367
0.416409
0.426826
0.440345
0.457493
0.478524
0.503384
0.530347
0.554278
0.572749
0.587206
0.598688
0.60751
0.613295
0.61584
0.616378
0.616242
0.367547
0.36756
0.3692
0.374668
0.385013
0.399597
0.417955
0.440376
0.466829
0.49702
0.528815
0.556455
0.577572
0.59408
0.60718
0.617125
0.623324
0.625825
0.626261
0.626088
0.315243
0.31549
0.319234
0.329146
0.345636
0.367085
0.392479
0.421842
0.454896
0.491176
0.528184
0.559644
0.583417
0.601936
0.616579
0.627468
0.633799
0.636079
0.636373
0.636165
0.240241
0.242593
0.253566
0.27302
0.299785
0.330808
0.365176
0.402741
0.443238
0.486173
0.528756
0.564277
0.59088
0.611552
0.627792
0.639428
0.645686
0.647665
0.647834
0.647626
0.160436
0.166854
0.186342
0.216012
0.25357
0.294453
0.337843
0.383709
0.431908
0.481993
0.530933
0.571357
0.601376
0.624581
0.642672
0.654858
0.660557
0.662013
0.662092
0.661963
0.092003
0.0987955
0.124934
0.163286
0.210022
0.259953
0.311987
0.365964
0.421718
0.478779
0.533833
0.578849
0.612031
0.637438
0.65675
0.668876
0.673976
0.675195
0.675303
0.675226
0.0360765
0.0431298
0.0733098
0.117851
0.171431
0.228782
0.288285
0.349593
0.412384
0.476069
0.536947
0.586298
0.6224
0.649737
0.670067
0.682381
0.687276
0.688362
0.688482
0.688435
-0.0103532
-0.00299058
0.0296852
0.0789391
0.137947
0.201337
0.267132
0.334856
0.403997
0.473825
0.540215
0.593713
0.632605
0.661865
0.683322
0.69593
0.700893
0.701971
0.702096
0.702072
-0.0497055
-0.0421806
-0.00776531
0.0450296
0.108587
0.177082
0.248284
0.321648
0.396526
0.472045
0.543652
0.601133
0.642756
0.67389
0.696463
0.7097
0.714941
0.716005
0.71614
0.716128
-0.0840022
-0.0763801
-0.0407187
0.0150194
0.0823476
0.155225
0.231196
0.309616
0.38974
0.470558
0.547113
0.608438
0.652728
0.685748
0.709557
0.723425
0.728979
0.730131
0.730283
0.730277
-0.114743
-0.107028
-0.0703546
-0.0121062
0.0584204
0.135111
0.215321
0.298316
0.383275
0.469074
0.550372
0.615426
0.662314
0.697162
0.722119
0.736711
0.742605
0.743899
0.744066
0.744063
-0.142897
-0.135103
-0.0975662
-0.0371518
0.0361573
0.116209
0.200202
0.287364
0.376815
0.467346
0.553226
0.621911
0.671326
0.707922
0.734016
0.749267
0.755472
0.756947
0.75712
0.757105
-0.169242
-0.161346
-0.122983
-0.0607757
0.0150712
0.0981177
0.18551
0.276483
0.37012
0.465149
0.55549
0.627749
0.679627
0.717909
0.745006
0.760873
0.767348
0.768948
0.769113
0.769078
-0.19425
-0.186227
-0.147057
-0.0833252
-0.00518686
0.0805377
0.171006
0.265462
0.362993
0.462317
0.557035
0.632863
0.687185
0.727073
0.755121
0.771383
0.778044
0.779722
0.779874
0.779815
-0.218301
-0.210111
-0.170162
-0.105042
-0.0248537
0.0632607
0.156509
0.254147
0.355312
0.458742
0.557773
0.637215
0.693999
0.735436
0.764285
0.780806
0.787548
0.789257
0.789371
0.789293
-0.241564
-0.233188
-0.192682
-0.12609
-0.0440891
0.0461659
0.141913
0.242458
0.346992
0.454327
0.557624
0.640774
0.700115
0.743103
0.772639
0.789271
0.795989
0.797651
0.797735
0.797636
-0.264206
-0.255658
-0.214457
-0.1466
-0.0629828
0.029183
0.127171
0.230347
0.337985
0.449014
0.556527
0.64352
0.705592
0.750219
0.780339
0.796924
0.80347
0.805026
0.805079
0.804964
-0.286295
-0.277581
-0.235662
-0.166644
-0.0815754
0.0122915
0.112275
0.217812
0.328271
0.442768
0.554416
0.645418
0.710498
0.756931
0.787593
0.803948
0.810135
0.811523
0.811518
0.811383
-0.307864
-0.298969
-0.256361
-0.186248
-0.0998748
-0.0045023
0.09724
0.204878
0.317887
0.43559
0.551242
0.646413
0.714859
0.763403
0.794632
0.810528
0.81612
0.817214
0.817133
0.816987
-0.328884
-0.319808
-0.27648
-0.205385
-0.117852
-0.0211681
0.0821233
0.191603
0.306881
0.427489
0.546959
0.646426
0.71865
0.769751
0.801758
0.81699
0.821617
0.822212
0.822025
0.821881
-0.349306
-0.340043
-0.296026
-0.224031
-0.135476
-0.0376437
0.0669819
0.17806
0.295315
0.418528
0.541542
0.645352
0.721771
0.776024
0.809301
0.823873
0.827094
0.826717
0.826282
0.826185
-0.369139
-0.359675
-0.314989
-0.242166
-0.152708
-0.0538656
0.051897
0.164336
0.28328
0.408763
0.535011
0.643079
0.72405
0.782118
0.817464
0.831917
0.833536
0.831367
0.830159
0.830171
-0.388318
-0.378657
-0.333334
-0.259753
-0.16949
-0.0697861
0.0369457
0.150516
0.27088
0.398291
0.527388
0.639485
0.72526
0.787745
0.826081
0.841701
0.842588
0.838265
0.834912
0.833796
-0.406873
-0.397023
-0.35105
-0.276798
-0.18585
-0.0854199
0.0221076
0.136573
0.258091
0.387081
0.518608
0.634351
0.725111
0.79255
0.834599
0.853063
0.855576
0.850465
0.842538
0.827519
-0.424832
-0.414773
-0.368238
-0.29348
-0.202027
-0.101064
0.00701188
0.122059
0.244384
0.374526
0.508036
0.627027
0.722936
0.796106
0.842011
0.864161
0.870014
0.86287
0.853953
0.809824
-0.442458
-0.431525
-0.384805
-0.309674
-0.217938
-0.116629
-0.00818004
0.10718
0.229963
0.3608
0.495691
0.617275
0.71777
0.797529
0.845986
0.868486
0.873795
0.868708
0.817194
0.757631
-0.460744
-0.446219
-0.400512
-0.32523
-0.233794
-0.132347
-0.023735
0.0919309
0.214807
0.345878
0.481424
0.604743
0.708237
0.79652
0.843578
0.852726
0.858499
0.823411
0.757343
0.693058
-0.478796
-0.481171
-0.421296
-0.337803
-0.246347
-0.145299
-0.0390312
0.076974
0.19966
0.33054
0.465865
0.589647
0.693868
0.794579
0.805458
0.820111
0.795717
0.730679
0.655112
0.584597
-0.454689
-0.453396
-0.394662
-0.311412
-0.214875
-0.110652
0.000492201
0.119114
0.245025
0.379978
0.510232
0.622729
0.717505
0.814214
0.821266
0.719133
0.632851
0.563912
0.490076
0.347965
-0.494901
-0.468842
-0.407277
-0.32315
-0.227072
-0.122899
-0.0123251
0.105731
0.230803
0.364431
0.492527
0.602244
0.687842
0.7507
0.717706
0.583925
0.46213
0.378649
0.293983
0.13274
-0.518839
-0.488038
-0.425576
-0.342041
-0.245836
-0.141827
-0.0310349
0.0862751
0.210083
0.34157
0.466465
0.570824
0.647523
0.675265
0.594135
0.428887
0.288426
0.184176
0.0686855
-0.163504
-0.542178
-0.509072
-0.445429
-0.361219
-0.264948
-0.161043
-0.0506009
0.0657983
0.188094
0.316984
0.437621
0.534757
0.599805
0.592178
0.455551
0.267553
0.0958665
-0.0464602
-0.206285
-0.586083
-0.564559
-0.530618
-0.465941
-0.380827
-0.284474
-0.180775
-0.0709866
0.0443677
0.16493
0.290812
0.40631
0.4952
0.541783
0.504609
0.320636
0.113122
-0.0998572
-0.278104
-0.52418
-1.06664
-0.586746
-0.552752
-0.487389
-0.401676
-0.305165
-0.201704
-0.0925659
0.0216359
0.140231
0.262709
0.37249
0.453086
0.479699
0.392734
0.197044
-0.0170849
-0.233359
-0.43295
-0.599056
-1.18277
-0.609876
-0.575809
-0.510057
-0.424006
-0.327375
-0.224123
-0.115612
-0.00260793
0.113858
0.232617
0.336364
0.407229
0.409092
0.279393
0.0905488
-0.113369
-0.299997
-0.42804
-0.461281
-0.508047
-0.634374
-0.600239
-0.534258
-0.448097
-0.351532
-0.248662
-0.140961
-0.02945
0.0844616
0.198809
0.296079
0.353895
0.333646
0.175055
-0.00580109
-0.184904
-0.329333
-0.390684
-0.413367
-0.419111
-0.660584
-0.626226
-0.560086
-0.473933
-0.377608
-0.275316
-0.168699
-0.0590143
0.0519175
0.161213
0.251283
0.29396
0.258533
0.0778384
-0.0937323
-0.250968
-0.360194
-0.386707
-0.38786
-0.388247
-0.688599
-0.653914
-0.587586
-0.501502
-0.40557
-0.304088
-0.198826
-0.091304
0.0161911
0.119895
0.201684
0.231895
0.164751
-0.0112629
-0.174105
-0.312778
-0.359431
-0.373697
-0.374943
-0.374532
-0.718312
-0.683243
-0.61672
-0.530793
-0.435405
-0.33495
-0.231325
-0.126324
-0.0226878
0.0749231
0.147828
0.164082
0.066558
-0.0936794
-0.242264
-0.351353
-0.364878
-0.364831
-0.365995
-0.365682
-0.749259
-0.71399
-0.647303
-0.561635
-0.466978
-0.3678
-0.266119
-0.164013
-0.064607
0.0265027
0.0906684
0.0893421
-0.0187891
-0.166522
-0.296497
-0.335107
-0.357237
-0.36072
-0.361117
-0.360901
-0.781089
-0.745509
-0.678983
-0.593727
-0.500031
-0.402406
-0.302991
-0.204151
-0.109338
-0.0248232
0.0298427
0.0170366
-0.0980138
-0.227237
-0.332236
-0.372663
-0.36118
-0.35794
-0.357533
-0.357346
-0.81286
-0.777281
-0.711204
-0.626571
-0.534116
-0.438369
-0.341576
-0.246366
-0.156518
-0.0783086
-0.0346316
-0.0490318
-0.168776
-0.274735
-0.351797
-0.349443
-0.354289
-0.355447
-0.355487
-0.355354
-0.843559
-0.808484
-0.742814
-0.659434
-0.568583
-0.47511
-0.381323
-0.290066
-0.205512
-0.13343
-0.0969217
-0.115537
-0.227058
-0.318764
-0.341949
-0.361996
-0.358465
-0.35578
-0.3545
-0.35408
-0.871586
-0.837482
-0.772966
-0.691246
-0.602528
-0.51181
-0.421479
-0.334488
-0.25534
-0.189491
-0.15385
-0.186532
-0.272504
-0.346467
-0.360994
-0.359512
-0.358563
-0.356646
-0.355702
-0.355053
-0.895242
-0.862593
-0.799949
-0.720715
-0.634798
-0.547419
-0.461056
-0.37868
-0.304849
-0.245404
-0.210494
-0.247335
-0.306881
-0.35797
-0.402124
-0.381035
-0.367207
-0.364911
-0.363889
-0.36304
-0.912196
-0.881687
-0.821763
-0.746128
-0.663986
-0.580693
-0.498878
-0.42151
-0.352966
-0.299678
-0.268179
-0.297558
-0.32417
-0.352305
-0.365924
-0.372834
-0.381794
-0.383875
-0.38293
-0.382435
-0.920089
-0.892261
-0.836494
-0.765591
-0.688439
-0.610255
-0.533691
-0.461699
-0.398568
-0.350935
-0.319707
-0.345679
-0.348289
-0.326903
-0.343037
-0.375518
-0.3922
-0.39553
-0.396206
-0.396972
-0.915986
-0.892407
-0.84229
-0.777294
-0.70652
-0.634573
-0.564063
-0.497927
-0.440371
-0.39781
-0.363702
-0.397464
-0.437596
-0.448968
-0.437262
-0.427506
-0.415764
-0.410267
-0.408528
-0.40805
-0.896434
-0.878877
-0.837315
-0.77991
-0.716917
-0.652335
-0.588655
-0.528686
-0.476814
-0.438845
-0.41289
-0.435445
-0.50082
-0.647364
-0.589207
-0.482166
-0.429069
-0.410534
-0.403783
-0.401435
-0.863009
-0.850885
-0.820094
-0.772835
-0.718973
-0.662843
-0.606424
-0.552625
-0.50575
-0.472319
-0.443705
-0.416858
-0.371529
-0.397291
-0.370561
-0.350961
-0.348589
-0.346617
-0.344717
-0.343074
-0.820346
-0.812801
-0.793516
-0.757574
-0.71362
-0.666276
-0.61712
-0.56881
-0.525684
-0.493336
-0.462349
-0.357111
-0.165061
0.0359826
0.00692433
-0.138184
-0.242517
-0.287121
-0.302553
-0.305073
-0.776877
-0.772605
-0.762256
-0.738436
-0.703776
-0.664145
-0.621374
-0.577535
-0.535951
-0.501974
-0.471313
-0.391111
-0.278447
-0.131418
-0.137189
-0.264729
-0.385913
-0.444009
-0.46497
-0.471916
-0.74166
-0.739393
-0.733943
-0.718739
-0.692597
-0.658794
-0.620944
-0.579805
-0.537868
-0.503581
-0.481449
-0.527824
-0.759781
-1.1402
-1.48738
-1.57694
-1.54682
-1.37791
-1.20944
-1.16445
-0.716049
-0.714983
-0.712947
-0.704451
-0.683925
-0.654125
-0.618195
-0.576954
-0.532987
-0.487815
-0.461186
-0.495585
-0.770128
-1.17397
-1.55283
-1.60719
-1.47247
-1.27499
-1.06209
-0.997612
-0.699369
-0.698916
-0.698181
-0.694005
-0.678966
-0.651121
-0.614419
-0.571458
-0.521486
-0.463227
-0.417944
-0.385663
-0.394687
-0.350772
-0.280051
-0.146526
0.00806533
0.121646
0.203998
0.240361
-0.688662
-0.688482
-0.687922
-0.68635
-0.676088
-0.64965
-0.611543
-0.564969
-0.508696
-0.443097
-0.370011
-0.292238
-0.135
0.204087
0.563219
0.916445
1.17611
1.29767
1.35228
1.36636
-0.681272
-0.681097
-0.680512
-0.679851
-0.673634
-0.650599
-0.611027
-0.559456
-0.497568
-0.418215
-0.321677
-0.221172
0.021296
0.444465
0.892722
1.31416
1.59808
1.7281
1.76843
1.77367
-0.677638
-0.677308
-0.67637
-0.675034
-0.673044
-0.655006
-0.614137
-0.55766
-0.488155
-0.400923
-0.296138
-0.184378
0.0358328
0.427013
0.822019
1.17876
1.42611
1.53682
1.56649
1.56973
-0.678431
-0.678601
-0.67909
-0.679298
-0.679824
-0.66512
-0.620662
-0.560131
-0.485835
-0.395017
-0.288379
-0.181561
-0.0109655
0.309127
0.606431
0.85202
1.01389
1.09002
1.12354
1.13455
-0.679202
-0.680556
-0.684288
-0.691105
-0.696128
-0.676493
-0.628959
-0.567799
-0.49119
-0.397265
-0.297245
-0.200316
-0.0677929
0.176629
0.404815
0.578469
0.695791
0.761029
0.796892
0.810483
-0.687923
-0.688579
-0.685161
-0.674329
-0.664165
-0.657146
-0.634016
-0.582562
-0.503188
-0.406864
-0.312864
-0.229514
-0.129374
0.074271
0.262517
0.40632
0.516213
0.582534
0.615414
0.625362
-0.728336
-0.725798
-0.706392
-0.660768
-0.623762
-0.638548
-0.652944
-0.60582
-0.5186
-0.418152
-0.330101
-0.255637
-0.174897
-0.0131966
0.144968
0.273321
0.372993
0.433731
0.460652
0.467107
-0.80478
-0.804259
-0.811461
-0.824017
-0.818294
-0.801929
-0.754648
-0.649655
-0.537379
-0.428461
-0.340244
-0.272497
-0.210284
-0.0813513
0.0511535
0.1559
0.239178
0.289024
0.309938
0.313417
-0.946376
-0.966996
-1.01949
-1.06755
-1.07015
-1.02241
-0.879289
-0.703175
-0.552467
-0.431788
-0.343178
-0.279252
-0.227689
-0.128113
-0.0235082
0.058739
0.122611
0.159155
0.172332
0.174518
-1.0281
-1.05324
-1.09616
-1.1305
-1.13139
-1.07354
-0.908066
-0.707875
-0.544942
-0.421594
-0.335599
-0.276648
-0.225996
-0.156848
-0.0790941
-0.0161529
0.0319387
0.0582851
0.0691866
0.0693087
-0.92147
-0.943466
-0.978832
-1.01112
-1.0141
-0.954234
-0.795625
-0.632655
-0.495237
-0.389226
-0.315813
-0.265334
-0.226012
-0.175745
-0.121221
-0.0747952
-0.0400225
-0.0202169
-0.0140887
-0.014823
-0.629976
-0.648278
-0.68228
-0.718616
-0.733105
-0.692024
-0.597015
-0.496844
-0.409864
-0.338647
-0.284591
-0.246917
-0.222679
-0.191379
-0.153161
-0.120833
-0.097263
-0.0853079
-0.0816299
-0.0832755
-0.278453
-0.28906
-0.311408
-0.343283
-0.371242
-0.37889
-0.369113
-0.343746
-0.312533
-0.278018
-0.247353
-0.223793
-0.209373
-0.194475
-0.17487
-0.158658
-0.148695
-0.145393
-0.145219
-0.146607
-0.0215506
-0.0266698
-0.0418001
-0.0703003
-0.111721
-0.156061
-0.190163
-0.213454
-0.222928
-0.219558
-0.208805
-0.196973
-0.190448
-0.187649
-0.186495
-0.188528
-0.191442
-0.196862
-0.199206
-0.199838
0.0995068
0.0964414
0.0852554
0.0601244
0.0185751
-0.0336238
-0.0847081
-0.126624
-0.155585
-0.171545
-0.174689
-0.169757
-0.164942
-0.174612
-0.188613
-0.202041
-0.215872
-0.22494
-0.227758
-0.227975
0.128152
0.126078
0.117788
0.0980937
0.0640837
0.0195695
-0.0285863
-0.0736966
-0.110915
-0.137838
-0.152021
-0.154907
-0.154534
-0.170567
-0.189173
-0.206288
-0.22023
-0.227741
-0.229621
-0.229816
0.115375
0.113966
0.10816
0.0940813
0.0693037
0.0354274
-0.00430468
-0.0447384
-0.082591
-0.115976
-0.142476
-0.160805
-0.171273
-0.182743
-0.19321
-0.202983
-0.211172
-0.214884
-0.215723
-0.216095
0.0903135
0.0894051
0.0855197
0.0759376
0.0586793
0.0340529
0.00321989
-0.0306313
-0.0658187
-0.10202
-0.139965
-0.180003
-0.204399
-0.201247
-0.196565
-0.197273
-0.198084
-0.198389
-0.198409
-0.198724
0.0651492
0.0646647
0.0621805
0.0558772
0.0441618
0.0267149
0.00369655
-0.0233755
-0.0539883
-0.0895178
-0.132221
-0.184347
-0.213548
-0.200429
-0.187098
-0.180701
-0.179556
-0.17933
-0.17928
-0.179498
0.0444126
0.0440419
0.0424832
0.0384549
0.0306807
0.0186082
0.00199234
-0.0186151
-0.0432022
-0.0730182
-0.11058
-0.153787
-0.172528
-0.161934
-0.153976
-0.153575
-0.154947
-0.156106
-0.156405
-0.156541
0.0285089
0.0283231
0.0273819
0.0249105
0.0199224
0.0118617
0.00038474
-0.014395
-0.0323221
-0.0537374
-0.0769348
-0.0985432
-0.104631
-0.104202
-0.109081
-0.117592
-0.124285
-0.12766
-0.128527
-0.12855
0.0168428
0.0167663
0.0162668
0.0148713
0.011989
0.00700286
-0.000364465
-0.0100447
-0.0216232
-0.0341574
-0.0424185
-0.0419655
-0.0326058
-0.0464942
-0.0635181
-0.0782635
-0.0880184
-0.0926204
-0.0939599
-0.0939154
0.00866283
0.00865753
0.00845659
0.00783294
0.00636546
0.00372197
-0.000418339
-0.00592756
-0.012178
-0.0174623
-0.0156513
-0.00179752
0.0122688
-0.00641101
-0.0267771
-0.0414668
-0.0501556
-0.0537092
-0.0550803
-0.0552398
0.00289797
0.00298055
0.00295141
0.00285716
0.00269806
0.00209404
0.000912595
-0.000909268
-0.00337034
-0.00559823
-0.00479166
0.00356308
0.0150381
0.0127019
-0.000298991
-0.0110049
-0.0155816
-0.0181526
-0.0193165
-0.0197662
-0.783596
-0.221154
0.0982438
0.31198
0.474763
0.598359
0.696831
0.781267
0.889399
0.887999
0.0199504
0.166302
0.325668
0.461999
0.573892
0.664281
0.738631
0.795446
0.818746
0.823059
0.281408
0.37998
0.486461
0.578966
0.657675
0.723154
0.775368
0.812142
0.835163
0.852353
0.466831
0.534718
0.608211
0.674146
0.731142
0.779028
0.817582
0.847193
0.870584
0.889348
0.606015
0.65674
0.708071
0.757354
0.800428
0.837523
0.868695
0.894316
0.915856
0.934243
0.718808
0.755796
0.796884
0.835498
0.870491
0.901449
0.92832
0.950933
0.969963
0.987772
0.815823
0.845888
0.881128
0.914156
0.94495
0.972806
0.997198
1.01767
1.0343
1.05167
0.905013
0.9334
0.966727
0.998255
1.02775
1.05445
1.07762
1.09667
1.11107
1.1282
0.995222
1.02614
1.06118
1.09374
1.12351
1.14992
1.17236
1.19025
1.20279
1.22005
1.0987
1.13439
1.17227
1.20634
1.23626
1.26188
1.28306
1.29962
1.31117
1.329
1.22774
1.26676
1.30487
1.3379
1.3658
1.38932
1.4089
1.42436
1.43616
1.4544
1.3888
1.42481
1.45686
1.48361
1.5064
1.52688
1.54546
1.56147
1.57516
1.59303
1.57346
1.5985
1.61835
1.63685
1.65449
1.67121
1.68707
1.70305
1.72017
1.7393
1.76012
1.77096
1.78367
1.79821
1.81182
1.82389
1.83478
1.84613
1.86152
1.88096
1.942
1.95543
1.96049
1.96151
1.96347
1.97083
1.98453
2.00212
2.01586
2.0272
2.21086
2.16028
2.11281
2.08123
2.06817
2.07272
2.09596
2.14101
2.20771
2.30183
0.677778
0.67477
0.668712
0.657788
0.645301
0.633995
0.624943
0.618198
0.613748
0.611875
0.613131
0.61714
0.62332
0.631618
0.642127
0.654452
0.666809
0.675524
0.680038
0.682204
0.606075
0.612723
0.617972
0.621592
0.622709
0.621079
0.617633
0.613853
0.610886
0.609599
0.610709
0.613773
0.617881
0.622121
0.625162
0.6257
0.623387
0.619013
0.612721
0.606897
0.595952
0.598914
0.60228
0.604772
0.606537
0.607727
0.607963
0.607229
0.606186
0.605761
0.606655
0.608423
0.610116
0.610922
0.610521
0.60928
0.607388
0.604525
0.601194
0.598906
0.589884
0.591308
0.593524
0.5958
0.597528
0.59873
0.599631
0.600233
0.600527
0.60087
0.601603
0.602399
0.602772
0.602594
0.601991
0.600866
0.599068
0.596853
0.595108
0.594024
0.584494
0.585313
0.58678
0.588559
0.590307
0.591792
0.592943
0.593903
0.594766
0.595573
0.596284
0.596699
0.596736
0.596403
0.595611
0.594351
0.592848
0.591341
0.590328
0.589662
0.579405
0.579959
0.581046
0.582465
0.583986
0.585502
0.586911
0.588143
0.589268
0.590331
0.591143
0.591535
0.591507
0.591039
0.590189
0.589131
0.587988
0.586927
0.586243
0.585774
0.574485
0.5749
0.575769
0.576986
0.578326
0.579749
0.58122
0.582665
0.58403
0.585316
0.586301
0.586777
0.586755
0.586326
0.585644
0.584835
0.583969
0.583183
0.582684
0.582327
0.569665
0.569991
0.570709
0.571778
0.573026
0.574385
0.575851
0.577404
0.578989
0.580532
0.58174
0.582368
0.582484
0.582246
0.581786
0.58119
0.580545
0.579976
0.579606
0.579321
0.564856
0.565121
0.565732
0.566702
0.567891
0.569222
0.570706
0.572349
0.574124
0.575951
0.577447
0.578328
0.578692
0.578697
0.578466
0.578091
0.57765
0.577255
0.576981
0.576745
0.559966
0.560187
0.560725
0.561635
0.56279
0.564126
0.565667
0.567432
0.569418
0.571561
0.573426
0.574656
0.575335
0.575615
0.575629
0.575487
0.575238
0.574995
0.574797
0.574596
0.554904
0.555092
0.555581
0.556461
0.557619
0.559002
0.560641
0.562576
0.564828
0.567354
0.569677
0.571336
0.572384
0.572981
0.573269
0.573359
0.573307
0.573202
0.573066
0.572889
0.549577
0.549741
0.550201
0.551081
0.552283
0.553758
0.555542
0.557709
0.560301
0.563306
0.566185
0.568354
0.569835
0.570797
0.57139
0.571719
0.571881
0.571905
0.57182
0.571659
0.543887
0.544033
0.544482
0.545392
0.54668
0.548292
0.550284
0.552756
0.555779
0.55938
0.562933
0.565711
0.5677
0.569078
0.570017
0.570639
0.57101
0.571152
0.571111
0.570961
0.537722
0.537854
0.53831
0.53928
0.540695
0.542501
0.544772
0.547636
0.551204
0.555537
0.559905
0.563412
0.566003
0.567865
0.569198
0.570143
0.570747
0.571012
0.571009
0.570864
0.53095
0.531073
0.531549
0.532609
0.534202
0.536265
0.538897
0.542261
0.546509
0.551739
0.557093
0.561468
0.564771
0.567208
0.568994
0.570307
0.571173
0.571565
0.571597
0.571454
0.523416
0.523531
0.524038
0.525223
0.527048
0.529442
0.532535
0.536529
0.541619
0.547944
0.554486
0.559898
0.564041
0.567155
0.569487
0.571229
0.572383
0.572905
0.57297
0.572824
0.514907
0.515024
0.515574
0.516927
0.519039
0.521856
0.525538
0.53032
0.536453
0.544113
0.552083
0.558728
0.563862
0.567771
0.570758
0.572995
0.574476
0.575138
0.575232
0.57508
0.50513
0.505255
0.505897
0.507452
0.509941
0.513305
0.517728
0.523499
0.530922
0.540209
0.549888
0.557989
0.564294
0.569137
0.572888
0.575708
0.577557
0.578364
0.578485
0.578324
0.493779
0.493906
0.494666
0.496495
0.499464
0.503527
0.508891
0.515908
0.524932
0.5362
0.547918
0.557726
0.565398
0.571339
0.575968
0.579466
0.581724
0.582681
0.582823
0.582648
0.480364
0.480508
0.48143
0.483621
0.487214
0.492185
0.498763
0.507365
0.518388
0.532063
0.546194
0.557995
0.567234
0.574439
0.580097
0.584365
0.58706
0.588161
0.588315
0.588124
0.464226
0.464409
0.465563
0.468248
0.472675
0.478856
0.487034
0.497681
0.511208
0.527798
0.544762
0.558849
0.569873
0.578513
0.585329
0.590462
0.593608
0.594836
0.594991
0.59478
0.444414
0.444676
0.446181
0.44957
0.455163
0.463012
0.473349
0.486677
0.503357
0.52346
0.543702
0.560367
0.57338
0.58362
0.591701
0.597772
0.601352
0.60267
0.602808
0.602576
0.419494
0.419903
0.421966
0.426433
0.433763
0.444019
0.45736
0.474242
0.494881
0.519166
0.543134
0.562636
0.57781
0.589788
0.59923
0.606242
0.610186
0.611533
0.611633
0.611382
0.387135
0.387846
0.390887
0.397198
0.407326
0.421217
0.438828
0.460417
0.48596
0.515125
0.543226
0.56576
0.583207
0.596989
0.607861
0.615725
0.619891
0.62118
0.621221
0.620955
0.343165
0.3446
0.349735
0.359683
0.374689
0.394208
0.417844
0.44552
0.476962
0.511648
0.544186
0.569855
0.589612
0.605199
0.617448
0.625964
0.630112
0.631238
0.631205
0.630934
0.279792
0.284309
0.295039
0.31218
0.335487
0.363434
0.39511
0.430245
0.468453
0.509121
0.546226
0.575009
0.597001
0.614279
0.627653
0.636488
0.640328
0.641156
0.641046
0.640789
0.204463
0.212632
0.232206
0.260019
0.293994
0.33141
0.371701
0.41476
0.460263
0.507626
0.55014
0.582784
0.60758
0.626829
0.641423
0.650324
0.65377
0.654407
0.654346
0.654211
0.128897
0.142422
0.171188
0.209481
0.25356
0.300327
0.349249
0.400298
0.453182
0.50735
0.555396
0.591971
0.619566
0.640976
0.656595
0.665004
0.667698
0.668106
0.668079
0.668031
0.0661237
0.0835137
0.117981
0.164139
0.216457
0.271439
0.328299
0.386907
0.446876
0.507592
0.560885
0.601113
0.631235
0.654174
0.670244
0.678411
0.680887
0.681281
0.681303
0.681299
0.0146472
0.0341028
0.0730474
0.125036
0.183797
0.245565
0.3093
0.374709
0.441237
0.508129
0.566415
0.610094
0.642566
0.66705
0.683822
0.691934
0.694191
0.694659
0.694743
0.694771
-0.0284741
-0.007766
0.0345212
0.0911462
0.155233
0.222686
0.292342
0.36378
0.436293
0.508968
0.572015
0.619026
0.653803
0.679833
0.697314
0.705526
0.708044
0.70858
0.708696
0.708756
-0.0655403
-0.0440419
0.000907025
0.0612909
0.129857
0.202215
0.277079
0.353936
0.431951
0.510051
0.577642
0.62788
0.664921
0.692492
0.710859
0.719608
0.722301
0.722863
0.722973
0.723049
-0.098227
-0.0761817
-0.0290781
0.0344672
0.106849
0.183502
0.263029
0.344814
0.427924
0.511144
0.583102
0.636485
0.675753
0.704882
0.724126
0.733457
0.736394
0.737007
0.737092
0.737167
-0.127773
-0.105336
-0.0564068
0.00985466
0.0855581
0.166002
0.249717
0.33602
0.423897
0.512011
0.588198
0.644639
0.686052
0.716652
0.736818
0.746724
0.749868
0.750514
0.750562
0.750637
-0.155174
-0.132327
-0.0818221
-0.0131773
0.0654693
0.149287
0.236789
0.327256
0.419621
0.51243
0.592745
0.652173
0.695665
0.727661
0.748662
0.75911
0.762483
0.763121
0.763148
0.763202
-0.180958
-0.157694
-0.105777
-0.0350837
0.046203
0.133046
0.223986
0.318294
0.414883
0.512222
0.596613
0.658999
0.704513
0.737835
0.759585
0.770328
0.773895
0.774541
0.774538
0.774565
-0.20558
-0.181837
-0.128778
-0.0561458
0.0274867
0.11705
0.211115
0.308963
0.409532
0.511274
0.599721
0.665083
0.712583
0.747104
0.76943
0.780419
0.784041
0.784696
0.784662
0.78466
-0.229328
-0.205112
-0.151018
-0.0765841
0.00914057
0.101147
0.198043
0.299158
0.403472
0.509478
0.602009
0.670427
0.719926
0.75556
0.778339
0.789397
0.79301
0.793615
0.793571
0.793539
-0.252393
-0.227673
-0.172535
-0.0965402
-0.00894311
0.0852494
0.184705
0.288814
0.396634
0.506763
0.603424
0.675042
0.726639
0.763359
0.786415
0.797401
0.800914
0.80147
0.801389
0.801334
-0.274866
-0.249641
-0.193458
-0.116084
-0.0268158
0.0693298
0.17108
0.277904
0.388974
0.50307
0.603912
0.67894
0.732834
0.77066
0.793853
0.804609
0.807908
0.808374
0.808262
0.808192
-0.29675
-0.271065
-0.213889
-0.135246
-0.0444904
0.0533804
0.157174
0.266441
0.380489
0.498359
0.603409
0.682117
0.738621
0.777673
0.800853
0.811138
0.814106
0.814439
0.81429
0.814206
-0.3181
-0.291925
-0.233819
-0.15402
-0.0619511
0.0374327
0.143029
0.254465
0.371214
0.492608
0.601853
0.684534
0.744062
0.784611
0.807695
0.817194
0.819576
0.819713
0.81954
0.819451
-0.338855
-0.312194
-0.253207
-0.172387
-0.0791653
0.0215473
0.12871
0.242043
0.361197
0.48582
0.599165
0.686097
0.749152
0.791682
0.814789
0.823172
0.824558
0.824313
0.824113
0.824047
-0.359031
-0.331839
-0.272061
-0.190304
-0.096075
0.00578028
0.114294
0.229264
0.350501
0.478036
0.595283
0.686669
0.753797
0.798994
0.822629
0.829809
0.829578
0.828423
0.828108
0.828177
-0.378545
-0.350869
-0.29034
-0.20774
-0.112634
-0.00979502
0.0998525
0.2162
0.33923
0.46932
0.590161
0.686074
0.757786
0.806415
0.831569
0.838207
0.836007
0.832925
0.83153
0.831521
-0.397466
-0.369261
-0.308001
-0.224651
-0.128773
-0.0250985
0.085502
0.20298
0.327499
0.459752
0.58379
0.684114
0.760805
0.8135
0.84137
0.849211
0.846349
0.84038
0.833793
0.817489
-0.415735
-0.387004
-0.325182
-0.241238
-0.14478
-0.0404481
0.0708398
0.189167
0.314824
0.448844
0.575674
0.680266
0.762581
0.819915
0.851386
0.862682
0.861528
0.853939
0.83973
0.854962
-0.43347
-0.404084
-0.341824
-0.257474
-0.160579
-0.0557884
0.0558689
0.174781
0.30119
0.436482
0.565579
0.67387
0.762323
0.824551
0.85857
0.872954
0.874454
0.863765
0.802909
0.78772
-0.451259
-0.421115
-0.35768
-0.27304
-0.17559
-0.0706741
0.0408023
0.160082
0.286875
0.422852
0.553468
0.664439
0.758927
0.826478
0.858102
0.871905
0.863852
0.826235
0.758894
0.71857
-0.469766
-0.439068
-0.372346
-0.28767
-0.18944
-0.0849666
0.0260285
0.145236
0.271953
0.407948
0.539148
0.651678
0.749874
0.824132
0.872212
0.8446
0.812808
0.746027
0.673538
0.629845
-0.0454352
0.070411
0.192954
0.323581
0.4583
0.581417
0.684699
0.510717
-0.48974
-0.470945
-0.432846
-0.361519
-0.270627
-0.170909
-0.0631106
0.0516413
0.173402
0.302858
0.436571
0.559017
0.661356
0.742359
0.794451
0.74445
0.597218
0.505796
0.434682
-0.506642
-0.493706
-0.449387
-0.376669
-0.285371
-0.185402
-0.0781091
0.0361523
0.157049
0.285148
0.416713
0.535841
0.632004
0.700138
0.69565
0.585705
0.436985
0.327933
0.23691
-0.529108
-0.516519
-0.469253
-0.395514
-0.304203
-0.203928
-0.0966066
0.0173097
0.137254
0.263728
0.392194
0.506152
0.591303
0.642189
0.60103
0.435101
0.26645
0.130895
0.0113868
-0.55173
-0.539003
-0.490196
-0.415164
-0.323556
-0.223295
-0.116291
-0.00312433
0.115576
0.239957
0.364779
0.472646
0.550434
0.572883
0.484122
0.288696
0.0892084
-0.090656
-0.258166
-0.573562
-0.561335
-0.511771
-0.435623
-0.343646
-0.243422
-0.136882
-0.0246234
0.0926357
0.214548
0.335181
0.436135
0.504248
0.487514
0.35515
0.152669
-0.0668659
-0.274275
-0.461628
-0.595991
-0.584043
-0.534202
-0.45735
-0.365087
-0.264839
-0.158698
-0.047301
0.0684373
0.187701
0.303849
0.397045
0.450875
0.41215
0.237211
0.0385304
-0.172947
-0.37084
-0.493187
-0.532868
-0.619735
-0.607929
-0.557856
-0.480634
-0.388281
-0.28812
-0.182455
-0.0720505
0.0419193
0.158107
0.269168
0.354192
0.391914
0.329107
0.131731
-0.0581943
-0.238636
-0.374401
-0.420709
-0.444401
-0.644927
-0.633248
-0.582999
-0.505588
-0.4133
-0.313439
-0.208442
-0.0993136
0.012517
0.125094
0.230321
0.306921
0.323442
0.222749
0.0373762
-0.138075
-0.290725
-0.374147
-0.394446
-0.399819
-0.671884
-0.660197
-0.609752
-0.532223
-0.440129
-0.34075
-0.236679
-0.129125
-0.0198191
0.0886454
0.187267
0.255067
0.242155
0.12037
-0.0504931
-0.215336
-0.33544
-0.379848
-0.379528
-0.380645
-0.700508
-0.688914
-0.638148
-0.560545
-0.468763
-0.370051
-0.26716
-0.161482
-0.0550956
0.0487807
0.140225
0.197483
0.167266
0.0241276
-0.131586
-0.284733
-0.351019
-0.3689
-0.370029
-0.369749
-0.730646
-0.719063
-0.668082
-0.590467
-0.499113
-0.401287
-0.299828
-0.19636
-0.093287
0.00556407
0.0894652
0.134555
0.100631
-0.0595105
-0.205086
-0.320291
-0.370205
-0.363359
-0.363201
-0.363243
-0.761808
-0.750153
-0.699285
-0.621734
-0.530986
-0.434277
-0.33454
-0.233625
-0.134244
-0.0407062
0.0352424
0.0708764
0.0221845
-0.132692
-0.265157
-0.344169
-0.360441
-0.359033
-0.359064
-0.358833
-0.793473
-0.781749
-0.73116
-0.653925
-0.564005
-0.468684
-0.370997
-0.272987
-0.177695
-0.0896599
-0.021633
0.00307401
-0.0630564
-0.195641
-0.311704
-0.330736
-0.34858
-0.355225
-0.35602
-0.355875
-0.824661
-0.812949
-0.76286
-0.686381
-0.597598
-0.504006
-0.408735
-0.313989
-0.223127
-0.14088
-0.0794031
-0.0702903
-0.136861
-0.25138
-0.332558
-0.38003
-0.362833
-0.357217
-0.355217
-0.354748
-0.85353
-0.842658
-0.793433
-0.718065
-0.63094
-0.539509
-0.447085
-0.355979
-0.269792
-0.193633
-0.136855
-0.137975
-0.202287
-0.295011
-0.364637
-0.370573
-0.361987
-0.356769
-0.354781
-0.35411
-0.879305
-0.868733
-0.82148
-0.747731
-0.662924
-0.574205
-0.485152
-0.398111
-0.316762
-0.246646
-0.194619
-0.196075
-0.259341
-0.32325
-0.371346
-0.365611
-0.362987
-0.360469
-0.35881
-0.358166
-0.899314
-0.889407
-0.844635
-0.773924
-0.692173
-0.606913
-0.521814
-0.43933
-0.363005
-0.298594
-0.252459
-0.249398
-0.301142
-0.339576
-0.357858
-0.377971
-0.374918
-0.373245
-0.372646
-0.371801
-0.911542
-0.902696
-0.861197
-0.794508
-0.717014
-0.636207
-0.555825
-0.478378
-0.407371
-0.348379
-0.307455
-0.2993
-0.338606
-0.329188
-0.321566
-0.358073
-0.380508
-0.390643
-0.391738
-0.391551
-0.913347
-0.906149
-0.86908
-0.807675
-0.73564
-0.660518
-0.585769
-0.513932
-0.448573
-0.394827
-0.357933
-0.347206
-0.387709
-0.376915
-0.374083
-0.391054
-0.399945
-0.400408
-0.400714
-0.401268
-0.902917
-0.897143
-0.865914
-0.811531
-0.74655
-0.678338
-0.61023
-0.544655
-0.485104
-0.436682
-0.404563
-0.392946
-0.44642
-0.555241
-0.575021
-0.496341
-0.444601
-0.420852
-0.412757
-0.409909
-0.876936
-0.872864
-0.849096
-0.804631
-0.7487
-0.68867
-0.628073
-0.56916
-0.515391
-0.472285
-0.44244
-0.42155
-0.443814
-0.539689
-0.60179
-0.48965
-0.415525
-0.389617
-0.381305
-0.377557
-0.83871
-0.836189
-0.820664
-0.787178
-0.742179
-0.69141
-0.638811
-0.586472
-0.53799
-0.498657
-0.474449
-0.425591
-0.32112
-0.192757
-0.161992
-0.214257
-0.268117
-0.299451
-0.31044
-0.312915
-0.794938
-0.793323
-0.785612
-0.763047
-0.729212
-0.687754
-0.642894
-0.596619
-0.551962
-0.514123
-0.486779
-0.426237
-0.263817
-0.0360857
0.0596555
-0.076055
-0.220403
-0.312324
-0.348382
-0.355195
-0.755655
-0.754605
-0.751024
-0.738557
-0.713775
-0.680391
-0.641941
-0.60044
-0.558205
-0.519457
-0.489833
-0.463364
-0.4704
-0.533645
-0.561634
-0.658394
-0.714363
-0.713277
-0.679419
-0.661902
-0.727417
-0.726828
-0.724432
-0.71821
-0.700528
-0.672893
-0.638558
-0.59963
-0.557911
-0.515406
-0.48669
-0.471362
-0.690889
-1.14318
-1.75921
-2.11299
-2.10354
-1.87141
-1.6405
-1.47185
-0.706592
-0.706143
-0.705245
-0.702832
-0.69159
-0.667934
-0.63507
-0.596316
-0.551428
-0.502329
-0.45437
-0.416347
-0.496642
-0.673786
-0.839057
-0.916162
-0.815107
-0.666134
-0.531844
-0.436695
-0.693628
-0.693509
-0.693119
-0.691625
-0.68585
-0.665424
-0.632685
-0.591463
-0.542772
-0.485943
-0.420799
-0.378309
-0.307652
-0.152094
0.0876866
0.346065
0.5864
0.746497
0.827273
0.866951
-0.684523
-0.684515
-0.684203
-0.683756
-0.680758
-0.664541
-0.632049
-0.587607
-0.533988
-0.468111
-0.389714
-0.304162
-0.169372
0.148672
0.575065
0.996533
1.35994
1.55428
1.63519
1.65683
-0.678911
-0.678866
-0.678407
-0.677477
-0.675399
-0.665777
-0.634184
-0.586281
-0.526119
-0.453182
-0.360248
-0.250723
-0.100066
0.240743
0.680283
1.10422
1.45061
1.64516
1.71777
1.72898
-0.677616
-0.677516
-0.67707
-0.675979
-0.674919
-0.670615
-0.640791
-0.588447
-0.524007
-0.444594
-0.346007
-0.232849
-0.104235
0.189735
0.548344
0.87505
1.13749
1.28158
1.33666
1.35204
-0.678839
-0.679405
-0.68087
-0.684296
-0.688413
-0.684749
-0.650326
-0.595026
-0.527852
-0.44271
-0.344401
-0.239055
-0.137147
0.0963919
0.378206
0.609515
0.776441
0.871069
0.920397
0.944039
-0.679981
-0.681241
-0.682971
-0.6857
-0.689933
-0.684392
-0.654314
-0.605771
-0.537888
-0.450443
-0.354651
-0.257128
-0.172546
0.00871698
0.229316
0.410702
0.546499
0.63414
0.683011
0.705094
-0.703897
-0.704308
-0.699655
-0.676315
-0.638249
-0.62273
-0.643227
-0.622375
-0.554216
-0.462507
-0.366033
-0.280246
-0.214662
-0.0676172
0.120884
0.273881
0.395339
0.480828
0.526494
0.543778
-0.760421
-0.757941
-0.750707
-0.72825
-0.697587
-0.685871
-0.701473
-0.66382
-0.57807
-0.475584
-0.3773
-0.29829
-0.238809
-0.123872
0.0254601
0.157276
0.261501
0.336911
0.375435
0.388317
-0.874454
-0.872823
-0.897256
-0.943724
-0.969595
-0.950064
-0.887621
-0.749108
-0.610774
-0.486291
-0.383414
-0.310168
-0.25792
-0.168538
-0.0440701
0.0608179
0.144774
0.203681
0.231883
0.240708
-1.00724
-1.01424
-1.05582
-1.10701
-1.13158
-1.10641
-1.006
-0.80905
-0.628391
-0.486922
-0.381611
-0.31017
-0.257484
-0.193535
-0.0957179
-0.015973
0.0486461
0.0922922
0.11377
0.118008
-0.999709
-1.00985
-1.04145
-1.07818
-1.09793
-1.07398
-0.963101
-0.769838
-0.597846
-0.462778
-0.364512
-0.297792
-0.249981
-0.202937
-0.132647
-0.0721704
-0.0242768
0.00756208
0.0222545
0.0262191
-0.790412
-0.802119
-0.832141
-0.871154
-0.897404
-0.877265
-0.774213
-0.634642
-0.50884
-0.408033
-0.331131
-0.277573
-0.240177
-0.20763
-0.161783
-0.118067
-0.0835001
-0.0606381
-0.0503529
-0.0488323
-0.446624
-0.455404
-0.476797
-0.508987
-0.539404
-0.545807
-0.5094
-0.450996
-0.389448
-0.334592
-0.286318
-0.24955
-0.224007
-0.207486
-0.179273
-0.151709
-0.130422
-0.118297
-0.113917
-0.11438
-0.130689
-0.135382
-0.147762
-0.172154
-0.206989
-0.239488
-0.262691
-0.273096
-0.271391
-0.257708
-0.238082
-0.218707
-0.204794
-0.19793
-0.186991
-0.178342
-0.172986
-0.17257
-0.174202
-0.175025
0.0556771
0.0531066
0.0454547
0.025958
-0.00913936
-0.0585268
-0.108429
-0.149247
-0.177165
-0.191554
-0.193384
-0.186778
-0.178224
-0.178253
-0.184736
-0.192226
-0.201833
-0.210838
-0.216408
-0.217258
0.122546
0.120994
0.115716
0.100227
0.069679
0.0245568
-0.0262568
-0.0754666
-0.115367
-0.143631
-0.15887
-0.161633
-0.15688
-0.162015
-0.179672
-0.197085
-0.213104
-0.225384
-0.230914
-0.231529
0.125039
0.124117
0.120379
0.109009
0.0860146
0.0510214
0.00885023
-0.0358091
-0.0767691
-0.111377
-0.137028
-0.151488
-0.156365
-0.166174
-0.18328
-0.198515
-0.21171
-0.220406
-0.223457
-0.223877
0.103493
0.103013
0.100477
0.0926586
0.0765397
0.0513374
0.0190233
-0.0178576
-0.0550731
-0.0910105
-0.124781
-0.155781
-0.1809
-0.191075
-0.193484
-0.198113
-0.202779
-0.206034
-0.206906
-0.207242
0.0774224
0.0772441
0.0755847
0.0704144
0.0594936
0.0418525
0.0179924
-0.0109845
-0.0428621
-0.0771619
-0.115747
-0.160908
-0.207051
-0.211899
-0.199888
-0.192697
-0.189948
-0.189501
-0.189205
-0.189315
0.0541289
0.0540344
0.0530068
0.0497242
0.0425439
0.0304737
0.0133655
-0.00846543
-0.0342283
-0.0644021
-0.101142
-0.148331
-0.192731
-0.191822
-0.177655
-0.169254
-0.168004
-0.168282
-0.168408
-0.168511
0.0358242
0.0358518
0.0351951
0.0331354
0.0285129
0.0204539
0.00854549
-0.00726639
-0.0266552
-0.0499063
-0.0781461
-0.111845
-0.137946
-0.135502
-0.132766
-0.134318
-0.138432
-0.141781
-0.143047
-0.143254
0.0221035
0.0221634
0.0217889
0.0206322
0.0178773
0.0127903
0.00494277
-0.00579163
-0.0192624
-0.035324
-0.0520506
-0.0653287
-0.071001
-0.0696692
-0.0794587
-0.0921463
-0.102933
-0.109378
-0.111783
-0.112112
0.0122917
0.012365
0.0121942
0.0116091
0.0101582
0.00729044
0.00261621
-0.00395345
-0.0122165
-0.0213142
-0.0273626
-0.0240905
-0.011697
-0.0129125
-0.0328685
-0.0516218
-0.0647369
-0.0716112
-0.074202
-0.0746824
0.00546701
0.00555364
0.00552875
0.00532597
0.0047321
0.00344852
0.00119098
-0.00206968
-0.00606862
-0.00989496
-0.0100599
-0.000409823
0.0151103
0.012418
-0.00616531
-0.0205164
-0.0301706
-0.0342803
-0.0361092
-0.0367568
0.00296197
0.00296987
0.00292225
0.00279022
0.00246311
0.0015872
7.09872e-05
-0.00207689
-0.00452669
-0.005818
-0.00181553
0.00995703
0.0168675
0.00688546
-0.00633597
-0.0137826
-0.0170402
-0.0188248
-0.019619
-0.0049844
-0.432071
-0.0920833
0.124368
0.311838
0.462848
0.582489
0.677386
0.757974
0.816952
0.812313
0.060873
0.211079
0.350626
0.470673
0.572941
0.65791
0.727698
0.782004
0.815035
0.827148
0.320244
0.415474
0.508063
0.591313
0.663409
0.724616
0.774789
0.813142
0.840392
0.859139
0.497747
0.561275
0.628139
0.68955
0.742336
0.787824
0.825885
0.856649
0.881406
0.899239
0.633084
0.678888
0.730311
0.775661
0.81659
0.852571
0.883738
0.91009
0.932074
0.947487
0.743384
0.780507
0.820667
0.857194
0.891166
0.921988
0.94932
0.972785
0.992373
1.00515
0.840013
0.872086
0.906528
0.939495
0.970471
0.999019
1.02449
1.04622
1.06392
1.07433
0.930425
0.961496
0.995467
1.02854
1.05933
1.08746
1.11222
1.13294
1.14908
1.15763
1.02481
1.05946
1.0961
1.13137
1.16314
1.19127
1.21535
1.23503
1.24977
1.2577
1.13738
1.17764
1.21677
1.25348
1.28519
1.31219
1.3347
1.35288
1.36653
1.37558
1.28107
1.3237
1.36129
1.39492
1.42288
1.44661
1.46719
1.48456
1.49838
1.5095
1.45883
1.49639
1.52437
1.54867
1.56966
1.58892
1.60714
1.62428
1.64015
1.65466
1.65646
1.67747
1.69235
1.70813
1.72438
1.73967
1.75337
1.76662
1.78211
1.80046
1.84703
1.8542
1.86474
1.87627
1.88618
1.89537
1.9056
1.91669
1.9283
1.93716
2.06005
2.06182
2.05388
2.03737
2.02622
2.02564
2.03779
2.06239
2.0965
2.12104
2.47969
2.28581
2.18475
2.12687
2.09772
2.09109
2.10629
2.14711
2.22296
2.36591
-0.454038
-0.458539
-0.418933
-0.346393
-0.254739
-0.154098
0.779822
0.844698
0.831053
0.744937
0.667575
0.592175
0.364592
0.144273
-0.123983
-0.47844
-0.824921
)
;

boundaryField
{
    wall-4
    {
        type            zeroGradient;
    }
    pressure-outlet-7
    {
        type            fixedValue;
        value           uniform 0;
    }
    velocity-inlet-6
    {
        type            zeroGradient;
    }
    velocity-inlet-5
    {
        type            zeroGradient;
    }
    frontAndBackPlanes
    {
        type            empty;
    }
}


// ************************************************************************* //
