/*--------------------------------*- C++ -*----------------------------------*\
  =========                 |
  \\      /  F ield         | OpenFOAM: The Open Source CFD Toolbox
   \\    /   O peration     | Website:  https://openfoam.org
    \\  /    A nd           | Version:  10
     \\/     M anipulation  |
\*---------------------------------------------------------------------------*/
FoamFile
{
    format      ascii;
    class       volVectorField;
    location    "66";
    object      U;
}
// * * * * * * * * * * * * * * * * * * * * * * * * * * * * * * * * * * * * * //

dimensions      [0 1 -1 0 0 0 0];

internalField   nonuniform List<vector> 
2200
(
(0.878836 -0.0304114 0)
(1.00578 -0.0512792 0)
(1.00327 -0.0353973 0)
(1.00025 -0.0244369 0)
(0.999882 -0.0166611 0)
(1.00004 -0.0107324 0)
(1.00003 -0.00683762 0)
(0.999994 -0.00419381 0)
(0.999909 -0.00219932 0)
(1.00019 -0.000644231 0)
(1.00012 0.00113071 0)
(1.00038 0.00265137 0)
(1.00037 0.0045379 0)
(1.00028 0.00712057 0)
(1.00013 0.0108417 0)
(1.00005 0.0166643 0)
(1.00037 0.0243744 0)
(1.00347 0.0348553 0)
(1.00599 0.0513831 0)
(0.879055 0.0302935 0)
(0.712032 -0.0327606 0)
(0.996649 -0.0630037 0)
(1.03333 -0.0561361 0)
(1.02491 -0.046399 0)
(1.01588 -0.0360836 0)
(1.00964 -0.0263435 0)
(1.0059 -0.0181067 0)
(1.00377 -0.0114035 0)
(1.00266 -0.00601035 0)
(1.00218 -0.00155404 0)
(1.00191 0.00251034 0)
(1.00205 0.00701874 0)
(1.00324 0.0123473 0)
(1.00546 0.0189422 0)
(1.00937 0.0272463 0)
(1.01547 0.0369896 0)
(1.02457 0.0474861 0)
(1.03315 0.0580171 0)
(0.996705 0.0631431 0)
(0.711775 0.0330391 0)
(0.535577 -0.0238928 0)
(0.969934 -0.0569264 0)
(1.05645 -0.0547223 0)
(1.05227 -0.0487401 0)
(1.03627 -0.0404005 0)
(1.02447 -0.0322256 0)
(1.01593 -0.0239405 0)
(1.0104 -0.0160374 0)
(1.00713 -0.00874549 0)
(1.00547 -0.00204738 0)
(1.00571 0.00440211 0)
(1.0074 0.0108173 0)
(1.01051 0.0177605 0)
(1.01578 0.0254505 0)
(1.02408 0.0334197 0)
(1.03612 0.0413868 0)
(1.0522 0.0493892 0)
(1.05631 0.0532734 0)
(0.969203 0.0576452 0)
(0.534375 0.0239413 0)
(0.392379 -0.013644 0)
(0.91188 -0.0463786 0)
(1.05755 -0.0468677 0)
(1.06961 -0.0442805 0)
(1.05491 -0.0381349 0)
(1.03936 -0.031448 0)
(1.02757 -0.0246499 0)
(1.01911 -0.017434 0)
(1.01382 -0.00993304 0)
(1.0113 -0.0024346 0)
(1.01088 0.00504884 0)
(1.0129 0.0125293 0)
(1.01808 0.0198964 0)
(1.02657 0.0266995 0)
(1.03849 0.0331355 0)
(1.054 0.039602 0)
(1.06822 0.045676 0)
(1.05547 0.0482978 0)
(0.909898 0.047006 0)
(0.389907 0.0137783 0)
(0.307793 -0.00451007 0)
(0.84682 -0.0323633 0)
(1.04944 -0.039899 0)
(1.07951 -0.0381382 0)
(1.06827 -0.0334754 0)
(1.05175 -0.0278662 0)
(1.03836 -0.0224623 0)
(1.02809 -0.016372 0)
(1.02092 -0.0094488 0)
(1.01686 -0.00173692 0)
(1.01685 0.00613914 0)
(1.02072 0.0134725 0)
(1.02752 0.0197849 0)
(1.0373 0.0255011 0)
(1.05019 0.0304021 0)
(1.06664 0.0357196 0)
(1.07766 0.0400863 0)
(1.04723 0.0417778 0)
(0.842913 0.0329933 0)
(0.303682 0.00474289 0)
(0.264408 0.00010305 0)
(0.789165 -0.020061 0)
(1.03353 -0.0314399 0)
(1.08367 -0.03201 0)
(1.07736 -0.0287262 0)
(1.06087 -0.0238276 0)
(1.04728 -0.019337 0)
(1.03649 -0.0142576 0)
(1.02876 -0.00820493 0)
(1.02443 -0.00128668 0)
(1.02388 0.00615029 0)
(1.02713 0.0128259 0)
(1.03434 0.0186455 0)
(1.04499 0.0231514 0)
(1.0586 0.0271298 0)
(1.07487 0.0315306 0)
(1.08034 0.0342397 0)
(1.02921 0.0333575 0)
(0.78255 0.020742 0)
(0.258662 0.000123414 0)
(0.240484 0.00107014 0)
(0.738551 -0.0122691 0)
(1.0138 -0.0249556 0)
(1.08411 -0.0267029 0)
(1.08311 -0.0243923 0)
(1.0679 -0.0202267 0)
(1.05428 -0.0162154 0)
(1.0433 -0.011637 0)
(1.03498 -0.0061846 0)
(1.02986 0.000314091 0)
(1.02949 0.00692838 0)
(1.03401 0.0129123 0)
(1.04162 0.0173968 0)
(1.05178 0.0213821 0)
(1.06473 0.0247479 0)
(1.07942 0.0282021 0)
(1.07986 0.029779 0)
(1.00747 0.0272833 0)
(0.728745 0.0131614 0)
(0.232982 -0.00083166 0)
(0.226217 0.000963921 0)
(0.695804 -0.00801333 0)
(0.993365 -0.0206888 0)
(1.08244 -0.0230475 0)
(1.08699 -0.0211841 0)
(1.07349 -0.0176144 0)
(1.06009 -0.0137507 0)
(1.0496 -0.00948307 0)
(1.04176 -0.00458263 0)
(1.03695 0.000984089 0)
(1.03607 0.00708456 0)
(1.03896 0.0122661 0)
(1.04567 0.0167948 0)
(1.05576 0.0201308 0)
(1.06919 0.02313 0)
(1.0819 0.0258691 0)
(1.07558 0.0268269 0)
(0.983183 0.0234967 0)
(0.681616 0.00914694 0)
(0.216508 -0.000706448 0)
(0.216666 0.000625083 0)
(0.660418 -0.00564864 0)
(0.972769 -0.0175644 0)
(1.07963 -0.0201237 0)
(1.09039 -0.0185327 0)
(1.07838 -0.0153592 0)
(1.0649 -0.0117145 0)
(1.05423 -0.00743989 0)
(1.04607 -0.00250379 0)
(1.04078 0.00300305 0)
(1.03997 0.0083058 0)
(1.0439 0.0130049 0)
(1.05082 0.0165501 0)
(1.06013 0.0198424 0)
(1.07254 0.0225257 0)
(1.08337 0.0246619 0)
(1.07087 0.0250874 0)
(0.959106 0.0210688 0)
(0.641457 0.00708684 0)
(0.204376 -0.000332828 0)
(0.20957 0.000303038 0)
(0.632078 -0.00418362 0)
(0.954175 -0.0149359 0)
(1.07673 -0.0178237 0)
(1.09357 -0.0164686 0)
(1.08309 -0.0135275 0)
(1.06973 -0.00987726 0)
(1.05941 -0.00582612 0)
(1.05182 -0.00118348 0)
(1.04697 0.00378288 0)
(1.04541 0.00892607 0)
(1.04739 0.0134475 0)
(1.05306 0.0173071 0)
(1.06245 0.0199984 0)
(1.07545 0.0223327 0)
(1.08429 0.0240129 0)
(1.06367 0.0239668 0)
(0.934137 0.019206 0)
(0.606378 0.00596671 0)
(0.193865 4.7572e-05 0)
(0.203748 8.69377e-05 0)
(0.608766 -0.00312738 0)
(0.936155 -0.0125082 0)
(1.07356 -0.0154989 0)
(1.09693 -0.0143089 0)
(1.08783 -0.0114776 0)
(1.07427 -0.00791611 0)
(1.06338 -0.0037928 0)
(1.05496 0.000961278 0)
(1.04937 0.00618576 0)
(1.04794 0.0109948 0)
(1.05094 0.0149599 0)
(1.0571 0.0178955 0)
(1.06594 0.0205719 0)
(1.07783 0.0226617 0)
(1.08457 0.0238774 0)
(1.05699 0.023141 0)
(0.910342 0.017686 0)
(0.576036 0.00531072 0)
(0.18419 0.000326883 0)
(0.199292 1.44409e-05 0)
(0.590836 -0.00225359 0)
(0.921025 -0.0101423 0)
(1.07082 -0.0133019 0)
(1.10039 -0.0122264 0)
(1.09277 -0.00950964 0)
(1.07914 -0.0059045 0)
(1.06831 -0.00198944 0)
(1.06029 0.00254888 0)
(1.05488 0.00735776 0)
(1.05236 0.0121377 0)
(1.05348 0.0162253 0)
(1.05853 0.0194318 0)
(1.06755 0.0214445 0)
(1.08009 0.0231484 0)
(1.08427 0.0239816 0)
(1.04758 0.0226711 0)
(0.885433 0.0165128 0)
(0.548148 0.00494919 0)
(0.174639 0.000498931 0)
(0.195747 3.53367e-05 0)
(0.576165 -0.00152768 0)
(0.906513 -0.00802604 0)
(1.06799 -0.010889 0)
(1.10394 -0.00973536 0)
(1.09778 -0.00690222 0)
(1.0841 -0.00325724 0)
(1.07262 0.000831266 0)
(1.06342 0.00549544 0)
(1.05679 0.0105635 0)
(1.05436 0.0151225 0)
(1.05652 0.0185272 0)
(1.06209 0.0207664 0)
(1.07071 0.022741 0)
(1.08149 0.0240676 0)
(1.08345 0.024476 0)
(1.03857 0.0225495 0)
(0.861421 0.0156885 0)
(0.52286 0.00479835 0)
(0.16539 0.000586748 0)
(0.193739 6.62284e-05 0)
(0.565858 -0.000741373 0)
(0.895486 -0.00583816 0)
(1.06598 -0.00859916 0)
(1.10781 -0.00733764 0)
(1.10312 -0.00449794 0)
(1.0893 -0.000761071 0)
(1.07759 0.00320476 0)
(1.06847 0.00769068 0)
(1.06206 0.0125917 0)
(1.05823 0.0172573 0)
(1.05829 0.0207857 0)
(1.06271 0.023206 0)
(1.07153 0.0243948 0)
(1.08266 0.0252971 0)
(1.08136 0.0252251 0)
(1.02631 0.0227348 0)
(0.835668 0.0152171 0)
(0.498105 0.0047467 0)
(0.15598 0.000623657 0)
(0.192925 0.000104623 0)
(0.558449 -0.000193706 0)
(0.885275 -0.00381287 0)
(1.06427 -0.0059176 0)
(1.11176 -0.00439304 0)
(1.10849 -0.00124451 0)
(1.09477 0.00268678 0)
(1.08258 0.00709327 0)
(1.07243 0.0120516 0)
(1.06424 0.0171151 0)
(1.06019 0.0211243 0)
(1.06114 0.0239907 0)
(1.066 0.0255694 0)
(1.07411 0.0267656 0)
(1.08245 0.0271366 0)
(1.07878 0.0265611 0)
(1.01428 0.0233847 0)
(0.81039 0.0150867 0)
(0.474613 0.00480958 0)
(0.146736 0.000646903 0)
(0.193583 8.81373e-05 0)
(0.554434 0.000896398 0)
(0.879271 -0.00145255 0)
(1.06394 -0.00308896 0)
(1.11636 -0.0011782 0)
(1.11438 0.00215497 0)
(1.10045 0.00636103 0)
(1.08776 0.0107048 0)
(1.07715 0.0153848 0)
(1.06879 0.0201498 0)
(1.06349 0.0246704 0)
(1.06221 0.0275196 0)
(1.06538 0.0289656 0)
(1.07355 0.0293544 0)
(1.08235 0.0294831 0)
(1.07393 0.028387 0)
(0.998547 0.0243517 0)
(0.782797 0.0153001 0)
(0.450408 0.00496725 0)
(0.137072 0.000663773 0)
(0.195782 0.000276059 0)
(0.554817 0.00155624 0)
(0.87473 0.000743806 0)
(1.06479 6.6054e-05 0)
(1.12157 0.00236875 0)
(1.12079 0.00609994 0)
(1.10685 0.0106183 0)
(1.09371 0.0156537 0)
(1.08233 0.0211634 0)
(1.07261 0.0266651 0)
(1.0662 0.030287 0)
(1.06483 0.0321297 0)
(1.06831 0.0331368 0)
(1.0753 0.0336194 0)
(1.08046 0.0327369 0)
(1.0686 0.0309742 0)
(0.982706 0.0259553 0)
(0.754952 0.0159066 0)
(0.426293 0.0052672 0)
(0.127239 0.000693501 0)
(0.200086 0.000676996 0)
(0.55766 0.00240029 0)
(0.875305 0.00345344 0)
(1.06753 0.00356875 0)
(1.12768 0.00659543 0)
(1.12781 0.010763 0)
(1.11338 0.0159618 0)
(1.09945 0.0212561 0)
(1.08697 0.026571 0)
(1.07565 0.0312599 0)
(1.06784 0.0352693 0)
(1.06491 0.0376045 0)
(1.06629 0.0380916 0)
(1.07316 0.0371697 0)
(1.0788 0.0367039 0)
(1.06066 0.0340719 0)
(0.962288 0.0278705 0)
(0.723873 0.0168659 0)
(0.400284 0.00564157 0)
(0.116594 0.000713472 0)
(0.206653 0.000883943 0)
(0.564792 0.00353794 0)
(0.879346 0.00588958 0)
(1.07249 0.00771582 0)
(1.13482 0.0112829 0)
(1.13595 0.0160745 0)
(1.12114 0.0216484 0)
(1.10624 0.0276717 0)
(1.09269 0.0340283 0)
(1.08068 0.0402215 0)
(1.07144 0.0441063 0)
(1.06695 0.0447016 0)
(1.06799 0.0445497 0)
(1.07362 0.0440104 0)
(1.07463 0.0418255 0)
(1.0515 0.0381954 0)
(0.941115 0.0307418 0)
(0.691351 0.0182612 0)
(0.373123 0.00615414 0)
(0.105401 0.000748117 0)
(0.215112 0.0010599 0)
(0.575858 0.00481673 0)
(0.887524 0.00910325 0)
(1.08022 0.0123532 0)
(1.1434 0.0170742 0)
(1.14495 0.0226226 0)
(1.12926 0.0292847 0)
(1.11337 0.0360084 0)
(1.09838 0.0426083 0)
(1.08353 0.0478287 0)
(1.07124 0.0507805 0)
(1.0658 0.0522037 0)
(1.06526 0.0516833 0)
(1.06937 0.0495668 0)
(1.07089 0.0478252 0)
(1.03918 0.0429991 0)
(0.913985 0.033727 0)
(0.654119 0.0199079 0)
(0.34292 0.00665917 0)
(0.0931024 0.000759037 0)
(0.227768 0.00143164 0)
(0.594952 0.00677628 0)
(0.903279 0.0135162 0)
(1.09144 0.0187272 0)
(1.15367 0.0242207 0)
(1.15554 0.0306637 0)
(1.13892 0.0379695 0)
(1.12129 0.0455041 0)
(1.10395 0.0528735 0)
(1.08736 0.0593448 0)
(1.07457 0.0635189 0)
(1.06673 0.0631687 0)
(1.06498 0.0614658 0)
(1.06854 0.0591575 0)
(1.06337 0.0552458 0)
(1.02436 0.0489298 0)
(0.885119 0.0379917 0)
(0.614215 0.0219616 0)
(0.310635 0.007229 0)
(0.0801332 0.000771022 0)
(0.243377 0.00196839 0)
(0.617835 0.00854809 0)
(0.923811 0.0178694 0)
(1.10692 0.0253431 0)
(1.16643 0.0328735 0)
(1.16773 0.0406105 0)
(1.14932 0.0495034 0)
(1.12986 0.0580603 0)
(1.11064 0.0661874 0)
(1.09123 0.0720462 0)
(1.07343 0.0737031 0)
(1.06402 0.0729102 0)
(1.06103 0.0710821 0)
(1.06114 0.0675969 0)
(1.05653 0.0635041 0)
(1.00575 0.0558843 0)
(0.848045 0.0421111 0)
(0.56724 0.0240129 0)
(0.274303 0.00767386 0)
(0.0660239 0.00075454 0)
(0.265689 0.00282181 0)
(0.65149 0.0124323 0)
(0.953226 0.0250278 0)
(1.12701 0.0353259 0)
(1.18189 0.0438576 0)
(1.18199 0.0536714 0)
(1.16122 0.0636685 0)
(1.13884 0.0731977 0)
(1.11573 0.0813322 0)
(1.09251 0.0870061 0)
(1.07398 0.0893748 0)
(1.06308 0.0880555 0)
(1.0584 0.0841939 0)
(1.05892 0.0797365 0)
(1.0443 0.073695 0)
(0.982441 0.0634555 0)
(0.807765 0.0474789 0)
(0.516948 0.0262777 0)
(0.235943 0.00801097 0)
(0.0516215 0.000731439 0)
(0.297093 0.0037575 0)
(0.696986 0.0155341 0)
(0.992536 0.0331064 0)
(1.15378 0.0469804 0)
(1.20114 0.0586669 0)
(1.1987 0.0705125 0)
(1.17428 0.0821929 0)
(1.14855 0.0924279 0)
(1.12263 0.100938 0)
(1.0968 0.106066 0)
(1.07374 0.106282 0)
(1.05892 0.102012 0)
(1.05226 0.0973555 0)
(1.0479 0.0914502 0)
(1.03256 0.0842778 0)
(0.954501 0.0724177 0)
(0.756508 0.0521613 0)
(0.456486 0.0279176 0)
(0.193129 0.00796992 0)
(0.0364307 0.000625282 0)
(0.333679 0.00711146 0)
(0.754899 0.0248412 0)
(1.04172 0.0466107 0)
(1.18647 0.0648181 0)
(1.22437 0.0778717 0)
(1.21751 0.0929022 0)
(1.18831 0.105612 0)
(1.15825 0.116091 0)
(1.12737 0.123532 0)
(1.09616 0.126658 0)
(1.0699 0.124653 0)
(1.05464 0.119989 0)
(1.04757 0.113772 0)
(1.04335 0.106775 0)
(1.01387 0.0973601 0)
(0.918332 0.0811194 0)
(0.699729 0.0577637 0)
(0.394123 0.0296069 0)
(0.150567 0.00774914 0)
(0.0227044 0.000576606 0)
(0.41405 0.0107745 0)
(0.842885 0.035742 0)
(1.10863 0.0677759 0)
(1.2271 0.0905461 0)
(1.25146 0.106882 6.14219e-34)
(1.23745 0.123685 -2.77605e-34)
(1.2017 0.136364 0)
(1.16656 0.145661 0)
(1.13139 0.151395 0)
(1.09701 0.152218 0)
(1.0683 0.148108 0)
(1.04933 0.140166 0)
(1.03847 0.13131 0)
(1.02714 0.121631 0)
(0.993309 0.109632 0)
(0.875869 0.0907546 0)
(0.62892 0.0613056 0)
(0.316918 0.0290044 0)
(0.101454 0.00713817 0)
(0.0077011 0.000749008 0)
(0.485408 0.0259668 4.47263e-20)
(0.945272 0.0602565 -3.39073e-20)
(1.17925 0.102266 0)
(1.26881 0.129587 2.64379e-20)
(1.2803 0.145372 -2.14393e-20)
(1.257 0.164026 2.929e-34)
(1.21442 0.174722 0)
(1.1743 0.181799 1.56701e-20)
(1.13393 0.184801 -5.14985e-20)
(1.09397 0.18242 1.05298e-20)
(1.06013 0.174256 0)
(1.03916 0.16349 -2.68222e-20)
(1.02857 0.153677 -3.22966e-20)
(1.01619 0.143325 5.6577e-20)
(0.957881 0.127724 -4.46847e-20)
(0.806055 0.100107 0)
(0.527926 0.0637679 -1.6059e-20)
(0.227035 0.027102 0)
(0.0523187 0.00675994 -8.87803e-20)
(-0.00839572 0.000364118 1.04631e-19)
(0.5218 0.0539737 -5.91243e-21)
(1.0113 0.102622 9.97247e-20)
(1.23134 0.153137 -5.09177e-21)
(1.30336 0.17757 -6.40685e-20)
(1.30554 0.195049 -4.52645e-20)
(1.27317 0.211937 7.36466e-20)
(1.22419 0.219907 0)
(1.17824 0.224379 0)
(1.13213 0.224886 8.17749e-20)
(1.08736 0.219498 0)
(1.0506 0.208391 9.65309e-20)
(1.02806 0.196686 2.87806e-20)
(1.01123 0.183995 5.5095e-22)
(0.983914 0.168181 -6.13092e-20)
(0.914372 0.146903 0)
(0.737788 0.113512 0)
(0.446352 0.0660262 -2.61197e-19)
(0.166929 0.0247681 6.56842e-19)
(0.0195316 0.00467045 -3.88251e-19)
(-0.0200752 -0.00149081 -4.57244e-19)
(0.528867 0.0770837 -5.33911e-20)
(1.04621 0.159929 2.08515e-20)
(1.26676 0.213367 1.17459e-20)
(1.32997 0.236871 1.11321e-19)
(1.32517 0.253189 1.46239e-20)
(1.28555 0.265457 -1.91456e-19)
(1.23102 0.269318 6.54972e-20)
(1.17994 0.270289 0)
(1.12867 0.266822 -1.7259e-19)
(1.07871 0.257468 1.53816e-19)
(1.03798 0.244097 -2.60468e-19)
(1.0094 0.228629 1.22142e-19)
(0.99088 0.212571 -7.92087e-20)
(0.965718 0.196582 1.78644e-19)
(0.879557 0.171045 0)
(0.687948 0.126283 -6.50213e-20)
(0.396239 0.0695814 0)
(0.143587 0.0244645 3.57883e-19)
(0.00727662 0.00265137 -8.479e-19)
(-0.0251726 -0.00346106 5.30756e-19)
(0.52597 0.108361 1.37942e-19)
(1.0707 0.218281 -6.14783e-20)
(1.29067 0.279456 -1.34788e-20)
(1.34781 0.301899 0)
(1.33788 0.315481 -8.26389e-20)
(1.29297 0.322709 1.02118e-19)
(1.23371 0.321857 -6.99317e-20)
(1.17764 0.318435 0)
(1.12146 0.311104 1.2256e-19)
(1.06716 0.297972 -1.08012e-19)
(1.02188 0.279807 2.25139e-19)
(0.992563 0.260007 0)
(0.9705 0.2428 -1.68244e-19)
(0.932125 0.222139 9.48447e-20)
(0.845746 0.189487 2.38448e-19)
(0.653342 0.140393 -2.09783e-19)
(0.374958 0.076799 3.31092e-19)
(0.138857 0.0268352 -7.3249e-19)
(0.00439559 0.00153613 4.63296e-19)
(-0.0275868 -0.00559052 -5.79478e-19)
(0.511914 0.132436 -4.05072e-20)
(1.0737 0.2703 2.86186e-20)
(1.29982 0.344112 -4.50399e-20)
(1.35671 0.367566 9.31315e-20)
(1.34367 0.379682 -8.98952e-20)
(1.29524 0.381574 3.18472e-20)
(1.23252 0.375705 3.77676e-21)
(1.17269 0.367935 -1.37426e-19)
(1.11232 0.355988 -1.28076e-19)
(1.05362 0.338086 -2.31367e-19)
(1.00498 0.316055 -4.83872e-19)
(0.971072 0.294208 -1.49336e-19)
(0.946645 0.273033 2.22838e-21)
(0.914667 0.250924 -3.24348e-19)
(0.820676 0.217098 -5.06274e-21)
(0.630693 0.156801 3.05081e-19)
(0.368269 0.0866418 -9.14922e-20)
(0.142396 0.0320661 -5.30035e-20)
(0.00973883 0.00114007 0)
(-0.0262728 -0.00666496 1.23126e-18)
(0.496781 0.153971 0)
(1.07238 0.322185 1.4457e-22)
(1.3037 0.408806 -5.98036e-21)
(1.35936 0.432033 -1.29638e-20)
(1.34386 0.442136 8.56291e-20)
(1.29298 0.439763 -7.49332e-20)
(1.22738 0.429799 7.60145e-20)
(1.16417 0.417626 2.25827e-19)
(1.10068 0.401284 -7.12121e-20)
(1.03951 0.379266 1.14166e-19)
(0.987304 0.352687 2.59979e-19)
(0.950771 0.326475 3.25631e-19)
(0.924375 0.304599 -1.96191e-19)
(0.881635 0.278534 3.51217e-19)
(0.792552 0.237359 -2.78353e-19)
(0.610629 0.176816 0)
(0.363747 0.10037 -6.9477e-19)
(0.151354 0.0396631 9.35193e-19)
(0.0197738 0.00382164 6.97889e-20)
(-0.0221082 -0.00684257 -1.30219e-18)
(0.479464 0.173126 -5.13599e-21)
(1.05963 0.367835 -2.26017e-20)
(1.29895 0.468197 4.29317e-20)
(1.35642 0.493794 -6.68207e-20)
(1.33908 0.50373 7.24437e-20)
(1.28638 0.497153 -7.18321e-20)
(1.21891 0.482777 1.49672e-19)
(1.15376 0.466345 -6.70808e-20)
(1.08757 0.445647 -2.87204e-19)
(1.02179 0.418808 -3.06563e-22)
(0.964878 0.388003 -2.82931e-19)
(0.925918 0.359794 -3.50668e-19)
(0.898437 0.334379 2.1696e-19)
(0.863165 0.30709 -1.26334e-19)
(0.770351 0.266504 3.03054e-19)
(0.595578 0.195457 0)
(0.362963 0.115563 -4.32055e-19)
(0.160859 0.0487714 6.3815e-19)
(0.0303997 0.00798653 1.2067e-18)
(-0.0171756 -0.00629581 -1.41922e-18)
(0.466563 0.19155 -1.02306e-19)
(1.05054 0.414734 4.5917e-20)
(1.29296 0.527288 -2.29254e-20)
(1.34995 0.553341 6.8407e-20)
(1.33104 0.561777 1.22108e-20)
(1.27719 0.551744 -1.3982e-19)
(1.20804 0.534147 -8.73105e-20)
(1.14047 0.51405 -8.67676e-20)
(1.07131 0.48964 -1.62851e-19)
(1.00318 0.459072 2.61763e-19)
(0.944906 0.424373 2.85532e-19)
(0.904992 0.39258 5.5638e-19)
(0.87422 0.365568 0)
(0.82956 0.335574 6.45756e-21)
(0.744427 0.286359 -8.33712e-19)
(0.57961 0.216892 1.95861e-19)
(0.361289 0.130929 9.38292e-19)
(0.169513 0.0591634 -2.76906e-19)
(0.0410433 0.0133488 5.74265e-19)
(-0.0118286 -0.00500549 -4.78518e-20)
(0.453775 0.20801 5.85527e-21)
(1.03442 0.454721 6.40948e-20)
(1.28198 0.58067 -3.52948e-21)
(1.34034 0.609551 6.3558e-20)
(1.32012 0.618169 -1.3247e-19)
(1.26507 0.604826 1.37927e-19)
(1.19458 0.583682 9.03257e-20)
(1.12555 0.560026 2.5836e-19)
(1.0545 0.531931 3.25657e-19)
(0.983621 0.497085 -3.03605e-19)
(0.922176 0.458044 0)
(0.878805 0.424044 -2.11074e-19)
(0.847821 0.393356 2.42337e-19)
(0.811077 0.361722 3.06309e-19)
(0.723233 0.315577 -1.77322e-19)
(0.565266 0.235475 -4.30668e-19)
(0.359056 0.146934 -1.28245e-19)
(0.176342 0.0698956 -2.02233e-21)
(0.050125 0.0192816 0)
(-0.00695933 -0.00339314 0)
(0.446015 0.224889 -8.92946e-20)
(1.02402 0.496731 0)
(1.27143 0.633811 1.20454e-20)
(1.32884 0.6636 -1.79207e-20)
(1.30748 0.67077 1.53048e-19)
(1.25175 0.65458 -3.83385e-20)
(1.18014 0.630957 9.18058e-20)
(1.10958 0.604409 -1.74472e-19)
(1.03677 0.573172 2.46965e-19)
(0.96423 0.534983 -1.00729e-19)
(0.901068 0.492743 1.63918e-19)
(0.856728 0.455594 6.70322e-19)
(0.824065 0.422786 1.43114e-20)
(0.778568 0.388032 -3.19898e-19)
(0.698418 0.332761 5.92248e-19)
(0.548687 0.256542 3.41111e-21)
(0.354487 0.16173 1.37205e-19)
(0.180367 0.0806598 -6.54007e-19)
(0.0568119 0.0249588 6.7389e-19)
(-0.00295979 -0.00174724 -7.93771e-19)
(0.437973 0.240659 2.52088e-23)
(1.00923 0.532276 0)
(1.25784 0.681082 0)
(1.31565 0.714114 3.5776e-21)
(1.29339 0.721476 -4.37188e-20)
(1.23678 0.70268 6.35359e-20)
(1.16437 0.676179 -1.69182e-19)
(1.09313 0.646661 0)
(1.01886 0.612515 -3.64597e-19)
(0.94316 0.570862 4.4043e-19)
(0.876853 0.525103 4.69301e-19)
(0.830221 0.484041 -2.4617e-19)
(0.79706 0.44784 -2.98639e-19)
(0.760274 0.411081 7.00605e-19)
(0.677053 0.360143 -2.10728e-19)
(0.53219 0.272583 -2.50971e-19)
(0.34768 0.175803 -1.50007e-19)
(0.181015 0.0899115 -7.0706e-19)
(0.0608579 0.0298588 1.0365e-19)
(5.7316e-05 -0.000274334 8.59903e-19)
(0.432815 0.258032 -4.28003e-20)
(0.999276 0.570021 -5.79161e-20)
(1.2453 0.728273 2.38036e-20)
(1.30161 0.762539 -2.06891e-22)
(1.2786 0.768506 -5.01585e-20)
(1.22171 0.747355 9.91363e-20)
(1.14877 0.718892 0)
(1.07638 0.687183 1.06037e-19)
(1.00042 0.65068 -8.36107e-20)
(0.923397 0.606392 7.35877e-19)
(0.855896 0.557472 -1.05818e-19)
(0.808123 0.513312 1.2201e-19)
(0.773327 0.475573 0)
(0.727633 0.434774 -3.79545e-19)
(0.651676 0.372956 4.60008e-19)
(0.513915 0.290697 0)
(0.338334 0.187288 -3.22937e-19)
(0.178958 0.0977991 9.50673e-19)
(0.0623605 0.0337314 1.1301e-19)
(0.00203824 0.000843195 -1.06047e-18)
(0.42892 0.275251 -1.05919e-19)
(0.986634 0.60215 1.34379e-19)
(1.23082 0.769849 0)
(1.28701 0.807259 2.76702e-20)
(1.26344 0.813503 0)
(1.20589 0.79037 -1.31837e-19)
(1.13238 0.759631 0)
(1.05945 0.725521 0)
(0.982243 0.686739 -1.11819e-19)
(0.902449 0.639799 -6.99783e-19)
(0.831358 0.588138 -8.68257e-19)
(0.781047 0.540263 1.43199e-19)
(0.745309 0.497231 5.17576e-19)
(0.709 0.453816 4.18558e-19)
(0.629578 0.396944 -1.47667e-18)
(0.495976 0.301764 -5.89932e-19)
(0.327703 0.197708 3.45964e-19)
(0.174658 0.103665 0)
(0.0618013 0.0363679 9.69991e-19)
(0.00305121 0.00159264 -1.14373e-18)
(0.426956 0.29082 1.24821e-19)
(0.978155 0.636262 -1.54819e-19)
(1.21785 0.811671 0)
(1.27227 0.850099 -1.13727e-20)
(1.24809 0.855137 -5.5211e-21)
(1.19039 0.830134 0)
(1.11659 0.797857 5.24096e-20)
(1.04273 0.762095 7.43419e-20)
(0.963982 0.721628 -2.09621e-19)
(0.882857 0.672891 9.24969e-20)
(0.810215 0.618416 0)
(0.758591 0.566924 5.93733e-19)
(0.721622 0.522805 6.13044e-21)
(0.675665 0.474318 2.25958e-19)
(0.604093 0.40377 2.67941e-19)
(0.47652 0.315041 0)
(0.31583 0.204482 -5.63249e-19)
(0.168544 0.108022 1.10369e-18)
(0.0601529 0.037759 -1.17126e-18)
(0.00326956 0.00205708 2.4642e-18)
(0.425181 0.305624 0)
(0.967058 0.664945 0)
(1.20372 0.848 -7.66507e-20)
(1.25761 0.889285 0)
(1.23293 0.894735 0)
(1.17466 0.868273 -1.04886e-19)
(1.1004 0.834244 5.36054e-20)
(1.02615 0.796619 1.78884e-20)
(0.94645 0.754437 -4.76661e-20)
(0.862881 0.703742 0)
(0.786432 0.647171 -1.32846e-19)
(0.731286 0.592649 -4.84386e-19)
(0.691885 0.541525 -5.84045e-19)
(0.656024 0.488284 -2.35069e-19)
(0.581437 0.423254 2.90183e-19)
(0.457988 0.319093 -6.8346e-19)
(0.304849 0.209275 1.21244e-18)
(0.162167 0.109447 1.54179e-21)
(0.057791 0.0388137 -1.12047e-18)
(0.00340273 0.00265298 -1.66203e-19)
(0.424038 0.31968 0)
(0.95951 0.695836 -1.24965e-19)
(1.1913 0.884901 9.27182e-20)
(1.24311 0.926947 0)
(1.21782 0.931359 0)
(1.15946 0.903433 2.08273e-19)
(1.08517 0.868248 0)
(1.0103 0.829424 0)
(0.929261 0.786148 -4.60781e-19)
(0.844147 0.734501 1.28983e-19)
(0.765352 0.675711 -1.1781e-18)
(0.70815 0.61755 0)
(0.667685 0.564847 -6.36307e-19)
(0.620767 0.50548 1.00371e-20)
(0.554636 0.422057 -9.34812e-19)
(0.438631 0.324923 3.67481e-19)
(0.294278 0.208497 1.22809e-21)
(0.159775 0.10789 -1.26204e-18)
(0.0569316 0.0370202 6.02795e-19)
(0.00156457 0.000265547 1.77751e-19)
(0.422664 0.333534 0)
(0.949753 0.721759 -1.68894e-19)
(1.17806 0.916599 9.7565e-20)
(1.22901 0.961155 1.37505e-19)
(1.20328 0.966028 -5.46833e-21)
(1.14447 0.937031 2.05781e-20)
(1.06992 0.900553 -3.00966e-20)
(0.994822 0.860382 4.34655e-19)
(0.912913 0.815858 4.92904e-19)
(0.825454 0.762874 9.81237e-19)
(0.74309 0.702694 9.78825e-19)
(0.681023 0.642633 1.7255e-19)
(0.635662 0.581771 9.15123e-19)
(0.598724 0.51442 5.65916e-19)
(0.529258 0.435679 6.70774e-19)
(0.419899 0.318029 -4.02009e-19)
(0.284077 0.201248 -4.62438e-19)
(0.161294 0.105628 5.44247e-19)
(0.0655151 0.0458092 -3.24046e-19)
(0.00941535 0.010322 5.76226e-19)
(0.421722 0.346892 2.35522e-19)
(0.943197 0.749906 2.64824e-19)
(1.1665 0.949297 5.58512e-20)
(1.21525 0.99424 1.5474e-20)
(1.18894 0.998135 -1.66649e-20)
(1.13017 0.967982 -5.7409e-20)
(1.05579 0.930676 2.86858e-20)
(0.980242 0.889666 -1.91136e-20)
(0.897079 0.844497 -5.74599e-19)
(0.808038 0.791211 -1.06538e-18)
(0.722903 0.72996 6.79462e-20)
(0.657522 0.666424 0)
(0.610774 0.604171 0)
(0.559442 0.530276 -2.95473e-19)
(0.497206 0.425141 -1.10057e-18)
(0.39876 0.311756 8.65998e-19)
(0.282896 0.183297 5.06836e-19)
(0.174143 0.0841247 0)
(0.0829198 0.0153917 1.03706e-18)
(0.00317795 -0.0169236 -6.13921e-19)
(0.420552 0.35988 -1.25009e-19)
(0.934628 0.773163 1.10173e-19)
(1.15423 0.976979 -1.33243e-19)
(1.20207 1.02407 -1.12581e-19)
(1.17544 1.02841 -2.16744e-20)
(1.11636 0.99745 -1.83791e-20)
(1.04182 0.959206 0)
(0.9661 0.91729 -5.4672e-19)
(0.882125 0.871243 6.93728e-20)
(0.790949 0.81718 0)
(0.702604 0.755546 0)
(0.631401 0.691565 1.10767e-19)
(0.576112 0.621147 1.48971e-19)
(0.532668 0.535992 -3.19763e-19)
(0.464859 0.434906 7.89747e-19)
(0.371306 0.289453 -9.44141e-19)
(0.267283 0.157987 -1.08785e-18)
(0.1973 0.0732431 9.64048e-19)
(0.152522 0.0690808 -3.68575e-19)
(0.110056 0.0749029 2.14409e-19)
(0.419749 0.372015 1.54858e-19)
(0.928859 0.798532 0)
(1.14357 1.00599 0)
(1.18929 1.05311 -3.16952e-20)
(1.16218 1.05648 2.56586e-20)
(1.10322 1.02459 -1.98281e-20)
(1.02896 0.985775 1.31839e-19)
(0.95288 0.943289 5.59145e-19)
(0.867843 0.896976 1.04342e-18)
(0.775334 0.843128 -8.06748e-20)
(0.684044 0.781433 1.67299e-19)
(0.608592 0.714658 -9.92618e-19)
(0.551173 0.644331 -9.92236e-19)
(0.487412 0.554641 -1.72091e-19)
(0.417879 0.417246 0)
(0.336033 0.27781 -4.37161e-21)
(0.249903 0.0838973 6.00921e-19)
(0.243012 -0.0311819 -1.00826e-18)
(0.210026 -0.109988 7.66017e-19)
(0.0883056 -0.099839 6.33837e-19)
(0.418516 0.383895 -3.4133e-19)
(0.921024 0.819076 -1.53394e-19)
(1.13214 1.03013 6.9038e-21)
(1.17705 1.07924 6.20326e-20)
(1.14968 1.08313 0)
(1.09045 1.0507 -4.53988e-20)
(1.01605 1.01129 -1.91767e-19)
(0.939833 0.968378 -2.27406e-21)
(0.854136 0.921651 -5.46667e-19)
(0.759577 0.867533 -7.92727e-20)
(0.665136 0.806546 7.36325e-20)
(0.583797 0.741917 8.72249e-19)
(0.513203 0.664807 9.67764e-19)
(0.454028 0.560467 1.68181e-19)
(0.376439 0.434861 8.57632e-19)
(0.273574 0.241807 0)
(0.147292 0.0651404 0)
(-0.0116513 0.175292 6.88554e-19)
(-0.0786902 0.629713 -2.70569e-20)
(0.00969101 1.54478 -8.55333e-19)
(0.417749 0.394986 1.8816e-19)
(0.915854 0.842082 4.3351e-19)
(1.12224 1.05626 -6.00635e-19)
(1.16507 1.10528 3.06911e-19)
(1.13717 1.10841 -1.13782e-20)
(1.07802 1.07542 4.6933e-21)
(1.00388 1.03589 0)
(0.92733 0.992898 -4.6553e-19)
(0.840655 0.946593 0)
(0.744807 0.893528 1.11361e-18)
(0.647156 0.833645 -9.03934e-20)
(0.560677 0.76722 1.0136e-19)
(0.488242 0.693671 1.11565e-18)
(0.399014 0.593678 -3.6551e-19)
(0.28645 0.418325 -4.35269e-19)
(0.183237 0.291454 0)
(0.0743497 0.459847 0)
(0.0243129 1.36103 0)
(0.0711096 2.47361 -3.90726e-19)
(0.0973521 2.91568 -2.41448e-19)
(0.416224 0.405615 0)
(0.908555 0.860137 0)
(1.11152 1.07743 2.18566e-19)
(1.15365 1.12851 -2.49945e-19)
(1.1255 1.13242 1.1703e-19)
(1.06606 1.0993 4.54072e-21)
(0.991739 1.05962 2.52419e-20)
(0.915091 1.01685 -1.96524e-20)
(0.827891 0.970841 7.77653e-20)
(0.730078 0.918321 -1.27811e-18)
(0.629233 0.860333 1.63571e-19)
(0.537262 0.799823 8.78039e-19)
(0.44654 0.723458 -1.11089e-18)
(0.360965 0.601496 -1.22798e-18)
(0.263829 0.474931 4.12353e-19)
(0.180112 0.621485 0)
(0.112955 1.58813 5.60595e-19)
(0.11797 2.70122 6.04517e-19)
(0.125372 3.09056 -6.75341e-19)
(0.118126 3.22343 7.18981e-19)
(0.415227 0.415965 0)
(0.903918 0.880866 3.78855e-19)
(1.10241 1.101 -5.47733e-20)
(1.14254 1.1519 3.44917e-19)
(1.11383 1.15522 -1.22843e-19)
(1.05446 1.12186 0)
(0.980453 1.08246 0)
(0.903547 1.04001 0)
(0.815532 0.995048 4.3475e-19)
(0.716683 0.944477 5.86972e-20)
(0.612871 0.888871 0)
(0.515161 0.827031 -8.72553e-19)
(0.428563 0.756582 0)
(0.304787 0.646511 8.78613e-19)
(0.199739 0.695313 -5.95909e-19)
(0.144556 1.46648 -4.77197e-19)
(0.148815 2.68777 -1.09674e-18)
(0.172373 3.12605 -5.76045e-19)
(0.162971 3.26526 -7.73571e-19)
(0.15009 3.30546 5.62488e-19)
(0.413602 0.425287 -1.31773e-19)
(0.89704 0.89645 1.48e-20)
(1.09239 1.11936 -6.06932e-20)
(1.13204 1.17247 -2.67542e-19)
(1.10309 1.17682 0)
(1.04346 1.14363 0)
(0.969265 1.10442 0)
(0.892329 1.06269 3.29274e-20)
(0.803971 1.01861 -5.49928e-19)
(0.703484 0.96934 0)
(0.596968 0.916557 0)
(0.496868 0.863723 0)
(0.384587 0.789212 0)
(0.308808 0.738916 6.45716e-19)
(0.265359 1.13889 1.58327e-18)
(0.23815 2.40083 4.64426e-19)
(0.255428 3.08147 9.28588e-19)
(0.250048 3.27855 -7.11034e-19)
(0.20186 3.34391 2.59987e-19)
(0.17023 3.35712 0)
(0.412442 0.434479 1.35351e-19)
(0.892773 0.915645 -8.38185e-19)
(1.08386 1.14134 -2.26275e-19)
(1.12158 1.19412 -5.02423e-20)
(1.09206 1.19797 2.85196e-20)
(1.03255 1.16479 -1.14691e-19)
(0.958736 1.12614 -5.51421e-22)
(0.881639 1.08498 -3.5968e-19)
(0.792687 1.04237 0)
(0.691618 0.995825 -7.53831e-20)
(0.583152 0.946671 6.85772e-20)
(0.477197 0.891765 0)
(0.382548 0.830362 0)
(0.321152 0.931262 -8.09121e-19)
(0.265977 1.85205 1.0157e-19)
(0.262443 2.94484 -3.49334e-19)
(0.287479 3.2816 7.30215e-19)
(0.258818 3.37981 5.22475e-19)
(0.194435 3.40441 -7.0588e-19)
(0.170072 3.41462 3.48106e-19)
(0.410359 0.443926 2.64998e-19)
(0.885258 0.930459 8.15206e-19)
(1.07335 1.15897 2.7231e-19)
(1.1109 1.21428 0)
(1.08126 1.2194 0)
(1.02157 1.18643 8.88929e-20)
(0.947651 1.14801 5.23195e-20)
(0.870735 1.10783 3.20199e-19)
(0.781779 1.06637 2.12423e-20)
(0.679599 1.02155 9.59733e-19)
(0.569475 0.975533 -1.14555e-18)
(0.458848 0.926936 0)
(0.379602 0.909939 0)
(0.333269 1.30775 -5.52123e-19)
(0.32857 2.49578 -6.62713e-19)
(0.37346 3.19403 0)
(0.398608 3.36199 -7.37466e-19)
(0.327837 3.42493 5.1119e-20)
(0.259637 3.47055 3.38399e-19)
(0.237566 3.49604 -1.09791e-19)
(0.408563 0.453698 -5.03445e-19)
(0.880409 0.951713 -3.90989e-19)
(1.06376 1.18329 0)
(1.09921 1.23765 0)
(1.06905 1.24194 0)
(1.00968 1.20884 0)
(0.936426 1.17093 -6.33776e-20)
(0.859623 1.13114 2.78371e-19)
(0.770477 1.09119 0)
(0.668542 1.04938 -8.73474e-19)
(0.558422 1.0076 2.05616e-18)
(0.447878 0.966389 8.43622e-20)
(0.395861 1.03006 1.13863e-19)
(0.384955 1.74138 8.99467e-19)
(0.395644 2.90143 -4.83613e-19)
(0.435676 3.31334 0)
(0.418722 3.43473 2.07288e-19)
(0.332911 3.52388 9.11412e-20)
(0.259269 3.58815 1.49096e-19)
(0.183777 3.56761 -1.60521e-20)
(0.405576 0.464019 2.39155e-19)
(0.870893 0.967428 -3.97689e-19)
(1.05121 1.20197 0)
(1.08689 1.2593 -7.35973e-20)
(1.05678 1.265 2.54305e-19)
(0.997389 1.23192 0)
(0.924253 1.19397 0)
(0.848026 1.15517 -4.82374e-19)
(0.759406 1.11635 -5.56071e-20)
(0.657242 1.0763 8.56797e-19)
(0.54369 1.03702 -9.76802e-19)
(0.451959 1.01662 5.74967e-19)
(0.412223 1.21975 0)
(0.420039 2.18635 -4.7698e-19)
(0.461948 3.14232 3.12769e-19)
(0.527031 3.41514 1.96191e-19)
(0.518068 3.5106 0)
(0.455587 3.5929 -3.71513e-20)
(0.386805 3.63254 -4.09975e-19)
(0.306457 3.60473 -9.66615e-20)
(0.402841 0.47453 -4.74886e-19)
(0.864963 0.991696 5.69077e-19)
(1.04001 1.22968 3.95733e-19)
(1.07332 1.2851 -9.85331e-20)
(1.04275 1.28942 -3.87955e-19)
(0.983941 1.25596 0)
(0.911871 1.21842 2.27458e-20)
(0.836122 1.17966 1.73634e-19)
(0.747844 1.14217 2.87307e-20)
(0.646878 1.10498 -7.40186e-19)
(0.53457 1.07173 -5.15867e-20)
(0.453567 1.07743 -6.48283e-19)
(0.448144 1.45262 7.12973e-19)
(0.492175 2.55138 1.56879e-19)
(0.558019 3.30219 -2.76036e-19)
(0.610695 3.46597 1.4448e-19)
(0.569637 3.5167 0)
(0.512548 3.52082 0)
(0.420124 3.4839 -6.80015e-19)
(0.193178 3.27427 1.25564e-18)
(0.398354 0.485401 2.27144e-19)
(0.852794 1.00831 5.59497e-19)
(1.025 1.24929 -4.03264e-19)
(1.05913 1.30823 3.59067e-19)
(1.02881 1.31406 4.03532e-19)
(0.970267 1.28035 0)
(0.898642 1.24238 -1.5597e-20)
(0.82399 1.20458 1.37244e-19)
(0.736911 1.16806 0)
(0.636867 1.13236 0)
(0.529264 1.10487 0)
(0.463033 1.15743 0)
(0.488925 1.69477 -8.0476e-19)
(0.55029 2.85999 -2.09458e-19)
(0.626616 3.38801 0)
(0.669477 3.47808 -2.55369e-20)
(0.667454 3.48361 0)
(0.744569 3.32439 1.40451e-19)
(0.839854 2.95434 -1.77024e-18)
(0.447309 2.57197 1.85703e-18)
(0.394486 0.495727 -4.59893e-19)
(0.845295 1.03582 -3.5846e-19)
(1.01183 1.28091 -2.66808e-19)
(1.04337 1.33674 -3.35788e-19)
(1.0127 1.34049 -1.96259e-19)
(0.955119 1.3061 0)
(0.885079 1.26844 1.31059e-21)
(0.811345 1.23023 -3.95805e-20)
(0.725239 1.19469 -2.18544e-19)
(0.627625 1.16151 0)
(0.524642 1.14257 5.12371e-20)
(0.47855 1.25134 -5.82452e-20)
(0.535412 1.95055 0)
(0.624945 3.07907 2.73008e-19)
(0.717135 3.42898 0)
(0.747877 3.46478 -9.95735e-20)
(0.749611 3.37422 2.74712e-19)
(0.74395 2.99222 -1.38564e-19)
(0.498142 1.98168 2.72857e-19)
(-0.340684 0.492347 -6.6265e-19)
(0.38698 0.506734 -1.29032e-20)
(0.829364 1.05306 -1.82537e-19)
(0.993539 1.30134 3.67807e-19)
(1.02668 1.36172 -1.98835e-20)
(0.996516 1.36732 -6.15809e-20)
(0.939532 1.33254 0)
(0.870295 1.29415 7.76208e-20)
(0.798242 1.25712 -6.60489e-20)
(0.714102 1.22262 3.91385e-19)
(0.615602 1.19058 -4.95408e-19)
(0.526402 1.18287 -6.0151e-19)
(0.502874 1.37094 0)
(0.589988 2.25832 4.0388e-19)
(0.688825 3.21355 -5.67918e-20)
(0.763161 3.41009 2.78994e-20)
(0.76884 3.39919 0)
(0.699774 3.16786 -1.44573e-19)
(0.529755 2.3931 1.52658e-19)
(0.100834 0.621404 -1.81103e-19)
(-0.247594 -0.39185 -1.66735e-19)
(0.381679 0.516904 4.30886e-19)
(0.819535 1.08386 -1.78498e-19)
(0.97755 1.33768 2.58073e-19)
(1.00792 1.39384 1.99465e-19)
(0.977557 1.39675 1.23361e-19)
(0.92198 1.36122 2.38596e-19)
(0.854932 1.3234 -1.68875e-19)
(0.784265 1.2857 9.80006e-22)
(0.701681 1.25208 -2.82527e-19)
(0.606066 1.22359 3.39379e-20)
(0.528831 1.23049 9.78796e-20)
(0.531864 1.51705 -3.9678e-19)
(0.640671 2.51841 1.08085e-19)
(0.750066 3.28425 -2.14898e-19)
(0.81357 3.3839 3.63555e-20)
(0.789753 3.30333 7.78222e-20)
(0.660728 2.85563 -2.06032e-19)
(0.40395 1.62089 1.34426e-19)
(0.0592459 0.0491551 0)
(-0.079413 -0.157639 -2.91611e-19)
(0.369675 0.525323 0)
(0.798451 1.10056 -6.75411e-19)
(0.95504 1.3583 2.36563e-20)
(0.988137 1.42063 -3.29283e-19)
(0.95857 1.42599 0)
(0.904101 1.39007 -1.76308e-19)
(0.838341 1.35123 1.66417e-19)
(0.770106 1.31509 -9.16779e-22)
(0.690507 1.28277 1.95093e-19)
(0.598249 1.25677 3.53559e-19)
(0.532927 1.28473 4.6293e-19)
(0.564767 1.67635 4.87502e-20)
(0.69774 2.76798 -2.95911e-19)
(0.8013 3.31563 1.3818e-20)
(0.835848 3.34227 6.85215e-21)
(0.757291 3.12248 7.55965e-20)
(0.524811 2.31124 8.79173e-20)
(0.116331 0.440161 -1.04196e-19)
(-0.137761 -0.244517 0)
(-0.115153 -0.206344 0)
(0.361264 0.536484 -4.14183e-19)
(0.784823 1.13416 6.68654e-19)
(0.935426 1.39919 0)
(0.965765 1.45626 0)
(0.936253 1.45823 0)
(0.883861 1.42152 0)
(0.821047 1.3836 -8.61651e-20)
(0.754781 1.34646 -1.623e-20)
(0.677633 1.3148 -3.61969e-20)
(0.591775 1.2932 3.70008e-20)
(0.539656 1.34805 -3.79315e-19)
(0.601599 1.85765 2.79628e-19)
(0.747801 2.94861 0)
(0.840035 3.31159 3.65241e-20)
(0.858965 3.27757 5.92569e-20)
(0.720895 2.85871 -2.28452e-20)
(0.390709 1.67701 1.03846e-19)
(0.0174841 -0.0403913 5.98294e-20)
(-0.157323 -0.200837 -2.43387e-19)
(-0.0570311 -0.137481 -2.84453e-19)
(0.344761 0.538597 2.09975e-19)
(0.757545 1.1464 3.12628e-19)
(0.907936 1.41847 -9.35855e-21)
(0.942245 1.48412 1.72585e-19)
(0.913788 1.48928 0)
(0.863349 1.45228 3.28478e-19)
(0.802403 1.41293 -6.87462e-20)
(0.73945 1.37759 1.9931e-20)
(0.665102 1.3473 -3.59983e-20)
(0.586045 1.32998 2.64428e-20)
(0.550201 1.42001 2.56386e-19)
(0.641777 2.06673 -1.26622e-19)
(0.797145 3.07296 -1.10814e-19)
(0.875212 3.30629 2.18176e-21)
(0.857238 3.17758 -3.1317e-20)
(0.620832 2.50302 1.40944e-19)
(0.189256 0.708203 -7.86411e-20)
(-0.0842579 -0.269035 1.16118e-19)
(-0.128394 -0.221529 -3.5562e-19)
(-0.0604219 -0.122754 2.48731e-19)
(0.329472 0.546893 -1.96411e-19)
(0.736571 1.17921 0)
(0.884097 1.46262 -2.29898e-19)
(0.91541 1.52264 -3.32407e-19)
(0.887419 1.5236 0)
(0.840098 1.48579 -2.56173e-19)
(0.782849 1.44773 0)
(0.722485 1.41102 -1.26714e-19)
(0.649777 1.38103 -1.54173e-20)
(0.58222 1.37048 5.97448e-20)
(0.563081 1.50219 -1.21032e-19)
(0.683948 2.26714 7.02368e-20)
(0.835875 3.13991 1.74838e-19)
(0.901428 3.2733 1.15253e-20)
(0.837682 3.0252 -3.19788e-20)
(0.526954 2.07028 -4.82525e-20)
(0.0742157 0.118232 1.23996e-19)
(-0.183386 -0.250203 -1.37664e-19)
(-0.105849 -0.210382 4.40497e-22)
(-0.0537133 -0.0769921 -2.6012e-20)
(0.306088 0.541638 3.89693e-19)
(0.702764 1.18437 -2.9887e-19)
(0.851028 1.47802 2.43685e-19)
(0.887041 1.55013 1.59948e-19)
(0.860713 1.55537 2.83557e-20)
(0.816613 1.51757 1.59697e-19)
(0.761711 1.47762 0)
(0.705682 1.44264 -3.83539e-20)
(0.636381 1.41484 0)
(0.577434 1.41077 -5.5877e-20)
(0.578018 1.59042 1.20491e-19)
(0.723707 2.44789 -2.51598e-21)
(0.875121 3.1841 -5.73633e-20)
(0.919942 3.24063 3.75142e-20)
(0.803202 2.8395 -1.27524e-20)
(0.372605 1.50644 6.32986e-20)
(-0.0484136 -0.130458 -1.88356e-19)
(-0.226639 -0.251313 -1.06608e-19)
(-0.124147 -0.24891 -4.03124e-20)
(-0.0749968 -0.0898078 1.92988e-19)
(0.283751 0.540834 4.21365e-21)
(0.674591 1.2133 1.52858e-19)
(0.821507 1.52185 0)
(0.854295 1.58976 3.00182e-19)
(0.82989 1.59055 -4.29009e-19)
(0.790044 1.55182 1.60987e-19)
(0.739411 1.51357 -1.08098e-19)
(0.686896 1.4769 1.06315e-19)
(0.62075 1.44978 -9.52984e-20)
(0.573083 1.45484 -9.83097e-22)
(0.593599 1.68277 2.15766e-20)
(0.765776 2.60237 4.54521e-20)
(0.898608 3.19177 3.50877e-20)
(0.925589 3.17727 -5.85013e-20)
(0.734694 2.58217 -5.86326e-20)
(0.285233 1.00065 1.11156e-19)
(-0.045301 -0.255317 -1.08038e-19)
(-0.190963 -0.288763 7.65126e-20)
(-0.112448 -0.275731 2.05114e-21)
(-0.0815657 -0.109437 -1.62769e-19)
(0.253384 0.521903 7.22822e-19)
(0.632165 1.20596 -1.51893e-19)
(0.781086 1.52884 -4.16852e-19)
(0.820113 1.61369 3.38378e-19)
(0.798895 1.62142 -1.87804e-19)
(0.763016 1.58321 3.10712e-19)
(0.715246 1.54285 1.69233e-19)
(0.668245 1.50758 0)
(0.607756 1.48319 1.09621e-19)
(0.566501 1.49698 -1.59003e-20)
(0.608437 1.77245 -1.03936e-20)
(0.798521 2.72353 -2.3823e-21)
(0.919646 3.19323 1.76851e-20)
(0.926632 3.12125 7.98751e-21)
(0.684984 2.39021 -8.24983e-20)
(0.174339 0.461577 -2.9854e-20)
(-0.0380447 -0.271011 1.02954e-19)
(-0.111601 -0.284886 4.68237e-20)
(-0.0855374 -0.242603 1.57695e-20)
(-0.0479301 -0.103758 1.32577e-19)
(0.222713 0.50242 0)
(0.594344 1.22206 1.41326e-19)
(0.743813 1.56783 -1.89387e-19)
(0.780785 1.65074 3.27683e-19)
(0.764103 1.65505 -4.08296e-19)
(0.732417 1.61614 1.70098e-19)
(0.689758 1.57779 0)
(0.647141 1.54088 0)
(0.59316 1.5163 0)
(0.559234 1.54178 2.29971e-20)
(0.621424 1.85694 -2.15474e-20)
(0.829358 2.81207 1.77111e-20)
(0.931436 3.18926 4.52897e-20)
(0.914283 3.03734 4.2847e-20)
(0.590167 2.12128 -7.58556e-20)
(0.0564531 0.119492 5.06886e-20)
(-0.125709 -0.281804 5.35459e-21)
(-0.101249 -0.286884 -1.03484e-19)
(-0.0759963 -0.199499 1.25176e-20)
(-0.0231158 -0.06573 0)
(0.184588 0.458518 6.60575e-19)
(0.540498 1.18992 -1.32151e-19)
(0.694819 1.55953 4.44841e-21)
(0.741435 1.66732 0)
(0.728507 1.68152 -1.96285e-19)
(0.701303 1.64547 1.84221e-20)
(0.66234 1.60509 0)
(0.625955 1.56915 5.26539e-20)
(0.578672 1.5465 -4.15495e-20)
(0.5508 1.58028 0)
(0.630053 1.93111 0)
(0.844819 2.87372 -3.18892e-20)
(0.938358 3.1818 -5.60907e-20)
(0.894451 2.97329 2.32478e-21)
(0.533314 1.89499 -2.0207e-20)
(-0.00724959 -0.000721549 2.68697e-20)
(-0.157162 -0.265487 0)
(-0.128983 -0.305602 -5.92045e-20)
(-0.0821743 -0.193264 -9.40624e-20)
(-0.0188863 -0.0582109 2.23253e-19)
(0.145159 0.405515 5.4437e-19)
(0.491096 1.1791 -1.2624e-19)
(0.64852 1.58499 1.79573e-19)
(0.695692 1.69674 -4.45743e-19)
(0.688508 1.70915 0)
(0.667144 1.67473 0)
(0.633576 1.63583 0)
(0.602611 1.59914 5.55549e-20)
(0.562515 1.57518 -4.38352e-20)
(0.540968 1.61738 0)
(0.634929 1.99463 0)
(0.858216 2.91131 9.39818e-20)
(0.936534 3.18027 -3.21654e-20)
(0.879488 2.89925 3.47556e-20)
(0.488851 1.73 6.10206e-20)
(-0.00920855 -0.050467 0)
(-0.17907 -0.304805 -1.5326e-20)
(-0.135755 -0.3694 -1.94706e-20)
(-0.0979068 -0.240993 1.83464e-19)
(-0.0171995 -0.0681507 -2.23129e-19)
(0.101399 0.321118 -5.05646e-19)
(0.422864 1.09926 1.31868e-19)
(0.590111 1.54823 3.75938e-19)
(0.651043 1.69987 2.5723e-19)
(0.648135 1.727 -2.08213e-19)
(0.632465 1.69945 -1.39263e-19)
(0.603137 1.65969 9.60309e-20)
(0.578639 1.62367 0)
(0.545613 1.59981 0)
(0.527708 1.64269 0)
(0.628616 2.02732 -7.99054e-20)
(0.858323 2.93256 -9.32411e-20)
(0.9343 3.18541 2.90899e-20)
(0.859852 2.89565 -2.09425e-20)
(0.501474 1.65026 -4.17716e-21)
(0.0350917 0.0237563 0)
(-0.162208 -0.312026 2.54287e-20)
(-0.14263 -0.403538 -1.52305e-19)
(-0.0991937 -0.290773 3.54639e-19)
(-0.0169737 -0.089701 -2.04119e-19)
(0.051341 0.217433 5.34519e-19)
(0.358293 1.03801 -4.39124e-19)
(0.531395 1.54194 0)
(0.597098 1.71172 1.27236e-19)
(0.603975 1.74408 9.25348e-20)
(0.595235 1.72086 1.96324e-19)
(0.571431 1.68214 -8.97647e-20)
(0.552765 1.64631 0)
(0.527364 1.62174 0)
(0.513111 1.6634 -1.61443e-19)
(0.616806 2.03512 -1.86292e-21)
(0.856275 2.93708 8.21848e-20)
(0.921239 3.18759 4.58048e-20)
(0.860871 2.89706 4.96291e-20)
(0.508977 1.7439 -5.04324e-20)
(-0.0172533 0.220127 6.45598e-20)
(-0.191129 -0.236924 -4.97053e-20)
(-0.200328 -0.372429 0)
(-0.138992 -0.306462 -7.17245e-21)
(-0.0178995 -0.0266848 1.29263e-19)
(0.0126902 0.128036 5.46167e-19)
(0.264078 0.870216 0)
(0.461353 1.44981 0)
(0.547731 1.68904 0)
(0.560104 1.74804 7.82072e-20)
(0.557997 1.73798 -1.93934e-19)
(0.538834 1.70153 -8.83301e-20)
(0.525362 1.66528 0)
(0.506061 1.63849 0)
(0.494729 1.67411 9.94736e-20)
(0.591884 2.01299 3.29275e-20)
(0.839287 2.90537 -3.84971e-20)
(0.921437 3.18983 4.57184e-21)
(0.824781 2.98002 4.53936e-20)
(0.477136 1.82968 -8.08832e-20)
(-0.077444 0.376011 1.44513e-19)
(-0.28971 -0.27766 -1.20239e-19)
(-0.322115 -0.65665 0)
(-0.295083 -0.753911 6.58363e-21)
(-0.108545 -0.432909 1.85861e-19)
(-0.00660942 0.0699987 -5.06855e-19)
(0.180569 0.722812 1.7451e-19)
(0.387583 1.37069 2.72694e-19)
(0.485552 1.66053 -1.33891e-20)
(0.514087 1.74726 -1.66607e-19)
(0.517268 1.74408 -1.09713e-19)
(0.505481 1.71379 2.48727e-19)
(0.49636 1.67699 -4.66279e-21)
(0.484259 1.64914 0)
(0.476074 1.67767 2.76248e-20)
(0.563244 1.96389 -1.47064e-20)
(0.813935 2.84291 4.23567e-20)
(0.940177 3.1781 0)
(0.965286 3.06781 -3.45415e-20)
(0.769437 2.32288 0)
(0.314044 0.865589 -4.57943e-20)
(-0.0476837 -0.197734 -2.96709e-20)
(-0.298428 -0.81156 0)
(-0.274384 -1.1142 0)
(-0.181981 -0.950199 4.11634e-19)
(-0.00094942 0.00267909 4.08864e-19)
(0.0742574 0.342412 -1.53326e-19)
(0.322691 1.1627 1.22203e-19)
(0.436293 1.58227 -1.93419e-19)
(0.469516 1.72769 7.61713e-20)
(0.478159 1.74908 -2.66255e-20)
(0.471449 1.73087 1.71744e-20)
(0.463454 1.69029 -3.26061e-20)
(0.455483 1.65457 -2.1739e-20)
(0.450402 1.66994 -2.18525e-20)
(0.519177 1.88979 3.25888e-21)
(0.793145 2.69662 0)
(0.980377 3.1039 -3.47343e-21)
(1.01178 3.02055 0)
(1.01987 2.63513 0)
(0.809116 1.81451 0)
(0.493383 0.796465 -8.83797e-20)
(0.167436 -0.0714008 2.61067e-19)
(-0.0455563 -1.16426 -1.24401e-20)
(-0.119375 -1.22892 -1.32506e-19)
(0.00875276 -0.0463385 7.32377e-20)
(0.014247 0.12655 6.86635e-20)
(0.204241 0.881569 -5.5942e-20)
(0.361856 1.45034 -4.28765e-20)
(0.423039 1.68835 3.46564e-20)
(0.43682 1.73562 2.48416e-20)
(0.434574 1.7302 1.77688e-20)
(0.428162 1.69358 0)
(0.424923 1.65272 -9.15072e-21)
(0.424135 1.65418 -5.80568e-21)
(0.455421 1.79291 1.61636e-20)
(0.665798 2.46619 0)
(0.905248 2.97299 1.15623e-20)
(0.941399 2.94682 -8.99484e-21)
(0.932938 2.70881 0)
(0.831745 2.194 0)
(0.584323 1.34235 -4.85863e-21)
(0.365568 0.447313 0)
(0.191636 -0.184859 -5.28543e-21)
(0.0451001 -0.602442 0)
(-0.00106287 -0.0682518 0)
(0.00279803 -0.0198712 0)
(0.0755945 0.368517 0)
(0.282032 1.20543 0)
(0.366328 1.60255 -8.68787e-34)
(0.393502 1.72826 6.69697e-34)
(0.393142 1.73411 0)
(0.387782 1.70881 0)
(0.382419 1.65051 0)
(0.385239 1.63548 0)
(0.392245 1.71473 0)
(0.506448 2.19563 0)
(0.744982 2.8309 0)
(0.781754 2.86409 0)
(0.764787 2.7425 0)
(0.71516 2.42252 0)
(0.559802 1.8195 0)
(0.36221 1.07048 0)
(0.175665 0.352636 0)
(0.0429242 -0.0949443 0)
(-0.00516486 -0.0651714 0)
(0.011247 -0.0940346 0)
(0.0224645 0.0901346 0)
(0.183453 0.861295 0)
(0.300348 1.45308 0)
(0.344655 1.67594 0)
(0.350868 1.72091 0)
(0.34729 1.70907 0)
(0.338779 1.65206 0)
(0.339154 1.62059 0)
(0.334697 1.66661 0)
(0.380957 2.02385 0)
(0.594435 2.71623 0)
(0.623216 2.83205 0)
(0.603793 2.77812 0)
(0.574215 2.57487 0)
(0.477378 2.14159 0)
(0.31817 1.49208 0)
(0.159926 0.853456 0)
(0.0406335 0.336743 0)
(-0.00330459 -0.0755131 0)
(0.00852779 -0.130748 0)
(0.00411485 -0.0261049 0)
(0.0891073 0.535337 0)
(0.237804 1.29675 0)
(0.291395 1.63487 0)
(0.301592 1.71543 0)
(0.301355 1.71008 0)
(0.292487 1.65679 0)
(0.287991 1.61244 0)
(0.280596 1.64103 0)
(0.278533 1.92467 0)
(0.456699 2.616 0)
(0.476695 2.83139 0)
(0.456331 2.82229 0)
(0.428579 2.7049 0)
(0.36576 2.39559 0)
(0.242553 1.83805 0)
(0.117259 1.25513 0)
(0.0259059 0.677451 0)
(-0.000912135 -0.0767318 0)
(-0.00162701 -0.139425 0)
(0.0021578 -0.0777781 0)
(0.0306582 0.265927 0)
(0.179467 1.1158 0)
(0.238721 1.55749 0)
(0.253891 1.69818 0)
(0.251735 1.70882 0)
(0.242105 1.66523 0)
(0.234712 1.61294 0)
(0.231186 1.63436 0)
(0.198621 1.87338 0)
(0.33984 2.54645 0)
(0.359147 2.84117 0)
(0.328282 2.87219 0)
(0.303042 2.80877 0)
(0.258875 2.58306 0)
(0.169995 2.11117 0)
(0.0753164 1.56197 0)
(0.01296 0.910692 0)
(-0.00119196 -0.0657265 0)
(-0.00759158 -0.138967 0)
(0.00708406 -0.113471 0)
(0.00957789 0.127131 0)
(0.116465 0.970187 0)
(0.178867 1.49557 0)
(0.203519 1.68241 0)
(0.204963 1.70721 0)
(0.195296 1.673 0)
(0.18447 1.61904 0)
(0.187694 1.63766 0)
(0.13696 1.84752 0)
(0.2434 2.4974 0)
(0.26217 2.85224 0)
(0.228939 2.92054 0)
(0.204098 2.88992 0)
(0.172689 2.71886 0)
(0.110283 2.30965 0)
(0.0426449 1.78194 0)
(0.00352063 1.05488 0)
(-0.00432507 -0.0439051 0)
(-0.00747802 -0.142283 0)
(0.0133829 -0.133176 0)
(0.00506478 0.0432438 0)
(0.0790745 0.833196 0)
(0.136263 1.43445 0)
(0.154312 1.66577 0)
(0.154111 1.70729 0)
(0.147886 1.68145 0)
(0.13753 1.62795 0)
(0.148356 1.64581 0)
(0.0917075 1.83533 0)
(0.16727 2.46925 0)
(0.183936 2.86625 0)
(0.152272 2.96387 0)
(0.132317 2.95362 0)
(0.108835 2.81854 0)
(0.064335 2.4519 0)
(0.0175199 1.9362 0)
(-0.0052235 1.12074 0)
(-0.00302663 -0.0279773 0)
(0.0160511 -0.184402 0)
(0.0445896 -0.170168 0)
(0.0465076 0.00495757 0)
(0.0606053 0.666868 0)
(0.11179 1.3704 0)
(0.115309 1.6508 0)
(0.1101 1.70522 0)
(0.103993 1.68558 0)
(0.0934802 1.63637 0)
(0.111875 1.65483 0)
(0.0568093 1.83124 0)
(0.109457 2.45158 0)
(0.121419 2.88021 0)
(0.0943415 3.00051 0)
(0.0761905 3.00331 0)
(0.0597823 2.88845 0)
(0.0292255 2.54341 0)
(-0.000351867 2.0198 0)
(-0.00910562 1.11511 0)
(0.0110302 -0.0892067 0)
(0.0519415 -0.304852 0)
(0.0844587 -0.257773 0)
(0.0909355 0.00579687 0)
(0.0448068 0.65716 0)
(0.0784161 1.35563 0)
(0.0655232 1.64102 0)
(0.0598415 1.70382 0)
(0.0617504 1.68684 0)
(0.0534009 1.64105 0)
(0.0780216 1.66195 0)
(0.0315053 1.82966 0)
(0.0658624 2.44613 0)
(0.0718046 2.89353 0)
(0.0501323 3.02957 0)
(0.037122 3.0416 0)
(0.026117 2.93847 0)
(0.00530952 2.60711 0)
(-0.0119096 2.07674 0)
(-0.0131212 1.08733 0)
(0.0224804 -0.268171 0)
(0.0602069 -0.463672 0)
(0.0880809 -0.328021 0)
(0.0633549 0.066917 0)
(-0.000744445 0.688973 0)
(0.010192 1.35165 0)
(-0.00412551 1.64497 0)
(0.00929643 1.7034 0)
(0.018495 1.68217 0)
(0.0163288 1.64046 0)
(0.0468446 1.66546 0)
(0.0114592 1.83133 0)
(0.0344893 2.44263 0)
(0.0336695 2.90481 0)
(0.0167966 3.05215 0)
(0.00567248 3.07135 0)
(-0.00182618 2.97054 0)
(-0.015403 2.63736 0)
(-0.0255192 2.07708 0)
(-0.0144624 1.02462 0)
(0.015273 -0.398383 0)
(0.0370533 -0.531735 0)
(0.0219002 -0.269589 0)
(-0.0223538 0.211043 0)
(-0.0906294 0.803187 0)
(-0.0987318 1.39644 0)
(-0.089523 1.64845 0)
(-0.0542875 1.69496 0)
(-0.0243031 1.67313 0)
(-0.016727 1.63347 0)
(0.0187898 1.66498 0)
(-0.00549082 1.83157 0)
(0.0104524 2.44512 0)
(0.00429103 2.91244 0)
(-0.00766914 3.0672 0)
(-0.0162435 3.09013 0)
(-0.0221643 2.98872 0)
(-0.0291497 2.65191 0)
(-0.0311733 2.06118 0)
(-0.0160208 0.937547 0)
(0.00540747 -0.435564 0)
(-0.0204162 -0.46752 0)
(-0.0671048 -0.134106 0)
(-0.121667 0.35788 0)
(-0.185194 0.939978 0)
(-0.187524 1.40824 0)
(-0.162982 1.61401 0)
(-0.113883 1.66638 0)
(-0.0657225 1.65246 0)
(-0.0468434 1.61835 0)
(-0.00450257 1.6593 0)
(-0.01989 1.83339 0)
(-0.0079948 2.44639 0)
(-0.0172496 2.91853 0)
(-0.0253175 3.07785 0)
(-0.0323046 3.10223 0)
(-0.035519 2.99703 0)
(-0.0393792 2.64783 0)
(-0.0344407 2.02628 0)
(-0.0146276 0.846833 0)
(-0.0110232 -0.3479 0)
(-0.0530149 -0.317973 0)
(-0.115338 0.0162001 0)
(-0.170846 0.482232 0)
(-0.224688 1.00651 0)
(-0.221519 1.37174 0)
(-0.195013 1.54895 0)
(-0.145298 1.61292 0)
(-0.0931699 1.61425 0)
(-0.0703941 1.59408 0)
(-0.0223751 1.64877 0)
(-0.0334146 1.83261 0)
(-0.022635 2.45112 0)
(-0.0332521 2.92335 0)
(-0.0375242 3.08307 0)
(-0.0412841 3.10778 0)
(-0.0425135 2.99682 0)
(-0.0426583 2.63271 0)
(-0.0339225 1.97075 0)
(-0.0113184 0.75861 0)
(-0.013945 -0.223536 0)
(-0.0583806 -0.136825 0)
(-0.123566 0.17881 0)
(-0.181271 0.596003 0)
(-0.224091 1.0383 0)
(-0.216961 1.32648 0)
(-0.193704 1.48202 0)
(-0.150843 1.55234 0)
(-0.104778 1.56859 0)
(-0.0811973 1.56433 0)
(-0.0325353 1.63315 0)
(-0.0418784 1.83227 0)
(-0.0330802 2.45464 0)
(-0.0428229 2.928 0)
(-0.0443444 3.08752 0)
(-0.0466107 3.11086 0)
(-0.0456076 2.99205 0)
(-0.0428426 2.61625 0)
(-0.0306543 1.91467 0)
(-0.00758407 0.683426 0)
(-0.0122439 -0.0960226 0)
(-0.0517297 0.0359861 0)
(-0.110026 0.326599 0)
(-0.16206 0.695626 0)
(-0.196956 1.06365 0)
(-0.189746 1.29719 0)
(-0.171966 1.43235 0)
(-0.138225 1.50113 0)
(-0.101658 1.52562 0)
(-0.0820671 1.53455 0)
(-0.0368431 1.61591 0)
(-0.0486181 1.82945 0)
(-0.039293 2.46145 0)
(-0.0487246 2.93109 0)
(-0.0483517 3.08723 0)
(-0.0484345 3.10888 0)
(-0.0454953 2.98099 0)
(-0.0406907 2.58512 0)
(-0.0263404 1.85009 0)
(-0.00443312 0.621313 0)
(-0.00885595 0.0112442 0)
(-0.03968 0.186432 0)
(-0.0867334 0.455238 0)
(-0.129181 0.780448 0)
(-0.158107 1.09087 0)
(-0.154741 1.28587 0)
(-0.144079 1.40256 0)
(-0.119251 1.46534 0)
(-0.0903268 1.49196 0)
(-0.076013 1.50823 0)
(-0.0360702 1.59878 0)
(-0.0480942 1.82554 0)
(-0.0413704 2.46518 0)
(-0.0497617 2.93286 0)
(-0.0482311 3.08616 0)
(-0.047534 3.10599 0)
(-0.0437234 2.97217 0)
(-0.0375025 2.56109 0)
(-0.0218958 1.79305 0)
(-0.00214501 0.574571 0)
(-0.00532066 0.0856688 0)
(-0.0266622 0.299958 0)
(-0.0618415 0.559104 0)
(-0.0946791 0.853531 0)
(-0.118712 1.12241 0)
(-0.119768 1.28881 0)
(-0.116169 1.38996 0)
(-0.0997856 1.44564 0)
(-0.0775066 1.47098 0)
(-0.0678485 1.48922 0)
(-0.0334341 1.58587 0)
(-0.0464081 1.82547 0)
(-0.0409358 2.47027 0)
(-0.048956 2.93331 0)
(-0.0467526 3.08368 0)
(-0.0451332 3.09984 0)
(-0.0403976 2.9544 0)
(-0.03361 2.52454 0)
(-0.017697 1.73057 0)
(-0.000598045 0.537022 0)
(-0.00270387 0.132728 0)
(-0.0162171 0.380232 0)
(-0.0414367 0.63544 0)
(-0.0658908 0.907523 0)
(-0.0850159 1.14791 0)
(-0.0885899 1.29468 0)
(-0.0900747 1.38437 0)
(-0.0810978 1.43443 0)
(-0.064435 1.45824 0)
(-0.0599847 1.47709 0)
(-0.0295039 1.57696 0)
(-0.0431057 1.82597 0)
(-0.0387467 2.47368 0)
(-0.0467411 2.9335 0)
(-0.0436758 3.08103 0)
(-0.041802 3.09496 0)
(-0.0370529 2.94293 0)
(-0.0299053 2.49903 0)
(-0.0139773 1.68039 0)
(0.000319294 0.511222 0)
(-0.00111526 0.159343 0)
(-0.00887718 0.434407 0)
(-0.0262342 0.693587 0)
(-0.044524 0.95254 0)
(-0.0596709 1.1728 0)
(-0.0639803 1.30525 0)
(-0.0679969 1.38495 0)
(-0.0641063 1.42923 0)
(-0.0525302 1.45065 0)
(-0.0527366 1.46991 0)
(-0.0260711 1.57287 0)
(-0.0398929 1.83005 0)
(-0.0362578 2.47916 0)
(-0.043518 2.93415 0)
(-0.0404877 3.07698 0)
(-0.038369 3.08698 0)
(-0.0335383 2.92379 0)
(-0.0263629 2.46205 0)
(-0.0109221 1.62516 0)
(0.0008279 0.489843 0)
(-0.000293821 0.172497 0)
(-0.00425864 0.467292 0)
(-0.015647 0.732471 0)
(-0.0290961 0.983301 0)
(-0.0412275 1.19024 0)
(-0.0457466 1.31348 0)
(-0.0506991 1.38597 0)
(-0.0500057 1.42539 0)
(-0.0414767 1.44435 0)
(-0.0458964 1.46403 0)
(-0.0227201 1.56974 0)
(-0.0367773 1.83238 0)
(-0.03325 2.48186 0)
(-0.0399763 2.93353 0)
(-0.0373093 3.07379 0)
(-0.0352992 3.08145 0)
(-0.0309025 2.91212 0)
(-0.0236966 2.43867 0)
(-0.00864625 1.58518 0)
(0.000973073 0.477016 0)
(6.78912e-05 0.178125 0)
(-0.00153755 0.487468 0)
(-0.00868315 0.761921 0)
(-0.0185853 1.01021 0)
(-0.0282235 1.2082 0)
(-0.0326005 1.32478 0)
(-0.0378747 1.39113 0)
(-0.0392159 1.42535 0)
(-0.0326129 1.44078 0)
(-0.0394969 1.45995 0)
(-0.0192951 1.56806 0)
(-0.0343131 1.83754 0)
(-0.0312618 2.48649 0)
(-0.0373097 2.93356 0)
(-0.0345299 3.06953 0)
(-0.0325055 3.07344 0)
(-0.0282537 2.89354 0)
(-0.0212828 2.40353 0)
(-0.00702181 1.53804 0)
(0.00092208 0.463902 0)
(0.000159772 0.179024 0)
(-0.000165759 0.497043 0)
(-0.00427821 0.779323 0)
(-0.0115489 1.02666 0)
(-0.0192551 1.21917 0)
(-0.0233096 1.33191 0)
(-0.0282918 1.39474 0)
(-0.0310934 1.42577 0)
(-0.0255031 1.43887 0)
(-0.0336417 1.45697 0)
(-0.016199 1.56635 0)
(-0.0313965 1.83954 0)
(-0.0287893 2.48798 0)
(-0.034583 2.93269 0)
(-0.0322512 3.06675 0)
(-0.0303372 3.06863 0)
(-0.0264371 2.88314 0)
(-0.0195434 2.38349 0)
(-0.00587696 1.50781 0)
(0.000770591 0.4571 0)
(0.000208529 0.178527 0)
(0.000461066 0.502509 0)
(-0.00187972 0.793616 0)
(-0.00727444 1.04307 0)
(-0.0134855 1.23193 0)
(-0.0172655 1.34155 0)
(-0.0216887 1.40082 0)
(-0.0252892 1.42836 0)
(-0.020313 1.43869 0)
(-0.029302 1.45576 0)
(-0.0145587 1.56622 0)
(-0.0298233 1.84486 0)
(-0.0272992 2.49142 0)
(-0.0324411 2.93266 0)
(-0.0300054 3.06303 0)
(-0.0281494 3.06133 0)
(-0.024392 2.86576 0)
(-0.0179145 2.3506 0)
(-0.00512354 1.46691 0)
(0.000569662 0.44694 0)
(0.000220488 0.176815 0)
(0.000829201 0.503499 0)
(-0.000303441 0.8005 0)
(-0.00428078 1.05165 0)
(-0.00931121 1.23874 0)
(-0.0128565 1.34678 0)
(-0.0167792 1.40404 0)
(-0.0211767 1.42969 0)
(-0.0163008 1.43874 0)
(-0.0262518 1.45571 0)
(-0.0127047 1.56666 0)
(-0.0277347 1.84752 0)
(-0.0256712 2.4928 0)
(-0.0304294 2.93213 0)
(-0.0285469 3.06107 0)
(-0.0268203 3.05748 0)
(-0.0233374 2.85684 0)
(-0.0168839 2.33365 0)
(-0.00447476 1.44449 0)
(0.00035016 0.442515 0)
(0.000221744 0.175055 0)
(0.000769984 0.50352 0)
(0.000191105 0.80776 0)
(-0.00297043 1.06258 0)
(-0.00704009 1.24867 0)
(-0.0104021 1.35532 0)
(-0.0138207 1.4102 0)
(-0.0187632 1.43317 0)
(-0.0145288 1.44036 0)
(-0.0245665 1.45683 0)
(-0.0124421 1.56837 0)
(-0.0266313 1.8535 0)
(-0.0245499 2.49614 0)
(-0.0288396 2.9327 0)
(-0.0270778 3.05839 0)
(-0.0255143 3.05126 0)
(-0.0221147 2.8408 0)
(-0.015988 2.30256 0)
(-0.00442008 1.40777 0)
(0.000189441 0.433163 0)
(0.000207437 0.173109 0)
(0.000582586 0.502763 0)
(0.000410991 0.810194 0)
(-0.00211876 1.06683 0)
(-0.00553523 1.25272 0)
(-0.00887014 1.35898 0)
(-0.0118332 1.41281 0)
(-0.0173841 1.4345 0)
(-0.0130077 1.44062 0)
(-0.0235794 1.45769 0)
(-0.011807 1.56941 0)
(-0.0258238 1.85653 0)
(-0.0238606 2.4978 0)
(-0.0278639 2.93264 0)
(-0.0263128 3.05753 0)
(-0.0249646 3.0485 0)
(-0.0219089 2.8331 0)
(-0.0156156 2.28756 0)
(-0.00396166 1.3909 0)
(6.02083e-06 0.429607 0)
(-6.5823e-05 0.172619 0)
(7.44999e-05 0.50325 0)
(-0.000387373 0.816106 0)
(-0.0024908 1.07683 0)
(-0.00528384 1.26254 0)
(-0.00850709 1.36799 0)
(-0.0107859 1.41995 0)
(-0.0160734 1.43844 0)
(-0.0119935 1.44279 0)
(-0.0218205 1.45898 0)
(-0.0109793 1.57237 0)
(-0.0246773 1.86438 0)
(-0.0230526 2.50194 0)
(-0.0267076 2.93361 0)
(-0.0252898 3.05505 0)
(-0.0239918 3.04128 0)
(-0.0209299 2.81337 0)
(-0.0149776 2.24933 0)
(-0.00476246 1.34822 0)
(-0.000795606 0.414447 0)
(-0.232811 1.55543 1.26754e-22)
(0.392295 3.22706 1.42157e-20)
(0.0894993 3.45996 6.50995e-20)
(0.195375 3.43039 0)
(0.152901 3.38598 0)
(0.146627 3.34003 -3.70509e-19)
(0.148569 3.31334 3.77551e-19)
(0.121589 3.27307 -4.02219e-19)
(0.110999 3.18251 7.44607e-21)
(0.0921486 2.56954 5.53484e-19)
(-0.105133 2.31243 1.12043e-23)
(0.128458 3.2829 1.64884e-19)
(0.00838411 3.43402 0)
(0.0944378 3.38788 0)
(0.069559 3.34294 1.09828e-20)
(0.0744995 3.30644 7.68133e-19)
(0.0711309 3.27725 -4.28405e-19)
(0.0480586 3.24252 -7.19303e-21)
(0.0491529 3.0858 6.85937e-21)
(0.000636048 2.08843 0)
(-0.0280978 2.06617 1.74447e-19)
(0.0836104 3.13663 -1.8535e-19)
(0.0211379 3.34287 0)
(0.069483 3.32319 3.53543e-19)
(0.049056 3.30243 -1.3256e-21)
(0.0498913 3.28149 -3.99509e-19)
(0.04461 3.26621 -4.97026e-19)
(0.0292063 3.2465 -2.06834e-22)
(0.040279 3.12029 7.0721e-21)
(-0.0168915 2.21253 0)
(-0.0411843 2.01244 -4.33769e-20)
(0.0266418 3.11475 0)
(-0.0151282 3.30729 -1.87146e-19)
(0.0193845 3.30646 -1.53381e-19)
(0.0148078 3.28281 1.39982e-20)
(0.0207564 3.26126 -2.59359e-19)
(0.0259545 3.24693 2.30567e-19)
(0.0208665 3.23388 -8.30679e-21)
(0.04157 3.12613 1.09322e-20)
(0.00710496 2.25113 2.85589e-19)
(-0.0531731 2.02275 -1.44452e-19)
(0.0119818 3.08826 0)
(-0.0085935 3.26594 4.04312e-19)
(0.00962773 3.26173 -2.23396e-19)
(0.0132284 3.24807 -6.91342e-22)
(0.0159467 3.23798 -2.41784e-21)
(0.0211057 3.23318 -1.5577e-20)
(0.0215531 3.22464 -2.95352e-19)
(0.042738 3.12812 8.10945e-21)
(-0.00313581 2.31256 -5.98626e-19)
(-0.0500084 2.08223 0)
(-0.0108632 3.08505 -2.23091e-19)
(-0.0289949 3.24211 1.88892e-20)
(-0.0158529 3.24656 -1.55282e-20)
(-0.00630904 3.23204 1.58982e-20)
(0.00292827 3.21954 2.63914e-19)
(0.0151531 3.21172 2.76152e-19)
(0.0207755 3.2055 5.81515e-19)
(0.0426504 3.12414 3.22538e-19)
(0.0105387 2.35446 -1.67318e-20)
(-0.0513583 2.14068 0)
(-0.020271 3.08148 2.3079e-19)
(-0.0194594 3.21359 -2.42357e-19)
(-0.0119458 3.21266 -1.67873e-20)
(-0.000665748 3.20249 3.47185e-20)
(0.00724502 3.19621 3.6244e-22)
(0.0166487 3.19523 -1.86805e-20)
(0.0217406 3.19128 -3.04241e-19)
(0.0422588 3.12182 -3.13515e-19)
(0.00383561 2.41994 -1.73142e-20)
(-0.0476507 2.22744 2.66855e-19)
(-0.0288105 3.08517 -1.23982e-20)
(-0.0322838 3.19373 8.55401e-21)
(-0.0238734 3.19522 0)
(-0.0136196 3.18543 0)
(-0.00136598 3.17761 0)
(0.0129388 3.17217 0)
(0.0206019 3.16932 3.40143e-19)
(0.0412147 3.11269 -3.50364e-19)
(0.0152855 2.46398 3.4629e-19)
(-0.0464553 2.30651 2.62213e-20)
(-0.0330541 3.08458 2.84742e-19)
(-0.0212033 3.16952 0)
(-0.0146607 3.16538 -1.91762e-20)
(-0.00403275 3.15772 1.96109e-20)
(0.00517676 3.15351 0)
(0.0150814 3.15388 -1.0639e-20)
(0.0206958 3.15295 -3.30123e-19)
(0.0401246 3.10935 3.51961e-19)
(0.0104178 2.53312 0)
(-0.0436952 2.40318 1.60466e-20)
(-0.035907 3.08612 -4.36844e-19)
(-0.0300748 3.14969 0)
(-0.0225356 3.1468 0)
(-0.0137183 3.13905 2.10628e-20)
(-0.00206021 3.13335 -1.77853e-19)
(0.0113828 3.12933 -2.22298e-20)
(0.0191475 3.12927 1.89639e-19)
(0.0386039 3.09616 0)
(0.0191849 2.58107 0)
(-0.040091 2.49073 -4.62079e-19)
(-0.0385676 3.08228 1.5659e-19)
(-0.0206177 3.12431 0)
(-0.0128408 3.1163 0)
(-0.00334659 3.10963 0)
(0.00550881 3.10685 3.66514e-19)
(0.0145778 3.10853 0)
(0.0201422 3.11074 -2.02328e-19)
(0.037847 3.09051 1.2509e-20)
(0.014953 2.65385 2.12021e-19)
(-0.0376884 2.58941 1.6495e-19)
(-0.0398352 3.07575 -1.60461e-20)
(-0.0296285 3.1013 1.92402e-19)
(-0.0210772 3.09499 1.8705e-19)
(-0.0124763 3.08835 0)
(-0.00074017 3.08395 -1.88435e-19)
(0.0122969 3.08157 0)
(0.020978 3.08443 0)
(0.0385571 3.07214 0)
(0.022271 2.70642 -2.13005e-19)
(-0.0351408 2.67851 -1.74955e-19)
(-0.0429721 3.06241 1.80678e-19)
(-0.0235559 3.07218 -1.81372e-19)
(-0.0130638 3.06222 -2.86078e-19)
(-0.00279339 3.05705 0)
(0.00707605 3.05571 2.55999e-20)
(0.0169235 3.05856 -1.30672e-20)
(0.0247709 3.06322 9.74977e-20)
(0.041721 3.06163 1.21054e-19)
(0.02086 2.78046 -1.24557e-19)
(-0.0343468 2.77292 1.79511e-19)
(-0.0461083 3.04524 -1.73118e-19)
(-0.0329106 3.04586 1.23467e-20)
(-0.0209258 3.0403 7.28911e-20)
(-0.011226 3.03617 -1.04727e-19)
(0.000319926 3.03356 0)
(0.013704 3.0322 1.12558e-19)
(0.0256217 3.03556 4.95001e-21)
(0.0446213 3.03658 -2.3437e-19)
(0.028684 2.83262 -6.55246e-21)
(-0.0296046 2.85525 -5.13724e-20)
(-0.0442473 3.02154 1.25545e-20)
(-0.0231781 3.01778 -6.51686e-20)
(-0.011167 3.01444 2.66753e-20)
(-0.0022002 3.01413 1.27611e-19)
(0.00627371 3.01344 -5.43131e-20)
(0.0145942 3.01414 -5.4027e-20)
(0.0233369 3.01711 -5.60669e-20)
(0.0418055 3.02184 1.20424e-19)
(0.0248498 2.90034 5.88347e-20)
(-0.0176226 2.94046 4.12958e-20)
(-0.0259977 3.00081 1.82576e-20)
(-0.0161385 3.00083 3.59096e-20)
(-0.00939518 3.00162 -7.35919e-20)
(-0.00417123 3.00264 2.48722e-20)
(0.000694735 3.00214 5.05616e-20)
(0.005346 3.00066 -5.28078e-20)
(0.0107464 2.99901 -5.51273e-20)
(0.0217882 2.99713 7.4712e-21)
(0.01652 2.94913 5.29866e-20)
)
;

boundaryField
{
    wall-4
    {
        type            noSlip;
    }
    pressure-outlet-7
    {
        type            zeroGradient;
    }
    velocity-inlet-6
    {
        type            fixedValue;
        value           uniform (0 3 0);
    }
    velocity-inlet-5
    {
        type            fixedValue;
        value           uniform (1 0 0);
    }
    frontAndBackPlanes
    {
        type            empty;
    }
}


// ************************************************************************* //
