/*--------------------------------*- C++ -*----------------------------------*\
  =========                 |
  \\      /  F ield         | OpenFOAM: The Open Source CFD Toolbox
   \\    /   O peration     | Website:  https://openfoam.org
    \\  /    A nd           | Version:  10
     \\/     M anipulation  |
\*---------------------------------------------------------------------------*/
FoamFile
{
    format      ascii;
    class       volScalarField;
    location    "20";
    object      p;
}
// * * * * * * * * * * * * * * * * * * * * * * * * * * * * * * * * * * * * * //

dimensions      [0 2 -2 0 0 0 0];

internalField   nonuniform List<scalar> 
8800
(
0.411688
0.363906
0.325223
0.296234
0.275375
0.260545
0.249943
0.242445
0.237579
0.235416
0.236523
0.240536
0.247021
0.256205
0.268887
0.286551
0.311278
0.345182
0.387696
0.446394
0.242927
0.250606
0.258094
0.261409
0.259912
0.254844
0.248367
0.242288
0.23753
0.234607
0.234185
0.236503
0.240817
0.246611
0.253254
0.259438
0.263012
0.262238
0.256763
0.248043
0.221321
0.227491
0.231637
0.234605
0.236675
0.237293
0.23619
0.234072
0.232006
0.230976
0.231757
0.233937
0.236549
0.238575
0.239054
0.237752
0.235322
0.23186
0.227268
0.223498
0.215499
0.21816
0.220947
0.223392
0.225069
0.226263
0.227021
0.22713
0.226772
0.226584
0.227134
0.228085
0.22871
0.22858
0.227804
0.22657
0.224633
0.221964
0.219501
0.217996
0.210115
0.211549
0.213392
0.215502
0.217358
0.218755
0.219769
0.220553
0.221113
0.221541
0.221946
0.222162
0.222004
0.221487
0.220578
0.219136
0.217265
0.215268
0.213881
0.213055
0.20508
0.206007
0.207345
0.209044
0.21081
0.212451
0.213816
0.214894
0.215786
0.216506
0.216914
0.216923
0.216566
0.215806
0.214613
0.213124
0.211535
0.210062
0.20914
0.208604
0.20027
0.200935
0.202026
0.203511
0.205103
0.206733
0.208314
0.209712
0.210864
0.211762
0.212253
0.212223
0.211698
0.210746
0.209522
0.208192
0.206832
0.205627
0.204928
0.204552
0.195762
0.19625
0.197195
0.198594
0.200119
0.201678
0.203262
0.204811
0.206195
0.207303
0.207904
0.207878
0.207322
0.206419
0.205334
0.204134
0.202886
0.20183
0.201274
0.201008
0.191584
0.191942
0.192757
0.194045
0.195502
0.196993
0.198489
0.199996
0.201486
0.202805
0.203563
0.203658
0.203301
0.202638
0.201744
0.20069
0.199585
0.19868
0.198244
0.198057
0.187786
0.188019
0.188758
0.19002
0.191461
0.192979
0.194587
0.196209
0.19779
0.199247
0.200266
0.200633
0.200456
0.199867
0.199048
0.198105
0.197086
0.196264
0.195923
0.195817
0.184661
0.184786
0.185349
0.186412
0.187658
0.188981
0.190407
0.191997
0.193711
0.195427
0.196727
0.197375
0.197511
0.197328
0.196882
0.196251
0.195506
0.194926
0.194723
0.194673
0.181917
0.181993
0.182362
0.183145
0.184168
0.185371
0.186771
0.188384
0.1902
0.192164
0.193858
0.19493
0.195444
0.195566
0.195448
0.19517
0.194807
0.194545
0.19446
0.194425
0.178866
0.178935
0.179196
0.179752
0.180575
0.181633
0.183001
0.184714
0.18679
0.189159
0.191315
0.192805
0.193738
0.194209
0.194456
0.194557
0.194554
0.194541
0.194518
0.194479
0.174991
0.175052
0.175299
0.175781
0.176505
0.177541
0.178983
0.180863
0.183239
0.18609
0.188835
0.19089
0.192283
0.193196
0.193777
0.194168
0.194433
0.194555
0.194564
0.194523
0.170229
0.170285
0.170556
0.171094
0.171923
0.173101
0.174779
0.177019
0.179889
0.183381
0.186834
0.189476
0.191321
0.192565
0.193498
0.194138
0.194517
0.194679
0.19471
0.194672
0.164664
0.164703
0.165016
0.165733
0.16669
0.168118
0.170134
0.172819
0.176298
0.180616
0.184954
0.188361
0.190797
0.192514
0.193706
0.194527
0.194991
0.195203
0.195271
0.195238
0.158367
0.158403
0.158741
0.159595
0.16092
0.162617
0.165075
0.168355
0.172638
0.177979
0.183411
0.187726
0.190861
0.193075
0.194601
0.195601
0.196179
0.196472
0.196581
0.19655
0.15121
0.151238
0.151637
0.152599
0.154192
0.156381
0.159385
0.163422
0.16872
0.175358
0.182132
0.187556
0.191523
0.194324
0.196281
0.197541
0.198309
0.198722
0.19887
0.198834
0.142891
0.142923
0.143423
0.144542
0.146414
0.149115
0.152831
0.157877
0.164487
0.17276
0.181201
0.187972
0.19291
0.196455
0.198895
0.200519
0.201533
0.202086
0.202271
0.202226
0.132881
0.132923
0.133526
0.134922
0.137219
0.140559
0.145224
0.15156
0.159857
0.170192
0.180676
0.189049
0.195195
0.199581
0.202625
0.204678
0.205984
0.206691
0.206917
0.206858
0.12062
0.120682
0.121467
0.123228
0.126123
0.130355
0.136281
0.144324
0.154786
0.16769
0.180665
0.190981
0.198532
0.203908
0.207665
0.210221
0.211859
0.212732
0.213009
0.212934
0.105292
0.105374
0.106416
0.108746
0.112553
0.118052
0.125719
0.136026
0.14925
0.165327
0.181286
0.193879
0.203066
0.209628
0.214232
0.217388
0.219416
0.220482
0.220815
0.220722
0.0857562
0.085878
0.0873299
0.0905431
0.0957117
0.103064
0.113172
0.126505
0.143261
0.16321
0.182687
0.197922
0.209014
0.216959
0.222567
0.226445
0.22896
0.230282
0.230674
0.230552
0.0602599
0.0604644
0.0626129
0.0672789
0.0745824
0.0847263
0.0983215
0.115722
0.136932
0.161511
0.185039
0.203269
0.216532
0.226085
0.232892
0.237649
0.240752
0.242373
0.242836
0.24268
0.0257469
0.0261542
0.029704
0.0370995
0.0480055
0.0625153
0.0810993
0.10385
0.130527
0.16048
0.188534
0.210059
0.225733
0.237123
0.245357
0.251212
0.255076
0.257078
0.257614
0.257409
-0.0236633
-0.0222027
-0.0150019
-0.00206067
0.0151431
0.0363846
0.0618388
0.0913469
0.12447
0.160424
0.193341
0.21836
0.236617
0.250039
0.259937
0.267156
0.272039
0.274585
0.275223
0.274941
-0.097367
-0.088791
-0.0722258
-0.0492288
-0.0225717
0.00763421
0.0415014
0.0788152
0.11912
0.161659
0.199921
0.228872
0.250157
0.266078
0.278167
0.28738
0.293905
0.297529
0.298556
0.298446
-0.176204
-0.156777
-0.130258
-0.0968861
-0.0605297
-0.0212234
0.0211431
0.0664635
0.11438
0.16428
0.208977
0.242991
0.26834
0.287692
0.302805
0.314713
0.323633
0.32928
0.331278
0.331331
-0.23965
-0.217617
-0.182981
-0.141256
-0.0963862
-0.0486404
0.00184176
0.0548962
0.110164
0.167053
0.217688
0.256197
0.285013
0.307164
0.324561
0.338307
0.348794
0.355527
0.357188
0.357474
-0.291229
-0.267168
-0.227603
-0.179965
-0.128407
-0.0737107
-0.0161796
0.0438441
0.105877
0.16922
0.225188
0.267501
0.299017
0.323133
0.341985
0.356886
0.368171
0.375252
0.377288
0.377661
-0.333531
-0.308599
-0.265546
-0.213333
-0.156544
-0.0962001
-0.0327164
0.0333873
0.101449
0.170597
0.231264
0.276751
0.31031
0.335751
0.35547
0.370938
0.382514
0.38979
0.392142
0.392503
-0.369601
-0.344169
-0.298605
-0.242713
-0.181625
-0.116541
-0.0479641
0.023465
0.0969125
0.171295
0.236171
0.284363
0.319554
0.345939
0.36614
0.381782
0.393394
0.400658
0.403158
0.403484
-0.401365
-0.375664
-0.328147
-0.269248
-0.204562
-0.135379
-0.0623227
0.0138547
0.0922012
0.171406
0.240192
0.290908
0.327565
0.3547
0.375203
0.390874
0.402431
0.409658
0.412271
0.41258
-0.430279
-0.404328
-0.355213
-0.293771
-0.22599
-0.153234
-0.0762069
0.00427781
0.0871499
0.170942
0.243512
0.29665
0.334686
0.362544
0.383362
0.399106
0.41063
0.417744
0.420456
0.420753
-0.45719
-0.431013
-0.380532
-0.316898
-0.246418
-0.170516
-0.0899249
-0.00550903
0.081593
0.169763
0.246045
0.301677
0.341215
0.369922
0.391147
0.407035
0.418572
0.425545
0.428246
0.42863
-0.482795
-0.456333
-0.404595
-0.339061
-0.26618
-0.187478
-0.103693
-0.0156938
0.0753556
0.167756
0.247865
0.306211
0.347444
0.377138
0.398894
0.415016
0.426607
0.433486
0.436105
0.436485
-0.507368
-0.48059
-0.427707
-0.360536
-0.285511
-0.204321
-0.117663
-0.0263823
0.0683799
0.164961
0.248992
0.310245
0.353427
0.384323
0.406778
0.423261
0.434977
0.44181
0.444289
0.444598
-0.531244
-0.504077
-0.450297
-0.381505
-0.304568
-0.22115
-0.131896
-0.0376093
0.0606431
0.16126
0.249297
0.313725
0.359152
0.391524
0.414876
0.431859
0.443771
0.450587
0.452901
0.453114
-0.554472
-0.526845
-0.472303
-0.402045
-0.323411
-0.238007
-0.146428
-0.0494121
0.0520551
0.156548
0.248687
0.316584
0.364589
0.398727
0.423199
0.440832
0.453015
0.459824
0.462
0.462064
-0.577124
-0.549112
-0.493734
-0.422207
-0.34207
-0.254908
-0.161267
-0.0618174
0.0425925
0.150786
0.247045
0.318669
0.369631
0.405877
0.431716
0.450147
0.462655
0.469402
0.47143
0.471358
-0.599273
-0.570813
-0.514644
-0.441989
-0.360532
-0.271819
-0.176371
-0.0747709
0.032299
0.143937
0.24425
0.319804
0.374102
0.412871
0.440379
0.459757
0.472617
0.47925
0.481062
0.480872
-0.620946
-0.591966
-0.535044
-0.461364
-0.378738
-0.288686
-0.191669
-0.0881972
0.0212113
0.135973
0.240199
0.319801
0.37778
0.419556
0.449144
0.469653
0.482829
0.489244
0.490768
0.490472
-0.641972
-0.612511
-0.554877
-0.480294
-0.396643
-0.305431
-0.207085
-0.102016
0.00939943
0.126937
0.234809
0.318458
0.380407
0.425727
0.457978
0.479905
0.493257
0.499184
0.50031
0.499911
-0.662303
-0.632396
-0.574109
-0.498717
-0.414182
-0.321987
-0.222521
-0.116137
-0.00303598
0.116877
0.228038
0.315596
0.381662
0.431043
0.466777
0.490757
0.504142
0.50897
0.509399
0.508927
-0.682016
-0.651582
-0.592708
-0.516593
-0.431286
-0.33827
-0.237888
-0.130444
-0.0159836
0.105885
0.219882
0.311083
0.381215
0.434998
0.475213
0.502555
0.516392
0.519089
0.517827
0.517308
-0.700933
-0.670054
-0.61062
-0.533858
-0.447901
-0.354198
-0.253085
-0.144818
-0.0293138
0.094088
0.21039
0.304825
0.378774
0.436904
0.482461
0.515193
0.531678
0.532314
0.527051
0.525326
-0.719148
-0.687806
-0.627866
-0.55054
-0.464058
-0.36982
-0.268171
-0.159322
-0.0430936
0.0814196
0.199451
0.296583
0.374037
0.435938
0.486988
0.527259
0.550525
0.554489
0.544625
0.524243
-0.7366
-0.704848
-0.644571
-0.56682
-0.480041
-0.385455
-0.283552
-0.174435
-0.0578692
0.0672113
0.186355
0.285474
0.366214
0.430928
0.485627
0.533676
0.563833
0.565391
0.549578
0.525936
-0.753139
-0.721351
-0.660563
-0.582449
-0.495566
-0.400768
-0.299004
-0.189824
-0.073308
0.0517884
0.171316
0.271314
0.354895
0.421348
0.47354
0.522497
0.551408
0.543426
0.472412
0.432493
-0.768166
-0.738359
-0.675489
-0.596864
-0.509944
-0.4153
-0.314243
-0.205274
-0.0891929
0.0353045
0.154365
0.254024
0.33935
0.40765
0.450736
0.481656
0.496085
0.450709
0.375487
0.327016
-0.822002
-0.752835
-0.689053
-0.611444
-0.524564
-0.430394
-0.329334
-0.221035
-0.105842
0.0173882
0.135045
0.233291
0.317042
0.391529
0.400869
0.412735
0.383049
0.317378
0.234529
0.187838
-0.782775
-0.767626
-0.708493
-0.632152
-0.545602
-0.451933
-0.352077
-0.24494
-0.131504
-0.0108883
0.103063
0.197518
0.272852
0.342758
0.34727
0.233574
0.12155
0.0437946
-0.0367789
0.00478505
-0.811859
-0.783885
-0.724451
-0.648107
-0.562026
-0.468784
-0.36893
-0.262744
-0.150839
-0.0327228
0.0775139
0.167282
0.235114
0.273261
0.224179
0.0671496
-0.076202
-0.178984
-0.293366
-0.226442
-0.83407
-0.802937
-0.742783
-0.666073
-0.580143
-0.487138
-0.387618
-0.282564
-0.172486
-0.0573696
0.0485041
0.132298
0.190605
0.199593
0.0858839
-0.116048
-0.292543
-0.429329
-0.594947
-0.536309
-0.855428
-0.822836
-0.76175
-0.684341
-0.598341
-0.505567
-0.406751
-0.30294
-0.194852
-0.0830524
0.0177239
0.0948902
0.139864
0.11067
-0.0651732
-0.299994
-0.526837
-0.731048
-0.964547
-0.960357
-0.875779
-0.843063
-0.781291
-0.703284
-0.617196
-0.524713
-0.426696
-0.324224
-0.218348
-0.110204
-0.0150727
0.0549114
0.0826184
0.0148847
-0.210953
-0.467306
-0.736582
-0.978957
-1.28242
-1.6449
-0.896196
-0.863734
-0.80162
-0.723261
-0.637081
-0.544848
-0.447552
-0.346428
-0.242835
-0.13851
-0.0491917
0.0129033
0.0241778
-0.0950762
-0.339492
-0.597469
-0.86181
-1.08674
-1.176
-1.31367
-0.917364
-0.885181
-0.823003
-0.74455
-0.65839
-0.566486
-0.469991
-0.370364
-0.269339
-0.169286
-0.0862803
-0.0335299
-0.0459108
-0.21521
-0.452516
-0.691489
-0.903701
-1.03317
-1.05777
-1.08397
-0.93962
-0.907705
-0.845562
-0.767168
-0.681177
-0.589742
-0.494247
-0.396382
-0.298311
-0.203137
-0.126949
-0.0851211
-0.12501
-0.325675
-0.554558
-0.767334
-0.932584
-1.00004
-1.01514
-1.01887
-0.963135
-0.931306
-0.869318
-0.791036
-0.705325
-0.614533
-0.520232
-0.424405
-0.32968
-0.239974
-0.17107
-0.142505
-0.206604
-0.429304
-0.649788
-0.842694
-0.969182
-0.988646
-0.990878
-0.991048
-0.987823
-0.955943
-0.894206
-0.816075
-0.730757
-0.64074
-0.547821
-0.454289
-0.363281
-0.279555
-0.21865
-0.20299
-0.295032
-0.52574
-0.737171
-0.913053
-0.962768
-0.976143
-0.978425
-0.978303
-1.0134
-0.981507
-0.920014
-0.842128
-0.757284
-0.668181
-0.576824
-0.485813
-0.398893
-0.32151
-0.2694
-0.263059
-0.399957
-0.61821
-0.810844
-0.96681
-0.994721
-0.977876
-0.970601
-0.968977
-1.03927
-1.00766
-0.94638
-0.868893
-0.784623
-0.696555
-0.606906
-0.518613
-0.436052
-0.365356
-0.322108
-0.330559
-0.504402
-0.715705
-0.857454
-0.960481
-0.963837
-0.962628
-0.961103
-0.959534
-1.06504
-1.03387
-0.972948
-0.895934
-0.812342
-0.725402
-0.637574
-0.552141
-0.474026
-0.410503
-0.375692
-0.405397
-0.599526
-0.827708
-0.896199
-0.859314
-0.929476
-0.949356
-0.953315
-0.954832
-1.08984
-1.05919
-0.999121
-0.92266
-0.839826
-0.754102
-0.668137
-0.585611
-0.511822
-0.455845
-0.429511
-0.478363
-0.696191
-0.959439
-1.11163
-1.0031
-1.02185
-1.02641
-1.02571
-1.02218
-1.11273
-1.08285
-1.02409
-0.948257
-0.866333
-0.781846
-0.697685
-0.617918
-0.548253
-0.499446
-0.483131
-0.548712
-0.810639
-1.10723
-1.66686
-1.81623
-1.39908
-1.27785
-1.24933
-1.23375
-1.13243
-1.1039
-1.04649
-0.971876
-0.890899
-0.807648
-0.725117
-0.64764
-0.58179
-0.538612
-0.534701
-0.611475
-0.895335
-1.06329
-1.08758
-1.16797
-1.32358
-1.44456
-1.41784
-1.41031
-1.14765
-1.12097
-1.06558
-0.992242
-0.912459
-0.830337
-0.749129
-0.673185
-0.610051
-0.570817
-0.580584
-0.661021
-0.888881
-0.806523
-0.365377
-0.50474
-1.09845
-1.35289
-1.37387
-1.39082
-1.15719
-1.13291
-1.08006
-1.00836
-0.929738
-0.848662
-0.76833
-0.692953
-0.630075
-0.593578
-0.610097
-0.725443
-1.09936
-1.57527
-2.0966
-2.61915
-2.67371
-2.30185
-1.91638
-1.83489
-1.15956
-1.13845
-1.08887
-1.01916
-0.941711
-0.861441
-0.781272
-0.705257
-0.639835
-0.59993
-0.613701
-0.775557
-1.37721
-2.39622
-3.38968
-3.94523
-3.92439
-3.55551
-3.09601
-2.83126
-1.15416
-1.1367
-1.09111
-1.02389
-0.947597
-0.867799
-0.787007
-0.70859
-0.637847
-0.584357
-0.579896
-0.67449
-1.17608
-1.81394
-2.56761
-2.89686
-2.76148
-2.40355
-2.06575
-1.87607
-1.14005
-1.12602
-1.08606
-1.02218
-0.947091
-0.867387
-0.78532
-0.702982
-0.622542
-0.54934
-0.490808
-0.414576
-0.495118
-0.482544
-0.335924
-0.0943872
0.246982
0.545121
0.737732
0.816767
-1.11825
-1.1081
-1.07399
-1.01414
-0.940243
-0.86051
-0.776902
-0.689988
-0.599335
-0.500594
-0.387314
-0.270723
0.0331394
0.515066
1.10476
1.7083
2.166
2.44256
2.57121
2.6095
-1.09041
-1.08405
-1.0563
-1.00051
-0.927533
-0.848134
-0.763816
-0.67416
-0.575601
-0.458522
-0.327024
-0.173385
0.0566209
0.608055
1.29226
1.89462
2.32576
2.56865
2.68143
2.71671
-1.05762
-1.0544
-1.03339
-0.980849
-0.909504
-0.831395
-0.748559
-0.659333
-0.559019
-0.438913
-0.306962
-0.172632
-0.0285217
0.356641
0.894621
1.35069
1.68878
1.88636
1.98601
2.02091
-1.01726
-1.01612
-1.00063
-0.953112
-0.884768
-0.809566
-0.731484
-0.647944
-0.553321
-0.437572
-0.311758
-0.212866
-0.141572
0.0709549
0.424076
0.730637
0.962087
1.10556
1.17906
1.20284
-0.951174
-0.951228
-0.940215
-0.902444
-0.844618
-0.780149
-0.713367
-0.641225
-0.555899
-0.446829
-0.31986
-0.220322
-0.160609
-0.0290294
0.20958
0.405134
0.550493
0.642479
0.694732
0.707224
-0.861951
-0.861074
-0.853346
-0.82915
-0.789654
-0.743477
-0.694082
-0.638587
-0.567904
-0.466434
-0.341485
-0.228148
-0.144928
-0.0621263
0.0852563
0.201488
0.284601
0.335885
0.360154
0.366625
-0.781838
-0.780156
-0.774741
-0.761812
-0.739074
-0.711131
-0.67995
-0.643433
-0.591648
-0.506442
-0.381038
-0.25066
-0.145647
-0.0794995
-0.0245906
0.0418955
0.0953512
0.129201
0.145474
0.147793
-0.734244
-0.732604
-0.729531
-0.723754
-0.712013
-0.698643
-0.684789
-0.670231
-0.6484
-0.596141
-0.482309
-0.333792
-0.205615
-0.160549
-0.124772
-0.079526
-0.0390208
-0.00868784
0.00775508
0.00804986
-0.718321
-0.717622
-0.716533
-0.714628
-0.711898
-0.710966
-0.715882
-0.731181
-0.758908
-0.785287
-0.723647
-0.551058
-0.38869
-0.332932
-0.285112
-0.219622
-0.160601
-0.11895
-0.0996853
-0.100721
-0.716343
-0.716792
-0.718014
-0.720475
-0.726165
-0.739487
-0.768378
-0.827675
-0.942214
-1.11358
-1.16627
-0.931691
-0.689721
-0.581543
-0.495687
-0.39143
-0.29721
-0.232037
-0.205061
-0.208419
-0.71036
-0.712017
-0.715651
-0.722447
-0.736655
-0.764998
-0.82104
-0.935057
-1.17249
-1.57975
-1.79048
-1.48771
-1.08542
-0.870443
-0.724196
-0.567717
-0.439757
-0.357324
-0.332778
-0.336988
-0.683935
-0.686493
-0.691888
-0.702251
-0.722849
-0.762391
-0.840382
-0.999921
-1.33947
-1.97026
-2.34037
-2.00394
-1.45939
-1.15783
-0.944508
-0.755416
-0.621848
-0.552536
-0.537126
-0.539785
-0.626401
-0.629244
-0.635084
-0.646468
-0.668819
-0.711947
-0.795993
-0.968987
-1.33592
-2.00198
-2.35541
-2.01512
-1.55868
-1.28881
-1.05552
-0.903034
-0.827369
-0.797885
-0.783369
-0.780139
-0.53737
-0.539765
-0.544707
-0.554311
-0.573485
-0.610263
-0.681819
-0.829598
-1.14443
-1.67277
-1.93103
-1.68337
-1.39902
-1.17254
-1.0028
-0.926428
-0.919782
-0.91755
-0.904769
-0.898146
-0.427412
-0.428905
-0.432063
-0.43827
-0.451031
-0.475582
-0.523079
-0.620039
-0.824756
-1.16942
-1.35208
-1.23155
-1.04602
-0.874271
-0.788385
-0.788953
-0.818286
-0.826432
-0.81937
-0.815237
-0.312879
-0.313413
-0.314731
-0.317471
-0.323513
-0.335361
-0.358161
-0.403818
-0.498523
-0.666961
-0.771029
-0.694307
-0.590702
-0.524106
-0.543213
-0.592287
-0.62039
-0.628735
-0.629678
-0.628416
-0.208908
-0.208744
-0.208761
-0.209053
-0.210229
-0.212818
-0.217972
-0.228295
-0.248687
-0.276891
-0.28514
-0.258228
-0.251242
-0.289269
-0.354309
-0.400472
-0.420493
-0.428286
-0.431057
-0.431311
-0.12476
-0.124258
-0.123665
-0.122818
-0.121572
-0.119445
-0.11577
-0.109536
-0.0989129
-0.0793999
-0.0550448
-0.037763
-0.0883845
-0.157023
-0.211243
-0.242915
-0.259391
-0.266255
-0.269716
-0.270628
-0.0630172
-0.0624568
-0.0617715
-0.0607592
-0.0589283
-0.0554786
-0.0493686
-0.03904
-0.0225748
0.000618123
0.0168528
0.0118806
-0.0292254
-0.0792596
-0.116746
-0.138919
-0.149667
-0.155048
-0.158063
-0.159024
-0.0215186
-0.0210509
-0.0205264
-0.0198059
-0.0183422
-0.0153275
-0.00989409
-0.000971357
0.0122564
0.0280868
0.0342831
0.022237
-0.00639777
-0.0378333
-0.0614759
-0.0757274
-0.0829827
-0.0867201
-0.0888235
-0.0895201
0.00402646
0.00435571
0.00466284
0.00497559
0.00581254
0.00781931
0.0116048
0.0177566
0.0262859
0.0348577
0.0349177
0.0228298
0.00340772
-0.015941
-0.0304831
-0.0394271
-0.0441865
-0.0466507
-0.0479883
-0.0484268
0.0181251
0.0183286
0.0184522
0.0184267
0.0186918
0.0197245
0.0218965
0.0254611
0.0301194
0.0338022
0.0311502
0.0212512
0.00823665
-0.00385066
-0.0128869
-0.0186279
-0.0218173
-0.0234633
-0.0243058
-0.0245733
0.0245452
0.0246569
0.0246517
0.0244126
0.0242955
0.0246119
0.0255921
0.0273069
0.0293761
0.0302369
0.0267821
0.0192236
0.0104799
0.00273717
-0.0030415
-0.00683135
-0.00902478
-0.0101533
-0.0106933
-0.0108603
0.0260634
0.0261162
0.0260386
0.0257009
0.0253698
0.0252403
0.0254528
0.0259984
0.0265425
0.0259816
0.0226027
0.0169892
0.0110548
0.00596839
0.00216677
-0.000395115
-0.00193059
-0.00271973
-0.00307366
-0.00317705
0.0245754
0.0245942
0.0244876
0.0241337
0.0237133
0.0233561
0.023143
0.0230339
0.0227699
0.0216183
0.0186875
0.0145851
0.0105146
0.00710528
0.00455063
0.00279169
0.00170917
0.00115562
0.000924813
0.000855017
0.0213069
0.0213089
0.0212021
0.0208784
0.020457
0.0200254
0.0196293
0.0192258
0.0186275
0.0173585
0.0149838
0.0120282
0.00923077
0.0069261
0.00519432
0.00398204
0.00322162
0.00283579
0.00267938
0.00263438
0.017011
0.0170068
0.0169158
0.0166467
0.0162768
0.0158671
0.0154431
0.0149693
0.014318
0.013192
0.0113973
0.00933613
0.00745023
0.00591461
0.00475693
0.00393535
0.00341245
0.00314927
0.00304658
0.00301805
0.0121279
0.0121234
0.0120568
0.0118556
0.0115684
0.0112434
0.0108922
0.0104886
0.00995161
0.00910533
0.00787531
0.00653799
0.00534444
0.00438062
0.00365146
0.003127
0.0027887
0.0026209
0.00255854
0.00254064
0.00690131
0.00690085
0.00686718
0.00674728
0.0065716
0.00637244
0.0061525
0.00589681
0.00556209
0.00506047
0.00437069
0.00364812
0.00301555
0.00250913
0.002127
0.00185089
0.00167294
0.0015907
0.00156323
0.00155173
0.00148429
0.00149341
0.00154049
0.00158798
0.00157249
0.00151654
0.00144136
0.0013537
0.00124672
0.00110856
0.000927544
0.000723725
0.000537802
0.000382292
0.000262196
0.000180959
0.000149669
0.000178552
0.000229789
0.000254451
-0.687582
-0.47264
-0.227973
-0.0259945
0.137899
0.269633
0.380481
0.473834
0.516075
0.493524
-0.301208
-0.152473
0.00309054
0.13722
0.25101
0.346197
0.423527
0.478656
0.507173
0.518611
-0.0347417
0.0644325
0.168944
0.261804
0.341876
0.409037
0.462417
0.501406
0.528957
0.546229
0.153319
0.221647
0.294894
0.361407
0.419229
0.468193
0.508178
0.539751
0.564849
0.582692
0.295965
0.345456
0.39812
0.447979
0.491903
0.530023
0.56237
0.588969
0.610785
0.628349
0.411109
0.447977
0.490092
0.529598
0.565565
0.597551
0.625281
0.648357
0.667149
0.684373
0.510309
0.541251
0.578041
0.612566
0.64461
0.673524
0.698651
0.719388
0.735537
0.752585
0.602984
0.633607
0.669343
0.70287
0.733772
0.761468
0.785224
0.804371
0.818195
0.835251
0.700851
0.734846
0.772564
0.807088
0.837955
0.864846
0.887371
0.905079
0.917271
0.934713
0.8175
0.855617
0.894958
0.929838
0.959695
0.98488
1.00561
1.02178
1.03347
1.05158
0.963494
1.00239
1.03871
1.06973
1.09571
1.11808
1.13735
1.15305
1.16562
1.18366
1.13882
1.17085
1.19725
1.21985
1.24001
1.25889
1.27673
1.29331
1.30874
1.32684
1.32778
1.34514
1.36038
1.37675
1.39275
1.40737
1.42066
1.43465
1.45225
1.47243
1.50993
1.51938
1.53098
1.54184
1.55116
1.56083
1.57171
1.58313
1.59453
1.6099
1.71712
1.72083
1.70591
1.69113
1.68493
1.69066
1.70916
1.73951
1.77171
1.79838
2.02347
1.88862
1.81203
1.76977
1.75237
1.75634
1.78378
1.84019
1.94282
2.1672
0.302283
0.300159
0.295673
0.287054
0.274838
0.262717
0.252491
0.244585
0.238932
0.235599
0.235097
0.237642
0.242565
0.249637
0.258905
0.270352
0.282933
0.293918
0.300009
0.303042
0.226717
0.232566
0.238915
0.243425
0.245909
0.2456
0.242873
0.239062
0.235518
0.233165
0.232858
0.234861
0.238333
0.242452
0.246121
0.247897
0.246876
0.243325
0.238108
0.231467
0.218286
0.220584
0.224005
0.227027
0.229131
0.230651
0.231423
0.231105
0.230041
0.229061
0.229063
0.23027
0.231874
0.232989
0.233004
0.231979
0.23032
0.227892
0.224566
0.221618
0.212757
0.213842
0.21571
0.218147
0.22023
0.22171
0.222762
0.223515
0.223884
0.224007
0.224303
0.224853
0.225194
0.22503
0.224417
0.223388
0.221758
0.219534
0.217341
0.215926
0.207562
0.208217
0.209373
0.211176
0.213062
0.214788
0.21615
0.217182
0.218017
0.218693
0.219199
0.219444
0.21934
0.218898
0.218066
0.216759
0.2151
0.213351
0.211889
0.211076
0.202652
0.203096
0.203945
0.205384
0.207028
0.208695
0.210291
0.211676
0.212813
0.213746
0.214395
0.214599
0.214353
0.213679
0.212598
0.211257
0.209808
0.208397
0.207296
0.206748
0.197966
0.198276
0.198959
0.200237
0.201767
0.203354
0.204974
0.206541
0.20792
0.209037
0.209824
0.210104
0.209817
0.209044
0.207951
0.206713
0.205426
0.204166
0.203254
0.202857
0.193641
0.19386
0.194417
0.195561
0.197004
0.198505
0.200012
0.201549
0.203087
0.204482
0.205468
0.205768
0.205475
0.204812
0.203936
0.202893
0.201736
0.200625
0.199872
0.199579
0.189613
0.189751
0.190215
0.191288
0.192688
0.19418
0.195729
0.197282
0.198792
0.200235
0.201402
0.201977
0.201977
0.201535
0.200766
0.199811
0.198755
0.197744
0.1971
0.196896
0.186138
0.1862
0.186563
0.187532
0.188848
0.190247
0.191733
0.193324
0.195012
0.196678
0.198092
0.198903
0.199064
0.198796
0.198242
0.197507
0.196635
0.195769
0.195262
0.195145
0.183281
0.183305
0.183541
0.184249
0.185304
0.186484
0.187799
0.189268
0.190908
0.192702
0.194417
0.195617
0.196218
0.196385
0.196234
0.195858
0.195349
0.19483
0.194559
0.194502
0.180475
0.180491
0.180655
0.181136
0.181941
0.182973
0.184224
0.185758
0.187582
0.189655
0.19176
0.193372
0.19432
0.19476
0.19492
0.194889
0.194754
0.194593
0.194512
0.194476
0.177042
0.177061
0.17721
0.177572
0.178185
0.179069
0.180258
0.181815
0.1838
0.186208
0.188802
0.190954
0.192397
0.193347
0.193872
0.194224
0.194429
0.194544
0.194572
0.194545
0.172722
0.172734
0.172886
0.173254
0.173876
0.174787
0.176102
0.177883
0.18021
0.183103
0.186323
0.189092
0.191027
0.192364
0.193257
0.193813
0.194282
0.194553
0.194629
0.194616
0.167541
0.167538
0.167691
0.168149
0.168894
0.169988
0.171525
0.173637
0.176432
0.179962
0.183965
0.187486
0.190025
0.191795
0.19305
0.193936
0.194523
0.194822
0.194928
0.194932
0.16162
0.161601
0.161773
0.162316
0.163272
0.164598
0.166466
0.169055
0.172453
0.176789
0.181765
0.186213
0.189489
0.191822
0.193444
0.194578
0.195266
0.195645
0.195809
0.195836
0.154915
0.154878
0.155071
0.1557
0.156813
0.158586
0.160894
0.164016
0.168195
0.173555
0.179748
0.185345
0.189491
0.192466
0.19455
0.195968
0.196847
0.197353
0.197589
0.197628
0.14722
0.147173
0.14741
0.148163
0.149518
0.151569
0.154424
0.158311
0.1635
0.17017
0.17789
0.184876
0.190092
0.193821
0.196467
0.198255
0.19941
0.200098
0.200414
0.200463
0.138125
0.138073
0.138372
0.139293
0.140926
0.143396
0.146917
0.151781
0.158287
0.166627
0.176243
0.184931
0.191391
0.196073
0.199365
0.201618
0.203109
0.204016
0.204419
0.204477
0.12704
0.126973
0.127375
0.128523
0.130555
0.13365
0.138093
0.144249
0.15245
0.162899
0.174862
0.185599
0.193593
0.199366
0.203423
0.206225
0.208106
0.209258
0.209759
0.209828
0.113317
0.113239
0.113793
0.115303
0.117918
0.121887
0.127591
0.13546
0.145867
0.158987
0.173826
0.187029
0.196811
0.203861
0.20884
0.212292
0.214628
0.216062
0.216682
0.216763
0.0960084
0.095922
0.0967163
0.0987594
0.102229
0.107477
0.114962
0.125169
0.138469
0.154936
0.173244
0.189347
0.201216
0.209774
0.215837
0.220065
0.222941
0.224708
0.225471
0.225562
0.0736667
0.0735832
0.0747736
0.0776653
0.0824767
0.0896807
0.0997636
0.113201
0.130263
0.150864
0.17328
0.192727
0.206988
0.21729
0.224633
0.229795
0.233332
0.235502
0.236425
0.236531
0.0439729
0.0439408
0.0458539
0.0502302
0.0573166
0.067628
0.0815724
0.0994626
0.121369
0.146979
0.174137
0.197339
0.214278
0.226563
0.235403
0.241695
0.246056
0.248728
0.249846
0.249962
0.0027553
0.00293674
0.00646578
0.0139073
0.0251708
0.0405955
0.0602576
0.0841643
0.112121
0.143594
0.176043
0.203324
0.223166
0.237646
0.248213
0.255878
0.2613
0.264619
0.265956
0.266071
-0.0578028
-0.056293
-0.0477788
-0.033792
-0.0148204
0.0087631
0.0364352
0.0679954
0.103095
0.141107
0.179202
0.210732
0.233598
0.250407
0.262875
0.272143
0.278845
0.28302
0.284665
0.284794
-0.13023
-0.127775
-0.111792
-0.0873759
-0.0578278
-0.0247404
0.0117086
0.0514692
0.0942817
0.139598
0.184373
0.221354
0.248434
0.268702
0.284106
0.295913
0.304833
0.310242
0.311958
0.312362
-0.20477
-0.196882
-0.173316
-0.138874
-0.0996707
-0.057392
-0.0122516
0.0356872
0.0862183
0.138883
0.190444
0.232969
0.264285
0.288019
0.306421
0.320848
0.331969
0.338447
0.341431
0.342285
-0.263194
-0.253765
-0.225342
-0.184223
-0.137526
-0.0875342
-0.0347114
0.0207473
0.0785151
0.138085
0.195928
0.243388
0.278269
0.304698
0.325186
0.341253
0.353593
0.361505
0.365503
0.366554
-0.310559
-0.300583
-0.268738
-0.222822
-0.170511
-0.114443
-0.0552328
0.00675134
0.0710052
0.136855
0.200351
0.252066
0.289799
0.31818
0.340034
0.357113
0.370261
0.379015
0.383381
0.384496
-0.349926
-0.339831
-0.305864
-0.256217
-0.199395
-0.138378
-0.0738343
-0.00625101
0.0637088
0.13519
0.203745
0.25915
0.29917
0.328959
0.35167
0.369246
0.382667
0.391741
0.396184
0.397397
-0.384086
-0.373988
-0.338433
-0.285826
-0.225325
-0.160137
-0.0909932
-0.0185
0.0565501
0.133139
0.206316
0.265034
0.307054
0.337992
0.361288
0.379079
0.392532
0.40165
0.40607
0.407323
-0.414595
-0.404531
-0.36779
-0.31273
-0.249148
-0.180378
-0.107201
-0.0303363
0.0493436
0.130648
0.208202
0.270109
0.314009
0.345955
0.369719
0.387681
0.401145
0.410284
0.414726
0.415862
-0.442655
-0.432593
-0.39487
-0.337725
-0.271521
-0.199624
-0.122891
-0.0420771
0.0418618
0.127627
0.209393
0.274406
0.320189
0.353199
0.377507
0.395696
0.40922
0.418347
0.422817
0.423784
-0.46903
-0.458941
-0.420365
-0.361432
-0.292899
-0.218242
-0.138337
-0.0539534
0.033912
0.123888
0.209769
0.278003
0.325853
0.360099
0.385068
0.403566
0.417198
0.426314
0.430771
0.431642
-0.494183
-0.484061
-0.444718
-0.3842
-0.31359
-0.236481
-0.15375
-0.0661374
0.0253548
0.119347
0.209397
0.281037
0.331137
0.366803
0.392605
0.411545
0.425375
0.434512
0.438937
0.439781
-0.518509
-0.50827
-0.468121
-0.406305
-0.333818
-0.254526
-0.169253
-0.0787117
0.0161493
0.114006
0.208199
0.283423
0.336057
0.373395
0.400242
0.419787
0.433926
0.443138
0.447451
0.448286
-0.542176
-0.531749
-0.490949
-0.427848
-0.353688
-0.272455
-0.184902
-0.0917031
0.0062585
0.107757
0.206045
0.285062
0.34057
0.379895
0.408021
0.428338
0.442889
0.452216
0.456425
0.457223
-0.565215
-0.554593
-0.513209
-0.448902
-0.373262
-0.290301
-0.200725
-0.105148
-0.00437673
0.100521
0.20286
0.285854
0.34455
0.386222
0.415904
0.437184
0.452254
0.461728
0.465814
0.466498
-0.587758
-0.576891
-0.534878
-0.469494
-0.392555
-0.308069
-0.216707
-0.119031
-0.0157366
0.0923167
0.198559
0.285649
0.347853
0.392253
0.423834
0.446285
0.46196
0.471569
0.475501
0.476048
-0.609723
-0.598618
-0.556006
-0.489637
-0.411535
-0.325709
-0.232787
-0.133283
-0.027755
0.0831417
0.193069
0.284288
0.35029
0.397847
0.431735
0.455613
0.471963
0.48165
0.485365
0.485739
-0.631128
-0.619768
-0.576551
-0.509295
-0.430159
-0.34317
-0.248904
-0.147818
-0.0403688
0.0730269
0.186356
0.281622
0.351612
0.402776
0.439503
0.465176
0.482256
0.491843
0.495182
0.495367
-0.651828
-0.640276
-0.596465
-0.528417
-0.448371
-0.360371
-0.264978
-0.16256
-0.0534909
0.0620556
0.17841
0.277527
0.351579
0.406729
0.446957
0.475045
0.492976
0.5021
0.50474
0.50468
-0.671912
-0.66009
-0.615721
-0.546966
-0.466127
-0.377262
-0.280912
-0.177414
-0.0670122
0.0503306
0.169269
0.271912
0.349948
0.409313
0.453754
0.485281
0.504633
0.512774
0.513877
0.513377
-0.691256
-0.679167
-0.634292
-0.564892
-0.483344
-0.39376
-0.296623
-0.192253
-0.0808092
0.0379417
0.159016
0.26473
0.346515
0.410053
0.459254
0.495642
0.518062
0.525376
0.523265
0.5211
-0.709884
-0.697573
-0.652129
-0.582142
-0.499987
-0.409798
-0.312026
-0.206994
-0.0947625
0.0250486
0.147771
0.255976
0.341157
0.408495
0.46243
0.505025
0.533367
0.543034
0.537655
0.526362
-0.727731
-0.715248
-0.66934
-0.598863
-0.516256
-0.425653
-0.327455
-0.222042
-0.109339
0.0111118
0.134934
0.244983
0.333191
0.40395
0.461706
0.511079
0.548216
0.564431
0.56071
0.550293
-0.744771
-0.732083
-0.685937
-0.615018
-0.532144
-0.441327
-0.342887
-0.237406
-0.12456
-0.00394697
0.120378
0.231492
0.322038
0.3958
0.45475
0.507659
0.549245
0.56946
0.542763
0.481957
-0.760777
-0.747361
-0.701833
-0.63058
-0.547785
-0.456945
-0.358363
-0.25296
-0.140348
-0.0200277
0.104115
0.215445
0.307005
0.38382
0.441009
0.484599
0.523389
0.524075
0.46865
0.398023
-0.775958
-0.762219
-0.716861
-0.645027
-0.562858
-0.472042
-0.374083
-0.268644
-0.15655
-0.0369452
0.0862207
0.196784
0.287311
0.369148
0.421535
0.471914
0.453034
0.420317
0.348792
0.27375
-0.761035
-0.743372
-0.696081
-0.621346
-0.534624
-0.440499
-0.337735
-0.229806
-0.115154
0.00729583
0.123999
0.221375
0.303048
0.387619
0.452504
0.366524
0.321259
0.257212
0.178295
0.125311
-0.784889
-0.76777
-0.733674
-0.667888
-0.586038
-0.495882
-0.398013
-0.293505
-0.182673
-0.0650375
0.055193
0.162527
0.248546
0.324697
0.394574
0.397895
0.276701
0.187103
0.119869
0.0273451
-0.803306
-0.787743
-0.747494
-0.680368
-0.598323
-0.50881
-0.412202
-0.308788
-0.199255
-0.0835308
0.0342304
0.138457
0.220885
0.284366
0.310218
0.239598
0.0828348
-0.0239735
-0.108071
-0.208025
-0.822138
-0.809989
-0.765139
-0.696747
-0.614679
-0.525136
-0.428737
-0.325893
-0.217596
-0.103881
0.0104004
0.109465
0.18503
0.23326
0.208796
0.0671123
-0.108022
-0.24241
-0.358189
-0.515186
-0.843877
-0.831183
-0.784521
-0.715088
-0.632864
-0.543358
-0.44723
-0.345207
-0.238338
-0.126987
-0.0166767
0.0766482
0.144122
0.17423
0.10778
-0.100653
-0.314535
-0.49294
-0.663018
-0.895995
-0.86441
-0.852006
-0.804371
-0.733888
-0.651327
-0.561926
-0.466307
-0.365335
-0.260127
-0.151489
-0.0455472
0.0415372
0.100244
0.103902
-0.02049
-0.261163
-0.515839
-0.76645
-0.97755
-1.46191
-0.884539
-0.87269
-0.824764
-0.753523
-0.670709
-0.581378
-0.486274
-0.386357
-0.282917
-0.177208
-0.0759649
0.00428039
0.0536903
0.018396
-0.156081
-0.404595
-0.673983
-0.942317
-1.17631
-1.57973
-0.905206
-0.893792
-0.845852
-0.774207
-0.691252
-0.601987
-0.507363
-0.408474
-0.306852
-0.204224
-0.107912
-0.0348486
0.00298783
-0.0639065
-0.279711
-0.521756
-0.771714
-0.99176
-1.08721
-1.12561
-0.926937
-0.915808
-0.867926
-0.796171
-0.713254
-0.624199
-0.530192
-0.432538
-0.33304
-0.233972
-0.143205
-0.0781915
-0.0551284
-0.147152
-0.392221
-0.620728
-0.828241
-0.979877
-1.02181
-1.03732
-0.949773
-0.938922
-0.891137
-0.819375
-0.736597
-0.647902
-0.554692
-0.458494
-0.361458
-0.266441
-0.18185
-0.125406
-0.11913
-0.252291
-0.493487
-0.709063
-0.889066
-0.977895
-1.00146
-1.00303
-0.973896
-0.963138
-0.915555
-0.843761
-0.761203
-0.673011
-0.580761
-0.486253
-0.391998
-0.301454
-0.22378
-0.175734
-0.197498
-0.360495
-0.587365
-0.793931
-0.937329
-0.983816
-0.982674
-0.984264
-0.999072
-0.988411
-0.94101
-0.869225
-0.786956
-0.699376
-0.608255
-0.515645
-0.424464
-0.338816
-0.268642
-0.229016
-0.279291
-0.466037
-0.673689
-0.870128
-0.969024
-0.978453
-0.975473
-0.97415
-1.02492
-1.01441
-0.966992
-0.895537
-0.81363
-0.726778
-0.636929
-0.546405
-0.458547
-0.378196
-0.31569
-0.286048
-0.357334
-0.571842
-0.751592
-0.916593
-0.97844
-0.9708
-0.967447
-0.964922
-1.05089
-1.04069
-0.993408
-0.922334
-0.840866
-0.754844
-0.666382
-0.578104
-0.493724
-0.419044
-0.364387
-0.345949
-0.433409
-0.675524
-0.830842
-0.89771
-0.972675
-0.959291
-0.955153
-0.955791
-1.07642
-1.06649
-1.01978
-0.94902
-0.868161
-0.78305
-0.696072
-0.610116
-0.529289
-0.460398
-0.414065
-0.404029
-0.520161
-0.775775
-0.96396
-0.874946
-0.895531
-0.954841
-0.970482
-0.973919
-1.10063
-1.09106
-1.04509
-0.975068
-0.894806
-0.8107
-0.725241
-0.641563
-0.564279
-0.500803
-0.463499
-0.459983
-0.619157
-0.880958
-1.22096
-1.46342
-1.30297
-1.16971
-1.12318
-1.11286
-1.12237
-1.11334
-1.06835
-0.999331
-0.920023
-0.836942
-0.752942
-0.671335
-0.597346
-0.538538
-0.510578
-0.515992
-0.711089
-0.997629
-1.36467
-1.78892
-1.50203
-1.44228
-1.39184
-1.36122
-1.14053
-1.13211
-1.08864
-1.02082
-0.942696
-0.860733
-0.778024
-0.698126
-0.626611
-0.57193
-0.551497
-0.569406
-0.77306
-0.930999
-0.702339
-0.328972
-0.856841
-1.34833
-1.41149
-1.408
-1.15368
-1.14601
-1.10467
-1.03853
-0.96166
-0.880821
-0.799273
-0.720484
-0.650032
-0.598224
-0.580673
-0.615089
-0.839967
-1.02252
-1.01085
-1.11414
-1.51166
-1.5777
-1.48761
-1.4476
-1.16059
-1.15382
-1.11521
-1.05126
-0.975857
-0.896072
-0.815285
-0.736802
-0.665861
-0.612906
-0.597186
-0.64749
-0.981691
-1.65205
-2.63368
-3.36666
-3.65808
-3.36959
-2.84993
-2.49222
-1.15935
-1.15365
-1.11973
-1.05807
-0.984295
-0.905484
-0.824963
-0.745651
-0.672348
-0.613178
-0.589689
-0.631715
-1.01215
-1.78253
-2.77902
-3.50388
-3.74443
-3.51421
-3.11493
-2.8196
-1.14961
-1.14554
-1.11688
-1.05857
-0.986308
-0.908487
-0.827632
-0.746413
-0.668006
-0.598263
-0.547497
-0.541567
-0.682883
-1.03623
-1.35742
-1.5331
-1.40433
-1.11031
-0.802148
-0.601449
-1.13136
-1.12835
-1.10564
-1.05248
-0.982144
-0.904877
-0.82341
-0.739524
-0.65453
-0.567664
-0.480366
-0.399701
-0.268979
-0.0290355
0.34483
0.802388
1.25794
1.64573
1.88642
1.99152
-1.10605
-1.10412
-1.08775
-1.04042
-0.972039
-0.895148
-0.813318
-0.726961
-0.635204
-0.533879
-0.420947
-0.27843
-0.0801405
0.328179
0.980424
1.65499
2.21446
2.57953
2.7642
2.82384
-1.0754
-1.0744
-1.06297
-1.02273
-0.956608
-0.880308
-0.798726
-0.712027
-0.617717
-0.509902
-0.381472
-0.242239
-0.0945708
0.220479
0.821818
1.40894
1.88095
2.18687
2.34863
2.41255
-1.0394
-1.03919
-1.03234
-0.997738
-0.934983
-0.859893
-0.781078
-0.697705
-0.605907
-0.498573
-0.37165
-0.247662
-0.138305
0.0180122
0.427828
0.845641
1.18269
1.41425
1.55271
1.62273
-0.988869
-0.98899
-0.985204
-0.957773
-0.90101
-0.831873
-0.759942
-0.684809
-0.601717
-0.501219
-0.379064
-0.262191
-0.182134
-0.110364
0.148438
0.420825
0.635326
0.783152
0.86907
0.917234
-0.907134
-0.907728
-0.904946
-0.885748
-0.844064
-0.790441
-0.733197
-0.672161
-0.602618
-0.51367
-0.392955
-0.269899
-0.181672
-0.117847
0.0533063
0.226385
0.356313
0.446338
0.498122
0.518158
-0.81862
-0.818531
-0.815213
-0.803624
-0.778765
-0.744407
-0.705765
-0.662675
-0.610281
-0.536735
-0.423052
-0.293522
-0.181856
-0.121597
-0.0185985
0.0751175
0.151844
0.205121
0.233465
0.243591
-0.753499
-0.752832
-0.749986
-0.743521
-0.730832
-0.71224
-0.690791
-0.666944
-0.6357
-0.581327
-0.488075
-0.348577
-0.21344
-0.129574
-0.0931112
-0.0461023
0.00179307
0.039943
0.0631377
0.0720886
-0.723454
-0.722822
-0.721124
-0.718321
-0.71281
-0.70549
-0.699196
-0.69643
-0.696426
-0.685596
-0.640752
-0.507971
-0.343778
-0.251734
-0.215922
-0.169717
-0.120046
-0.0786466
-0.052987
-0.0446681
-0.716828
-0.716694
-0.716624
-0.716713
-0.717242
-0.720315
-0.730559
-0.755231
-0.805159
-0.886659
-0.946879
-0.833764
-0.610317
-0.47982
-0.428824
-0.345988
-0.264059
-0.198733
-0.160468
-0.15204
-0.714821
-0.7153
-0.717003
-0.720339
-0.727236
-0.741764
-0.771603
-0.832024
-0.955173
-1.18841
-1.44989
-1.36098
-1.017
-0.779662
-0.665862
-0.542746
-0.418636
-0.32273
-0.269851
-0.264033
-0.700246
-0.701396
-0.704736
-0.711093
-0.723411
-0.748394
-0.797022
-0.89391
-1.09806
-1.51181
-2.03316
-2.00459
-1.51667
-1.127
-0.934068
-0.745639
-0.587163
-0.476343
-0.427953
-0.424894
-0.658786
-0.660452
-0.664644
-0.672545
-0.688323
-0.719134
-0.778715
-0.897496
-1.14357
-1.64698
-2.32613
-2.32071
-1.79255
-1.37853
-1.13909
-0.920903
-0.773073
-0.695528
-0.668531
-0.662366
-0.584698
-0.586434
-0.590383
-0.598078
-0.613244
-0.642879
-0.69971
-0.813327
-1.05493
-1.54576
-2.10779
-2.06648
-1.67095
-1.36895
-1.14063
-0.984623
-0.91142
-0.891816
-0.877278
-0.865562
-0.483403
-0.484836
-0.487708
-0.493422
-0.504858
-0.527318
-0.570311
-0.655887
-0.836832
-1.19989
-1.59976
-1.58694
-1.35863
-1.14417
-0.964112
-0.881315
-0.879874
-0.894218
-0.889133
-0.880499
-0.369181
-0.370094
-0.371558
-0.374642
-0.381092
-0.394043
-0.418853
-0.467633
-0.568965
-0.773067
-1.01293
-1.01524
-0.887648
-0.745816
-0.665098
-0.670253
-0.710757
-0.729824
-0.731278
-0.728985
-0.25851
-0.258919
-0.259179
-0.260056
-0.262242
-0.266969
-0.276205
-0.29418
-0.330567
-0.402422
-0.498036
-0.49916
-0.421819
-0.384261
-0.411597
-0.472676
-0.508551
-0.522914
-0.527026
-0.527622
-0.163878
-0.163937
-0.163459
-0.163084
-0.162722
-0.16241
-0.16212
-0.161923
-0.162191
-0.161647
-0.14708
-0.123341
-0.121449
-0.180686
-0.24743
-0.299657
-0.326033
-0.337997
-0.342996
-0.345017
-0.091057
-0.0909434
-0.0902175
-0.089449
-0.0881649
-0.0858414
-0.0817125
-0.0745217
-0.0624641
-0.0428304
-0.0170582
-0.00250911
-0.0235211
-0.0829704
-0.137719
-0.173945
-0.192674
-0.201604
-0.20631
-0.208585
-0.0399456
-0.0397879
-0.0391153
-0.0384548
-0.0372515
-0.0348056
-0.0302774
-0.022479
-0.00995608
0.00819414
0.02609
0.0269012
0.00450325
-0.035755
-0.0717351
-0.0954184
-0.108253
-0.11454
-0.11795
-0.119691
-0.00702631
-0.00689053
-0.00639599
-0.00603306
-0.0052712
-0.00350868
-2.12265e-05
0.00600191
0.0152449
0.0272844
0.0361858
0.0309092
0.0120886
-0.013393
-0.0354806
-0.0502605
-0.0584949
-0.0626777
-0.0649475
-0.0660872
0.0122592
0.0123531
0.0126573
0.0127443
0.0130258
0.0139751
0.0161311
0.0199622
0.0256813
0.0323713
0.0353844
0.0285427
0.014433
-0.00174844
-0.0152866
-0.0244961
-0.0298355
-0.0326246
-0.0340919
-0.0347933
0.0221072
0.0221625
0.0223146
0.0222135
0.0221333
0.0224273
0.0234745
0.0255068
0.0284875
0.0315152
0.0314176
0.0250243
0.0149606
0.00452766
-0.00396746
-0.00984541
-0.0134008
-0.015309
-0.0162737
-0.0167079
0.0257881
0.0258157
0.0258689
0.0256694
0.0253693
0.025245
0.0255363
0.0263528
0.027573
0.0284494
0.02694
0.0215823
0.0144887
0.00762658
0.00213679
-0.00172518
-0.0041518
-0.00548719
-0.00612996
-0.00641242
0.0256121
0.0256225
0.0256202
0.0253862
0.0249864
0.0246375
0.0244812
0.024559
0.024741
0.0244818
0.0225221
0.0182825
0.0132918
0.00869245
0.00505387
0.00245785
0.000775977
-0.000166937
-0.000610036
-0.000786834
0.0231125
0.0231136
0.0230864
0.0228589
0.0224503
0.0220181
0.0216492
0.0213528
0.021017
0.020262
0.0183361
0.0150917
0.011582
0.00845999
0.00600791
0.004238
0.00306409
0.00239735
0.00209289
0.00197833
0.019257
0.019254
0.0192209
0.0190239
0.0186568
0.0182337
0.0178075
0.0173749
0.0168507
0.0159826
0.0143317
0.0119358
0.00949916
0.00738679
0.00573558
0.00453228
0.0037198
0.00325476
0.00304841
0.00297241
0.0146248
0.0146208
0.0145926
0.0144385
0.0141399
0.0137835
0.0133997
0.0129832
0.0124733
0.01171
0.0104476
0.00877997
0.00715729
0.00577614
0.00469915
0.00390711
0.00336394
0.00305186
0.00291809
0.0028714
0.00954551
0.00954176
0.00952463
0.0094213
0.00921129
0.00895896
0.00868195
0.00837454
0.00799786
0.00745957
0.00663316
0.00560454
0.00463483
0.0038208
0.00318751
0.00271782
0.00239054
0.00220337
0.00212745
0.00210084
0.00148408
0.00151292
0.00157003
0.00158917
0.00154836
0.0014803
0.00139964
0.00130265
0.00118223
0.00102423
0.000827011
0.000627965
0.000455803
0.00031785
0.000216468
0.000158133
0.00015768
0.000205791
0.000246081
0.000947095
-1.89835
-1.04911
-0.54533
-0.244071
-0.0207248
0.15267
0.290717
0.406629
0.523427
0.618627
-0.661757
-0.415841
-0.197539
-0.0176796
0.132309
0.256412
0.35893
0.44286
0.495658
0.504002
-0.244649
-0.104325
0.0298951
0.149726
0.252968
0.340561
0.412572
0.467384
0.50312
0.52372
0.00914794
0.101847
0.19245
0.275869
0.348958
0.4114
0.462693
0.502797
0.533015
0.553851
0.187746
0.251294
0.317274
0.37796
0.431548
0.477989
0.517164
0.549397
0.575325
0.593482
0.325088
0.370426
0.42205
0.467422
0.509179
0.546164
0.578315
0.605549
0.627961
0.643017
0.437285
0.474327
0.51529
0.552611
0.587657
0.619607
0.64782
0.671879
0.691556
0.703863
0.536217
0.569056
0.605282
0.639825
0.672255
0.702059
0.728371
0.750574
0.768184
0.778127
0.630855
0.664497
0.701095
0.736272
0.76862
0.797815
0.823132
0.844046
0.859944
0.868451
0.735044
0.773098
0.812112
0.849136
0.881847
0.91028
0.934191
0.953576
0.968006
0.976702
0.863419
0.906098
0.945599
0.981921
1.01273
1.03874
1.06057
1.07844
1.09214
1.10244
1.02557
1.0674
1.10144
1.13106
1.1558
1.17752
1.19728
1.21485
1.22971
1.24249
1.21629
1.24723
1.2688
1.28809
1.30626
1.3236
1.33991
1.35581
1.3724
1.38938
1.41452
1.426
1.43715
1.45133
1.46567
1.47857
1.49001
1.50094
1.51389
1.53081
1.6005
1.61043
1.61913
1.62159
1.62244
1.62676
1.63764
1.65366
1.67132
1.67594
1.9016
1.84623
1.79544
1.7552
1.73289
1.7289
1.74239
1.7762
1.83267
1.90824
0.4445
0.385808
0.343335
0.309482
0.284829
0.267276
0.254761
0.245817
0.239669
0.236106
0.235565
0.238236
0.243494
0.251277
0.262081
0.277048
0.297997
0.327048
0.365775
0.41358
0.246042
0.254805
0.260349
0.261175
0.257698
0.251659
0.245225
0.239728
0.235824
0.234049
0.235032
0.238429
0.243537
0.249867
0.256519
0.261706
0.263277
0.260006
0.252603
0.24493
0.223065
0.225099
0.229718
0.233251
0.235783
0.237224
0.236939
0.235189
0.23296
0.231293
0.231134
0.232743
0.235255
0.237699
0.239035
0.23858
0.236629
0.233748
0.229649
0.225242
0.216139
0.217008
0.219516
0.222269
0.224319
0.225714
0.226717
0.227165
0.226977
0.226606
0.226762
0.22761
0.228473
0.228738
0.228249
0.227246
0.225704
0.223356
0.220635
0.218639
0.210477
0.210941
0.212377
0.214473
0.216486
0.218121
0.219299
0.22019
0.220863
0.221331
0.221747
0.222092
0.222128
0.221785
0.221088
0.21992
0.218229
0.216238
0.214471
0.213422
0.205328
0.205614
0.206589
0.208179
0.209937
0.211661
0.213178
0.214387
0.215362
0.216173
0.216754
0.216964
0.216788
0.216237
0.215254
0.213889
0.212323
0.210767
0.209515
0.208858
0.200449
0.200642
0.201398
0.202738
0.204304
0.20592
0.207542
0.209047
0.210323
0.21135
0.212065
0.212299
0.212016
0.211263
0.210153
0.20886
0.207512
0.206195
0.205201
0.204737
0.195887
0.196022
0.19664
0.197856
0.199352
0.200898
0.202471
0.204052
0.205537
0.206795
0.207675
0.207963
0.207653
0.206898
0.20589
0.204743
0.203512
0.202316
0.201482
0.201141
0.19167
0.191764
0.192269
0.193361
0.194767
0.196249
0.197743
0.199246
0.200751
0.202187
0.203266
0.203676
0.203521
0.203
0.202214
0.20123
0.200133
0.199088
0.1984
0.198152
0.187831
0.187883
0.188304
0.189347
0.190732
0.192211
0.193778
0.195401
0.197014
0.198546
0.199824
0.200525
0.200602
0.200199
0.199473
0.198589
0.197594
0.196626
0.196033
0.195873
0.184675
0.184698
0.184993
0.185837
0.187028
0.188311
0.18968
0.191184
0.192844
0.194586
0.196145
0.197125
0.19749
0.197453
0.197131
0.196584
0.195879
0.195173
0.194782
0.194701
0.181917
0.181934
0.182126
0.182709
0.183639
0.184746
0.186043
0.187556
0.189272
0.191173
0.193066
0.194469
0.195249
0.19554
0.195532
0.195319
0.19499
0.194651
0.194486
0.194445
0.178866
0.178885
0.179033
0.179436
0.180131
0.181078
0.182276
0.183812
0.185711
0.187951
0.190287
0.192147
0.193325
0.194025
0.19435
0.194526
0.19456
0.194547
0.19453
0.194501
0.174988
0.175003
0.17515
0.175509
0.176107
0.176972
0.178213
0.179866
0.18199
0.184616
0.187505
0.189956
0.191657
0.192789
0.193517
0.193993
0.194317
0.194511
0.194567
0.194549
0.170221
0.170234
0.170385
0.170802
0.171479
0.172464
0.173869
0.175823
0.178377
0.181565
0.185149
0.188268
0.19049
0.19199
0.193073
0.193844
0.19436
0.19462
0.194704
0.194699
0.164646
0.164656
0.164813
0.165323
0.16617
0.167316
0.169055
0.171385
0.174453
0.178362
0.182829
0.186794
0.189682
0.191734
0.193164
0.194166
0.194795
0.19512
0.19525
0.195266
0.158339
0.158345
0.158516
0.159106
0.160226
0.161695
0.163745
0.166602
0.170366
0.175186
0.180736
0.185733
0.189427
0.192062
0.193908
0.195172
0.19593
0.196351
0.196546
0.19658
0.151171
0.151172
0.15139
0.15203
0.15332
0.155196
0.15778
0.161257
0.165908
0.171882
0.178794
0.18505
0.189705
0.193054
0.195396
0.196986
0.197976
0.198551
0.198823
0.198869
0.142841
0.142845
0.143101
0.143893
0.145387
0.147652
0.150823
0.155173
0.160979
0.168428
0.177042
0.184837
0.190647
0.194836
0.197791
0.199795
0.201089
0.201859
0.202215
0.202269
0.132817
0.132823
0.13314
0.134115
0.135951
0.138744
0.142703
0.148165
0.155457
0.164788
0.175517
0.185179
0.192366
0.197584
0.201245
0.203757
0.205411
0.206404
0.206849
0.206913
0.120538
0.120548
0.120968
0.122213
0.124523
0.128057
0.133079
0.140017
0.14925
0.160961
0.174292
0.186211
0.195066
0.201454
0.20596
0.209072
0.211142
0.212381
0.212927
0.213002
0.105182
0.105196
0.105754
0.107405
0.110456
0.115066
0.121584
0.130525
0.142277
0.156974
0.173468
0.188064
0.19885
0.206631
0.212139
0.215966
0.218529
0.220056
0.220716
0.220806
0.0856086
0.0856309
0.0864058
0.0887013
0.0928759
0.0990825
0.107743
0.119424
0.134473
0.152898
0.173177
0.190896
0.203922
0.213326
0.220013
0.224694
0.227858
0.229757
0.230562
0.230657
0.0600554
0.060096
0.0612474
0.0646179
0.0705999
0.0792604
0.0910704
0.10655
0.12589
0.148884
0.173595
0.194871
0.210439
0.221708
0.229783
0.235494
0.239392
0.241733
0.242708
0.24281
0.0254401
0.0255268
0.0274665
0.0329211
0.042138
0.0547766
0.0713001
0.0919846
0.116762
0.145201
0.174943
0.200152
0.218521
0.231887
0.24158
0.248549
0.253379
0.256295
0.257474
0.257572
-0.024139
-0.0237463
-0.019365
-0.009174
0.00608511
0.0252548
0.048618
0.076146
0.107546
0.142219
0.17746
0.206854
0.228201
0.243843
0.255369
0.26385
0.269886
0.273595
0.27507
0.275154
-0.0966608
-0.0938966
-0.0814838
-0.0612597
-0.0362706
-0.00788518
0.0241744
0.0598158
0.0987107
0.140261
0.18151
0.215542
0.240311
0.258684
0.272533
0.283106
0.290987
0.29609
0.298282
0.298571
-0.173824
-0.166592
-0.144613
-0.113997
-0.0789838
-0.0411899
-0.00034424
0.0435366
0.0902257
0.13924
0.187463
0.22729
0.256563
0.27865
0.295706
0.309132
0.319574
0.326913
0.330725
0.331324
-0.237558
-0.230444
-0.201544
-0.162509
-0.119104
-0.0727694
-0.0236391
0.0281707
0.082402
0.138574
0.193337
0.238412
0.271605
0.296794
0.31638
0.331864
0.343911
0.352887
0.356734
0.3574
-0.289102
-0.281474
-0.248843
-0.204272
-0.154521
-0.101323
-0.0451663
0.0136679
0.074781
0.137577
0.19832
0.247984
0.284369
0.311857
0.333128
0.349891
0.362935
0.372473
0.376656
0.37757
-0.331466
-0.323606
-0.288719
-0.240057
-0.185323
-0.126675
-0.0646949
0.000183599
0.0673673
0.136111
0.2022
0.255818
0.29475
0.323882
0.346225
0.363686
0.377218
0.386813
0.39142
0.392414
-0.367569
-0.359584
-0.323221
-0.271421
-0.212599
-0.149429
-0.0825186
-0.01241
0.0601566
0.134239
0.205157
0.262243
0.303282
0.333665
0.356701
0.374469
0.388103
0.397637
0.402378
0.403424
-0.399384
-0.391343
-0.353944
-0.299549
-0.237398
-0.170369
-0.0991476
-0.0244134
0.0529981
0.131979
0.207358
0.267683
0.310666
0.342121
0.365655
0.383567
0.397186
0.406617
0.411439
0.412546
-0.428335
-0.420229
-0.381983
-0.325402
-0.260435
-0.190056
-0.115055
-0.0361729
0.0456761
0.129241
0.208915
0.272373
0.317196
0.349667
0.373693
0.391791
0.405394
0.414778
0.419569
0.420741
-0.455263
-0.447096
-0.4081
-0.349678
-0.282269
-0.208963
-0.130602
-0.0479595
0.0379805
0.125878
0.209705
0.276297
0.323074
0.356685
0.381318
0.399671
0.413338
0.422649
0.427322
0.4286
-0.480829
-0.472575
-0.432941
-0.372884
-0.30328
-0.227364
-0.146013
-0.0599784
0.0297347
0.121735
0.209695
0.279619
0.328561
0.363475
0.388843
0.407565
0.421361
0.430653
0.435204
0.436482
-0.505394
-0.49703
-0.456789
-0.395296
-0.323722
-0.245496
-0.161465
-0.0723523
0.0208511
0.116797
0.208925
0.282333
0.333675
0.370136
0.396427
0.415662
0.429693
0.439021
0.443455
0.44462
-0.529228
-0.520719
-0.47974
-0.417118
-0.343769
-0.263482
-0.177038
-0.0851352
0.0113097
0.111017
0.207262
0.284353
0.338384
0.376686
0.404135
0.424051
0.438423
0.447824
0.452163
0.453165
-0.552408
-0.543748
-0.502304
-0.438412
-0.363488
-0.281367
-0.192776
-0.098353
0.00104898
0.104274
0.204598
0.285589
0.342642
0.383095
0.411967
0.432748
0.447576
0.457086
0.461341
0.462163
-0.575046
-0.566189
-0.524235
-0.459237
-0.382925
-0.299182
-0.208687
-0.112025
-0.00995463
0.0965509
0.200867
0.285897
0.346313
0.389292
0.419881
0.441726
0.457108
0.466721
0.470844
0.471521
-0.597147
-0.588161
-0.545602
-0.47961
-0.402069
-0.316894
-0.224726
-0.126101
-0.0216588
0.0878553
0.195974
0.28513
0.349207
0.395135
0.427808
0.450941
0.466961
0.476661
0.480575
0.481083
-0.61871
-0.609549
-0.566427
-0.499519
-0.420882
-0.334451
-0.240839
-0.14051
-0.0339865
0.0782071
0.189874
0.283134
0.351113
0.400423
0.435655
0.460381
0.477102
0.486801
0.490402
0.49072
-0.639651
-0.630341
-0.586644
-0.518919
-0.43931
-0.351799
-0.256941
-0.155164
-0.0468659
0.067652
0.182543
0.279769
0.351792
0.404906
0.443295
0.470085
0.487569
0.497008
0.500098
0.500191
-0.659938
-0.65047
-0.606217
-0.537764
-0.4573
-0.368858
-0.272957
-0.169974
-0.0602033
0.0562888
0.173989
0.27492
0.350987
0.408229
0.450475
0.480139
0.498666
0.507372
0.509424
0.509204
-0.679536
-0.669915
-0.625126
-0.556008
-0.474798
-0.385552
-0.288795
-0.184833
-0.0738807
0.044212
0.164283
0.268524
0.348475
0.40995
0.456721
0.490508
0.511111
0.518708
0.51846
0.517458
-0.698404
-0.688619
-0.643333
-0.573606
-0.491738
-0.40183
-0.304369
-0.199643
-0.0877761
0.0315495
0.153508
0.260554
0.344091
0.409588
0.461203
0.500598
0.525602
0.533456
0.529398
0.525738
-0.716552
-0.706628
-0.660832
-0.590559
-0.508147
-0.417714
-0.319705
-0.21444
-0.101922
0.0182687
0.141609
0.250822
0.337576
0.406663
0.462695
0.508775
0.541386
0.554798
0.550331
0.53263
-0.73402
-0.723906
-0.677749
-0.607028
-0.524248
-0.433508
-0.335174
-0.229682
-0.11687
0.00371725
0.127871
0.238555
0.328059
0.40036
0.459075
0.510942
0.552128
0.566446
0.566918
0.518101
-0.751075
-0.740057
-0.694025
-0.622895
-0.539955
-0.449119
-0.350599
-0.245143
-0.132372
-0.0118485
0.11247
0.223799
0.315069
0.390307
0.44864
0.498998
0.54023
0.557194
0.511018
0.442291
-0.768586
-0.754263
-0.709504
-0.638115
-0.555564
-0.464718
-0.366218
-0.260812
-0.148423
-0.0284145
0.0953408
0.206428
0.297751
0.376694
0.432087
0.461791
0.494026
0.479217
0.413889
0.341237
-0.785609
-0.789131
-0.727599
-0.650342
-0.568325
-0.477647
-0.381463
-0.276065
-0.164328
-0.0452376
0.0771162
0.186845
0.276164
0.362122
0.397903
0.382391
0.403919
0.352515
0.277103
0.198777
-0.761312
-0.76041
-0.703634
-0.628014
-0.541398
-0.447481
-0.346946
-0.239369
-0.125293
-0.00370144
0.111803
0.207977
0.28656
0.36864
0.40664
0.306094
0.222501
0.155225
0.0766015
-0.0883028
-0.800373
-0.775429
-0.715922
-0.639525
-0.553216
-0.459773
-0.359951
-0.253266
-0.140541
-0.0210945
0.0910652
0.18333
0.255118
0.308725
0.285214
0.154336
0.0240078
-0.0657278
-0.159756
-0.348041
-0.823187
-0.793353
-0.733527
-0.657051
-0.57108
-0.477986
-0.37823
-0.272595
-0.161579
-0.0449318
0.0632163
0.150113
0.21342
0.237522
0.159659
-0.0239062
-0.180977
-0.298179
-0.433975
-0.700901
-0.845232
-0.812979
-0.752246
-0.675175
-0.589217
-0.496318
-0.397113
-0.29267
-0.183568
-0.070072
0.0333332
0.113844
0.165767
0.156619
0.0099271
-0.208937
-0.409129
-0.573422
-0.772442
-1.2156
-0.86597
-0.83305
-0.771466
-0.693694
-0.607652
-0.515013
-0.4166
-0.313449
-0.206439
-0.0964302
0.00157287
0.0752178
0.111702
0.0635534
-0.139137
-0.386919
-0.642485
-0.870181
-1.1599
-1.94347
-0.886211
-0.853506
-0.791397
-0.713149
-0.62701
-0.534661
-0.437018
-0.335229
-0.230492
-0.124257
-0.03204
0.033974
0.0535281
-0.0379449
-0.27801
-0.537595
-0.809842
-1.06521
-1.29304
-2.22123
-0.907005
-0.874524
-0.812223
-0.733745
-0.647549
-0.555463
-0.458553
-0.358142
-0.255788
-0.153525
-0.0673039
-0.00985636
-0.00838535
-0.156007
-0.397659
-0.648941
-0.888932
-1.0603
-1.09605
-1.15767
-0.928743
-0.896503
-0.834196
-0.755713
-0.669607
-0.577923
-0.481899
-0.383118
-0.283529
-0.185843
-0.106217
-0.0587888
-0.0853074
-0.271577
-0.504128
-0.730214
-0.914726
-1.01574
-1.02886
-1.03998
-0.951698
-0.919627
-0.857372
-0.778971
-0.693093
-0.601959
-0.507036
-0.41016
-0.313712
-0.221212
-0.14862
-0.113236
-0.165533
-0.378523
-0.602679
-0.804509
-0.951449
-0.994581
-1.0022
-1.00263
-0.975893
-0.943779
-0.881731
-0.803433
-0.717895
-0.627478
-0.533846
-0.439136
-0.346224
-0.25946
-0.194487
-0.173076
-0.248705
-0.478678
-0.694341
-0.879094
-0.965128
-0.979552
-0.983528
-0.983992
-1.00116
-0.968936
-0.907122
-0.829014
-0.743901
-0.654333
-0.562174
-0.469874
-0.380873
-0.300283
-0.243807
-0.233051
-0.346295
-0.572492
-0.775494
-0.940236
-0.98151
-0.977101
-0.974742
-0.973665
-1.027
-0.994908
-0.93332
-0.85547
-0.770875
-0.682287
-0.591769
-0.502097
-0.417331
-0.343233
-0.29568
-0.2954
-0.453044
-0.666642
-0.835424
-0.977422
-0.976666
-0.968962
-0.966123
-0.964036
-1.05304
-1.02127
-0.959831
-0.882431
-0.798474
-0.710967
-0.62222
-0.535345
-0.455011
-0.387835
-0.349035
-0.36829
-0.552321
-0.768643
-0.873162
-0.898538
-0.940361
-0.954493
-0.955573
-0.955581
-1.07848
-1.04729
-0.986321
-0.909426
-0.826157
-0.739828
-0.652939
-0.568966
-0.493051
-0.4333
-0.402817
-0.442223
-0.647182
-0.889051
-0.955507
-0.869235
-0.936552
-0.96524
-0.972804
-0.973629
-1.1027
-1.07215
-1.01205
-0.935726
-0.853247
-0.768164
-0.683123
-0.60201
-0.530335
-0.478085
-0.45664
-0.513922
-0.754103
-1.03107
-1.39853
-1.39927
-1.2251
-1.13723
-1.11779
-1.10726
-1.12438
-1.09497
-1.0358
-0.960494
-0.878918
-0.795073
-0.711762
-0.633216
-0.565542
-0.519795
-0.509506
-0.581594
-0.861715
-1.15791
-1.57265
-1.65976
-1.45529
-1.41999
-1.37316
-1.3556
-1.14236
-1.11453
-1.05666
-0.982616
-0.902141
-0.819468
-0.737656
-0.661064
-0.596807
-0.55561
-0.55882
-0.638853
-0.890167
-0.867651
-0.502032
-0.566562
-1.14997
-1.42064
-1.41081
-1.40683
-1.15533
-1.12948
-1.07359
-1.00099
-0.921676
-0.840136
-0.759441
-0.683932
-0.621271
-0.583789
-0.598594
-0.688758
-0.956548
-1.04448
-0.950186
-1.35724
-1.56746
-1.54386
-1.45051
-1.47176
-1.162
-1.13862
-1.08533
-1.01452
-0.93642
-0.855814
-0.775676
-0.700159
-0.636383
-0.599352
-0.615953
-0.765742
-1.26606
-2.11629
-3.0311
-3.60423
-3.56601
-3.11375
-2.64188
-2.44287
-1.16133
-1.1409
-1.0911
-1.02224
-0.945424
-0.865464
-0.785092
-0.708064
-0.640479
-0.595069
-0.601922
-0.749751
-1.36012
-2.26053
-3.20198
-3.70766
-3.66867
-3.31264
-2.92106
-2.78737
-1.1513
-1.13518
-1.0904
-1.02362
-0.94806
-0.868453
-0.787097
-0.7069
-0.631682
-0.568926
-0.54406
-0.55445
-0.861447
-1.19734
-1.48829
-1.50187
-1.26817
-0.946507
-0.68377
-0.546264
-1.13275
-1.12067
-1.08221
-1.01862
-0.944361
-0.864706
-0.781871
-0.697144
-0.611328
-0.525593
-0.434028
-0.327748
-0.166344
0.138877
0.570315
1.03024
1.46779
1.78602
1.9539
2.01037
-1.10721
-1.09907
-1.06776
-1.00788
-0.934429
-0.854927
-0.770782
-0.682211
-0.587017
-0.477356
-0.350876
-0.206148
0.0796622
0.635049
1.32151
1.95795
2.4221
2.69201
2.80584
2.83181
-1.07638
-1.07131
-1.04691
-0.991817
-0.919067
-0.84031
-0.756387
-0.66639
-0.565892
-0.445764
-0.313693
-0.168435
0.0177743
0.503493
1.12486
1.66422
2.05501
2.28328
2.39023
2.42251
-1.04003
-1.03795
-1.0193
-0.968637
-0.898395
-0.821307
-0.740289
-0.653162
-0.554889
-0.436262
-0.306502
-0.191113
-0.0912437
0.200764
0.645132
1.0252
1.31256
1.49331
1.59559
1.6346
-0.988759
-0.988678
-0.975486
-0.931916
-0.867305
-0.796072
-0.722602
-0.644022
-0.553831
-0.441619
-0.316081
-0.220352
-0.160024
0.00392913
0.28982
0.535454
0.718625
0.832217
0.896979
0.925501
-0.907365
-0.907294
-0.898195
-0.867137
-0.818066
-0.762257
-0.703719
-0.639416
-0.560598
-0.45489
-0.328257
-0.222135
-0.152722
-0.0499264
0.14583
0.295935
0.406917
0.476327
0.511522
0.520194
-0.818818
-0.817458
-0.810842
-0.792832
-0.762352
-0.725694
-0.685549
-0.639369
-0.577857
-0.482195
-0.357933
-0.236354
-0.14106
-0.0676417
0.0268902
0.116923
0.181476
0.222151
0.240339
0.243857
-0.753442
-0.751677
-0.74735
-0.738166
-0.722053
-0.701752
-0.679271
-0.653146
-0.615013
-0.541591
-0.419111
-0.279207
-0.162436
-0.110889
-0.0705002
-0.0215364
0.022845
0.0531469
0.0696537
0.0710656
-0.723296
-0.722069
-0.719941
-0.716008
-0.70924
-0.701976
-0.697013
-0.695907
-0.695068
-0.675402
-0.580689
-0.423019
-0.281096
-0.227469
-0.19557
-0.143621
-0.0977572
-0.0636183
-0.0465239
-0.0470484
-0.716768
-0.716633
-0.716663
-0.716866
-0.718246
-0.724181
-0.740403
-0.775798
-0.841597
-0.931234
-0.917127
-0.719451
-0.526887
-0.456739
-0.387911
-0.304893
-0.228443
-0.175837
-0.152834
-0.154711
-0.714921
-0.71598
-0.718417
-0.723172
-0.733203
-0.754136
-0.796603
-0.88277
-1.05604
-1.33479
-1.46347
-1.19177
-0.876745
-0.719696
-0.606413
-0.477504
-0.366333
-0.289924
-0.262038
-0.266322
-0.700585
-0.702765
-0.707431
-0.716295
-0.733895
-0.76876
-0.837105
-0.976845
-1.27432
-1.8023
-2.11132
-1.77913
-1.29428
-1.02497
-0.84072
-0.661806
-0.523492
-0.443772
-0.423988
-0.427795
-0.65938
-0.662184
-0.667944
-0.679136
-0.701304
-0.744119
-0.827877
-0.998233
-1.35128
-2.05391
-2.42672
-2.08086
-1.55077
-1.25159
-1.02177
-0.838976
-0.727648
-0.67742
-0.663699
-0.663864
-0.585375
-0.588071
-0.593607
-0.604428
-0.625741
-0.666736
-0.746588
-0.911814
-1.2638
-1.87051
-2.17499
-1.86598
-1.502
-1.2602
-1.04944
-0.938097
-0.898922
-0.885101
-0.870165
-0.864208
-0.484037
-0.486014
-0.490125
-0.498131
-0.51432
-0.54538
-0.605668
-0.729604
-0.992689
-1.43124
-1.65175
-1.47447
-1.24804
-1.03971
-0.912863
-0.871355
-0.889348
-0.893408
-0.884428
-0.878627
-0.369669
-0.370665
-0.372862
-0.377259
-0.386531
-0.404485
-0.439097
-0.509119
-0.655894
-0.908841
-1.05066
-0.960177
-0.813342
-0.69261
-0.657524
-0.692036
-0.723342
-0.732071
-0.730054
-0.727851
-0.258826
-0.258967
-0.25955
-0.260901
-0.264203
-0.270853
-0.283704
-0.309213
-0.361147
-0.45434
-0.512823
-0.462719
-0.395907
-0.38696
-0.443236
-0.494321
-0.518051
-0.525406
-0.527607
-0.52721
-0.164054
-0.163679
-0.163307
-0.162879
-0.162561
-0.162264
-0.161993
-0.161988
-0.16233
-0.15731
-0.138435
-0.10885
-0.147717
-0.214802
-0.276675
-0.315517
-0.333032
-0.341029
-0.344334
-0.345019
-0.0911422
-0.090584
-0.0898977
-0.0888799
-0.0871684
-0.0840638
-0.0785915
-0.0692358
-0.0537864
-0.0297175
-0.00825581
-0.00471064
-0.0521119
-0.112522
-0.158275
-0.185371
-0.197891
-0.204319
-0.20775
-0.208771
-0.0399834
-0.039458
-0.0388358
-0.0379417
-0.0362254
-0.0328614
-0.0268689
-0.016894
-0.00155394
0.0183186
0.0291457
0.0193488
-0.0151825
-0.0551434
-0.0852376
-0.102953
-0.111933
-0.11648
-0.119038
-0.119876
-0.0070439
-0.00664444
-0.00622919
-0.00571211
-0.00455595
-0.00202386
0.00262566
0.0102002
0.0210395
0.0329774
0.0355989
0.0230328
-0.000597298
-0.0252423
-0.0438081
-0.0550727
-0.0609395
-0.0639742
-0.0656603
-0.0662185
0.0122484
0.012511
0.0127196
0.0128483
0.0133813
0.0148762
0.0178143
0.0225986
0.0290432
0.0348735
0.033242
0.0221469
0.00623786
-0.00901233
-0.0204404
-0.0275832
-0.0314656
-0.0334734
-0.0345333
-0.0348757
0.0220982
0.0222513
0.022303
0.0221562
0.0222038
0.0228424
0.0243608
0.0269024
0.0301074
0.0321623
0.0289548
0.0202651
0.00960948
-3.24115e-05
-0.00723069
-0.0118792
-0.0145166
-0.0158757
-0.0165492
-0.0167595
0.0257799
0.0258584
0.0258107
0.0255093
0.0252679
0.0253306
0.0258794
0.0269369
0.0281366
0.0281517
0.0246622
0.0181309
0.0109378
0.00468076
8.58405e-06
-0.00309995
-0.00493291
-0.00587639
-0.00631049
-0.00644543
0.0256046
0.0256376
0.0255411
0.0251875
0.0247982
0.0245315
0.0244942
0.0246569
0.024723
0.0237898
0.0206116
0.0158062
0.010897
0.0067414
0.00363186
0.0015123
0.000223943
-0.00043548
-0.000723601
-0.000808984
0.023106
0.0231146
0.0230054
0.0226628
0.0222335
0.0218243
0.0214959
0.0212051
0.0207292
0.0194757
0.0168166
0.0133258
0.0099492
0.00714627
0.00504295
0.00358183
0.00267334
0.00221092
0.00201932
0.00196326
0.0192516
0.0192493
0.0191494
0.0188512
0.0184511
0.0180208
0.0175956
0.0171351
0.0164837
0.0152633
0.0131794
0.0106973
0.00839085
0.00650289
0.00508199
0.00408005
0.00344682
0.00312709
0.00299982
0.00296165
0.0146205
0.0146154
0.0145367
0.0143008
0.0139685
0.0135952
0.0131985
0.0127472
0.0121381
0.0111404
0.0096311
0.00794924
0.00643102
0.00520021
0.00427041
0.00360584
0.00318025
0.00296817
0.00288756
0.0028641
0.00954198
0.00953856
0.00948808
0.00932573
0.00908978
0.00882374
0.0085342
0.0081993
0.00775726
0.00707918
0.0061235
0.00510548
0.004206
0.0034824
0.00293417
0.0025369
0.00227968
0.0021552
0.0021105
0.00209577
0.00419624
0.00419567
0.00420676
0.00417905
0.004085
0.00396599
0.00382929
0.00367504
0.00348522
0.00322113
0.00283685
0.00238039
0.00196093
0.00161309
0.00134494
0.001149
0.00101804
0.00095843
0.000950635
0.000942452
-1.38681
-0.744761
-0.382481
-0.127348
0.0701574
0.224292
0.351517
0.4619
0.584358
0.575145
-0.485589
-0.299087
-0.103318
0.0609446
0.197473
0.310008
0.403442
0.474617
0.505389
0.509446
-0.155445
-0.0356395
0.0920068
0.203367
0.298691
0.378555
0.442331
0.487445
0.515592
0.531947
0.0671884
0.1482
0.235457
0.313743
0.381543
0.438462
0.484106
0.518965
0.545475
0.563599
0.229349
0.287146
0.348489
0.405655
0.455676
0.49847
0.534119
0.563075
0.586487
0.6045
0.356277
0.398955
0.44495
0.488896
0.528277
0.56284
0.592562
0.617294
0.637519
0.655122
0.462199
0.495462
0.534222
0.570474
0.60407
0.634207
0.660405
0.68223
0.699654
0.716955
0.55686
0.58722
0.622817
0.656321
0.687543
0.715689
0.740027
0.759952
0.774896
0.792027
0.650467
0.682624
0.719022
0.752801
0.783658
0.810992
0.834172
0.852645
0.865575
0.882863
0.756067
0.792388
0.83114
0.866014
0.896616
0.922812
0.944466
0.961405
0.973228
0.99111
0.886549
0.925864
0.964448
0.997968
1.02628
1.05015
1.07002
1.08574
1.09771
1.11601
1.04815
1.08486
1.11696
1.14391
1.16695
1.18763
1.2064
1.22256
1.23636
1.25427
1.23317
1.25853
1.27864
1.29728
1.31505
1.3319
1.34786
1.36393
1.38112
1.40028
1.42024
1.43121
1.44401
1.45865
1.47232
1.48446
1.49545
1.50686
1.52231
1.54176
1.60227
1.6158
1.62089
1.62189
1.62388
1.63133
1.64512
1.66278
1.67655
1.6879
1.87125
1.82071
1.77326
1.74171
1.72874
1.73332
1.75655
1.80164
1.86836
1.96248
0.301124
0.298118
0.292059
0.281139
0.268655
0.257349
0.248285
0.241503
0.236978
0.234965
0.236015
0.23981
0.245805
0.253955
0.26435
0.276588
0.288883
0.297555
0.302058
0.304204
0.229408
0.236063
0.241329
0.244961
0.246088
0.244465
0.241014
0.237205
0.234157
0.232709
0.233609
0.236451
0.240358
0.24443
0.247339
0.247775
0.245383
0.240942
0.234615
0.228779
0.219291
0.222263
0.225648
0.228165
0.229951
0.231154
0.231388
0.230619
0.229487
0.228896
0.229553
0.231076
0.232546
0.233159
0.232598
0.231227
0.22923
0.226283
0.222903
0.220611
0.21322
0.214659
0.216923
0.219256
0.221034
0.222271
0.223176
0.223745
0.223952
0.224113
0.224574
0.225078
0.225183
0.224775
0.223968
0.222664
0.220708
0.218361
0.216542
0.215459
0.207859
0.208693
0.210236
0.212116
0.213956
0.215514
0.216694
0.217617
0.218372
0.218973
0.219366
0.219438
0.219163
0.218542
0.217476
0.215963
0.214232
0.212536
0.21143
0.210775
0.202862
0.203432
0.204625
0.206192
0.20786
0.209507
0.211011
0.212269
0.213302
0.214121
0.214561
0.214531
0.214075
0.213187
0.211952
0.210544
0.209086
0.207772
0.206979
0.206531
0.198115
0.198533
0.19955
0.200995
0.202552
0.20416
0.205769
0.207257
0.208509
0.209487
0.210041
0.210032
0.209486
0.208529
0.207346
0.206073
0.20477
0.203639
0.203016
0.202701
0.193746
0.194061
0.194933
0.196268
0.19775
0.199253
0.200772
0.202322
0.203809
0.205056
0.205711
0.205685
0.205181
0.204399
0.203437
0.202324
0.201153
0.200182
0.199691
0.199465
0.189678
0.189908
0.190689
0.191968
0.193425
0.194946
0.196508
0.198037
0.199525
0.200885
0.201778
0.202039
0.201808
0.201185
0.200307
0.199293
0.198225
0.197357
0.196966
0.19682
0.186165
0.186312
0.186979
0.188171
0.189538
0.190974
0.192511
0.194162
0.195851
0.19745
0.198593
0.199055
0.198976
0.198548
0.197895
0.19709
0.196179
0.195454
0.195178
0.195105
0.183288
0.183375
0.183833
0.184752
0.185878
0.187123
0.188508
0.190063
0.19179
0.193611
0.195105
0.195984
0.196347
0.196346
0.19607
0.195621
0.195073
0.194657
0.194519
0.19448
0.180474
0.180544
0.180849
0.181506
0.182426
0.183568
0.184955
0.18663
0.188588
0.19075
0.192664
0.193917
0.194593
0.194874
0.194921
0.194835
0.194667
0.194543
0.194493
0.194455
0.17704
0.177114
0.177359
0.177847
0.178598
0.179619
0.180984
0.182751
0.184951
0.187538
0.189976
0.191751
0.192932
0.193637
0.194066
0.194338
0.194498
0.194569
0.194562
0.19452
0.172717
0.172787
0.173041
0.173534
0.174281
0.175397
0.176928
0.178974
0.181584
0.184739
0.187823
0.190158
0.191738
0.19288
0.193559
0.194058
0.194447
0.19461
0.19463
0.194589
0.167527
0.167585
0.167883
0.168479
0.169396
0.170682
0.1725
0.174944
0.178102
0.181987
0.185855
0.188864
0.190994
0.192472
0.193534
0.194271
0.194704
0.194893
0.19494
0.194905
0.161596
0.161653
0.16199
0.162739
0.163905
0.165452
0.167666
0.17064
0.174499
0.179295
0.184149
0.187987
0.190755
0.192714
0.194053
0.194972
0.195492
0.195747
0.195838
0.195807
0.154879
0.154938
0.15532
0.156199
0.157595
0.15966
0.162334
0.165961
0.170719
0.176672
0.182738
0.187578
0.191109
0.193603
0.195336
0.19646
0.197142
0.197501
0.197629
0.197596
0.147173
0.147241
0.147715
0.148766
0.150439
0.152897
0.156218
0.160726
0.16664
0.174052
0.181617
0.187687
0.192117
0.195262
0.197455
0.1989
0.199806
0.200298
0.200464
0.200424
0.138067
0.138167
0.138744
0.140017
0.142043
0.14501
0.14916
0.154809
0.162217
0.171466
0.180879
0.188419
0.193923
0.197871
0.200603
0.202446
0.203631
0.204275
0.20448
0.204429
0.126964
0.127101
0.127844
0.129425
0.131953
0.13568
0.140933
0.148072
0.157382
0.168929
0.180599
0.189903
0.196726
0.201576
0.204957
0.207265
0.20877
0.209581
0.209833
0.209769
0.11322
0.113418
0.114418
0.116464
0.11971
0.124493
0.131226
0.140322
0.152079
0.166488
0.180891
0.192301
0.200633
0.206573
0.210728
0.213582
0.215454
0.216464
0.21677
0.216689
0.0958834
0.0961851
0.0975716
0.100301
0.104606
0.110907
0.119693
0.131409
0.146302
0.164226
0.181878
0.195748
0.205853
0.213073
0.218146
0.221651
0.22396
0.225204
0.225574
0.225471
0.0735036
0.0739895
0.0759988
0.0798071
0.0857542
0.0943252
0.106032
0.121259
0.140121
0.16229
0.183729
0.20042
0.212564
0.221278
0.227446
0.231743
0.234587
0.236104
0.236548
0.236419
0.0437639
0.0446198
0.0477285
0.053406
0.0620471
0.0741142
0.0899979
0.1099
0.133714
0.160893
0.186632
0.206476
0.220915
0.23135
0.238822
0.244092
0.247604
0.249462
0.249988
0.249826
0.00250994
0.00423341
0.00973791
0.0190286
0.0323529
0.0498774
0.0716588
0.0976245
0.127418
0.16031
0.190767
0.214022
0.230969
0.243344
0.252357
0.258845
0.263233
0.265508
0.266111
0.265909
-0.0580016
-0.0528361
-0.0413729
-0.0249505
-0.0035836
0.0220662
0.0517011
0.08508
0.121724
0.160839
0.196254
0.223052
0.242631
0.257095
0.267854
0.275793
0.281281
0.284123
0.284856
0.284589
-0.130319
-0.121325
-0.100345
-0.0731347
-0.0417594
-0.00699799
0.0311124
0.0724396
0.116578
0.162835
0.204359
0.235898
0.259271
0.276914
0.290393
0.300727
0.30809
0.311466
0.312228
0.312342
-0.202912
-0.187106
-0.156913
-0.119754
-0.0789748
-0.0352589
0.011283
0.0605494
0.112212
0.165677
0.213412
0.249752
0.276924
0.297773
0.314068
0.326804
0.335895
0.340209
0.34209
0.342378
-0.261032
-0.241702
-0.20584
-0.161408
-0.112997
-0.0615699
-0.00740425
0.049249
0.107986
0.168191
0.221582
0.262085
0.292344
0.315559
0.3337
0.347877
0.358225
0.363892
0.36633
0.366656
-0.30836
-0.287062
-0.246961
-0.197289
-0.142996
-0.0853282
-0.0246861
0.0384972
0.103635
0.169959
0.228355
0.272329
0.30494
0.329781
0.349085
0.364176
0.375295
0.381656
0.384271
0.384585
-0.347777
-0.325557
-0.282328
-0.228503
-0.169464
-0.106647
-0.0405227
0.0283301
0.0991644
0.170986
0.233814
0.280696
0.315102
0.341043
0.361006
0.376465
0.38784
0.394455
0.397119
0.397439
-0.382012
-0.359171
-0.313532
-0.256338
-0.193376
-0.126161
-0.0552676
0.0186031
0.0945576
0.1714
0.238247
0.287711
0.323649
0.350428
0.370768
0.386321
0.397714
0.404372
0.407006
0.407345
-0.412578
-0.389335
-0.34177
-0.281771
-0.215476
-0.144438
-0.0693358
0.00904878
0.0896997
0.171227
0.241925
0.293862
0.331195
0.358676
0.379314
0.394935
0.406308
0.413072
0.415571
0.415868
-0.440637
-0.417096
-0.367905
-0.305523
-0.236345
-0.161963
-0.0831042
-0.000603266
0.0844246
0.17043
0.244859
0.299226
0.33799
0.366245
0.387243
0.402996
0.414365
0.421168
0.423603
0.423722
-0.467056
-0.443121
-0.392611
-0.328123
-0.256402
-0.179051
-0.0968173
-0.0105661
0.0785435
0.168842
0.247013
0.303981
0.34436
0.373533
0.394993
0.410938
0.422346
0.429136
0.431516
0.431547
-0.49225
-0.467945
-0.416215
-0.349905
-0.275915
-0.195932
-0.110672
-0.0209917
0.0719416
0.166443
0.248507
0.308267
0.350442
0.380714
0.402788
0.41904
0.43056
0.437305
0.439668
0.43967
-0.516558
-0.491849
-0.439075
-0.371107
-0.295095
-0.212758
-0.124763
-0.0319444
0.0645955
0.16322
0.24924
0.312041
0.35629
0.387897
0.410774
0.427468
0.439177
0.445873
0.448178
0.448146
-0.540172
-0.515071
-0.461372
-0.391849
-0.314034
-0.22959
-0.13914
-0.04345
0.0564444
0.159022
0.249098
0.315232
0.361901
0.395111
0.418992
0.436266
0.448233
0.454917
0.457105
0.457064
-0.563201
-0.537665
-0.483089
-0.412193
-0.332782
-0.24647
-0.153827
-0.0555538
0.0474215
0.153789
0.247992
0.31772
0.367163
0.402305
0.427421
0.445421
0.457719
0.464379
0.466414
0.466325
-0.585689
-0.559728
-0.504253
-0.432163
-0.351345
-0.26338
-0.168802
-0.0682402
0.0375382
0.147488
0.245788
0.319353
0.371931
0.409387
0.436016
0.454891
0.467546
0.474162
0.476016
0.475838
-0.607588
-0.581215
-0.524914
-0.451745
-0.369682
-0.280274
-0.184013
-0.0814377
0.0268397
0.140084
0.242374
0.319947
0.376043
0.416249
0.444734
0.464644
0.477652
0.48415
0.485772
0.485498
-0.628903
-0.602126
-0.545036
-0.4709
-0.387743
-0.297091
-0.199379
-0.0950721
0.0153822
0.131581
0.237666
0.319298
0.379235
0.422716
0.453544
0.474702
0.487972
0.494155
0.495464
0.495097
-0.649545
-0.622386
-0.56457
-0.489584
-0.405474
-0.313748
-0.214814
-0.109057
0.00324875
0.122021
0.231591
0.317218
0.381215
0.428511
0.462381
0.485209
0.498572
0.504031
0.504842
0.504395
-0.669549
-0.641943
-0.583491
-0.507737
-0.422802
-0.330174
-0.230225
-0.123275
-0.00946116
0.111483
0.224125
0.313546
0.381663
0.433226
0.471067
0.496498
0.509968
0.513851
0.51363
0.513136
-0.688779
-0.6608
-0.601749
-0.525309
-0.439669
-0.34629
-0.245527
-0.137637
-0.0226185
0.100075
0.215291
0.308167
0.380248
0.436258
0.479063
0.508785
0.523515
0.52492
0.52188
0.520816
-0.707353
-0.678932
-0.619302
-0.542247
-0.456007
-0.362012
-0.260599
-0.152004
-0.0360855
0.0879263
0.20517
0.301015
0.376733
0.43685
0.485194
0.521349
0.540661
0.541795
0.532636
0.513862
-0.725168
-0.696345
-0.636289
-0.558746
-0.472101
-0.377668
-0.275857
-0.166844
-0.0503967
0.0744628
0.193137
0.291377
0.37051
0.433997
0.48741
0.531671
0.559682
0.564922
0.548882
0.561253
-0.742378
-0.713046
-0.652663
-0.574743
-0.487902
-0.393194
-0.291286
-0.182117
-0.0655366
0.0596257
0.179067
0.278782
0.360994
0.42671
0.481322
0.531027
0.561535
0.568846
0.508555
0.481449
-0.759512
-0.729603
-0.66818
-0.589831
-0.502945
-0.408166
-0.306686
-0.197567
-0.0812133
0.0436546
0.163065
0.263042
0.347692
0.414932
0.462958
0.507914
0.530126
0.502997
0.430648
0.382853
-0.777173
-0.746606
-0.68237
-0.603764
-0.516857
-0.422462
-0.32171
-0.213027
-0.0973323
0.0266076
0.145098
0.244189
0.329349
0.39987
0.444592
0.452694
0.44348
0.38657
0.308703
0.260324
-0.387943
-0.282822
-0.171462
-0.0529848
0.068194
0.176433
0.263562
0.105834
-0.795789
-0.776537
-0.740118
-0.67398
-0.592041
-0.502337
-0.405221
-0.301364
-0.191191
-0.0744962
0.0446452
0.150793
0.2356
0.306081
0.356135
0.325811
0.175719
0.0806733
0.00576073
-0.811655
-0.798955
-0.755888
-0.688061
-0.605993
-0.516474
-0.420035
-0.31692
-0.20799
-0.0932443
0.0228606
0.124651
0.203898
0.25973
0.26064
0.152241
-0.0104475
-0.130386
-0.232611
-0.832947
-0.820547
-0.774698
-0.70584
-0.623727
-0.534198
-0.437887
-0.335401
-0.227786
-0.115203
-0.00286028
0.093393
0.165077
0.204959
0.158637
-0.0169397
-0.209731
-0.363696
-0.504707
-0.854118
-0.841529
-0.794332
-0.724404
-0.642019
-0.552566
-0.456678
-0.355163
-0.24911
-0.139079
-0.0308943
0.0594012
0.122741
0.140876
0.0478402
-0.182334
-0.417615
-0.630227
-0.838184
-0.874278
-0.862225
-0.814416
-0.743564
-0.660884
-0.571514
-0.47617
-0.375736
-0.271406
-0.164226
-0.0606156
0.0230987
0.0775351
0.0614718
-0.0899079
-0.336092
-0.603443
-0.863696
-1.1007
-0.894453
-0.882983
-0.8351
-0.763684
-0.68079
-0.59147
-0.4966
-0.39718
-0.29461
-0.190381
-0.0915143
-0.0147209
0.0298281
-0.0234505
-0.218836
-0.465437
-0.729382
-0.986624
-1.14649
-1.19883
-0.915639
-0.904488
-0.856639
-0.785009
-0.702077
-0.612892
-0.518559
-0.420257
-0.319658
-0.218745
-0.125114
-0.0559402
-0.0258338
-0.103419
-0.337782
-0.57336
-0.801867
-0.986408
-1.04365
-1.07531
-0.937797
-0.926987
-0.879253
-0.807596
-0.724756
-0.63587
-0.542227
-0.445276
-0.34697
-0.249865
-0.162085
-0.10124
-0.0859654
-0.197594
-0.444147
-0.666359
-0.858168
-0.979181
-1.02208
-1.01925
-0.961241
-0.950555
-0.90306
-0.831392
-0.748741
-0.660285
-0.567527
-0.472154
-0.376465
-0.283628
-0.202388
-0.150062
-0.155809
-0.307001
-0.540813
-0.752373
-0.917868
-0.977268
-0.987949
-0.991538
-0.985845
-0.975197
-0.928018
-0.856322
-0.773944
-0.686037
-0.594336
-0.500748
-0.407994
-0.319841
-0.245846
-0.201685
-0.239148
-0.4129
-0.631323
-0.835837
-0.957488
-0.983411
-0.979126
-0.978617
-1.01135
-1.00073
-0.953724
-0.882243
-0.80019
-0.712959
-0.622454
-0.530861
-0.44132
-0.358275
-0.291904
-0.256618
-0.319173
-0.518714
-0.712919
-0.903393
-0.972903
-0.975766
-0.972109
-0.969683
-1.03719
-1.02667
-0.979947
-0.908834
-0.827196
-0.740752
-0.651576
-0.562155
-0.476019
-0.398479
-0.339842
-0.315503
-0.395564
-0.623786
-0.789871
-0.915859
-0.989769
-0.967278
-0.96206
-0.960292
-1.06259
-1.05261
-1.0064
-0.935604
-0.854544
-0.76896
-0.681225
-0.594101
-0.51149
-0.43972
-0.389113
-0.374925
-0.47448
-0.726208
-0.886599
-0.881522
-0.914026
-0.944087
-0.951608
-0.954758
-1.08718
-1.07751
-1.03244
-0.962042
-0.881606
-0.796987
-0.71076
-0.625953
-0.546902
-0.480779
-0.438851
-0.431772
-0.567689
-0.82462
-1.08194
-1.02435
-1.0079
-1.02567
-1.02648
-1.0244
-1.11005
-1.10072
-1.05672
-0.987375
-0.907641
-0.824047
-0.739329
-0.656714
-0.581128
-0.520049
-0.487421
-0.487837
-0.66715
-0.942637
-1.36251
-1.94401
-1.5523
-1.31379
-1.26094
-1.23917
-1.12979
-1.12098
-1.07854
-1.01033
-0.931739
-0.849245
-0.765859
-0.685171
-0.612553
-0.55584
-0.532086
-0.543254
-0.748322
-0.997514
-1.10623
-1.05167
-1.22434
-1.41391
-1.42254
-1.41148
-1.14502
-1.13695
-1.0967
-1.0301
-0.952708
-0.871311
-0.789197
-0.709944
-0.63915
-0.586182
-0.567678
-0.592332
-0.797278
-0.896726
-0.581101
-0.363127
-0.823682
-1.28593
-1.36195
-1.38815
-1.15468
-1.14759
-1.10999
-1.0455
-0.969438
-0.889132
-0.807995
-0.729463
-0.659
-0.607232
-0.590692
-0.631622
-0.903526
-1.32603
-1.84986
-2.37135
-2.70558
-2.51789
-2.08411
-1.82506
-1.15729
-1.15141
-1.11731
-1.05547
-0.980879
-0.901578
-0.820955
-0.742199
-0.670381
-0.614846
-0.597167
-0.646089
-1.0272
-1.849
-2.97217
-3.7052
-3.9821
-3.77508
-3.31481
-2.92883
-1.15273
-1.14791
-1.11779
-1.05922
-0.986219
-0.907819
-0.827174
-0.747054
-0.671505
-0.607653
-0.573151
-0.594445
-0.896857
-1.47646
-2.20625
-2.79181
-2.87106
-2.59401
-2.21583
-1.9513
-1.13877
-1.13515
-1.10998
-1.05616
-0.985266
-0.907529
-0.826319
-0.743797
-0.662321
-0.584647
-0.514412
-0.475493
-0.452034
-0.505707
-0.423157
-0.231784
0.0733813
0.4092
0.65598
0.788307
-1.11716
-1.1148
-1.09496
-1.04657
-0.978124
-0.90076
-0.818991
-0.733779
-0.645125
-0.550009
-0.449462
-0.332485
-0.135112
0.250572
0.804213
1.41718
1.96011
2.32512
2.52188
2.59715
-1.08942
-1.08814
-1.07415
-1.03138
-0.965186
-0.888362
-0.806507
-0.719556
-0.625893
-0.520567
-0.397361
-0.250153
-0.0858847
0.3023
0.955891
1.60966
2.13517
2.46716
2.63709
2.70604
-1.05675
-1.05628
-1.04776
-1.01067
-0.946546
-0.870895
-0.790141
-0.704645
-0.610963
-0.502544
-0.373429
-0.241586
-0.105217
0.122517
0.632913
1.13522
1.53783
1.80252
1.94543
2.01093
-1.01677
-1.01675
-1.01182
-0.980959
-0.920338
-0.847208
-0.771067
-0.69109
-0.602867
-0.498339
-0.374816
-0.257495
-0.170989
-0.071358
0.250704
0.586104
0.857304
1.04377
1.14928
1.19759
-0.951018
-0.951538
-0.948408
-0.925027
-0.874986
-0.81264
-0.747193
-0.678423
-0.60157
-0.506369
-0.384107
-0.264379
-0.182738
-0.118776
0.0914508
0.314753
0.484003
0.602419
0.672739
0.706382
-0.861664
-0.861872
-0.858757
-0.843706
-0.810771
-0.766885
-0.718877
-0.666576
-0.605277
-0.523541
-0.405627
-0.280236
-0.179785
-0.118844
0.0180294
0.14744
0.247042
0.314064
0.350607
0.365312
-0.78178
-0.78134
-0.778132
-0.769481
-0.751286
-0.725525
-0.695796
-0.662191
-0.619365
-0.553863
-0.449193
-0.313134
-0.191827
-0.114619
-0.0548189
0.0103433
0.069867
0.114803
0.13924
0.148234
-0.734384
-0.733641
-0.731228
-0.727182
-0.717691
-0.705518
-0.691829
-0.678105
-0.660799
-0.623355
-0.549251
-0.410535
-0.262372
-0.17801
-0.143233
-0.102477
-0.0583094
-0.0221053
0.00143259
0.00967366
-0.718439
-0.718038
-0.717133
-0.715728
-0.71324
-0.71096
-0.712499
-0.722351
-0.744435
-0.772711
-0.771269
-0.647803
-0.459693
-0.353048
-0.314182
-0.251527
-0.188664
-0.137077
-0.106636
-0.0978509
-0.716341
-0.716487
-0.717292
-0.718981
-0.722691
-0.731448
-0.751243
-0.792957
-0.876831
-1.02683
-1.17569
-1.06998
-0.795565
-0.62193
-0.544321
-0.444218
-0.341411
-0.260493
-0.213522
-0.206182
-0.71014
-0.710965
-0.713553
-0.718516
-0.728293
-0.748386
-0.788141
-0.867595
-1.03259
-1.359
-1.74694
-1.68987
-1.26685
-0.952808
-0.795922
-0.643582
-0.49924
-0.391488
-0.338207
-0.33427
-0.683494
-0.684903
-0.688756
-0.696202
-0.710765
-0.739174
-0.794665
-0.905202
-1.13855
-1.6184
-2.23723
-2.23864
-1.71124
-1.2807
-1.05842
-0.84152
-0.681431
-0.579528
-0.54095
-0.53723
-0.625754
-0.627503
-0.6317
-0.639804
-0.655692
-0.68683
-0.74667
-0.865996
-1.11878
-1.63689
-2.26888
-2.24402
-1.76582
-1.40495
-1.16557
-0.970208
-0.858258
-0.80923
-0.789706
-0.780168
-0.536697
-0.538323
-0.541814
-0.548667
-0.562276
-0.588869
-0.639822
-0.741588
-0.95786
-1.39318
-1.87537
-1.84067
-1.53359
-1.28432
-1.07139
-0.955998
-0.917299
-0.920682
-0.911187
-0.900016
-0.426843
-0.428028
-0.430199
-0.434604
-0.443563
-0.461307
-0.495256
-0.562468
-0.703477
-0.98673
-1.30456
-1.30809
-1.13931
-0.951669
-0.822647
-0.77765
-0.805801
-0.824867
-0.822438
-0.816711
-0.312477
-0.313125
-0.313937
-0.315816
-0.319954
-0.328462
-0.344846
-0.376837
-0.442504
-0.574741
-0.74325
-0.741441
-0.643303
-0.545063
-0.523959
-0.569016
-0.609555
-0.626459
-0.629493
-0.62918
-0.208668
-0.208879
-0.208703
-0.20883
-0.209512
-0.211289
-0.214954
-0.222208
-0.236844
-0.263469
-0.288488
-0.272371
-0.255744
-0.264478
-0.321586
-0.381642
-0.412812
-0.42484
-0.430043
-0.431484
-0.124636
-0.124589
-0.123936
-0.123277
-0.122285
-0.120653
-0.117861
-0.113054
-0.104982
-0.0906764
-0.0661156
-0.0420536
-0.0568084
-0.123269
-0.186498
-0.229992
-0.252714
-0.263483
-0.26828
-0.270513
-0.0629601
-0.0628125
-0.0620879
-0.0613335
-0.0600079
-0.0574626
-0.0528489
-0.0448534
-0.0317019
-0.0115722
0.0110875
0.0176276
-0.00505873
-0.0548834
-0.100036
-0.129477
-0.145382
-0.152753
-0.156781
-0.158825
-0.0214934
-0.0213418
-0.0207515
-0.0202301
-0.019233
-0.0170809
-0.0129836
-0.00593983
0.00509741
0.0202673
0.0333546
0.0303488
0.00941614
-0.0226464
-0.0509117
-0.0697472
-0.0799735
-0.0851204
-0.0879305
-0.0893599
0.00403963
0.00415505
0.00455196
0.00476682
0.00528164
0.00662943
0.00944462
0.0143581
0.0217818
0.0309474
0.0364936
0.0300523
0.0135957
-0.0066835
-0.0239423
-0.0355857
-0.0421964
-0.045603
-0.0474266
-0.0483223
0.0181347
0.0182082
0.0184297
0.0184117
0.0184914
0.0190851
0.0206439
0.0235011
0.0277222
0.0323685
0.0335514
0.0267989
0.0148467
0.00188435
-0.00880107
-0.0161311
-0.0204732
-0.0227724
-0.0239582
-0.0245083
0.0245537
0.0245938
0.0246902
0.0245297
0.0243241
0.0243808
0.0250072
0.0263645
0.0283577
0.030151
0.029189
0.0232838
0.01483
0.00638971
-0.000415337
-0.00516395
-0.00809341
-0.00968557
-0.0104743
-0.0108188
0.0260713
0.0260892
0.0261101
0.025887
0.0255232
0.0252658
0.0252987
0.0256926
0.026317
0.0265267
0.0247074
0.0199152
0.0139654
0.00835936
0.00390201
0.0007431
-0.00127425
-0.00239614
-0.00293373
-0.0031498
0.0245823
0.0245874
0.0245697
0.0243347
0.0239218
0.0235168
0.0232299
0.0230833
0.0229537
0.0223842
0.0204005
0.0166784
0.0124909
0.00870438
0.00572085
0.00357915
0.00217405
0.00138008
0.00101091
0.000873284
0.0213127
0.0213115
0.0212796
0.0210647
0.0206725
0.0202355
0.0198226
0.0194345
0.0189728
0.0181257
0.0163164
0.0135123
0.0105789
0.00800561
0.00598986
0.00452787
0.00354911
0.00299058
0.00273921
0.00264682
0.0170156
0.0170121
0.0169804
0.016803
0.0164672
0.0160722
0.0156569
0.0152167
0.0146796
0.0138435
0.0123778
0.010359
0.00835426
0.00663331
0.00529004
0.00430693
0.00363809
0.00325387
0.00308558
0.00302597
0.0121316
0.012128
0.0121042
0.0119731
0.0117165
0.0114082
0.011071
0.0106997
0.0102451
0.00958362
0.00853554
0.00719589
0.0059144
0.0048315
0.00398801
0.00336524
0.00293483
0.00268674
0.002582
0.00254608
0.00690433
0.00690159
0.00689262
0.00681817
0.00666186
0.00647419
0.00626496
0.00603058
0.00574363
0.00534009
0.00473642
0.00400123
0.00331667
0.00274573
0.00230339
0.00197658
0.00174925
0.0016216
0.0015738
0.00155615
0.00419302
0.00420159
0.00420178
0.00413819
0.00402818
0.00389951
0.00375544
0.00358631
0.00336564
0.00304241
0.00260935
0.00216357
0.00177718
0.00146936
0.00123867
0.00107517
0.000979081
0.000951173
0.000949573
0.00025396
-1.03686
-0.628852
-0.34843
-0.122898
0.0594839
0.206917
0.327166
0.42992
0.503718
0.50303
-0.43023
-0.240801
-0.0718881
0.0728187
0.196585
0.300784
0.387189
0.454384
0.496031
0.51212
-0.107341
0.0077638
0.117825
0.217009
0.303437
0.37709
0.437528
0.483629
0.516299
0.537451
0.104497
0.181322
0.258324
0.329261
0.391412
0.444827
0.489294
0.524923
0.553038
0.572421
0.260547
0.312485
0.371462
0.423798
0.470677
0.511677
0.546916
0.576359
0.600474
0.616904
0.383846
0.423802
0.469416
0.510228
0.548066
0.582068
0.611974
0.637401
0.658341
0.671846
0.487842
0.522152
0.559931
0.595594
0.628936
0.659497
0.686606
0.709587
0.728169
0.739099
0.583321
0.615795
0.651678
0.686431
0.718681
0.748066
0.77388
0.79541
0.81213
0.821062
0.680798
0.71624
0.753963
0.790299
0.822992
0.851922
0.876672
0.89687
0.912001
0.920212
0.795324
0.83594
0.875626
0.913069
0.945363
0.972855
0.995781
1.0143
1.02821
1.03745
0.940167
0.983309
1.02101
1.05495
1.08325
1.10728
1.12811
1.14569
1.15968
1.17092
1.11838
1.1561
1.1845
1.20896
1.23014
1.24958
1.26795
1.2852
1.30118
1.31576
1.31634
1.33746
1.35256
1.36851
1.38489
1.40027
1.41406
1.42738
1.44294
1.46134
1.50736
1.5145
1.52505
1.53665
1.5466
1.55585
1.56619
1.57735
1.58901
1.5979
1.72039
1.72218
1.71429
1.69779
1.68669
1.68619
1.69837
1.723
1.75715
1.78171
2.14007
1.94618
1.84514
1.78738
1.7583
1.75167
1.7669
1.80774
1.88359
2.02655
-0.760785
-0.765376
-0.727039
-0.658726
-0.576742
-0.486154
0.34453
0.417996
0.420017
0.343764
0.272584
0.196458
-0.0712408
-0.338129
-0.669651
-1.09991
-1.58573
)
;

boundaryField
{
    wall-4
    {
        type            zeroGradient;
    }
    pressure-outlet-7
    {
        type            fixedValue;
        value           uniform 0;
    }
    velocity-inlet-6
    {
        type            zeroGradient;
    }
    velocity-inlet-5
    {
        type            zeroGradient;
    }
    frontAndBackPlanes
    {
        type            empty;
    }
}


// ************************************************************************* //
