/*--------------------------------*- C++ -*----------------------------------*\
  =========                 |
  \\      /  F ield         | OpenFOAM: The Open Source CFD Toolbox
   \\    /   O peration     | Website:  https://openfoam.org
    \\  /    A nd           | Version:  10
     \\/     M anipulation  |
\*---------------------------------------------------------------------------*/
FoamFile
{
    format      ascii;
    class       volScalarField;
    location    "33";
    object      p;
}
// * * * * * * * * * * * * * * * * * * * * * * * * * * * * * * * * * * * * * //

dimensions      [0 2 -2 0 0 0 0];

internalField   nonuniform List<scalar> 
8800
(
1.34012
1.29233
1.25364
1.22463
1.20376
1.18891
1.17828
1.17077
1.1659
1.16378
1.16496
1.16907
1.17566
1.18493
1.19767
1.21539
1.24015
1.27408
1.31662
1.37532
1.17138
1.17906
1.18652
1.18983
1.18832
1.18322
1.17672
1.17061
1.16585
1.16294
1.16258
1.165
1.16941
1.1753
1.18203
1.18828
1.1919
1.19115
1.18571
1.17701
1.14981
1.15596
1.16009
1.16302
1.16506
1.16564
1.16451
1.16237
1.1603
1.15931
1.16017
1.16247
1.1652
1.16732
1.16789
1.16666
1.16429
1.16088
1.15631
1.15255
1.14404
1.14669
1.14943
1.15183
1.15345
1.15459
1.1553
1.15537
1.15502
1.15488
1.15552
1.15659
1.15735
1.15735
1.15669
1.15555
1.15371
1.15111
1.14869
1.14719
1.13871
1.14014
1.14191
1.14393
1.1457
1.14702
1.14798
1.14873
1.14927
1.14973
1.15026
1.15064
1.15064
1.15027
1.1495
1.1482
1.14646
1.14458
1.14325
1.14242
1.13371
1.13463
1.13587
1.13743
1.13905
1.14055
1.1418
1.14281
1.1437
1.14447
1.14501
1.14519
1.14503
1.14449
1.14352
1.14224
1.14085
1.13955
1.1387
1.13815
1.1289
1.12957
1.13053
1.13183
1.13323
1.13467
1.13607
1.13734
1.13844
1.13941
1.14005
1.14024
1.14
1.13935
1.13842
1.13738
1.13628
1.1353
1.13469
1.13429
1.12424
1.12475
1.12554
1.12668
1.12795
1.12931
1.13072
1.13214
1.13346
1.13463
1.13542
1.13566
1.13543
1.13486
1.1341
1.13324
1.13236
1.13159
1.13113
1.13082
1.11967
1.12008
1.12074
1.12176
1.12296
1.12428
1.12568
1.12717
1.12867
1.13007
1.13105
1.13143
1.13133
1.13093
1.13035
1.12966
1.12894
1.12835
1.128
1.12775
1.11512
1.11545
1.11602
1.11697
1.11813
1.11943
1.12086
1.12243
1.12408
1.12573
1.12696
1.12756
1.12768
1.12748
1.12707
1.12656
1.12599
1.12554
1.12526
1.12506
1.11052
1.11078
1.1113
1.11221
1.11336
1.11469
1.11619
1.11786
1.1197
1.1216
1.12317
1.12409
1.12448
1.12449
1.12427
1.12391
1.12348
1.12314
1.12293
1.12276
1.1058
1.10602
1.1065
1.1074
1.10858
1.10998
1.11159
1.11345
1.11555
1.11782
1.11978
1.12105
1.12173
1.12198
1.12195
1.12174
1.12144
1.1212
1.12104
1.1209
1.10091
1.10109
1.10154
1.10246
1.10371
1.10521
1.10698
1.10906
1.11149
1.11421
1.11667
1.11838
1.1194
1.11993
1.12013
1.12009
1.11992
1.11976
1.11966
1.11954
1.09578
1.09592
1.09636
1.09732
1.09867
1.10031
1.10227
1.10464
1.10747
1.11074
1.11381
1.11605
1.11752
1.11839
1.11885
1.11901
1.11898
1.11891
1.11885
1.11875
1.09034
1.09045
1.09089
1.09191
1.09339
1.09522
1.09746
1.10021
1.10356
1.1075
1.11134
1.11426
1.11624
1.1175
1.11825
1.11863
1.11876
1.11879
1.11878
1.11869
1.08452
1.08458
1.08503
1.08612
1.08775
1.08981
1.09238
1.09561
1.09963
1.10447
1.10922
1.1129
1.11551
1.11728
1.11841
1.11906
1.11939
1.11953
1.11956
1.11948
1.0781
1.07816
1.07862
1.07976
1.08156
1.0839
1.08688
1.09068
1.09549
1.10136
1.10728
1.11198
1.11537
1.11774
1.11937
1.12041
1.12101
1.12129
1.12137
1.1213
1.07085
1.07089
1.07139
1.07263
1.07467
1.07738
1.08092
1.08552
1.09139
1.09862
1.10592
1.11177
1.11606
1.11915
1.12135
1.12284
1.12376
1.12421
1.12433
1.12426
1.06241
1.06244
1.063
1.06438
1.0667
1.06989
1.07412
1.07967
1.08683
1.0957
1.10474
1.11203
1.11745
1.12142
1.12432
1.12634
1.12765
1.12829
1.12844
1.12836
1.05219
1.05222
1.05288
1.05451
1.05728
1.06115
1.06634
1.07321
1.08206
1.093
1.1041
1.11305
1.11976
1.12471
1.1284
1.13101
1.13273
1.13354
1.13373
1.13363
1.0396
1.03963
1.04044
1.04247
1.04591
1.05074
1.05723
1.06581
1.07681
1.0903
1.10389
1.11484
1.12304
1.12913
1.13371
1.13698
1.1391
1.1401
1.14032
1.1402
1.02389
1.02393
1.02498
1.02759
1.032
1.0382
1.04648
1.05734
1.07109
1.08772
1.10427
1.11752
1.12743
1.13484
1.14039
1.14438
1.14696
1.14814
1.1484
1.14826
1.00397
1.00403
1.00545
1.00897
1.01482
1.02296
1.03374
1.04764
1.0649
1.08535
1.10538
1.12125
1.1331
1.14197
1.14865
1.15347
1.15653
1.15789
1.15818
1.15801
0.978079
0.978191
0.980253
0.985211
0.993324
1.00434
1.01865
1.03663
1.05833
1.08335
1.10736
1.12617
1.14017
1.15069
1.15862
1.16439
1.16797
1.1695
1.16981
1.1696
0.943168
0.943417
0.946758
0.95438
0.966284
0.981769
1.00113
1.0245
1.05165
1.082
1.11045
1.13245
1.14878
1.16107
1.17044
1.17723
1.18131
1.183
1.18329
1.18305
0.893499
0.894625
0.901298
0.914367
0.93283
0.955203
0.981538
1.01171
1.04531
1.08161
1.11481
1.14018
1.15896
1.17317
1.18403
1.19185
1.19645
1.19826
1.1985
1.19821
0.820292
0.827834
0.843189
0.866341
0.894499
0.926044
0.96092
0.998955
1.03974
1.08256
1.12098
1.15013
1.17176
1.18824
1.20092
1.21002
1.21534
1.21745
1.21776
1.21753
0.742039
0.759395
0.784144
0.817768
0.855974
0.896833
0.94035
0.986469
1.0349
1.08507
1.12984
1.16391
1.18937
1.20889
1.22398
1.23499
1.24139
1.2438
1.24428
1.24424
0.677608
0.697808
0.730396
0.772642
0.819528
0.869079
0.920899
0.974915
1.03081
1.08807
1.13887
1.17745
1.20629
1.22837
1.2453
1.25745
1.26472
1.26786
1.26831
1.26834
0.625198
0.647174
0.684938
0.733277
0.786939
0.843665
0.902769
0.963996
1.0269
1.09086
1.14724
1.18985
1.22151
1.24556
1.26391
1.27727
1.2857
1.28883
1.28939
1.2895
0.581854
0.604903
0.646161
0.699234
0.758269
0.820863
0.886185
0.953787
1.02304
1.09317
1.15464
1.20077
1.23482
1.26054
1.28017
1.29444
1.30341
1.30698
1.30774
1.30788
0.544926
0.568613
0.61255
0.669286
0.732715
0.800259
0.870953
0.944192
1.01919
1.09494
1.16102
1.21025
1.24632
1.27338
1.29388
1.30876
1.31814
1.32213
1.32311
1.32326
0.512383
0.536511
0.582513
0.642292
0.709419
0.78123
0.856656
0.934953
1.01517
1.0961
1.16642
1.21845
1.25625
1.28438
1.30554
1.32087
1.3305
1.33481
1.33591
1.33605
0.482747
0.507286
0.554986
0.61735
0.687679
0.763221
0.842867
0.925752
1.01079
1.09657
1.17089
1.22554
1.26491
1.29396
1.3156
1.33121
1.34099
1.34545
1.34658
1.34668
0.455118
0.480031
0.52928
0.593845
0.666985
0.745827
0.829256
0.916332
1.00587
1.09627
1.17446
1.23167
1.27256
1.30245
1.32453
1.34031
1.35016
1.35469
1.3559
1.35596
0.428763
0.454106
0.50475
0.571312
0.646964
0.728753
0.815595
0.906516
1.00027
1.09511
1.17715
1.23696
1.27944
1.31022
1.33276
1.34874
1.3586
1.3631
1.36437
1.36447
0.403412
0.429192
0.48094
0.549443
0.627351
0.711796
0.801729
0.896181
0.993885
1.09303
1.17895
1.24151
1.28571
1.31751
1.34059
1.3568
1.36671
1.37115
1.37234
1.37239
0.378702
0.405063
0.457843
0.528053
0.607982
0.694821
0.78756
0.885253
0.986661
1.08998
1.17987
1.24537
1.29152
1.32449
1.34823
1.36474
1.37471
1.37909
1.38013
1.38011
0.354553
0.381377
0.435306
0.507027
0.588781
0.67777
0.773042
0.873701
0.978566
1.08594
1.17987
1.24856
1.2969
1.33125
1.35577
1.37262
1.38262
1.38686
1.38779
1.38767
0.330889
0.358275
0.413192
0.48631
0.569718
0.660634
0.758177
0.861523
0.969591
1.08085
1.17888
1.251
1.30184
1.33781
1.36324
1.38047
1.39042
1.39446
1.39522
1.39504
0.307624
0.335622
0.39149
0.465901
0.550787
0.643427
0.742997
0.848756
0.959751
1.07467
1.1768
1.25261
1.30632
1.34422
1.3707
1.38829
1.3981
1.40183
1.40241
1.40217
0.284777
0.313447
0.370243
0.445827
0.53204
0.626197
0.727561
0.835454
0.949081
1.0674
1.17355
1.25327
1.31024
1.35048
1.37824
1.39611
1.40558
1.40887
1.40924
1.40895
0.26252
0.291816
0.349494
0.426134
0.513527
0.609021
0.711939
0.821703
0.937651
1.05907
1.16908
1.25283
1.31345
1.35657
1.386
1.40412
1.41289
1.41547
1.4156
1.41529
0.240886
0.270777
0.329275
0.406881
0.495313
0.591965
0.696229
0.807588
0.925552
1.04971
1.16334
1.25113
1.31573
1.36236
1.39417
1.41274
1.42031
1.42164
1.42139
1.4211
0.21982
0.250375
0.309632
0.388111
0.477466
0.575117
0.680524
0.793222
0.912888
1.03941
1.15628
1.24802
1.3168
1.36754
1.40279
1.4227
1.42884
1.42785
1.42659
1.42652
0.199498
0.230637
0.290626
0.369895
0.460052
0.558562
0.664921
0.778721
0.899781
1.02828
1.14794
1.24338
1.31635
1.37157
1.41142
1.43459
1.44059
1.43663
1.43261
1.43166
0.179833
0.211575
0.272241
0.352208
0.443038
0.542254
0.649363
0.764021
0.88616
1.01623
1.13817
1.23695
1.31404
1.3737
1.41895
1.44787
1.45741
1.45375
1.44337
1.42661
0.160901
0.1932
0.254356
0.334858
0.42613
0.525852
0.633425
0.748626
0.871471
1.00262
1.12631
1.22786
1.30922
1.3728
1.4228
1.45872
1.47281
1.46314
1.44569
1.4288
0.142879
0.175379
0.237159
0.318087
0.409631
0.509709
0.617337
0.732873
0.856037
0.987725
1.11249
1.21578
1.30134
1.36785
1.41785
1.45377
1.47115
1.45238
1.38215
1.3492
0.126422
0.156936
0.22098
0.302488
0.394258
0.494319
0.601397
0.716988
0.840081
0.971694
1.09673
1.20053
1.28932
1.35883
1.40003
1.42784
1.42909
1.37892
1.30767
1.2633
0.0701552
0.140729
0.206106
0.286932
0.378554
0.478273
0.585542
0.700697
0.823249
0.954108
1.07847
1.18172
1.26979
1.34663
1.35113
1.36524
1.32897
1.26392
1.18701
1.14372
0.10865
0.124696
0.184399
0.264897
0.355722
0.45517
0.561437
0.675765
0.797069
0.926081
1.04777
1.1485
1.22807
1.30548
1.30196
1.19693
1.09387
1.02225
0.948743
0.983312
0.077244
0.106614
0.167193
0.247101
0.337974
0.437083
0.543518
0.657123
0.777236
0.904251
1.02283
1.11943
1.19145
1.23247
1.18826
1.04456
0.916855
0.825666
0.725388
0.779576
0.0529818
0.0853119
0.147118
0.227318
0.318275
0.417232
0.523509
0.636196
0.754806
0.879298
0.994028
1.08501
1.14741
1.15717
1.05442
0.880146
0.724721
0.60358
0.470036
0.505845
0.0292448
0.0631209
0.126123
0.207171
0.298308
0.397128
0.502857
0.614511
0.731446
0.853102
0.963227
1.04796
1.09543
1.07313
0.916884
0.71671
0.521079
0.344378
0.147145
0.136106
0.0061847
0.0404361
0.104324
0.186114
0.277466
0.376099
0.481171
0.591691
0.706725
0.825219
0.930209
1.00783
1.03805
0.981083
0.786191
0.56994
0.344414
0.144142
-0.11147
-0.432116
-0.0171623
0.0170595
0.081454
0.163745
0.255327
0.353827
0.45832
0.567692
0.680747
0.795885
0.895592
0.965029
0.977726
0.870047
0.672889
0.456911
0.243785
0.0627949
-0.00584754
-0.10008
-0.0416799
-0.00746317
0.0571852
0.139726
0.231405
0.329688
0.433512
0.541574
0.652358
0.763676
0.857699
0.917292
0.905186
0.762083
0.572933
0.376909
0.207977
0.111708
0.0878272
0.0703372
-0.0676938
-0.0334541
0.0313536
0.113978
0.20558
0.303486
0.406411
0.512871
0.620985
0.727878
0.815771
0.863343
0.831498
0.662128
0.482617
0.312745
0.181288
0.141474
0.126829
0.125053
-0.0954139
-0.0610683
0.00390344
0.0865245
0.177917
0.275234
0.377021
0.481553
0.586571
0.688493
0.769536
0.80371
0.755115
0.568712
0.398801
0.24689
0.162664
0.147426
0.145807
0.145815
-0.124869
-0.0903037
-0.0251754
0.0573895
0.148427
0.244969
0.345364
0.447633
0.549134
0.6456
0.718869
0.742622
0.660071
0.483037
0.320546
0.194514
0.158971
0.156077
0.155974
0.156587
-0.155754
-0.120987
-0.0557502
0.0266855
0.117226
0.212781
0.311511
0.411176
0.50872
0.599279
0.664354
0.672658
0.566272
0.402639
0.257231
0.173567
0.16479
0.16345
0.16288
0.163268
-0.187496
-0.152657
-0.0875422
-0.00533987
0.0845372
0.178871
0.27566
0.372363
0.465538
0.549762
0.606988
0.598247
0.482095
0.331248
0.205929
0.185688
0.170029
0.167516
0.168624
0.169229
-0.219636
-0.184835
-0.120033
-0.0382674
0.0507444
0.143612
0.238151
0.33154
0.419943
0.497604
0.546463
0.524853
0.402186
0.268892
0.166185
0.134782
0.157179
0.1707
0.174408
0.175413
-0.251334
-0.216786
-0.152439
-0.0714463
0.0164307
0.107546
0.19952
0.289265
0.372492
0.443451
0.483066
0.452773
0.326132
0.223507
0.13554
0.152804
0.15921
0.165997
0.171536
0.174349
-0.28103
-0.24735
-0.18387
-0.103976
-0.0175664
0.0714579
0.160538
0.246341
0.324065
0.387906
0.4214
0.375443
0.250919
0.190001
0.165851
0.137037
0.137402
0.141624
0.144566
0.147073
-0.30735
-0.274659
-0.213196
-0.134698
-0.0501989
0.0364143
0.122249
0.203821
0.275945
0.331784
0.363731
0.289712
0.162434
0.164132
0.208358
0.132639
0.0902848
0.0701032
0.0652085
0.0660436
-0.328312
-0.297457
-0.238351
-0.162188
-0.0801015
0.00365588
0.0859856
0.163078
0.229627
0.276869
0.305968
0.200771
0.0214955
-0.0581721
-0.0175908
-0.0540829
-0.0929397
-0.112929
-0.107468
-0.100114
-0.341966
-0.31373
-0.257795
-0.184673
-0.105677
-0.025264
0.0532866
0.125921
0.186836
0.226007
0.246244
0.106442
-0.138528
-0.557767
-0.660347
-0.389895
-0.314395
-0.295523
-0.279867
-0.274971
-0.345923
-0.321522
-0.269749
-0.200462
-0.125191
-0.0486152
0.0260255
0.0944103
0.149961
0.182147
0.185763
0.0408566
-0.142083
-0.264745
-0.317049
-0.272267
-0.330715
-0.312494
-0.306805
-0.305805
-0.338662
-0.318679
-0.27227
-0.20803
-0.137122
-0.0646997
0.00614687
0.070943
0.122304
0.149036
0.137062
0.0563979
0.0688124
0.375325
0.582245
0.18195
-0.153643
-0.23216
-0.257782
-0.259463
-0.318291
-0.3026
-0.263894
-0.206252
-0.140458
-0.0721989
-0.00467328
0.0579483
0.107843
0.132079
0.113135
0.000621345
-0.176984
-0.489186
-0.951903
-1.3479
-1.29996
-0.916006
-0.626761
-0.584769
-0.286236
-0.27558
-0.244958
-0.195293
-0.134944
-0.0706521
-0.00532767
0.0570011
0.109791
0.138344
0.115948
-0.0812737
-0.644939
-1.46478
-2.03006
-2.35689
-2.27574
-1.96363
-1.61716
-1.41756
-0.247067
-0.240823
-0.218978
-0.177157
-0.122181
-0.0608177
0.00400121
0.068983
0.129049
0.175912
0.182452
0.067928
-0.251422
-0.626308
-0.964059
-1.00894
-0.802442
-0.520068
-0.27963
-0.151196
-0.207234
-0.203811
-0.190719
-0.15628
-0.105119
-0.045065
0.021222
0.0924305
0.165199
0.24126
0.310851
0.410772
0.543736
0.835685
1.20235
1.60282
1.94198
2.16526
2.28124
2.32414
-0.173084
-0.171079
-0.164068
-0.136921
-0.088631
-0.0271966
0.0425925
0.120976
0.209874
0.310508
0.441354
0.59381
0.938856
1.49339
2.12711
2.69774
3.12712
3.38202
3.49348
3.52344
-0.14107
-0.140531
-0.138343
-0.119605
-0.0745168
-0.0113494
0.0626695
0.146472
0.242128
0.354433
0.479205
0.62019
0.847487
1.35217
1.91602
2.41803
2.78711
3.00042
3.09826
3.12652
-0.112615
-0.11204
-0.111479
-0.100666
-0.060976
0.00307926
0.079857
0.166017
0.260488
0.369262
0.4847
0.609131
0.756614
1.10206
1.55729
1.93764
2.22571
2.39487
2.47102
2.49206
-0.0913752
-0.0899667
-0.0897932
-0.0838226
-0.047223
0.018451
0.0973216
0.182838
0.274268
0.377053
0.48001
0.580638
0.678339
0.893462
1.2117
1.48782
1.69235
1.81
1.86175
1.87461
-0.0798658
-0.0807861
-0.0836761
-0.0770702
-0.0341147
0.0385248
0.119921
0.202622
0.287945
0.379512
0.46528
0.538931
0.610062
0.745268
0.955894
1.13909
1.27359
1.35097
1.38444
1.39236
-0.0471595
-0.0516543
-0.0576116
-0.0467647
0.00066129
0.0751562
0.152727
0.227914
0.302982
0.380465
0.450088
0.503657
0.5538
0.638122
0.778183
0.896088
0.979148
1.02576
1.04457
1.04692
0.0515128
0.0460393
0.0413196
0.050841
0.0880371
0.143423
0.202724
0.261943
0.322098
0.38421
0.438158
0.474769
0.505027
0.559129
0.651086
0.728692
0.779966
0.807582
0.817804
0.818421
0.197786
0.194829
0.191479
0.194117
0.209397
0.23454
0.266596
0.303469
0.345068
0.391086
0.430743
0.456094
0.476025
0.509484
0.56825
0.618099
0.65045
0.667248
0.673672
0.673402
0.328429
0.327308
0.32445
0.319682
0.316174
0.317997
0.327237
0.34426
0.369325
0.401201
0.430708
0.450523
0.462757
0.489511
0.527746
0.55799
0.57686
0.586206
0.589231
0.588461
0.408757
0.408272
0.405313
0.397426
0.385932
0.376617
0.373456
0.378079
0.39115
0.412244
0.435598
0.454194
0.46795
0.489498
0.514766
0.53169
0.541255
0.545808
0.54707
0.546027
0.445334
0.444908
0.442272
0.434981
0.423411
0.411953
0.404159
0.402389
0.408137
0.422113
0.442296
0.46266
0.481262
0.497757
0.511816
0.520523
0.526393
0.52932
0.530269
0.529193
0.456601
0.456166
0.454099
0.448711
0.439816
0.430019
0.421982
0.41796
0.419603
0.428966
0.446224
0.469235
0.49316
0.507339
0.512143
0.517
0.521549
0.524988
0.526262
0.524956
0.456628
0.456204
0.454656
0.451025
0.44498
0.437736
0.430946
0.426364
0.425487
0.430688
0.44462
0.468025
0.493162
0.503233
0.503415
0.507755
0.515894
0.522229
0.524318
0.522465
0.453098
0.452706
0.451524
0.449013
0.445018
0.439852
0.434377
0.429701
0.426853
0.427484
0.434659
0.451223
0.472532
0.475674
0.475808
0.484598
0.496098
0.5053
0.508768
0.507062
0.449368
0.449028
0.448092
0.446133
0.443209
0.439437
0.434915
0.430062
0.425096
0.419913
0.415519
0.4152
0.418621
0.417329
0.42422
0.441457
0.459227
0.471518
0.475487
0.473578
0.446331
0.446072
0.445384
0.443807
0.441407
0.43828
0.434443
0.429469
0.422594
0.411471
0.39261
0.368145
0.340492
0.338022
0.359754
0.387187
0.408119
0.419815
0.422293
0.420588
0.443538
0.443394
0.443005
0.441941
0.43991
0.43748
0.434129
0.429728
0.422541
0.407378
0.375377
0.323336
0.273529
0.272965
0.307624
0.337559
0.353116
0.360078
0.362376
0.362529
0.43981
0.439781
0.439697
0.439253
0.438036
0.436557
0.434767
0.432154
0.426955
0.413684
0.380782
0.319039
0.260066
0.268392
0.300675
0.320837
0.328893
0.330979
0.332254
0.332346
0.433902
0.434045
0.434371
0.434707
0.434912
0.434942
0.435454
0.436027
0.435752
0.429253
0.406894
0.359551
0.320698
0.32716
0.338184
0.339605
0.33666
0.334157
0.333322
0.332858
0.424333
0.424629
0.425283
0.426299
0.427865
0.430621
0.434692
0.440379
0.447232
0.451701
0.447542
0.42777
0.413222
0.406416
0.390567
0.370001
0.35622
0.349116
0.347897
0.348181
0.408784
0.409334
0.410694
0.413052
0.416588
0.422146
0.430678
0.442219
0.456944
0.475098
0.489
0.495229
0.499251
0.476259
0.440782
0.410558
0.389735
0.379796
0.376154
0.375804
0.383867
0.384781
0.38702
0.390949
0.396963
0.406025
0.419261
0.437449
0.460673
0.489253
0.516388
0.534948
0.542122
0.508421
0.466522
0.439621
0.422481
0.409574
0.403859
0.404005
0.345521
0.346877
0.350117
0.356004
0.365106
0.377969
0.395501
0.41877
0.447335
0.481008
0.509643
0.520342
0.521327
0.489247
0.466202
0.452321
0.448431
0.439575
0.43328
0.433502
0.289805
0.291442
0.2957
0.303777
0.316009
0.332481
0.353104
0.377529
0.402948
0.431176
0.460324
0.468383
0.453014
0.428377
0.430371
0.446704
0.453215
0.443802
0.437264
0.436015
0.214861
0.216164
0.221176
0.231097
0.245509
0.263617
0.283437
0.299292
0.30938
0.323728
0.356397
0.362953
0.340878
0.313467
0.345996
0.3774
0.388849
0.37988
0.375118
0.373878
0.123314
0.124656
0.128784
0.138417
0.151438
0.166447
0.178509
0.176961
0.158002
0.161865
0.208137
0.22343
0.188408
0.187293
0.216577
0.267074
0.26781
0.257986
0.251411
0.249039
0.0300158
0.0293244
0.0287119
0.0288632
0.0280775
0.0295506
0.0298087
0.0169402
-0.0122121
-0.011306
0.0391339
0.0720101
0.0797697
0.0565319
0.0474871
0.020472
0.0353808
0.049177
0.0499288
0.0499865
0.386704
0.565387
0.774109
0.953234
1.09741
1.21223
1.30792
1.38871
1.42477
1.40171
0.712071
0.840178
0.977255
1.09593
1.19638
1.2799
1.3475
1.39537
1.41955
1.43143
0.944005
1.03148
1.12484
1.20759
1.27887
1.33853
1.3859
1.42048
1.44531
1.46308
1.11273
1.17442
1.23985
1.29968
1.35178
1.39597
1.43219
1.46099
1.48446
1.50263
1.24337
1.28865
1.33628
1.38184
1.4221
1.45718
1.48714
1.51198
1.5328
1.55056
1.35076
1.38481
1.42414
1.46087
1.4945
1.52457
1.55078
1.57276
1.59091
1.60822
1.4452
1.47461
1.50945
1.5423
1.57289
1.60059
1.62476
1.6448
1.66051
1.67758
1.53502
1.56467
1.59922
1.63171
1.66172
1.68865
1.71179
1.73049
1.74401
1.76105
1.63113
1.66453
1.70153
1.73542
1.76573
1.79214
1.81427
1.83169
1.84366
1.86107
1.74669
1.78449
1.82338
1.85786
1.88737
1.91226
1.93274
1.94872
1.96026
1.97834
1.892
1.93067
1.96678
1.99757
2.02334
2.04551
2.06463
2.08022
2.09269
2.1107
2.06702
2.09889
2.12512
2.14758
2.1676
2.18637
2.20412
2.22063
2.23601
2.25408
2.25572
2.27302
2.28815
2.30442
2.32035
2.33491
2.34814
2.36208
2.37964
2.39981
2.43766
2.44713
2.45869
2.46952
2.47883
2.48843
2.49925
2.51063
2.52201
2.53737
2.64482
2.64851
2.63358
2.61878
2.61253
2.61823
2.63672
2.66704
2.69922
2.72588
2.95116
2.81629
2.73968
2.69734
2.67993
2.6839
2.71131
2.76773
2.87036
3.09472
1.23072
1.22859
1.2241
1.21547
1.20324
1.19109
1.18084
1.17292
1.16725
1.16393
1.16349
1.16613
1.17116
1.17832
1.18767
1.19918
1.2118
1.22282
1.22893
1.23197
1.15519
1.16103
1.16737
1.17185
1.17431
1.17397
1.17121
1.16737
1.16381
1.16148
1.16124
1.16334
1.16692
1.17114
1.1749
1.17675
1.17578
1.17228
1.1671
1.16047
1.1468
1.14909
1.15249
1.15548
1.15754
1.15902
1.15975
1.1594
1.15832
1.15736
1.15743
1.15875
1.16047
1.1617
1.16182
1.16089
1.15931
1.15694
1.15366
1.15073
1.14133
1.14241
1.14424
1.14661
1.14863
1.15004
1.15103
1.15174
1.15208
1.15221
1.15259
1.15327
1.15376
1.15374
1.15325
1.15235
1.15083
1.14871
1.1466
1.14521
1.13618
1.13685
1.13795
1.13965
1.14142
1.14304
1.1443
1.14527
1.14609
1.14677
1.14736
1.14777
1.14783
1.14755
1.1469
1.14577
1.14428
1.14269
1.14134
1.14055
1.13128
1.13174
1.13253
1.13382
1.1353
1.13681
1.13824
1.13949
1.14055
1.14149
1.14224
1.14263
1.14261
1.1422
1.14138
1.14029
1.13908
1.13789
1.13693
1.13641
1.12655
1.1269
1.12751
1.12858
1.12987
1.13123
1.13265
1.13405
1.13534
1.13648
1.13739
1.13786
1.13783
1.13737
1.13662
1.13571
1.13475
1.1338
1.13308
1.13269
1.12195
1.12221
1.12271
1.12362
1.1248
1.12609
1.12746
1.1289
1.13035
1.13171
1.13283
1.13342
1.13346
1.1331
1.13251
1.13178
1.13099
1.13024
1.12968
1.12939
1.1174
1.11761
1.11802
1.11883
1.11993
1.12118
1.12253
1.12401
1.12557
1.12713
1.12849
1.12928
1.1295
1.12933
1.12892
1.12836
1.12773
1.12714
1.12671
1.12648
1.11283
1.113
1.11335
1.11409
1.11515
1.11638
1.11776
1.1193
1.12098
1.12275
1.12438
1.12546
1.12594
1.12601
1.12578
1.1254
1.12493
1.12447
1.12415
1.12397
1.10818
1.10831
1.10862
1.10932
1.11038
1.11164
1.11309
1.11474
1.11661
1.11865
1.12062
1.12206
1.12285
1.12315
1.12314
1.12291
1.12259
1.12225
1.12201
1.12187
1.10339
1.10348
1.10376
1.10445
1.10553
1.10686
1.10841
1.11024
1.11235
1.11473
1.11714
1.11902
1.12015
1.12074
1.12096
1.12092
1.12074
1.12051
1.12035
1.12024
1.09838
1.09845
1.09871
1.09941
1.10054
1.10197
1.10367
1.1057
1.10813
1.11095
1.11391
1.1163
1.11786
1.1188
1.11929
1.11947
1.11944
1.11933
1.11923
1.11915
1.09311
1.09316
1.0934
1.09411
1.09532
1.09689
1.09877
1.10108
1.10387
1.1072
1.11082
1.1139
1.11602
1.1174
1.1182
1.11862
1.11877
1.11878
1.11875
1.1187
1.08748
1.0875
1.08773
1.08848
1.08981
1.09156
1.09371
1.09639
1.09972
1.10376
1.10822
1.11207
1.11481
1.11665
1.11783
1.11851
1.11889
1.11904
1.11908
1.11905
1.08141
1.08141
1.08162
1.0824
1.08383
1.08576
1.08821
1.09131
1.09523
1.10008
1.10556
1.11042
1.11398
1.11648
1.11815
1.11921
1.11988
1.12021
1.12034
1.12033
1.07459
1.07456
1.07481
1.07564
1.07721
1.0794
1.08225
1.08594
1.09068
1.0966
1.10334
1.1094
1.11388
1.11709
1.11935
1.12093
1.12194
1.12249
1.12271
1.12272
1.06681
1.06676
1.06702
1.06794
1.06969
1.07221
1.07557
1.07999
1.08572
1.09297
1.10128
1.10879
1.11443
1.11855
1.12153
1.12366
1.1251
1.12593
1.12624
1.12626
1.05754
1.05748
1.05779
1.05885
1.06086
1.06382
1.06786
1.07324
1.08027
1.08918
1.09941
1.10869
1.11569
1.12087
1.12468
1.12747
1.1294
1.13052
1.13093
1.13095
1.04618
1.04611
1.0465
1.04779
1.05022
1.05387
1.05886
1.06555
1.07429
1.08532
1.09789
1.10925
1.11784
1.12423
1.12897
1.13248
1.13494
1.13635
1.13685
1.13687
1.0321
1.032
1.03254
1.03418
1.03723
1.04184
1.04815
1.05658
1.06752
1.08118
1.09662
1.11045
1.1209
1.12869
1.13451
1.13883
1.14185
1.14355
1.14414
1.14417
1.01438
1.01426
1.01501
1.01719
1.02117
1.02716
1.03533
1.04614
1.05997
1.07695
1.0958
1.11251
1.12507
1.13444
1.14148
1.1467
1.15035
1.15237
1.15306
1.15307
0.991645
0.991519
0.99263
0.995646
1.00102
1.00906
1.01989
1.03396
1.05155
1.07262
1.09552
1.11553
1.13047
1.14162
1.15002
1.15628
1.16064
1.16298
1.16375
1.16376
0.961554
0.961463
0.963231
0.967686
0.975389
0.986633
1.0014
1.01996
1.0424
1.06845
1.09603
1.11971
1.13726
1.15036
1.16027
1.16771
1.17282
1.17548
1.17631
1.1763
0.919973
0.920062
0.923251
0.930649
0.942622
0.959148
0.979743
1.00438
1.03288
1.06477
1.09756
1.12521
1.14554
1.16074
1.17229
1.18103
1.18687
1.1898
1.19068
1.19063
0.859306
0.860563
0.868295
0.882168
0.901896
0.926791
0.955557
0.987926
1.0236
1.06201
1.10036
1.13212
1.15534
1.17271
1.18596
1.19587
1.20247
1.20567
1.2065
1.20641
0.787144
0.789148
0.803719
0.82758
0.858133
0.892796
0.930513
0.971187
1.01461
1.06029
1.10524
1.14231
1.16954
1.19008
1.20578
1.21739
1.22511
1.22883
1.22986
1.22984
0.713107
0.719725
0.741164
0.774994
0.815569
0.859709
0.906319
0.955297
1.00654
1.05962
1.11135
1.15394
1.1853
1.20907
1.22737
1.24109
1.25004
1.2536
1.25462
1.25482
0.653536
0.662061
0.688236
0.728861
0.777042
0.829093
0.883608
0.940324
0.998997
1.05917
1.11737
1.16502
1.20001
1.22643
1.2466
1.26162
1.2712
1.27578
1.27754
1.27785
0.605264
0.614351
0.643959
0.689444
0.74342
0.801762
0.862887
0.926387
0.991818
1.05857
1.12275
1.175
1.2131
1.24167
1.26342
1.27965
1.29054
1.29578
1.29784
1.29819
0.56495
0.574259
0.606169
0.655368
0.713941
0.777409
0.844121
0.913522
0.984979
1.05772
1.12737
1.18371
1.2245
1.25489
1.27791
1.29512
1.30669
1.3126
1.31489
1.31527
0.529999
0.539404
0.573028
0.625225
0.687544
0.755331
0.826867
0.901465
0.978349
1.05655
1.1312
1.19122
1.23436
1.26623
1.2902
1.30808
1.32018
1.32655
1.32901
1.32942
0.498757
0.508208
0.543155
0.597859
0.663329
0.734825
0.810603
0.889855
0.971674
1.05491
1.13422
1.19766
1.2429
1.27605
1.30078
1.31911
1.33154
1.33823
1.34077
1.3412
0.469993
0.479507
0.515583
0.57243
0.640612
0.71536
0.794897
0.87835
0.964707
1.05267
1.1364
1.20313
1.25036
1.28467
1.31005
1.32867
1.34127
1.34813
1.35063
1.3511
0.442916
0.452489
0.489583
0.548306
0.618928
0.69655
0.779441
0.866706
0.957259
1.04969
1.13772
1.20769
1.25693
1.2924
1.3184
1.33734
1.35006
1.35699
1.35951
1.35982
0.417005
0.426694
0.464728
0.525063
0.597908
0.678109
0.764023
0.854757
0.949199
1.04587
1.13814
1.21142
1.26277
1.2995
1.3262
1.34549
1.35834
1.36524
1.36774
1.36802
0.391868
0.401755
0.440614
0.502508
0.577324
0.659849
0.748496
0.842392
0.940444
1.04116
1.13762
1.21435
1.26799
1.30615
1.33367
1.35338
1.3664
1.37329
1.37569
1.37597
0.367319
0.377445
0.417092
0.480485
0.557053
0.64166
0.732776
0.829553
0.930939
1.0355
1.13613
1.21648
1.27267
1.31246
1.34095
1.36118
1.37439
1.38124
1.38351
1.38374
0.343305
0.353667
0.394143
0.458854
0.537026
0.623513
0.71684
0.816221
0.920673
1.02887
1.13363
1.21778
1.27678
1.31846
1.3481
1.36891
1.3823
1.38905
1.39115
1.3913
0.319731
0.330415
0.371627
0.43759
0.51722
0.605392
0.700696
0.802416
0.909659
1.02125
1.13003
1.21814
1.28027
1.32417
1.35516
1.37663
1.39015
1.39672
1.39859
1.39864
0.296643
0.307624
0.349606
0.416705
0.497656
0.587329
0.684392
0.788187
0.897936
1.01265
1.1253
1.21747
1.28307
1.32957
1.36218
1.38436
1.3979
1.40413
1.40571
1.40567
0.274022
0.285324
0.328103
0.39624
0.478377
0.569377
0.667985
0.773608
0.885568
1.00309
1.11939
1.21566
1.28502
1.33459
1.36924
1.39225
1.40558
1.41122
1.41242
1.41228
0.252063
0.263613
0.307153
0.376246
0.459446
0.551618
0.651553
0.758759
0.872641
0.992649
1.1123
1.2126
1.28594
1.33907
1.37638
1.40054
1.41341
1.41799
1.4186
1.41837
0.230638
0.242541
0.286795
0.356759
0.440904
0.534098
0.635192
0.743732
0.859256
0.981424
1.10405
1.20818
1.28562
1.34277
1.38354
1.40965
1.42207
1.42481
1.42425
1.42385
0.209919
0.222143
0.267071
0.337838
0.422839
0.516911
0.618991
0.728652
0.84553
0.969492
1.0947
1.20234
1.28385
1.34529
1.39036
1.41982
1.43279
1.43322
1.42999
1.42847
0.189855
0.20238
0.248037
0.319543
0.405295
0.500126
0.603036
0.713605
0.831581
0.957
1.08434
1.19502
1.28045
1.34616
1.39604
1.43051
1.44665
1.44674
1.43946
1.42949
0.170529
0.183299
0.229593
0.30172
0.38806
0.483457
0.586981
0.698171
0.816937
0.943414
1.0724
1.18558
1.27482
1.34477
1.39936
1.44017
1.46283
1.46626
1.45699
1.44808
0.151999
0.164988
0.211743
0.284415
0.37115
0.466901
0.570847
0.682338
0.801563
0.928634
1.05872
1.1737
1.2663
1.34038
1.39781
1.44315
1.46894
1.47754
1.44112
1.38742
0.134541
0.148224
0.194592
0.267692
0.354458
0.450326
0.554594
0.666226
0.785527
0.912736
1.04326
1.15926
1.25394
1.33274
1.38949
1.42817
1.45507
1.44477
1.3876
1.32226
0.117838
0.132389
0.178332
0.252176
0.338316
0.434213
0.537999
0.649899
0.768977
0.895899
1.02607
1.14213
1.23668
1.32298
1.37306
1.42574
1.39828
1.35805
1.28833
1.21924
0.131696
0.149801
0.198576
0.27668
0.367757
0.467491
0.576666
0.691553
0.813723
0.944046
1.0678
1.17061
1.25678
1.3485
1.39789
1.31788
1.27362
1.21143
1.13822
1.08954
0.107187
0.12356
0.15932
0.227621
0.313306
0.408667
0.512583
0.623831
0.742066
0.867649
0.995777
1.10985
1.20099
1.28126
1.35295
1.35466
1.23426
1.15085
1.08807
1.0041
0.0868703
0.102577
0.144048
0.213778
0.299725
0.394699
0.497421
0.607732
0.724937
0.849014
0.975266
1.08696
1.17509
1.24272
1.2701
1.20019
1.05973
0.963144
0.887267
0.797401
0.0661205
0.0787051
0.124649
0.195681
0.281826
0.376987
0.479644
0.58959
0.705833
0.828314
0.951618
1.05869
1.13963
1.19178
1.17046
1.04206
0.888356
0.768938
0.669481
0.530139
0.0421319
0.0552505
0.103259
0.175436
0.261929
0.357115
0.459643
0.568957
0.684036
0.804557
0.92441
1.02616
1.09927
1.13157
1.07433
0.890602
0.705747
0.548375
0.402732
0.202747
0.0191947
0.0319312
0.0811907
0.154551
0.241566
0.336715
0.438862
0.547295
0.660965
0.779168
0.895193
0.991087
1.05566
1.05832
0.949945
0.747469
0.529698
0.321654
0.13652
-0.27702
-0.00377489
0.00857317
0.0583333
0.132574
0.220016
0.315199
0.416956
0.524497
0.63665
0.752304
0.864187
0.953595
1.00758
0.976407
0.826522
0.620825
0.396435
0.17611
-0.0123592
-0.316979
-0.0276603
-0.0154661
0.0344678
0.109255
0.197001
0.292226
0.393633
0.500306
0.610888
0.723827
0.831333
0.913798
0.954415
0.905227
0.71549
0.518195
0.314084
0.141008
0.0677198
0.0317685
-0.0529363
-0.0409056
0.00921828
0.0842923
0.172139
0.267244
0.368144
0.473721
0.582405
0.692158
0.794655
0.869533
0.895564
0.816111
0.616687
0.432582
0.264092
0.15373
0.116927
0.105631
-0.0797918
-0.0678271
-0.0175752
0.0576759
0.145494
0.240309
0.340488
0.444709
0.551126
0.657196
0.754008
0.82119
0.824926
0.711511
0.527095
0.356633
0.214102
0.155592
0.14237
0.137071
-0.108345
-0.096526
-0.0459761
0.0294033
0.11709
0.211438
0.310683
0.413252
0.517029
0.618971
0.709426
0.768563
0.746241
0.612873
0.441959
0.282175
0.179357
0.144457
0.150357
0.150827
-0.138497
-0.126756
-0.0759518
-0.000467183
0.0869872
0.180703
0.278772
0.379397
0.480153
0.57749
0.661203
0.710196
0.673199
0.520015
0.364083
0.221745
0.177633
0.164521
0.160257
0.159943
-0.169902
-0.158132
-0.107276
-0.0317439
0.0553453
0.148244
0.244888
0.343263
0.440599
0.53288
0.609521
0.64693
0.605685
0.438943
0.294729
0.193245
0.143117
0.160237
0.164705
0.165575
-0.202073
-0.190354
-0.13954
-0.0640937
0.0224864
0.114352
0.209313
0.305113
0.398638
0.485466
0.554716
0.583655
0.523681
0.36663
0.234854
0.170013
0.16676
0.167949
0.170266
0.17146
-0.234177
-0.222718
-0.171884
-0.096983
-0.011093
0.0794945
0.172473
0.265375
0.35472
0.435747
0.497561
0.515499
0.435344
0.30401
0.184906
0.169623
0.162632
0.166917
0.173732
0.176708
-0.265229
-0.254153
-0.203735
-0.129468
-0.0446711
0.0443474
0.135035
0.224706
0.309562
0.384312
0.439331
0.440658
0.35027
0.247467
0.169213
0.108113
0.135936
0.153291
0.159635
0.163516
-0.293744
-0.283143
-0.233762
-0.160594
-0.0772424
0.00982355
0.0978939
0.184013
0.264141
0.332184
0.380908
0.370635
0.261641
0.190115
0.176627
0.155245
0.132176
0.118432
0.114093
0.114545
-0.318183
-0.308285
-0.260309
-0.188941
-0.10761
-0.0228322
0.0622135
0.144503
0.219705
0.281071
0.322045
0.304167
0.162992
0.0796885
0.158623
0.123238
0.0419893
0.0027444
-0.00841283
-0.0072887
-0.336445
-0.327408
-0.28163
-0.212745
-0.134171
-0.0522882
0.0294402
0.107684
0.177844
0.232819
0.262706
0.236195
0.0487379
-0.197479
-0.344624
-0.274006
-0.219049
-0.221073
-0.217673
-0.20297
-0.346697
-0.338464
-0.295809
-0.230351
-0.155195
-0.076822
0.00118264
0.0753429
0.14061
0.18936
0.206097
0.176194
-0.052226
-0.351615
-0.796996
-0.48314
-0.384706
-0.342962
-0.317556
-0.306094
-0.345336
-0.338468
-0.301443
-0.239968
-0.169019
-0.0947421
-0.0207064
0.0495912
0.110518
0.153432
0.160176
0.121528
-0.0215326
0.0328358
0.220979
0.168204
-0.14358
-0.284082
-0.28546
-0.28395
-0.331111
-0.326415
-0.296174
-0.240383
-0.174269
-0.10464
-0.0345235
0.0325117
0.0905906
0.129706
0.133894
0.0900728
0.0237654
0.0940524
0.362359
-0.00421176
-0.280688
-0.336346
-0.290297
-0.282782
-0.304173
-0.300666
-0.278553
-0.230882
-0.170666
-0.105698
-0.0390815
0.0257752
0.08359
0.124034
0.127538
0.0616015
-0.243625
-0.815727
-1.55307
-2.06558
-2.14382
-1.82638
-1.45004
-1.1834
-0.267769
-0.265533
-0.251197
-0.212845
-0.158879
-0.0982327
-0.0342374
0.0304313
0.0908983
0.139529
0.152975
0.0992551
-0.276317
-0.855845
-1.51894
-1.9232
-1.96784
-1.74124
-1.44201
-1.20516
-0.227225
-0.225993
-0.217547
-0.189638
-0.141895
-0.0842296
-0.021211
0.0457947
0.113121
0.176293
0.227678
0.261288
0.186898
0.132597
0.155681
0.298601
0.579209
0.855238
1.06323
1.18572
-0.189434
-0.188726
-0.1848
-0.164803
-0.123145
-0.0670389
-0.00299815
0.0683224
0.146623
0.22993
0.328672
0.438974
0.662014
1.06349
1.59541
2.14223
2.59947
2.92667
3.12666
3.21478
-0.157289
-0.156394
-0.154778
-0.143522
-0.107311
-0.0515232
0.0158945
0.0926468
0.179463
0.280685
0.398839
0.542249
0.732644
1.15764
1.75551
2.34883
2.82945
3.13978
3.29741
3.35766
-0.12661
-0.126225
-0.125802
-0.120842
-0.0925847
-0.0379631
0.0326225
0.113179
0.203236
0.30636
0.420933
0.550562
0.682667
0.983043
1.49415
1.97285
2.36425
2.6247
2.76124
2.81227
-0.100726
-0.0998691
-0.0989229
-0.0975305
-0.0773487
-0.0242699
0.0484625
0.130475
0.220011
0.318679
0.428107
0.540326
0.656222
0.823232
1.18575
1.54832
1.83818
2.03174
2.13031
2.16653
-0.0863328
-0.0851166
-0.0854925
-0.0856505
-0.0662279
-0.00897893
0.0671228
0.14958
0.236193
0.328993
0.426663
0.516691
0.603308
0.708023
0.943828
1.19238
1.39027
1.52197
1.58859
1.61289
-0.0699537
-0.0706151
-0.0751256
-0.0755241
-0.0503794
0.0143339
0.094142
0.174684
0.25482
0.336887
0.419764
0.48992
0.553959
0.619815
0.775064
0.93828
1.06518
1.14863
1.18914
1.20286
-0.00609019
-0.00870666
-0.0162168
-0.0161668
0.0103976
0.0698771
0.140189
0.210003
0.278049
0.34657
0.414039
0.468099
0.509923
0.547643
0.653398
0.760224
0.839903
0.890276
0.91365
0.92126
0.123848
0.120676
0.115755
0.11545
0.131694
0.167127
0.210542
0.258029
0.307576
0.359906
0.412058
0.451573
0.47691
0.496658
0.568233
0.638427
0.689541
0.720156
0.734445
0.738283
0.26943
0.267617
0.265079
0.262232
0.263613
0.271975
0.287665
0.310525
0.340152
0.37583
0.414217
0.444031
0.459732
0.474909
0.519691
0.56468
0.596949
0.615624
0.623727
0.625552
0.375843
0.374914
0.373461
0.368578
0.36003
0.352311
0.350405
0.356254
0.370502
0.392844
0.420319
0.443439
0.45846
0.472927
0.50413
0.531658
0.54934
0.559157
0.563152
0.563686
0.431741
0.43122
0.429989
0.424831
0.414331
0.401997
0.392959
0.390027
0.39479
0.407687
0.428102
0.449325
0.466849
0.48263
0.503863
0.519835
0.52933
0.534354
0.53604
0.535944
0.453339
0.452966
0.451879
0.447721
0.439045
0.427897
0.418022
0.412046
0.4119
0.419201
0.434725
0.455792
0.477821
0.496461
0.508625
0.515065
0.520734
0.525223
0.527816
0.527788
0.457577
0.457265
0.45634
0.453363
0.447332
0.439078
0.430823
0.424647
0.422296
0.425678
0.437175
0.457716
0.48305
0.503756
0.509147
0.51234
0.517173
0.521333
0.524452
0.524434
0.455162
0.454881
0.454119
0.452019
0.448068
0.4424
0.436106
0.430541
0.427067
0.4273
0.434128
0.45035
0.474501
0.492246
0.492922
0.495059
0.502526
0.511946
0.517773
0.517776
0.451284
0.451022
0.450391
0.448794
0.446041
0.442136
0.437353
0.432398
0.427971
0.42477
0.424337
0.429878
0.442378
0.45069
0.448865
0.458351
0.473863
0.488008
0.49584
0.495634
0.447891
0.447658
0.447168
0.445893
0.443684
0.440692
0.436917
0.432299
0.426913
0.420218
0.410244
0.397733
0.385724
0.379132
0.383433
0.403174
0.424728
0.440384
0.44834
0.448783
0.445079
0.444892
0.444572
0.443631
0.441845
0.439334
0.436085
0.432024
0.426272
0.41682
0.397841
0.365344
0.320524
0.296402
0.3142
0.345481
0.371
0.384507
0.389705
0.390206
0.441972
0.441847
0.441741
0.441249
0.439899
0.438402
0.43574
0.432598
0.427819
0.419143
0.395942
0.349914
0.279355
0.250645
0.278897
0.313609
0.333695
0.343346
0.34543
0.345746
0.437316
0.437257
0.437384
0.43742
0.436963
0.436284
0.435678
0.434624
0.433119
0.427276
0.409005
0.366379
0.303212
0.282675
0.304302
0.322031
0.326451
0.326397
0.32643
0.327646
0.429715
0.429693
0.430084
0.430752
0.431731
0.432779
0.434062
0.436759
0.439902
0.442303
0.43534
0.411313
0.374213
0.36434
0.365054
0.359653
0.349389
0.342019
0.339828
0.3394
0.417595
0.417743
0.418556
0.419893
0.421798
0.424914
0.429696
0.436829
0.446924
0.45815
0.468143
0.466344
0.456902
0.453906
0.430992
0.404452
0.382183
0.369746
0.364177
0.362668
0.397787
0.398118
0.399373
0.401667
0.405428
0.411327
0.42017
0.432645
0.449649
0.471347
0.494817
0.513185
0.528652
0.519743
0.47779
0.43982
0.41413
0.397138
0.389231
0.388393
0.36663
0.367201
0.369017
0.372605
0.378632
0.387792
0.40088
0.419112
0.442421
0.471993
0.502046
0.525957
0.540628
0.527049
0.484655
0.457853
0.442068
0.431457
0.420935
0.419115
0.320046
0.320704
0.323183
0.328349
0.337092
0.349734
0.366663
0.388736
0.415152
0.446643
0.476554
0.497401
0.499206
0.480201
0.456193
0.455484
0.456768
0.453952
0.4451
0.442034
0.254559
0.255332
0.258246
0.264949
0.276206
0.291791
0.31123
0.333388
0.355505
0.374588
0.400619
0.421236
0.413514
0.385033
0.381822
0.405422
0.42526
0.424313
0.415654
0.412591
0.170582
0.171166
0.174079
0.18128
0.193335
0.209513
0.227722
0.241998
0.243942
0.2408
0.264902
0.298497
0.286113
0.2482
0.275701
0.311288
0.340773
0.334828
0.325633
0.321055
0.0296625
0.0289496
0.0288767
0.0284059
0.0285156
0.0304645
0.025473
0.0034765
-0.0210723
0.0160124
0.0589886
0.0795362
0.0718763
0.0504796
0.043052
0.0152133
0.0456267
0.0498087
0.0499422
0.157511
-0.693027
0.0305972
0.492995
0.762882
0.959403
1.11143
1.2311
1.32984
1.43244
1.5241
0.404392
0.612291
0.800949
0.959291
1.09186
1.20073
1.28997
1.36285
1.40797
1.41307
0.759836
0.881969
1.00099
1.1072
1.1988
1.27624
1.33969
1.38784
1.41893
1.43742
0.982257
1.06495
1.14653
1.22136
1.28681
1.34269
1.38862
1.4246
1.4519
1.4715
1.14358
1.19971
1.26053
1.31635
1.36494
1.40718
1.44296
1.47258
1.49671
1.51406
1.27036
1.3123
1.35982
1.4015
1.44005
1.47438
1.50436
1.52994
1.55123
1.56573
1.37559
1.41078
1.44895
1.48408
1.5171
1.54736
1.57422
1.59723
1.61619
1.6281
1.47036
1.50194
1.53654
1.56969
1.60089
1.62964
1.6551
1.67663
1.69377
1.70343
1.56237
1.59523
1.63088
1.66522
1.69681
1.72535
1.75012
1.7706
1.78619
1.79449
1.66497
1.70258
1.74103
1.77754
1.80978
1.83781
1.86138
1.88048
1.8947
1.90325
1.79237
1.83479
1.87399
1.90999
1.94051
1.96627
1.98789
2.00558
2.01913
2.02934
1.95401
1.99564
2.02945
2.05892
2.08349
2.10506
2.12469
2.14215
2.15692
2.16964
2.14441
2.17524
2.19666
2.21583
2.2339
2.25115
2.26738
2.28323
2.29975
2.3167
2.3424
2.35382
2.3649
2.37903
2.39332
2.40617
2.41756
2.42843
2.44135
2.45824
2.52824
2.53815
2.54682
2.54927
2.55013
2.55441
2.56523
2.5812
2.59883
2.60343
2.82928
2.7739
2.72309
2.68285
2.66047
2.65645
2.66995
2.70375
2.7602
2.83576
1.37293
1.31424
1.27175
1.23789
1.21322
1.19565
1.18311
1.17415
1.16799
1.16444
1.16396
1.16672
1.17208
1.17996
1.19084
1.20586
1.22685
1.25593
1.29468
1.3425
1.1745
1.18325
1.18877
1.18959
1.18609
1.18003
1.17356
1.16805
1.16415
1.1624
1.16347
1.16697
1.17218
1.1786
1.18533
1.19057
1.19218
1.18893
1.18157
1.1739
1.15155
1.15358
1.15818
1.16168
1.16418
1.16559
1.16527
1.1635
1.16125
1.1596
1.1595
1.16122
1.16385
1.1664
1.16783
1.16745
1.16557
1.16274
1.15868
1.15429
1.14468
1.14555
1.14802
1.15073
1.15273
1.15407
1.15502
1.15542
1.15521
1.15487
1.1551
1.15606
1.15705
1.15744
1.15708
1.15618
1.15473
1.15247
1.14981
1.14783
1.13908
1.13954
1.14093
1.14295
1.14487
1.14643
1.14753
1.14838
1.14902
1.14949
1.14999
1.15048
1.15068
1.15049
1.14994
1.14891
1.14736
1.14549
1.14382
1.1428
1.13397
1.13426
1.13517
1.13663
1.13825
1.13983
1.14122
1.14233
1.14327
1.1441
1.14477
1.14515
1.14515
1.14481
1.14405
1.1429
1.14154
1.14017
1.13905
1.13842
1.12909
1.12929
1.12998
1.13115
1.13253
1.13395
1.13538
1.13673
1.13791
1.13895
1.13978
1.1402
1.14017
1.13971
1.13891
1.13791
1.13683
1.13576
1.13494
1.13449
1.12439
1.12454
1.12509
1.12607
1.1273
1.12862
1.13001
1.13144
1.13282
1.13407
1.13508
1.13561
1.1356
1.13517
1.13449
1.13368
1.1328
1.13195
1.13132
1.13098
1.11979
1.11991
1.12036
1.12121
1.12235
1.12361
1.12497
1.12642
1.12793
1.1294
1.13062
1.1313
1.13142
1.13116
1.13065
1.13001
1.1293
1.12862
1.12814
1.12788
1.11521
1.11531
1.11568
1.11646
1.11753
1.11877
1.12013
1.12163
1.12325
1.12492
1.12641
1.12733
1.12767
1.12761
1.12729
1.12682
1.12627
1.12574
1.12537
1.12517
1.11059
1.11066
1.11099
1.11171
1.11277
1.114
1.11542
1.11701
1.11877
1.12065
1.12245
1.1237
1.12434
1.12452
1.1244
1.1241
1.12369
1.12329
1.12301
1.12285
1.10585
1.10591
1.10621
1.1069
1.10796
1.10926
1.11076
1.11249
1.11448
1.11668
1.11886
1.1205
1.12145
1.12189
1.12199
1.12186
1.12159
1.12131
1.12111
1.12098
1.10095
1.10099
1.10126
1.10195
1.10305
1.10444
1.10606
1.10798
1.11024
1.11283
1.11549
1.11762
1.11896
1.11971
1.12006
1.12013
1.12002
1.11983
1.1197
1.11961
1.0958
1.09584
1.09608
1.09678
1.09795
1.09946
1.10125
1.1034
1.10599
1.10906
1.11233
1.11504
1.11687
1.11801
1.11866
1.11897
1.11901
1.11894
1.11888
1.11881
1.09035
1.09037
1.09061
1.09133
1.0926
1.09427
1.09628
1.09877
1.10181
1.10546
1.10947
1.11293
1.11535
1.11694
1.11792
1.1185
1.11872
1.11878
1.11879
1.11875
1.08452
1.08452
1.08474
1.0855
1.08687
1.08873
1.09102
1.09391
1.09752
1.10196
1.1069
1.11122
1.11433
1.11649
1.11791
1.11878
1.11925
1.11947
1.11955
1.11953
1.07807
1.07809
1.07832
1.0791
1.0806
1.08266
1.0853
1.08867
1.09296
1.0983
1.10437
1.10981
1.11382
1.11666
1.11863
1.11995
1.12076
1.12118
1.12135
1.12135
1.07081
1.07081
1.07107
1.07189
1.07356
1.07594
1.07904
1.08307
1.08829
1.09485
1.10233
1.10906
1.11409
1.11773
1.12034
1.12218
1.12336
1.12403
1.1243
1.12431
1.06235
1.06235
1.06263
1.06357
1.06544
1.06819
1.07186
1.07671
1.08304
1.09106
1.10028
1.10864
1.11495
1.11959
1.12298
1.12542
1.12708
1.12804
1.12841
1.12842
1.05212
1.05212
1.05245
1.05355
1.05576
1.05907
1.06356
1.06954
1.07738
1.08729
1.09863
1.1089
1.11665
1.12242
1.12669
1.12982
1.13198
1.13323
1.13369
1.13371
1.03951
1.03951
1.03991
1.04128
1.04402
1.04814
1.05375
1.06124
1.071
1.08327
1.09721
1.10976
1.11924
1.12631
1.13159
1.13549
1.13818
1.13972
1.14027
1.14029
1.02377
1.02377
1.02429
1.02606
1.02957
1.03488
1.04205
1.05157
1.06386
1.07908
1.09615
1.11137
1.12284
1.1314
1.13783
1.14256
1.14585
1.14769
1.14834
1.14836
1.00381
1.00381
1.00452
1.00691
1.0116
1.01861
1.02799
1.04029
1.05587
1.07479
1.09558
1.11389
1.12761
1.13786
1.14557
1.15126
1.15523
1.15739
1.15812
1.15814
0.97786
0.977872
0.978912
0.982334
0.988895
0.998457
1.01106
1.02719
1.04705
1.0705
1.09567
1.11747
1.13369
1.1458
1.15495
1.16176
1.16646
1.16894
1.16975
1.16975
0.942847
0.942887
0.944607
0.950021
0.959848
0.973571
0.990971
1.01235
1.03766
1.06653
1.09665
1.12229
1.14121
1.15535
1.1661
1.17415
1.17961
1.18239
1.18324
1.18321
0.893007
0.893295
0.897189
0.907087
0.923059
0.943547
0.96791
0.996207
1.02817
1.06325
1.09879
1.12849
1.15026
1.16655
1.17899
1.18833
1.19454
1.19762
1.19848
1.1984
0.820874
0.823291
0.834459
0.853933
0.880023
0.909896
0.943131
0.979632
1.01912
1.06104
1.1025
1.13669
1.16171
1.18054
1.19503
1.20594
1.21313
1.21671
1.21772
1.21768
0.744223
0.750736
0.770527
0.80009
0.836597
0.876142
0.918341
0.963183
1.01053
1.05993
1.1083
1.14818
1.17753
1.19976
1.21694
1.23006
1.23874
1.24299
1.24415
1.2443
0.679648
0.686239
0.712672
0.750691
0.795793
0.844102
0.894812
0.947755
1.00278
1.05944
1.11445
1.15964
1.19287
1.21806
1.23743
1.25202
1.26159
1.26679
1.26822
1.26834
0.627186
0.63416
0.664291
0.708216
0.759737
0.815096
0.87305
0.933269
0.995408
1.05894
1.12018
1.1702
1.20681
1.23435
1.25538
1.27121
1.28211
1.28782
1.28922
1.28946
0.583817
0.591084
0.623593
0.67174
0.728311
0.789321
0.853336
0.919881
0.988402
1.05821
1.12519
1.17954
1.21903
1.24856
1.27103
1.28794
1.29961
1.3058
1.30749
1.30783
0.546862
0.554299
0.588418
0.639846
0.70049
0.766189
0.835385
0.907455
0.981689
1.05722
1.12941
1.18764
1.22963
1.2608
1.28435
1.30202
1.31414
1.32071
1.32279
1.32322
0.514283
0.521831
0.557148
0.611261
0.675271
0.744968
0.81868
0.895664
0.975065
1.05583
1.13284
1.1946
1.2388
1.27133
1.29572
1.31393
1.32637
1.33322
1.33557
1.33602
0.484619
0.492284
0.528637
0.584962
0.651867
0.725032
0.802737
0.884137
0.968269
1.0539
1.13544
1.20053
1.24677
1.28051
1.30559
1.32414
1.3368
1.34378
1.34626
1.34667
0.456983
0.464753
0.502013
0.560262
0.62971
0.705928
0.787184
0.872584
0.961077
1.0513
1.13719
1.20554
1.25376
1.28864
1.31434
1.33316
1.34595
1.35298
1.35556
1.35598
0.43068
0.438597
0.476714
0.536611
0.608389
0.687329
0.771763
0.860801
0.953334
1.04791
1.13807
1.20968
1.25995
1.29603
1.32238
1.34152
1.35441
1.3614
1.36397
1.3645
0.40534
0.413429
0.452376
0.513731
0.587603
0.668992
0.756302
0.848653
0.944932
1.04365
1.13802
1.213
1.26547
1.30289
1.32999
1.34949
1.36251
1.36949
1.37197
1.37245
0.380663
0.388971
0.428557
0.491461
0.56718
0.650771
0.740682
0.836052
0.935803
1.03847
1.13701
1.21553
1.27041
1.30936
1.33735
1.35732
1.3705
1.37746
1.37985
1.38019
0.35656
0.365069
0.405374
0.469642
0.547032
0.632604
0.724851
0.822964
0.925916
1.03232
1.13502
1.21726
1.27481
1.31551
1.34456
1.36508
1.37842
1.38531
1.38756
1.38779
0.332951
0.341611
0.382701
0.44819
0.527115
0.614464
0.708805
0.809389
0.915274
1.02519
1.13198
1.2181
1.27862
1.32137
1.35165
1.3728
1.38629
1.39302
1.39506
1.39518
0.309799
0.318648
0.360459
0.427108
0.507423
0.596366
0.692574
0.795366
0.903892
1.01708
1.12782
1.21795
1.28178
1.32693
1.35868
1.38051
1.39408
1.40054
1.40231
1.40233
0.287086
0.296133
0.338715
0.406424
0.487989
0.578351
0.676204
0.780947
0.891834
1.00799
1.1225
1.21672
1.28417
1.33215
1.36571
1.38829
1.40177
1.40778
1.40921
1.40913
0.264909
0.27416
0.317501
0.386186
0.468874
0.560478
0.659777
0.766216
0.879176
0.997983
1.116
1.2143
1.28563
1.33692
1.37281
1.39634
1.40948
1.41469
1.41565
1.41547
0.243344
0.252801
0.296857
0.366434
0.450132
0.542825
0.643368
0.751267
0.866005
0.987137
1.10832
1.21057
1.28596
1.34105
1.37998
1.40499
1.41761
1.42139
1.42154
1.42124
0.222395
0.232067
0.276821
0.347222
0.431815
0.525471
0.627073
0.736202
0.852431
0.975541
1.09951
1.20545
1.28494
1.34421
1.38704
1.41463
1.42711
1.42868
1.42704
1.42645
0.20214
0.21202
0.257437
0.328603
0.413998
0.508474
0.610976
0.721117
0.838574
0.963309
1.08964
1.19887
1.28237
1.34597
1.39342
1.4252
1.43935
1.43916
1.43424
1.43176
0.18256
0.192635
0.238721
0.310578
0.396658
0.491814
0.595054
0.705979
0.824399
0.950404
1.07862
1.19063
1.27798
1.34582
1.39813
1.43568
1.45477
1.45665
1.44866
1.43114
0.163623
0.173916
0.220563
0.292977
0.379558
0.475171
0.57892
0.690309
0.809341
0.936171
1.06578
1.17996
1.27098
1.343
1.39935
1.44283
1.46837
1.47022
1.46397
1.41799
0.145063
0.156259
0.203029
0.275943
0.36281
0.458642
0.562758
0.674334
0.793641
0.920839
1.05123
1.16682
1.26069
1.33698
1.39457
1.43808
1.46484
1.47036
1.41887
1.356
0.125862
0.140713
0.186322
0.259588
0.346134
0.442045
0.546314
0.658063
0.77729
0.904402
1.03485
1.15102
1.24594
1.328
1.38241
1.41029
1.43233
1.40866
1.34351
1.27645
0.106944
0.105456
0.165847
0.246353
0.332377
0.428187
0.530181
0.642155
0.761017
0.887634
1.01728
1.13292
1.22665
1.31837
1.3438
1.34535
1.35143
1.29811
1.22616
1.15442
0.131193
0.132333
0.189892
0.269527
0.36037
0.459986
0.566881
0.681526
0.803291
0.93302
1.05595
1.15804
1.24115
1.33105
1.35667
1.26382
1.18436
1.12088
1.0486
0.901382
0.0897558
0.116122
0.176405
0.256633
0.34749
0.446761
0.553076
0.667068
0.787835
0.915932
1.03614
1.13499
1.21078
1.26951
1.24532
1.12424
1.00639
0.92555
0.841018
0.673437
0.0649141
0.0960414
0.157296
0.237237
0.328155
0.427156
0.533582
0.646744
0.76613
0.891916
1.00867
1.10257
1.16998
1.19605
1.12392
0.962602
0.823602
0.720259
0.604216
0.362591
0.0406493
0.0741499
0.136665
0.217296
0.308339
0.407236
0.51328
0.625462
0.743253
0.866361
0.978865
1.06677
1.12213
1.11579
0.985118
0.797212
0.623131
0.477534
0.313701
-0.081942
0.0173768
0.0517158
0.115309
0.196793
0.288035
0.38677
0.492168
0.603265
0.719278
0.839389
0.946994
1.02827
1.06721
1.02977
0.850391
0.640028
0.422228
0.233204
-0.0234202
-0.630444
-0.00566365
0.0286951
0.0929837
0.175085
0.266561
0.365118
0.469886
0.579823
0.693871
0.810688
0.91303
0.98658
1.00876
0.926503
0.72701
0.508559
0.284634
0.0749045
-0.102059
-0.787211
-0.0296065
0.00478984
0.0694509
0.151938
0.243602
0.342015
0.446188
0.554945
0.66691
0.780209
0.87712
0.941697
0.942237
0.814606
0.621536
0.413802
0.220703
0.0884391
0.0586268
0.00922478
-0.0548712
-0.020474
0.0443998
0.127047
0.218725
0.316838
0.420246
0.527547
0.63704
0.746211
0.837218
0.890898
0.868272
0.711355
0.526583
0.34499
0.196685
0.133666
0.11054
0.104189
-0.0818142
-0.0472891
0.0177444
0.100436
0.191969
0.289609
0.391997
0.497528
0.604151
0.708608
0.793181
0.83381
0.794977
0.614435
0.440053
0.281038
0.167985
0.137812
0.137617
0.137318
-0.110506
-0.0757464
-0.0105518
0.0721374
0.163389
0.260342
0.361463
0.464906
0.56822
0.66746
0.744656
0.773501
0.709191
0.524825
0.358992
0.219032
0.168049
0.153179
0.151085
0.151168
-0.140833
-0.105769
-0.0404324
0.0421876
0.133024
0.229096
0.328693
0.429706
0.529277
0.622842
0.691904
0.709424
0.611148
0.441845
0.2879
0.177944
0.156843
0.160136
0.159899
0.160217
-0.172298
-0.137139
-0.0716802
0.0107786
0.101042
0.196013
0.293806
0.392034
0.487443
0.574874
0.635807
0.635156
0.523434
0.365899
0.230224
0.187365
0.164309
0.16476
0.165394
0.165745
-0.204552
-0.169147
-0.103923
-0.0217689
0.0677378
0.16137
0.257068
0.352159
0.442994
0.523935
0.576908
0.561803
0.441378
0.299598
0.187168
0.157912
0.165223
0.168936
0.171054
0.171756
-0.236665
-0.201479
-0.136528
-0.0549186
0.0335972
0.125624
0.218915
0.310522
0.396381
0.47068
0.514587
0.488396
0.363616
0.245553
0.146249
0.153362
0.162597
0.170641
0.175725
0.17761
-0.267682
-0.233147
-0.168569
-0.0879245
-0.000680738
0.089429
0.179995
0.267806
0.348306
0.415758
0.451366
0.415521
0.288816
0.208949
0.137115
0.14046
0.149439
0.156573
0.161954
0.164925
-0.29617
-0.262575
-0.199154
-0.119734
-0.034122
0.0537112
0.141205
0.224929
0.299852
0.359798
0.391989
0.332989
0.210202
0.180236
0.213429
0.148491
0.123587
0.115267
0.114062
0.115578
-0.32046
-0.288383
-0.226561
-0.149074
-0.0656029
0.0196509
0.103744
0.183096
0.252433
0.304014
0.334865
0.245085
0.104571
0.10098
0.151759
0.0704644
0.0196287
-0.00543265
-0.00846016
-0.00561222
-0.338563
-0.308597
-0.249024
-0.174273
-0.0935558
-0.0114126
0.0690548
0.143895
0.20763
0.250782
0.27606
0.153218
-0.0633415
-0.31486
-0.324083
-0.235938
-0.217702
-0.222073
-0.208594
-0.201053
-0.348417
-0.321017
-0.264902
-0.193594
-0.116305
-0.0377701
0.0388196
0.109285
0.167436
0.20311
0.216112
0.0639783
-0.174082
-0.54072
-0.601611
-0.417921
-0.363197
-0.328321
-0.310198
-0.305436
-0.347727
-0.324064
-0.272496
-0.205326
-0.13219
-0.0576814
0.0150113
0.0814715
0.134701
0.163923
0.154007
0.0418293
-0.023561
0.164026
0.228143
-0.00155478
-0.248669
-0.280778
-0.284261
-0.2826
-0.333181
-0.315129
-0.270395
-0.208155
-0.139863
-0.0695981
-0.000524424
0.0629935
0.11314
0.137596
0.12077
0.0474105
0.0380542
0.204453
0.210078
-0.181684
-0.330414
-0.314151
-0.278042
-0.293816
-0.305897
-0.292974
-0.257095
-0.201781
-0.138677
-0.0725581
-0.00633518
0.0558634
0.106645
0.132065
0.109789
-0.0634268
-0.479754
-1.22045
-1.81563
-2.17707
-2.01306
-1.63013
-1.29569
-1.16049
-0.269214
-0.260737
-0.234829
-0.187087
-0.12913
-0.0666871
-0.00183797
0.0613209
0.117282
0.152579
0.139377
-0.0508404
-0.547198
-1.20338
-1.75257
-1.99914
-1.8715
-1.59509
-1.27954
-1.18876
-0.228388
-0.223551
-0.206397
-0.167574
-0.113885
-0.0534624
0.0117813
0.0796167
0.145137
0.206899
0.24248
0.236404
0.144606
0.139978
0.200499
0.429122
0.724397
0.970355
1.13576
1.218
-0.190255
-0.187827
-0.177483
-0.146242
-0.0965413
-0.0360883
0.0317199
0.106486
0.187673
0.276107
0.383298
0.537881
0.835759
1.32149
1.87424
2.3858
2.77984
3.04176
3.18266
3.22984
-0.156818
-0.155916
-0.151626
-0.128404
-0.0814114
-0.0188168
0.0529842
0.134449
0.228182
0.337471
0.469177
0.614504
0.905085
1.44658
2.06119
2.6075
3.00714
3.23465
3.33667
3.36762
-0.126425
-0.126005
-0.124933
-0.110349
-0.0677982
-0.00416313
0.0714854
0.156951
0.252557
0.363755
0.482983
0.616709
0.795777
1.22915
1.74245
2.18266
2.5119
2.70667
2.79513
2.81979
-0.100394
-0.0992192
-0.0988882
-0.0912343
-0.0541492
0.0104064
0.0882527
0.174333
0.267401
0.373642
0.484068
0.597657
0.71905
0.988597
1.37514
1.7028
1.94885
2.09104
2.15465
2.17078
-0.0856364
-0.0849633
-0.0861048
-0.0802775
-0.0412344
0.0276352
0.107731
0.192203
0.281142
0.378875
0.473191
0.559739
0.641168
0.81318
1.07235
1.29847
1.46558
1.56208
1.60512
1.61414
-0.0696132
-0.0727622
-0.0765302
-0.0679535
-0.0214949
0.0535351
0.134563
0.214347
0.295067
0.379849
0.457386
0.520365
0.581874
0.687833
0.859578
1.007
1.11295
1.1734
1.19859
1.20332
-0.00671836
-0.0126803
-0.01811
-0.00725638
0.0371268
0.104707
0.175314
0.243735
0.311961
0.381843
0.443704
0.488312
0.527252
0.594998
0.708785
0.803999
0.869192
0.904545
0.919009
0.920533
0.122537
0.118223
0.114391
0.12093
0.147713
0.188162
0.233932
0.282309
0.333241
0.387313
0.43361
0.463793
0.487524
0.530597
0.604303
0.666826
0.707385
0.728939
0.737381
0.737313
0.268436
0.266524
0.263515
0.262053
0.267059
0.278852
0.298286
0.324397
0.357241
0.395787
0.429925
0.451526
0.466042
0.495962
0.543133
0.582687
0.607957
0.620678
0.625279
0.624673
0.375177
0.374478
0.371542
0.364588
0.355686
0.350517
0.352377
0.362314
0.380773
0.406767
0.432721
0.451475
0.463756
0.487826
0.519289
0.541642
0.555162
0.561723
0.563743
0.562874
0.431346
0.430907
0.428048
0.42016
0.408045
0.3969
0.390641
0.39141
0.4003
0.417525
0.439006
0.458218
0.474129
0.492617
0.512018
0.525466
0.532334
0.535491
0.536216
0.535134
0.453091
0.452662
0.450304
0.443919
0.433544
0.422659
0.414412
0.411167
0.414596
0.426014
0.444821
0.466616
0.488144
0.503727
0.511916
0.517958
0.523195
0.526799
0.528132
0.526871
0.457407
0.456972
0.455179
0.450735
0.443347
0.434834
0.427355
0.422937
0.423187
0.430444
0.446317
0.470028
0.495252
0.507572
0.510429
0.514757
0.519343
0.523207
0.52486
0.523526
0.455026
0.454618
0.453274
0.450286
0.445395
0.439263
0.433157
0.428515
0.42666
0.429718
0.441054
0.461706
0.486029
0.493551
0.492875
0.498216
0.507353
0.515527
0.518481
0.516686
0.451161
0.450792
0.449738
0.447553
0.444233
0.439837
0.434885
0.430118
0.426234
0.424074
0.425956
0.435568
0.448837
0.449744
0.45215
0.465788
0.481469
0.492954
0.496608
0.494356
0.447777
0.447475
0.446657
0.444899
0.442272
0.438922
0.434725
0.429746
0.423761
0.415458
0.40414
0.392004
0.381826
0.379135
0.392557
0.414316
0.433556
0.445456
0.449219
0.447823
0.444979
0.444773
0.444213
0.442771
0.440759
0.437798
0.434225
0.429401
0.422014
0.408469
0.38273
0.343396
0.302785
0.300872
0.329796
0.359626
0.379008
0.387976
0.390307
0.38952
0.44189
0.44181
0.441576
0.440698
0.439162
0.437176
0.434093
0.430572
0.424122
0.409259
0.375741
0.31603
0.255805
0.260926
0.297772
0.325321
0.339772
0.344833
0.345745
0.3453
0.437253
0.437309
0.437436
0.437278
0.436605
0.435963
0.434751
0.433915
0.431132
0.420511
0.391404
0.33474
0.28377
0.292963
0.314649
0.324989
0.326886
0.32608
0.327163
0.327735
0.429659
0.429835
0.430395
0.431194
0.432273
0.433297
0.435121
0.438165
0.441963
0.439736
0.425987
0.391671
0.364826
0.365247
0.365022
0.354227
0.344992
0.340491
0.339565
0.339249
0.417582
0.418084
0.419173
0.420737
0.423162
0.427088
0.432776
0.441657
0.4528
0.463841
0.469167
0.462119
0.458716
0.444193
0.418082
0.392072
0.374878
0.366318
0.362968
0.362564
0.397844
0.398625
0.400381
0.403331
0.408061
0.415332
0.425983
0.440631
0.460295
0.483754
0.505173
0.518192
0.529908
0.498797
0.458253
0.424887
0.404668
0.39218
0.388049
0.388683
0.366773
0.367935
0.370549
0.375286
0.382765
0.393764
0.409328
0.430125
0.456026
0.487771
0.516625
0.534444
0.542443
0.50434
0.469496
0.450213
0.43568
0.425639
0.41933
0.419492
0.32027
0.321685
0.325371
0.332242
0.342921
0.35761
0.376933
0.401363
0.430696
0.461928
0.489922
0.499703
0.496113
0.46471
0.455126
0.453328
0.459057
0.45007
0.443
0.442202
0.2548
0.256448
0.261046
0.270007
0.283456
0.301095
0.322101
0.344633
0.364516
0.387068
0.414104
0.42273
0.401136
0.37843
0.393069
0.41805
0.423772
0.417948
0.413537
0.412552
0.170702
0.172225
0.177041
0.186737
0.200947
0.218598
0.235967
0.244439
0.242355
0.246706
0.286885
0.296596
0.264805
0.254246
0.290619
0.332265
0.344652
0.33019
0.322698
0.320608
0.0747464
0.0743871
0.0758769
0.0795634
0.0898357
0.101623
0.111069
0.109086
0.0834073
0.0665319
0.103276
0.146849
0.147022
0.095183
0.125948
0.154536
0.167332
0.166196
0.160859
0.156837
-0.274764
0.308857
0.639594
0.865502
1.03927
1.17373
1.28313
1.37763
1.48942
1.48496
0.555896
0.713219
0.883591
1.02889
1.14914
1.24745
1.32862
1.39022
1.41572
1.41988
0.837954
0.942889
1.05602
1.15481
1.23926
1.30974
1.36587
1.40534
1.43001
1.44689
1.03499
1.10693
1.18518
1.25528
1.31597
1.36691
1.40782
1.43915
1.46356
1.4821
1.18181
1.23548
1.2898
1.34145
1.38686
1.42586
1.45852
1.48524
1.5074
1.52566
1.29943
1.33822
1.38087
1.4213
1.45775
1.48989
1.51772
1.54105
1.56047
1.57822
1.3992
1.43031
1.46678
1.50089
1.53262
1.56124
1.58624
1.60718
1.62407
1.64143
1.49019
1.51925
1.55335
1.58555
1.61563
1.64282
1.6664
1.68575
1.70033
1.71746
1.58155
1.61287
1.64838
1.68136
1.71151
1.73824
1.76093
1.77903
1.7917
1.80897
1.68577
1.72159
1.7598
1.79418
1.82434
1.85016
1.8715
1.88819
1.89983
1.91769
1.81537
1.85442
1.89267
1.92589
1.95394
1.97757
1.99725
2.0128
2.02465
2.04292
1.97654
2.01294
2.04491
2.07169
2.09456
2.1151
2.13375
2.14981
2.16354
2.18142
2.16126
2.18646
2.20644
2.22497
2.24264
2.25941
2.2753
2.29132
2.30846
2.3276
2.3481
2.35898
2.37174
2.38632
2.39995
2.41204
2.42297
2.43433
2.44975
2.46919
2.53001
2.54349
2.54857
2.54958
2.55156
2.55895
2.57268
2.5903
2.60404
2.61539
2.79892
2.74836
2.7009
2.66933
2.6563
2.66087
2.68411
2.72918
2.79588
2.89
1.22956
1.22654
1.22048
1.20955
1.19704
1.18571
1.17663
1.16983
1.1653
1.16332
1.16446
1.16835
1.17445
1.18268
1.19314
1.20544
1.21777
1.22647
1.23098
1.23314
1.15788
1.16452
1.16977
1.17337
1.17447
1.17282
1.16934
1.1655
1.16245
1.16105
1.16203
1.16498
1.16899
1.17316
1.17615
1.17666
1.17431
1.16992
1.16362
1.15779
1.1478
1.15076
1.15412
1.1566
1.15834
1.1595
1.1597
1.1589
1.15777
1.15722
1.15797
1.15961
1.1612
1.16193
1.16147
1.16018
1.15825
1.15536
1.15201
1.14973
1.1418
1.14322
1.14542
1.14769
1.1494
1.15057
1.15142
1.15195
1.15215
1.15235
1.15292
1.15357
1.15382
1.15355
1.15287
1.15168
1.14984
1.14759
1.14582
1.14474
1.13649
1.13731
1.13876
1.14053
1.14226
1.14371
1.14481
1.14569
1.14644
1.14709
1.14761
1.14784
1.14774
1.14728
1.14639
1.14506
1.14349
1.14194
1.1409
1.14024
1.13151
1.13206
1.13314
1.13455
1.13605
1.13754
1.13889
1.14004
1.14103
1.14191
1.14249
1.14267
1.14246
1.14184
1.14086
1.1397
1.13847
1.13735
1.13664
1.13617
1.12672
1.12714
1.12801
1.12922
1.13054
1.13193
1.13335
1.13471
1.13592
1.13699
1.1377
1.13791
1.13765
1.13703
1.13618
1.13523
1.13425
1.13339
1.13286
1.13251
1.12208
1.12241
1.12312
1.12419
1.12543
1.12676
1.12817
1.12962
1.13104
1.13233
1.1332
1.1335
1.13332
1.13283
1.13216
1.13139
1.13059
1.12992
1.12952
1.12924
1.1175
1.11777
1.11838
1.11936
1.12054
1.12184
1.12325
1.12477
1.12635
1.12787
1.12897
1.12945
1.12945
1.12915
1.12866
1.12805
1.12742
1.1269
1.12659
1.12636
1.11291
1.11313
1.11367
1.11459
1.11575
1.11705
1.11851
1.12012
1.12185
1.12362
1.12501
1.12577
1.12602
1.12592
1.12561
1.12517
1.12469
1.12429
1.12405
1.12387
1.10824
1.10842
1.10892
1.10982
1.11098
1.11234
1.11388
1.11565
1.11761
1.11969
1.12144
1.12253
1.12305
1.12318
1.12305
1.12276
1.12241
1.12212
1.12194
1.12178
1.10343
1.10358
1.10405
1.10496
1.10617
1.1076
1.10929
1.11125
1.11351
1.11598
1.11818
1.11967
1.12051
1.12089
1.12097
1.12084
1.12062
1.12042
1.12029
1.12017
1.09841
1.09854
1.09899
1.09993
1.10123
1.10278
1.10463
1.10686
1.10949
1.11248
1.11523
1.11717
1.1184
1.11909
1.11942
1.11947
1.11938
1.11927
1.11919
1.11908
1.09313
1.09324
1.09368
1.09467
1.09607
1.09778
1.09987
1.10241
1.10546
1.10904
1.11249
1.11507
1.11679
1.11786
1.11845
1.11872
1.11878
1.11877
1.11873
1.11864
1.08748
1.08757
1.08803
1.08909
1.09064
1.09257
1.09497
1.09797
1.10165
1.10603
1.1103
1.11356
1.11582
1.11732
1.11822
1.11873
1.11898
1.11907
1.11907
1.11899
1.08139
1.08147
1.08192
1.08305
1.08474
1.08691
1.08966
1.09316
1.09753
1.10285
1.10816
1.11235
1.11535
1.1174
1.11873
1.11959
1.12008
1.1203
1.12035
1.12028
1.07456
1.07464
1.07513
1.07634
1.07823
1.08073
1.08398
1.08817
1.09348
1.1
1.10658
1.11182
1.11562
1.11832
1.12021
1.1215
1.12227
1.12264
1.12274
1.12267
1.06676
1.06684
1.06738
1.06872
1.07085
1.07377
1.07762
1.08267
1.08915
1.09716
1.10528
1.11182
1.11666
1.12017
1.12268
1.12445
1.12559
1.12614
1.12628
1.1262
1.05747
1.05757
1.05821
1.05973
1.06222
1.06569
1.07035
1.07653
1.08448
1.09433
1.10435
1.11244
1.11848
1.12292
1.12619
1.12853
1.13006
1.13079
1.13097
1.13088
1.0461
1.04623
1.04701
1.04886
1.05189
1.05617
1.06197
1.06964
1.07951
1.09166
1.10394
1.11385
1.12127
1.12678
1.13087
1.13384
1.13578
1.13669
1.1369
1.13679
1.032
1.03217
1.03319
1.03552
1.03933
1.04475
1.05207
1.06171
1.074
1.08898
1.104
1.11605
1.12508
1.1318
1.13685
1.1405
1.14286
1.14396
1.1442
1.14407
1.01425
1.0145
1.0159
1.01894
1.0239
1.03094
1.04037
1.05265
1.06805
1.0865
1.10473
1.11924
1.1301
1.1382
1.14429
1.14872
1.15156
1.15284
1.15312
1.15296
0.991468
0.991884
0.993874
0.998018
1.00471
1.01409
1.02649
1.04229
1.06164
1.08429
1.10624
1.12354
1.13645
1.14611
1.15338
1.15871
1.16206
1.16352
1.16381
1.16363
0.961329
0.96207
0.965089
0.971098
0.980584
0.993545
1.01017
1.03068
1.05497
1.08258
1.10875
1.12913
1.14428
1.15564
1.16427
1.17058
1.17444
1.17607
1.17637
1.17616
0.91971
0.921209
0.926395
0.936049
0.950362
0.968921
0.991527
1.01813
1.0484
1.08166
1.11246
1.13613
1.15367
1.16689
1.17699
1.18434
1.18867
1.19043
1.19071
1.19047
0.859067
0.863656
0.874517
0.891263
0.913808
0.940675
0.971255
1.00532
1.04245
1.08188
1.11752
1.1446
1.16462
1.17976
1.19132
1.19962
1.20447
1.20629
1.2065
1.20624
0.786908
0.795007
0.814735
0.842087
0.875009
0.911218
0.950412
0.992493
1.03712
1.08364
1.12527
1.15692
1.1805
1.19846
1.21208
1.22178
1.22743
1.2296
1.22988
1.22978
0.714628
0.728481
0.757035
0.794581
0.837225
0.882631
0.930415
0.980552
1.03277
1.08652
1.13436
1.17074
1.19796
1.21881
1.23479
1.24626
1.2524
1.25426
1.25479
1.25485
0.655488
0.673006
0.707274
0.752211
0.80261
0.855965
0.911583
0.969317
1.0288
1.08948
1.14313
1.18379
1.21411
1.2372
1.25473
1.26718
1.27397
1.27695
1.27777
1.27791
0.607274
0.626742
0.665258
0.715619
0.772075
0.831889
0.894231
0.958756
1.02492
1.09204
1.15104
1.19546
1.22836
1.25327
1.27222
1.28583
1.29369
1.29713
1.29811
1.29826
0.566929
0.587503
0.629186
0.683771
0.745087
0.810269
0.878378
0.948883
1.02108
1.09409
1.15793
1.20566
1.24075
1.26718
1.28722
1.30168
1.31026
1.3141
1.31518
1.31534
0.531935
0.553255
0.597434
0.655425
0.720773
0.790538
0.863674
0.939512
1.01718
1.09557
1.16381
1.21448
1.25144
1.27905
1.29986
1.31485
1.32403
1.32816
1.32932
1.32947
0.500654
0.522521
0.568689
0.629559
0.69834
0.772085
0.849685
0.930333
1.01301
1.0964
1.16875
1.2221
1.2607
1.2893
1.31067
1.32605
1.33564
1.3399
1.34112
1.34122
0.471904
0.494192
0.542124
0.605408
0.677182
0.754433
0.836023
0.921055
1.00839
1.0965
1.17276
1.2287
1.26883
1.29829
1.32013
1.33574
1.34539
1.34979
1.35101
1.35109
0.444783
0.467546
0.517025
0.582443
0.656873
0.737234
0.822414
0.911458
1.00314
1.09578
1.1759
1.23439
1.27606
1.30639
1.32867
1.34449
1.3542
1.35869
1.3598
1.35977
0.418845
0.442141
0.492825
0.560276
0.637088
0.720243
0.80867
0.901397
0.997159
1.09417
1.17814
1.23931
1.28262
1.31389
1.33668
1.35271
1.36248
1.36693
1.36802
1.36794
0.393742
0.417567
0.469354
0.538671
0.617615
0.703291
0.794667
0.890776
0.990363
1.09162
1.17951
1.24351
1.28865
1.32102
1.3444
1.36072
1.37056
1.37492
1.37598
1.37587
0.369254
0.393573
0.446537
0.517478
0.598341
0.686288
0.780327
0.87954
0.982707
1.08808
1.17998
1.24704
1.29424
1.32788
1.35199
1.36864
1.37855
1.38281
1.38375
1.38362
0.345268
0.370135
0.424203
0.496614
0.579214
0.669195
0.765635
0.867676
0.974178
1.08351
1.17949
1.24987
1.29941
1.33454
1.35949
1.37651
1.38644
1.39053
1.39134
1.39116
0.321759
0.347193
0.402286
0.476052
0.560217
0.652022
0.750611
0.8552
0.964768
1.07788
1.17797
1.2519
1.30413
1.34102
1.36695
1.38435
1.39423
1.39808
1.39871
1.39848
0.298776
0.324711
0.380806
0.455807
0.541375
0.634798
0.735295
0.842159
0.954504
1.07117
1.17531
1.25305
1.30835
1.34736
1.37444
1.39216
1.40182
1.40531
1.40577
1.4055
0.27627
0.302748
0.359803
0.435921
0.522739
0.617585
0.719757
0.82862
0.943447
1.06336
1.17147
1.25319
1.31193
1.35354
1.38207
1.40005
1.4092
1.41216
1.4124
1.4121
0.254366
0.281369
0.339316
0.416441
0.504366
0.600462
0.704081
0.814673
0.931674
1.05451
1.16637
1.25214
1.31471
1.35951
1.39001
1.40828
1.41651
1.41855
1.41851
1.4182
0.233059
0.260626
0.319378
0.397426
0.48633
0.583502
0.688364
0.800429
0.919275
1.04467
1.15997
1.24975
1.31642
1.36505
1.39842
1.41747
1.4243
1.42462
1.42399
1.42373
0.212449
0.240528
0.300048
0.378931
0.46869
0.566791
0.672689
0.785973
0.906371
1.03394
1.15226
1.24589
1.31677
1.36974
1.40715
1.42837
1.43411
1.43153
1.42899
1.42839
0.192476
0.221106
0.281379
0.361018
0.451526
0.550414
0.65718
0.771445
0.893096
1.02243
1.14329
1.24044
1.31545
1.37292
1.4154
1.44103
1.44825
1.44368
1.43501
1.41734
0.173207
0.202373
0.263228
0.343485
0.43454
0.53403
0.641408
0.756367
0.878909
1.00958
1.13247
1.23274
1.31195
1.37371
1.42166
1.454
1.46666
1.46341
1.44687
1.45918
0.154516
0.184343
0.245656
0.326387
0.417786
0.517703
0.625382
0.74077
0.863814
0.995303
1.11963
1.22221
1.30567
1.37085
1.4218
1.45861
1.47608
1.4708
1.40937
1.39061
0.135809
0.166455
0.228915
0.310126
0.401755
0.501882
0.609309
0.724919
0.848104
0.979826
1.10484
1.20853
1.29593
1.36381
1.41038
1.44584
1.45502
1.42162
1.35151
1.30874
0.116392
0.147819
0.213409
0.295073
0.386839
0.486712
0.593559
0.708986
0.831868
0.963181
1.08801
1.19168
1.28085
1.35303
1.40099
1.40128
1.38326
1.32411
1.2512
1.20641
0.523298
0.635096
0.753727
0.879945
1.0087
1.12325
1.21513
1.07327
0.0953722
0.114206
0.152185
0.220898
0.306673
0.401711
0.504895
0.615561
0.733268
0.858115
0.985465
1.09875
1.18902
1.2637
1.31593
1.28399
1.14339
1.05616
0.987502
0.0776175
0.0906667
0.134821
0.205261
0.291315
0.386388
0.48901
0.599124
0.715863
0.839168
0.964034
1.07359
1.15842
1.21899
1.2194
1.11989
0.975448
0.868711
0.7787
0.0542561
0.0670358
0.114119
0.185656
0.27194
0.367123
0.469765
0.579451
0.695146
0.816699
0.938324
1.04281
1.11993
1.16259
1.1243
0.965992
0.797869
0.661379
0.541524
0.0307158
0.0436669
0.0923696
0.165108
0.251855
0.347016
0.449369
0.558262
0.67265
0.792051
0.910047
1.00897
1.07816
1.09719
1.01429
0.817617
0.615682
0.430811
0.25389
0.00798163
0.0204196
0.0699519
0.143741
0.230962
0.326126
0.428061
0.536037
0.648957
0.765895
0.879866
0.972583
1.03229
1.01642
0.88662
0.680903
0.455746
0.239506
0.0425265
-0.0152574
-0.0031245
0.0466589
0.121142
0.208746
0.303971
0.405561
0.512686
0.624094
0.738453
0.848236
0.934313
0.981877
0.939964
0.769842
0.567497
0.349605
0.143057
0.0167137
-0.0199338
-0.0398017
-0.0278359
0.0221514
0.097007
0.184799
0.27999
0.381163
0.487323
0.596998
0.708411
0.813509
0.892288
0.925612
0.864572
0.664619
0.472773
0.287417
0.147127
0.10142
0.0759478
-0.0657371
-0.0539499
-0.00383453
0.0712227
0.159047
0.254018
0.354597
0.459528
0.567123
0.6751
0.774855
0.846031
0.862369
0.763585
0.571236
0.394214
0.238936
0.150328
0.130967
0.125096
-0.0933654
-0.0817042
-0.0314057
0.0437869
0.131521
0.226116
0.325862
0.429287
0.534435
0.638506
0.732223
0.7957
0.785098
0.661631
0.4839
0.317732
0.193511
0.149528
0.147198
0.145407
-0.122658
-0.111097
-0.0605896
0.0147157
0.102253
0.196307
0.29499
0.396629
0.498944
0.59865
0.685785
0.740524
0.708657
0.565581
0.401678
0.247239
0.172948
0.15553
0.155981
0.156199
-0.153409
-0.141775
-0.0912654
-0.0158784
0.0713589
0.164682
0.262074
0.361617
0.460706
0.555572
0.635806
0.678994
0.640232
0.478327
0.327191
0.205717
0.163902
0.164367
0.162847
0.163024
-0.185096
-0.173412
-0.123102
-0.0477249
0.0390597
0.131459
0.227302
0.324433
0.419915
0.509517
0.582519
0.615594
0.566731
0.401863
0.262372
0.175353
0.160681
0.165999
0.168117
0.168974
-0.217136
-0.205507
-0.155455
-0.0804143
0.00576826
0.0970183
0.191029
0.285422
0.376905
0.460896
0.526452
0.550768
0.479537
0.333918
0.20494
0.175194
0.160915
0.167185
0.173109
0.174945
-0.248455
-0.237245
-0.187646
-0.113177
-0.0279169
0.061917
0.153796
0.245125
0.33226
0.410237
0.468615
0.478524
0.392943
0.274682
0.170771
0.136399
0.152846
0.162752
0.169182
0.173069
-0.277915
-0.267157
-0.218749
-0.145101
-0.0611232
0.0269516
0.11638
0.204318
0.286834
0.358279
0.41027
0.404797
0.307258
0.218303
0.167794
0.0963274
0.128725
0.140237
0.143139
0.145795
-0.304249
-0.293887
-0.247221
-0.175049
-0.0927574
-0.00679607
0.0798125
0.164047
0.241737
0.30642
0.351702
0.337364
0.214191
0.150318
0.188715
0.171846
0.108169
0.0774979
0.066567
0.0652859
-0.325174
-0.315542
-0.2712
-0.201365
-0.12143
-0.0380553
0.0453945
0.125687
0.198361
0.2565
0.292523
0.270602
0.106371
-0.0400745
-0.017886
-0.0282799
-0.0746304
-0.106837
-0.112206
-0.101817
-0.338971
-0.33037
-0.289023
-0.22234
-0.145444
-0.0652651
0.0146671
0.0908556
0.158535
0.210354
0.233571
0.205007
-0.00755504
-0.338059
-0.720342
-0.506308
-0.334869
-0.302328
-0.287139
-0.275732
-0.343214
-0.336199
-0.298878
-0.236271
-0.163082
-0.0866972
-0.010643
0.061551
0.12453
0.170274
0.180864
0.152207
-0.063267
-0.216964
-0.382311
-0.260364
-0.301728
-0.323125
-0.308508
-0.306053
-0.33687
-0.331111
-0.298801
-0.241442
-0.172833
-0.100752
-0.0286825
0.0398866
0.0991295
0.139801
0.145315
0.10662
0.0353976
0.167907
0.642767
0.419407
-0.0129138
-0.213098
-0.248225
-0.261397
-0.316657
-0.312415
-0.286508
-0.236594
-0.173762
-0.106286
-0.0379621
0.0277898
0.0853854
0.124432
0.128517
0.0745107
-0.086332
-0.305695
-0.707816
-1.20555
-1.38021
-1.12094
-0.745833
-0.574207
-0.28483
-0.282196
-0.263266
-0.221933
-0.165862
-0.102984
-0.0377558
0.0266809
0.0854361
0.128917
0.135236
0.0671724
-0.322045
-1.0409
-1.78517
-2.24729
-2.35339
-2.14111
-1.77417
-1.49335
-0.245771
-0.244212
-0.232967
-0.200077
-0.150868
-0.0919328
-0.0285887
0.0369851
0.100152
0.155517
0.182926
0.172285
-0.0863249
-0.423053
-0.8357
-1.02247
-0.921564
-0.662654
-0.383863
-0.20322
-0.206259
-0.20531
-0.19972
-0.1762
-0.132324
-0.0757068
-0.0124771
0.0564222
0.129086
0.201414
0.279088
0.345235
0.467233
0.673572
1.01595
1.40429
1.78565
2.06838
2.23325
2.30823
-0.172297
-0.171746
-0.169111
-0.15382
-0.11482
-0.0589759
0.00669591
0.0807963
0.16414
0.258219
0.371498
0.512532
0.741015
1.19363
1.81281
2.42623
2.93371
3.27502
3.45155
3.51412
-0.141377
-0.140828
-0.14004
-0.132416
-0.0999904
-0.0446654
0.0245227
0.103501
0.192404
0.296353
0.413424
0.550724
0.702781
1.07799
1.6389
2.1782
2.62358
2.91071
3.06049
3.11781
-0.112795
-0.112339
-0.111823
-0.10896
-0.0849456
-0.0311382
0.040511
0.121978
0.212162
0.312991
0.425373
0.546744
0.672129
0.895441
1.33681
1.75764
2.09571
2.32404
2.44184
2.48582
-0.0919254
-0.0906701
-0.0896537
-0.0890409
-0.0706197
-0.016767
0.0570841
0.139442
0.227845
0.324188
0.428566
0.530109
0.631213
0.762343
1.05409
1.35804
1.60047
1.76104
1.84218
1.87135
-0.0805398
-0.0798699
-0.0823651
-0.0833875
-0.0613031
0.000237825
0.0790063
0.161211
0.245116
0.333006
0.423399
0.502734
0.577429
0.661096
0.851724
1.05326
1.21288
1.31898
1.37181
1.39092
-0.0468157
-0.0487149
-0.0546283
-0.0556591
-0.0283821
0.0364158
0.114173
0.190723
0.265694
0.341281
0.41645
0.478425
0.531334
0.581631
0.709765
0.841521
0.941652
1.00684
1.03781
1.04713
0.0526407
0.0492513
0.0428917
0.043101
0.065841
0.114885
0.172891
0.232745
0.292065
0.352848
0.412639
0.459006
0.491575
0.519273
0.606256
0.693252
0.757174
0.79645
0.814273
0.819302
0.198943
0.196497
0.192901
0.191418
0.200104
0.221053
0.249849
0.284539
0.323854
0.367578
0.412461
0.44655
0.466181
0.479514
0.539294
0.595346
0.636278
0.660521
0.671364
0.674311
0.329235
0.327964
0.326178
0.322176
0.317448
0.316193
0.321599
0.334727
0.355882
0.384445
0.417028
0.442813
0.457421
0.472285
0.50878
0.544361
0.568724
0.582506
0.588292
0.5893
0.409246
0.408607
0.40731
0.402057
0.391792
0.380637
0.374069
0.374694
0.383548
0.400607
0.424134
0.445855
0.461859
0.476836
0.503403
0.524229
0.537156
0.544039
0.546744
0.546864
0.445645
0.445214
0.444053
0.439317
0.429483
0.41735
0.407407
0.402394
0.404221
0.413912
0.431802
0.452878
0.472515
0.489403
0.505963
0.516785
0.523738
0.528178
0.530022
0.529998
0.456803
0.456467
0.455459
0.451913
0.444574
0.434823
0.425612
0.419353
0.417898
0.423122
0.436589
0.457595
0.481578
0.501936
0.510309
0.514351
0.519559
0.523423
0.52595
0.525877
0.456777
0.456483
0.455643
0.453155
0.448263
0.441401
0.434166
0.428266
0.425265
0.427064
0.436424
0.455594
0.481038
0.500823
0.503369
0.504997
0.511474
0.51957
0.523913
0.523594
0.453225
0.452954
0.45226
0.450453
0.447201
0.442519
0.43706
0.431851
0.427896
0.426476
0.430095
0.441868
0.46202
0.474793
0.474538
0.479694
0.490344
0.501236
0.507875
0.508089
0.449487
0.449237
0.448673
0.447245
0.444797
0.441429
0.437206
0.4325
0.427535
0.422534
0.417435
0.414704
0.416572
0.418353
0.418416
0.432379
0.450801
0.466306
0.474592
0.474737
0.44644
0.446226
0.445816
0.444718
0.442657
0.439943
0.436431
0.432123
0.426394
0.41813
0.403448
0.380565
0.352334
0.336092
0.346861
0.373513
0.398845
0.415025
0.42194
0.421676
0.44363
0.443473
0.44326
0.442583
0.441077
0.438765
0.435912
0.432194
0.426668
0.417353
0.394861
0.355242
0.294336
0.265731
0.289656
0.324203
0.346896
0.357639
0.361499
0.362796
0.439885
0.439785
0.439767
0.439532
0.438779
0.437222
0.43587
0.433743
0.430021
0.422165
0.400628
0.353586
0.282941
0.257133
0.284399
0.312961
0.325825
0.330307
0.331588
0.33252
0.433956
0.433936
0.434201
0.434543
0.434867
0.434864
0.435239
0.435924
0.436103
0.434364
0.420812
0.386116
0.335202
0.320651
0.333036
0.340339
0.338055
0.335262
0.333564
0.333098
0.424354
0.424444
0.424893
0.425752
0.426974
0.42905
0.43257
0.437361
0.44335
0.450004
0.45189
0.438784
0.417661
0.410782
0.397731
0.380205
0.362624
0.351447
0.348129
0.348075
0.408755
0.408968
0.4099
0.41175
0.414626
0.419047
0.426122
0.435856
0.449517
0.465559
0.482935
0.492216
0.500239
0.491445
0.45753
0.423913
0.399131
0.38377
0.377413
0.375881
0.383782
0.384181
0.385704
0.388747
0.393644
0.401059
0.41212
0.427698
0.447788
0.474414
0.503187
0.526228
0.541814
0.530666
0.486392
0.452428
0.429336
0.415824
0.405336
0.403711
0.345358
0.345998
0.348209
0.352681
0.360149
0.37101
0.386086
0.406693
0.432591
0.463985
0.49677
0.51767
0.525494
0.506032
0.47641
0.456176
0.45243
0.443516
0.434292
0.433
0.289564
0.290374
0.293145
0.299215
0.309378
0.323719
0.342271
0.365133
0.39033
0.416539
0.445203
0.46668
0.462911
0.438666
0.426096
0.43889
0.448358
0.450708
0.439875
0.43608
0.21462
0.215338
0.218023
0.225525
0.237791
0.254192
0.273497
0.292496
0.304329
0.31486
0.339469
0.364421
0.353253
0.319341
0.326542
0.362553
0.392015
0.384397
0.377199
0.374044
0.123288
0.123704
0.126076
0.133211
0.144533
0.158885
0.173419
0.180065
0.169079
0.151916
0.183592
0.224705
0.212117
0.177341
0.200071
0.247005
0.265988
0.261995
0.254131
0.249846
0.0744645
0.0748061
0.0772287
0.0839442
0.0957919
0.106997
0.112523
0.0986636
0.0687774
0.0801894
0.128796
0.1525
0.118467
0.106042
0.145148
0.159607
0.167783
0.163424
0.158886
0.0499606
0.0758296
0.433557
0.668532
0.867428
1.0285
1.15774
1.26196
1.35068
1.41432
1.41069
0.6013
0.762724
0.911059
1.03891
1.14841
1.24011
1.31576
1.3744
1.41015
1.42352
0.87971
0.981033
1.07922
1.16765
1.24467
1.31016
1.36382
1.40472
1.43373
1.45327
1.06792
1.136
1.20601
1.27076
1.32671
1.37487
1.41507
1.44743
1.47329
1.49165
1.2104
1.25794
1.31184
1.35973
1.40262
1.44029
1.47279
1.50018
1.52287
1.53863
1.32485
1.36286
1.40489
1.44284
1.47811
1.51
1.53818
1.56231
1.58236
1.59538
1.42385
1.45667
1.49226
1.52614
1.55791
1.58714
1.61316
1.63532
1.65332
1.66391
1.51594
1.54749
1.58213
1.61577
1.64706
1.67561
1.70074
1.72174
1.73808
1.74676
1.61138
1.64627
1.68328
1.71894
1.75103
1.77944
1.80376
1.82361
1.83849
1.84653
1.72468
1.765
1.80428
1.84129
1.87321
1.90038
1.92303
1.94133
1.95507
1.96419
1.86879
1.91167
1.9492
1.9829
2.01098
2.03481
2.05547
2.07291
2.08679
2.09795
2.04662
2.08425
2.11245
2.13676
2.15779
2.17711
2.19538
2.21255
2.22847
2.243
2.24433
2.26538
2.28038
2.29623
2.31252
2.32783
2.34157
2.35484
2.37035
2.38872
2.43512
2.44225
2.45279
2.46435
2.47428
2.48349
2.49376
2.50487
2.5165
2.52537
2.64808
2.64986
2.64196
2.62546
2.61432
2.61377
2.62594
2.65055
2.68467
2.70921
3.06775
2.87386
2.7728
2.71497
2.68586
2.67924
2.69444
2.73527
2.81113
2.95408
0.131872
0.127403
0.16657
0.237453
0.323349
0.419076
1.30145
1.37106
1.37198
1.2957
1.22715
1.15553
0.917381
0.684617
0.403003
0.0288088
-0.354159
)
;

boundaryField
{
    wall-4
    {
        type            zeroGradient;
    }
    pressure-outlet-7
    {
        type            fixedValue;
        value           uniform 0;
    }
    velocity-inlet-6
    {
        type            zeroGradient;
    }
    velocity-inlet-5
    {
        type            zeroGradient;
    }
    frontAndBackPlanes
    {
        type            empty;
    }
}


// ************************************************************************* //
