/*--------------------------------*- C++ -*----------------------------------*\
  =========                 |
  \\      /  F ield         | OpenFOAM: The Open Source CFD Toolbox
   \\    /   O peration     | Website:  https://openfoam.org
    \\  /    A nd           | Version:  10
     \\/     M anipulation  |
\*---------------------------------------------------------------------------*/
FoamFile
{
    format      ascii;
    class       volScalarField;
    location    "42";
    object      p;
}
// * * * * * * * * * * * * * * * * * * * * * * * * * * * * * * * * * * * * * //

dimensions      [0 2 -2 0 0 0 0];

internalField   nonuniform List<scalar> 
8800
(
0.885511
0.837722
0.799029
0.770029
0.749157
0.734314
0.723702
0.716202
0.711356
0.709262
0.710487
0.714641
0.721258
0.730553
0.743317
0.761039
0.785809
0.819745
0.86229
0.920991
0.716769
0.724447
0.731913
0.735218
0.733709
0.728623
0.722124
0.716029
0.71128
0.708403
0.708081
0.710545
0.714999
0.720918
0.727668
0.733934
0.737564
0.736823
0.731395
0.7227
0.695186
0.701344
0.705467
0.708404
0.710444
0.711036
0.709912
0.707785
0.705738
0.704789
0.705703
0.708042
0.710807
0.712963
0.71355
0.712336
0.709982
0.70658
0.702018
0.698256
0.689405
0.692053
0.694799
0.697194
0.698819
0.699965
0.700687
0.700778
0.700447
0.700348
0.701048
0.70217
0.70297
0.703004
0.702369
0.701259
0.699428
0.696846
0.694437
0.692932
0.684063
0.685486
0.687258
0.689281
0.691052
0.692376
0.693342
0.694107
0.69468
0.69519
0.695778
0.696217
0.696268
0.695942
0.695214
0.69394
0.692224
0.690361
0.689046
0.688215
0.679037
0.679956
0.68119
0.682745
0.684363
0.685868
0.687127
0.688157
0.689072
0.689899
0.690514
0.690771
0.690669
0.69018
0.689259
0.688026
0.686672
0.685393
0.684561
0.684011
0.674194
0.674862
0.675818
0.677108
0.678501
0.679937
0.681345
0.682625
0.683765
0.684793
0.685522
0.685803
0.685642
0.685069
0.68421
0.683219
0.68217
0.681221
0.680625
0.680221
0.66949
0.670006
0.670782
0.6719
0.673159
0.674507
0.675918
0.677341
0.678701
0.679943
0.680835
0.681194
0.68107
0.6806
0.679927
0.679145
0.678322
0.677607
0.677162
0.676848
0.664859
0.665268
0.665917
0.66691
0.668096
0.669394
0.670798
0.672297
0.673838
0.67532
0.676425
0.67694
0.676977
0.676699
0.676225
0.675634
0.675002
0.674468
0.674131
0.673877
0.660218
0.660552
0.661112
0.662025
0.66316
0.664439
0.66587
0.667452
0.669158
0.670899
0.672282
0.673052
0.67333
0.673273
0.673001
0.672608
0.672148
0.671763
0.671509
0.671298
0.655486
0.655761
0.65626
0.657127
0.658241
0.65954
0.661034
0.662739
0.664645
0.666682
0.668419
0.669524
0.670092
0.670283
0.670226
0.670026
0.669735
0.669477
0.669289
0.669109
0.650582
0.650812
0.651272
0.652123
0.653259
0.654621
0.656222
0.658102
0.660274
0.662681
0.664854
0.666357
0.66726
0.667732
0.667909
0.667901
0.667774
0.667628
0.667494
0.667337
0.645427
0.645621
0.646061
0.646926
0.648123
0.649592
0.651355
0.653479
0.655998
0.658878
0.661581
0.663555
0.664841
0.665628
0.666065
0.666257
0.666294
0.666254
0.666165
0.666025
0.639931
0.640095
0.640531
0.641439
0.64274
0.644364
0.646351
0.648796
0.651759
0.655235
0.658583
0.661117
0.662856
0.664004
0.664731
0.665155
0.665357
0.665413
0.665364
0.665236
0.633992
0.63413
0.634576
0.635556
0.637004
0.638841
0.641123
0.643969
0.647476
0.651675
0.655816
0.659043
0.661337
0.662912
0.663973
0.664651
0.665036
0.665193
0.665182
0.665063
0.627492
0.627605
0.628076
0.629155
0.630799
0.632916
0.635582
0.638951
0.643159
0.648259
0.653365
0.657412
0.660354
0.662434
0.663877
0.664843
0.665433
0.665696
0.665721
0.665607
0.620273
0.620365
0.620871
0.622083
0.623976
0.626448
0.629603
0.633635
0.638716
0.644928
0.651209
0.656251
0.659962
0.662637
0.664546
0.665848
0.666668
0.667045
0.667106
0.666995
0.612121
0.612206
0.612766
0.614125
0.616334
0.619266
0.623046
0.627908
0.634081
0.641674
0.649376
0.655603
0.66024
0.66363
0.666097
0.667804
0.66889
0.669391
0.669489
0.669377
0.602753
0.602814
0.603452
0.60502
0.607636
0.61115
0.615712
0.621616
0.629133
0.638397
0.647846
0.655522
0.661269
0.665515
0.668656
0.670846
0.672249
0.672894
0.673029
0.672912
0.591797
0.59184
0.592572
0.594439
0.597578
0.601848
0.607431
0.614692
0.623945
0.63531
0.646827
0.656172
0.663213
0.668467
0.672383
0.675159
0.676926
0.677728
0.6779
0.677775
0.578737
0.578762
0.579632
0.581884
0.58571
0.590965
0.597863
0.606835
0.61822
0.632123
0.646156
0.657531
0.666116
0.672569
0.677428
0.680902
0.683098
0.684075
0.684279
0.68414
0.562794
0.562811
0.563887
0.566683
0.57145
0.578053
0.586733
0.597982
0.612122
0.629157
0.646134
0.659802
0.670141
0.677967
0.683916
0.688205
0.69089
0.692051
0.692277
0.692117
0.542787
0.542808
0.544217
0.547852
0.554002
0.562524
0.573666
0.587927
0.605534
0.626343
0.646759
0.663059
0.675386
0.68477
0.691929
0.697137
0.700342
0.701678
0.701913
0.701724
0.516894
0.516944
0.51894
0.523963
0.532302
0.543684
0.55832
0.576608
0.598577
0.623882
0.648208
0.667422
0.681914
0.693002
0.701486
0.707691
0.711411
0.712891
0.713114
0.712891
0.482084
0.482249
0.485464
0.493092
0.505186
0.520982
0.540634
0.564236
0.591573
0.622084
0.650734
0.673058
0.689842
0.702721
0.712615
0.719805
0.723968
0.725523
0.725705
0.725446
0.432616
0.433616
0.440087
0.453068
0.471698
0.494326
0.520893
0.551211
0.584884
0.621212
0.654477
0.680035
0.699154
0.713855
0.725208
0.733309
0.737785
0.739317
0.739429
0.739134
0.359534
0.366846
0.381909
0.404929
0.433276
0.465049
0.500092
0.538195
0.578958
0.621677
0.65998
0.689098
0.710859
0.727636
0.740649
0.749716
0.754549
0.756118
0.756218
0.755966
0.280714
0.297939
0.322366
0.35603
0.394537
0.435628
0.479271
0.525414
0.573748
0.62367
0.668104
0.70185
0.727125
0.746689
0.761906
0.7723
0.777482
0.779001
0.779143
0.779044
0.215196
0.235462
0.267695
0.310274
0.357722
0.407612
0.459585
0.513601
0.56935
0.626258
0.676543
0.714615
0.743153
0.765251
0.78231
0.793456
0.798806
0.800661
0.800869
0.800868
0.161537
0.183498
0.2212
0.270188
0.324666
0.381933
0.441263
0.5025
0.56521
0.628756
0.684556
0.726637
0.758085
0.782341
0.800857
0.813141
0.819392
0.821066
0.821304
0.821336
0.116774
0.139894
0.181341
0.235385
0.295558
0.358894
0.424524
0.492153
0.561202
0.630898
0.691836
0.737584
0.771664
0.797918
0.817887
0.831019
0.837766
0.839608
0.839957
0.840009
0.0785627
0.102363
0.146638
0.204666
0.269578
0.338074
0.409173
0.482464
0.557246
0.632588
0.698248
0.747363
0.78382
0.811741
0.832704
0.84656
0.853733
0.855962
0.85639
0.856453
0.0448929
0.0691542
0.115659
0.176962
0.245869
0.318836
0.394772
0.47315
0.553159
0.633712
0.703768
0.755971
0.794508
0.823685
0.845345
0.859651
0.867181
0.869784
0.870326
0.870397
0.0142905
0.0389587
0.0872917
0.151413
0.223754
0.300636
0.380894
0.463896
0.548736
0.634191
0.708411
0.763501
0.803855
0.834055
0.856215
0.870874
0.878704
0.88157
0.882183
0.882242
-0.0141558
0.0108875
0.0608219
0.127335
0.202724
0.283083
0.367219
0.454454
0.543818
0.63395
0.712199
0.77005
0.812073
0.843162
0.865721
0.880672
0.888706
0.891706
0.892316
0.892338
-0.0411902
-0.0157395
0.0356764
0.104302
0.182409
0.265879
0.353528
0.444662
0.53828
0.632929
0.715149
0.775719
0.819347
0.851265
0.87423
0.889352
0.89749
0.90056
0.901211
0.901201
-0.0671146
-0.0412449
0.0113388
0.0820188
0.162558
0.248831
0.339671
0.434407
0.532044
0.631082
0.717262
0.780586
0.825861
0.858651
0.88204
0.897345
0.905516
0.908575
0.909238
0.909223
-0.09229
-0.0658681
-0.0122348
0.0602923
0.143013
0.231812
0.325556
0.423618
0.525046
0.628347
0.718519
0.784707
0.83175
0.865517
0.889386
0.90486
0.913046
0.916049
0.916622
0.916565
-0.116794
-0.089973
-0.0351892
0.0389819
0.123681
0.214756
0.311136
0.412261
0.517247
0.624679
0.718889
0.788117
0.837113
0.87199
0.896397
0.912032
0.920157
0.923059
0.923536
0.923411
-0.140718
-0.113397
-0.0575956
0.018052
0.104526
0.197644
0.296402
0.400324
0.508626
0.620028
0.718313
0.790804
0.84201
0.878178
0.903173
0.918909
0.926868
0.929575
0.929933
0.929758
-0.164163
-0.136276
-0.0795001
-0.00251136
0.0855451
0.18049
0.281379
0.387834
0.499188
0.614357
0.71672
0.792718
0.846472
0.884179
0.909821
0.925567
0.933235
0.935647
0.935883
0.935672
-0.187129
-0.1586
-0.100917
-0.0226962
0.0667793
0.16333
0.266118
0.374836
0.488957
0.607637
0.714035
0.793774
0.850476
0.890084
0.916493
0.932094
0.939249
0.941266
0.941364
0.94113
-0.209454
-0.180322
-0.121773
-0.0424662
0.0482635
0.146233
0.250681
0.361402
0.477989
0.599888
0.710187
0.793856
0.853934
0.895958
0.923418
0.938707
0.944984
0.946403
0.946345
0.946106
-0.231115
-0.201405
-0.142047
-0.0617663
0.0300581
0.129258
0.235157
0.347608
0.466359
0.591137
0.705126
0.792822
0.856693
0.901778
0.930885
0.945885
0.950735
0.951098
0.950794
0.950604
-0.25218
-0.221817
-0.161716
-0.0805635
0.0122269
0.112489
0.219633
0.333556
0.454157
0.581448
0.698809
0.790524
0.858513
0.907343
0.939087
0.95445
0.957481
0.955803
0.954776
0.954845
-0.27248
-0.241541
-0.180727
-0.098797
-0.00517175
0.0960066
0.204201
0.319355
0.441499
0.570921
0.691236
0.786806
0.859096
0.912195
0.947775
0.965224
0.967375
0.962855
0.95949
0.958812
-0.292113
-0.260569
-0.1991
-0.1165
-0.0221752
0.0797633
0.188799
0.304939
0.428311
0.559478
0.682274
0.781397
0.858107
0.915687
0.956032
0.978091
0.982566
0.977299
0.967767
0.952314
-0.311011
-0.2789
-0.216961
-0.133877
-0.0390778
0.0634181
0.173004
0.289818
0.414047
0.546472
0.671259
0.773483
0.854903
0.916857
0.961643
0.989865
0.997732
0.986433
0.9672
0.953242
-0.329003
-0.296672
-0.234121
-0.150711
-0.0555422
0.0473195
0.157043
0.27432
0.39902
0.532174
0.658303
0.762661
0.84883
0.914577
0.959825
0.98761
0.999152
0.977943
0.909178
0.877763
-0.345427
-0.315118
-0.250256
-0.166465
-0.0708135
0.0319692
0.141223
0.258671
0.383448
0.516717
0.643369
0.748696
0.838682
0.908397
0.946122
0.966822
0.962662
0.911028
0.841517
0.798499
-0.401477
-0.331395
-0.26497
-0.182231
-0.0864762
0.0159132
0.125479
0.242592
0.366967
0.499663
0.625892
0.731103
0.820872
0.897564
0.903527
0.912381
0.870411
0.803517
0.727622
0.685158
-0.363335
-0.347294
-0.286807
-0.203632
-0.109419
-0.00716979
0.101449
0.217906
0.341231
0.472326
0.596236
0.699338
0.78071
0.859816
0.852101
0.745152
0.642836
0.571565
0.49901
0.531409
-0.394687
-0.365338
-0.303956
-0.221562
-0.127361
-0.0253094
0.0835701
0.199409
0.321669
0.450908
0.57188
0.670861
0.744192
0.785807
0.740305
0.596639
0.471447
0.381511
0.28311
0.334907
-0.418927
-0.38665
-0.32405
-0.241502
-0.147232
-0.0452763
0.0635369
0.178566
0.299439
0.426265
0.543495
0.636731
0.700939
0.710039
0.607183
0.436698
0.285584
0.167718
0.0364438
0.0702385
-0.44269
-0.408859
-0.345097
-0.261708
-0.167327
-0.0654967
0.0428364
0.156936
0.276236
0.400309
0.512961
0.599675
0.648693
0.627017
0.472137
0.277352
0.087595
-0.0806607
-0.270832
-0.287567
-0.465881
-0.431589
-0.366958
-0.282852
-0.18831
-0.0866655
0.0210721
0.13413
0.251621
0.372599
0.480073
0.55966
0.590742
0.533981
0.343806
0.134451
-0.0829368
-0.273075
-0.51733
-0.823984
-0.489393
-0.455088
-0.389931
-0.305375
-0.210641
-0.109122
-0.00190091
0.110097
0.225693
0.343354
0.44546
0.516735
0.529106
0.421914
0.232399
0.0237466
-0.180401
-0.352811
-0.420073
-0.50286
-0.514185
-0.479806
-0.414366
-0.329611
-0.23482
-0.133513
-0.0268952
0.0838818
0.197282
0.311135
0.40748
0.468401
0.456653
0.31584
0.133782
-0.0555385
-0.217239
-0.309021
-0.332587
-0.348849
-0.54057
-0.506057
-0.44044
-0.355645
-0.260981
-0.160052
-0.054269
0.0549966
0.165804
0.275222
0.365305
0.413047
0.383568
0.217343
0.0445918
-0.119231
-0.244619
-0.282662
-0.296056
-0.297355
-0.568755
-0.534025
-0.468222
-0.383476
-0.289075
-0.188741
-0.0840369
0.0233953
0.131193
0.235603
0.318596
0.352349
0.305764
0.125884
-0.0376326
-0.183845
-0.259526
-0.276041
-0.277578
-0.27748
-0.598811
-0.563776
-0.497742
-0.413106
-0.319118
-0.219567
-0.1162
-0.0109343
0.0934561
0.192349
0.267329
0.290068
0.207724
0.0416933
-0.11356
-0.233619
-0.267933
-0.267659
-0.267424
-0.266905
-0.630462
-0.595142
-0.5289
-0.444446
-0.351017
-0.252473
-0.15072
-0.0479602
0.0526306
0.145566
0.21228
0.218423
0.115695
-0.0366472
-0.173293
-0.249539
-0.258805
-0.260612
-0.261
-0.26076
-0.663163
-0.62768
-0.561446
-0.477274
-0.384587
-0.287294
-0.187439
-0.0875404
0.00890052
0.0955586
0.153994
0.144055
0.0311232
-0.104315
-0.217483
-0.246307
-0.256352
-0.257666
-0.257136
-0.256681
-0.696471
-0.660865
-0.594945
-0.511199
-0.419483
-0.323706
-0.226072
-0.129373
-0.037447
0.042997
0.0917426
0.0723296
-0.0506826
-0.164589
-0.245109
-0.267889
-0.257793
-0.256428
-0.256231
-0.255742
-0.729514
-0.694007
-0.628539
-0.545632
-0.45516
-0.361229
-0.266161
-0.172964
-0.0859313
-0.0113821
0.0275484
0.00716413
-0.128283
-0.225159
-0.251037
-0.260288
-0.260995
-0.25787
-0.256195
-0.255794
-0.760748
-0.725939
-0.661297
-0.579658
-0.490855
-0.399156
-0.307038
-0.217628
-0.135704
-0.0669179
-0.0326189
-0.0617628
-0.192924
-0.315298
-0.304486
-0.299455
-0.276948
-0.25847
-0.25181
-0.250117
-0.788645
-0.754885
-0.692094
-0.612119
-0.525526
-0.436541
-0.347813
-0.262509
-0.185588
-0.122759
-0.0883772
-0.125498
-0.230903
-0.410821
-0.450726
-0.365968
-0.300109
-0.268259
-0.254687
-0.250132
-0.811149
-0.779088
-0.718964
-0.641612
-0.557884
-0.472214
-0.387361
-0.306546
-0.234455
-0.177613
-0.143439
-0.167319
-0.203964
-0.356956
-0.536388
-0.378506
-0.34404
-0.330391
-0.314597
-0.306281
-0.826085
-0.79666
-0.740004
-0.666313
-0.58639
-0.504797
-0.424406
-0.348436
-0.281289
-0.230169
-0.195382
-0.189487
-0.087124
0.0721053
-0.00759238
-0.230213
-0.369316
-0.4008
-0.400364
-0.400778
-0.830848
-0.805405
-0.753342
-0.684355
-0.609312
-0.532756
-0.457466
-0.386758
-0.325017
-0.279459
-0.23968
-0.241382
-0.115836
0.179601
-0.0245005
-0.292658
-0.428263
-0.462137
-0.469474
-0.473172
-0.823545
-0.802882
-0.756842
-0.694114
-0.625059
-0.554396
-0.484871
-0.419896
-0.364415
-0.324933
-0.288593
-0.411828
-0.643811
-0.902038
-0.890184
-0.727372
-0.654883
-0.640002
-0.638691
-0.64001
-0.801882
-0.785984
-0.7487
-0.694288
-0.632453
-0.568415
-0.504926
-0.445692
-0.396678
-0.366509
-0.367617
-0.616753
-1.02561
-1.37835
-1.24189
-0.952032
-0.865202
-0.823166
-0.802417
-0.796318
-0.767766
-0.757295
-0.729247
-0.684836
-0.631196
-0.574081
-0.516302
-0.461794
-0.416833
-0.393001
-0.405446
-0.578106
-0.682698
-0.665611
-0.481433
-0.602576
-0.747373
-0.781093
-0.744825
-0.753129
-0.726909
-0.720964
-0.702758
-0.668089
-0.622732
-0.571637
-0.518419
-0.466145
-0.421454
-0.39314
-0.406152
-0.487575
-0.693285
-1.02837
-1.42763
-1.72864
-1.71436
-1.46827
-1.21552
-1.12168
-0.687797
-0.684413
-0.674781
-0.648964
-0.609869
-0.563025
-0.51194
-0.459178
-0.408909
-0.373364
-0.381131
-0.461223
-0.632954
-0.871134
-1.06391
-1.2305
-1.24147
-1.10876
-0.940138
-0.853075
-0.657211
-0.655173
-0.650374
-0.632036
-0.597484
-0.551717
-0.49959
-0.441909
-0.383487
-0.326684
-0.286774
-0.245141
-0.126717
0.0715503
0.2924
0.504384
0.708528
0.853045
0.95169
0.998185
-0.631384
-0.630566
-0.629312
-0.618872
-0.588383
-0.541672
-0.484995
-0.419906
-0.347473
-0.267619
-0.181467
-0.056712
0.21047
0.618487
1.0473
1.43089
1.71438
1.89928
1.99431
2.02294
-0.614518
-0.613959
-0.613697
-0.608675
-0.582729
-0.534048
-0.470981
-0.397145
-0.311505
-0.215933
-0.103572
0.013665
0.330046
0.775079
1.24604
1.67817
2.00749
2.20672
2.30107
2.32935
-0.603022
-0.602616
-0.602355
-0.601217
-0.580305
-0.52965
-0.459598
-0.377962
-0.284492
-0.179272
-0.0674086
0.04267
0.271879
0.702151
1.15344
1.55945
1.86362
2.04214
2.12433
2.14807
-0.595823
-0.594397
-0.592742
-0.593984
-0.580303
-0.528074
-0.450974
-0.362136
-0.265257
-0.156771
-0.0453855
0.0732754
0.240402
0.597223
0.965626
1.28173
1.52412
1.66826
1.73538
1.75434
-0.601661
-0.59989
-0.600151
-0.603395
-0.588909
-0.527637
-0.440942
-0.345595
-0.246799
-0.139163
-0.0307539
0.0809075
0.205419
0.434385
0.727074
0.965926
1.1527
1.26293
1.31154
1.32418
-0.615875
-0.618194
-0.625585
-0.627387
-0.600421
-0.520788
-0.422034
-0.323106
-0.226667
-0.125905
-0.0291285
0.0630009
0.149974
0.301405
0.503538
0.680119
0.818954
0.901562
0.938457
0.946526
-0.591567
-0.599505
-0.611508
-0.61012
-0.570462
-0.48206
-0.383044
-0.289924
-0.203303
-0.116504
-0.034576
0.0387549
0.108107
0.198536
0.340674
0.464028
0.556368
0.610747
0.631912
0.635192
-0.466963
-0.47564
-0.485591
-0.482899
-0.449722
-0.385029
-0.312886
-0.2414
-0.173036
-0.103883
-0.038677
0.0154734
0.0646263
0.117168
0.206261
0.290801
0.351913
0.390083
0.404825
0.405806
-0.275112
-0.279933
-0.286719
-0.289386
-0.278389
-0.252807
-0.218812
-0.179461
-0.136032
-0.0879196
-0.0438706
-0.00903897
0.0207422
0.0548556
0.111436
0.1662
0.205012
0.226751
0.234787
0.234279
-0.100779
-0.103186
-0.109076
-0.118651
-0.128228
-0.133326
-0.130292
-0.118664
-0.0987041
-0.0719514
-0.0464467
-0.0275458
-0.0128065
0.00683636
0.0426567
0.0773516
0.101227
0.112556
0.116225
0.115105
0.00878239
0.00745231
0.00195408
-0.0111706
-0.0310522
-0.0504717
-0.064005
-0.0693483
-0.0658827
-0.0551608
-0.0444112
-0.0394272
-0.0376479
-0.0241489
2.78858e-05
0.0207304
0.0324141
0.0369959
0.0378102
0.0367848
0.0581513
0.0571239
0.0522581
0.0398482
0.019951
-0.00187623
-0.0208262
-0.0339141
-0.039985
-0.040073
-0.039974
-0.0441834
-0.0490099
-0.0388166
-0.0218096
-0.0110467
-0.00659469
-0.00613893
-0.00678237
-0.00767038
0.0718949
0.071126
0.0674202
0.0577415
0.041685
0.0228594
0.00476357
-0.0101286
-0.0203249
-0.0261985
-0.0317388
-0.0401419
-0.0473592
-0.0396325
-0.0288261
-0.0234732
-0.0229339
-0.024298
-0.0252955
-0.0260131
0.0690508
0.0685289
0.0659925
0.0592258
0.047621
0.0332046
0.0182743
0.00485285
-0.00573793
-0.0133276
-0.0200189
-0.0283443
-0.0341716
-0.0263292
-0.0201714
-0.0193262
-0.0211575
-0.023348
-0.0243706
-0.0250123
0.0598383
0.0595034
0.0578901
0.053517
0.0457343
0.0355589
0.0243995
0.0137773
0.0048534
-0.00151372
-0.00576575
-0.0099669
-0.0109853
-0.00402646
-0.00159878
-0.00368094
-0.00674628
-0.00897432
-0.00993623
-0.0105885
0.0491386
0.0489234
0.0479581
0.045336
0.040485
0.0338188
0.0261481
0.0186344
0.0123791
0.00884092
0.00903079
0.0115935
0.0158438
0.0215681
0.020984
0.0175352
0.014429
0.0128308
0.0121167
0.0114292
0.0391486
0.0390021
0.0384578
0.0370158
0.0342323
0.0301863
0.0253261
0.0205193
0.0168796
0.0164147
0.0219523
0.0325104
0.0440284
0.0480073
0.0436196
0.0392267
0.037213
0.0366741
0.0362773
0.0354075
0.030673
0.0305655
0.0302644
0.0295419
0.0280856
0.0258043
0.0229615
0.0201725
0.0186417
0.0206602
0.0300121
0.0465708
0.0629267
0.0639208
0.0575638
0.0540866
0.0537938
0.0548351
0.0548042
0.0538011
0.0238029
0.0237185
0.0235401
0.0231892
0.0224754
0.0212369
0.0196101
0.0180065
0.0174522
0.020239
0.0304401
0.0483523
0.0648427
0.0642311
0.0591174
0.058394
0.0603334
0.0625216
0.0625976
0.0614177
0.0183221
0.0182482
0.0181104
0.0179
0.0175002
0.0167613
0.0156567
0.014467
0.0138078
0.0153194
0.0223176
0.0359596
0.0483567
0.0465202
0.043778
0.0462353
0.0515706
0.0551264
0.055343
0.0541794
0.0138809
0.0138103
0.0136746
0.0134669
0.0131817
0.0125383
0.0115352
0.0101836
0.00851014
0.00701275
0.00718758
0.0103069
0.0136396
0.011259
0.0143924
0.0222923
0.0297143
0.0336313
0.033789
0.0327719
0.0101745
0.0101042
0.00998171
0.00976943
0.00940169
0.00877905
0.00767355
0.00586169
0.00294636
-0.00239586
-0.0109543
-0.0222831
-0.0334151
-0.0343446
-0.0225272
-0.00913984
-0.000330073
0.00294471
0.00331418
0.00270825
0.00712486
0.00705841
0.00693614
0.00664052
0.00624851
0.00561399
0.00447168
0.00250495
-0.00123212
-0.0092864
-0.0260477
-0.0520806
-0.0753564
-0.0715577
-0.0526988
-0.0360159
-0.0280149
-0.0252813
-0.0246924
-0.0249272
0.00460095
0.00453071
0.00440338
0.00414172
0.0037413
0.0031624
0.00215308
0.000263373
-0.00351941
-0.0115927
-0.030223
-0.0630017
-0.0909204
-0.0832752
-0.0621573
-0.0488187
-0.0435248
-0.0420146
-0.0411314
-0.0409281
0.00246725
0.00240536
0.00236063
0.0022163
0.00187238
0.00143493
0.000774423
-0.000504275
-0.00304438
-0.00899316
-0.022841
-0.0485117
-0.0689165
-0.0591088
-0.0451671
-0.0400359
-0.0383961
-0.0379918
-0.0369839
-0.0365585
0.000775187
0.000722781
0.000653891
0.000626064
0.000584353
0.00027112
-1.15118e-05
3.19467e-05
-4.32437e-05
-0.00042943
-0.00181833
-0.00628546
-0.0155956
-0.0145186
-0.0150877
-0.017103
-0.018193
-0.0164852
-0.0134879
-0.0119246
-0.0393671
0.130268
0.328705
0.501296
0.639744
0.749454
0.84051
0.917671
0.952341
0.929029
0.269483
0.392094
0.523914
0.638081
0.734534
0.814548
0.879294
0.925142
0.94811
0.960119
0.492023
0.576124
0.666179
0.745957
0.814601
0.872037
0.917675
0.950988
0.975023
0.992953
0.655032
0.714981
0.777971
0.835805
0.886235
0.929029
0.964152
0.992148
1.01514
1.03341
0.78206
0.825826
0.87237
0.916704
0.95589
0.990091
1.01934
1.04367
1.06419
1.08201
0.887329
0.920603
0.959095
0.995005
1.02794
1.05745
1.08322
1.10487
1.12281
1.14015
0.980492
1.00941
1.04365
1.07601
1.10616
1.1335
1.15738
1.17721
1.19278
1.20985
1.06946
1.09881
1.13298
1.16517
1.1949
1.2216
1.24455
1.26311
1.27652
1.29356
1.16501
1.19831
1.23506
1.26873
1.29885
1.32511
1.34712
1.36444
1.37634
1.39375
1.28015
1.31804
1.35675
1.39105
1.42045
1.44524
1.46565
1.48157
1.49306
1.51113
1.42518
1.46376
1.49995
1.53067
1.55638
1.5785
1.59758
1.61313
1.62557
1.64358
1.60033
1.63196
1.65817
1.68064
1.70064
1.71938
1.73711
1.7536
1.76896
1.78703
1.78898
1.80619
1.82124
1.83748
1.8534
1.86794
1.88116
1.89509
1.91264
1.93279
1.9707
1.98026
1.99181
2.00262
2.01191
2.0215
2.03229
2.04366
2.05503
2.07039
2.17797
2.18164
2.16669
2.15188
2.14561
2.15129
2.16977
2.20009
2.23227
2.25892
2.48428
2.34942
2.27279
2.23043
2.213
2.21697
2.24437
2.30078
2.4034
2.62777
0.776108
0.773977
0.769492
0.760863
0.748632
0.736495
0.726253
0.718338
0.712692
0.709399
0.708994
0.711684
0.716748
0.723939
0.733304
0.744828
0.757468
0.768494
0.774602
0.777653
0.700572
0.706417
0.712751
0.717238
0.719699
0.719365
0.716613
0.712782
0.709241
0.70694
0.706741
0.708885
0.712504
0.71676
0.720542
0.722408
0.721458
0.717966
0.712797
0.706175
0.69217
0.694466
0.697866
0.700855
0.702921
0.704405
0.705143
0.704802
0.703745
0.702816
0.702932
0.7043
0.706067
0.707334
0.707485
0.706572
0.705006
0.702657
0.699385
0.696461
0.686689
0.687775
0.689603
0.691974
0.693987
0.6954
0.6964
0.697123
0.697487
0.697657
0.698081
0.698821
0.699362
0.699382
0.698933
0.698057
0.696566
0.694465
0.692367
0.690981
0.681524
0.682187
0.683291
0.684987
0.686756
0.688371
0.689643
0.690627
0.691464
0.692194
0.692845
0.693315
0.69344
0.693216
0.692604
0.691513
0.690057
0.688492
0.687159
0.686375
0.676598
0.677058
0.67784
0.679129
0.680602
0.6821
0.683538
0.684799
0.685883
0.686867
0.687688
0.688157
0.688217
0.687872
0.687116
0.68608
0.684917
0.683755
0.682822
0.682302
0.671832
0.672177
0.672784
0.673842
0.67512
0.676472
0.677881
0.679284
0.680597
0.681792
0.682789
0.683359
0.683428
0.683062
0.682388
0.681551
0.68065
0.679748
0.679053
0.678671
0.667174
0.667443
0.667932
0.668831
0.669983
0.671255
0.672615
0.674056
0.675527
0.676947
0.678158
0.678877
0.679042
0.678805
0.678316
0.677677
0.676965
0.676277
0.675759
0.675467
0.662549
0.662762
0.663168
0.663956
0.665028
0.666249
0.667594
0.669072
0.67066
0.672294
0.673761
0.674704
0.675073
0.675046
0.674761
0.674318
0.673791
0.673281
0.672898
0.672669
0.657872
0.658043
0.658391
0.659106
0.660131
0.661328
0.662694
0.664243
0.665968
0.667829
0.669599
0.670853
0.671504
0.671727
0.671661
0.671418
0.671078
0.670724
0.670451
0.670268
0.653064
0.653202
0.653507
0.654178
0.655186
0.656404
0.657829
0.65949
0.661401
0.663536
0.665677
0.667326
0.668318
0.668828
0.669007
0.668971
0.668808
0.6686
0.668417
0.668271
0.648045
0.648156
0.648433
0.649085
0.650111
0.651395
0.652924
0.654754
0.656922
0.659417
0.662022
0.66414
0.665524
0.666358
0.666807
0.66699
0.667006
0.666936
0.666832
0.666715
0.64273
0.642817
0.643077
0.643735
0.644815
0.646206
0.647893
0.649955
0.652457
0.655412
0.658591
0.661273
0.663121
0.664331
0.66508
0.665511
0.665717
0.665781
0.665746
0.665651
0.637027
0.637091
0.637343
0.638028
0.639199
0.640745
0.64265
0.64502
0.647941
0.651471
0.655356
0.658722
0.661129
0.662782
0.663879
0.664586
0.664998
0.665198
0.665229
0.665154
0.630826
0.630869
0.631119
0.631852
0.633151
0.634902
0.637093
0.639853
0.643308
0.647544
0.652293
0.656501
0.659585
0.661771
0.66327
0.664284
0.664943
0.66529
0.665385
0.665327
0.623988
0.624008
0.624261
0.625065
0.626534
0.628552
0.631116
0.634387
0.638526
0.643652
0.649462
0.654679
0.658562
0.661369
0.663342
0.664716
0.66565
0.666159
0.66632
0.666279
0.616332
0.616341
0.616598
0.617488
0.619181
0.621534
0.62457
0.628483
0.633478
0.639718
0.646833
0.653263
0.658101
0.661647
0.664199
0.666016
0.66726
0.667944
0.668175
0.668148
0.607585
0.60756
0.60787
0.608893
0.610856
0.613635
0.617274
0.621992
0.628047
0.635641
0.644345
0.65226
0.658263
0.662702
0.665936
0.668292
0.66991
0.670802
0.671109
0.671094
0.597465
0.597415
0.597765
0.598969
0.601276
0.604606
0.609013
0.614766
0.622181
0.631487
0.642135
0.651817
0.659177
0.664663
0.668718
0.671705
0.673764
0.674892
0.675282
0.675278
0.585506
0.585427
0.585853
0.587293
0.590055
0.594107
0.599515
0.606603
0.615738
0.627166
0.640171
0.651957
0.660932
0.667669
0.672697
0.676424
0.679006
0.680407
0.680883
0.680885
0.571083
0.570977
0.571519
0.57328
0.57664
0.58165
0.588381
0.597208
0.608537
0.622592
0.638449
0.65273
0.663594
0.671785
0.677969
0.682587
0.68579
0.6875
0.688063
0.688062
0.553219
0.553087
0.553822
0.556071
0.560294
0.566661
0.575231
0.58642
0.600626
0.617981
0.63723
0.654364
0.667355
0.677192
0.684692
0.690311
0.694209
0.696248
0.696888
0.696875
0.530438
0.530291
0.53136
0.534385
0.53994
0.548321
0.559509
0.573911
0.591821
0.613204
0.636443
0.656857
0.672246
0.683917
0.692869
0.699621
0.70427
0.706635
0.707331
0.707296
0.500395
0.500274
0.50196
0.506362
0.51418
0.525748
0.540827
0.559684
0.582381
0.608653
0.636465
0.660463
0.678434
0.692065
0.702558
0.710527
0.715908
0.718547
0.719265
0.719196
0.458962
0.45901
0.462072
0.469358
0.481384
0.498189
0.51905
0.543912
0.572571
0.604561
0.637454
0.665301
0.68597
0.701641
0.713757
0.722957
0.728976
0.731765
0.732448
0.732338
0.398458
0.399661
0.407201
0.420896
0.440631
0.465746
0.49474
0.527259
0.563002
0.601395
0.639708
0.671507
0.694899
0.712588
0.726304
0.736622
0.743134
0.745899
0.746434
0.746285
0.32618
0.328003
0.342428
0.366097
0.396685
0.43161
0.469516
0.510272
0.553686
0.599249
0.64398
0.680831
0.707935
0.728486
0.7443
0.75606
0.763255
0.766132
0.766735
0.766705
0.251489
0.257751
0.27905
0.312889
0.353766
0.398257
0.445067
0.494117
0.545301
0.59817
0.649529
0.691659
0.722643
0.74626
0.7646
0.778059
0.785773
0.788316
0.788728
0.788787
0.190553
0.199047
0.225
0.265859
0.314682
0.367308
0.422132
0.478933
0.537525
0.597418
0.655124
0.702201
0.736756
0.763071
0.783412
0.798084
0.806077
0.808984
0.809866
0.81
0.140929
0.150008
0.179507
0.225552
0.280468
0.339639
0.401204
0.464838
0.530172
0.59661
0.660269
0.71196
0.749745
0.778451
0.800593
0.816463
0.825365
0.828912
0.829983
0.830139
0.0992349
0.108589
0.140519
0.190516
0.250398
0.314989
0.382269
0.451854
0.523222
0.595639
0.664804
0.720731
0.761472
0.792344
0.816064
0.832921
0.842601
0.846621
0.84788
0.848038
0.0630678
0.0725414
0.106303
0.159472
0.223424
0.29261
0.364865
0.439708
0.516506
0.594388
0.668625
0.72846
0.771881
0.80458
0.829425
0.846987
0.85738
0.861815
0.863159
0.863331
0.0307757
0.0403014
0.0754643
0.131313
0.198682
0.271817
0.348464
0.428023
0.509769
0.5927
0.671692
0.735183
0.781019
0.815221
0.840864
0.858933
0.869756
0.87455
0.876021
0.876217
0.00111227
0.0106974
0.0470106
0.105178
0.175503
0.252099
0.332642
0.416465
0.502769
0.590451
0.673977
0.740959
0.789026
0.824536
0.850853
0.869321
0.880429
0.885512
0.887049
0.887238
-0.0267296
-0.017082
0.0202652
0.0804286
0.153388
0.233069
0.317098
0.404801
0.495338
0.587527
0.675458
0.745848
0.796054
0.832757
0.859665
0.878437
0.88972
0.894952
0.8965
0.896696
-0.0532588
-0.0435366
-0.00523016
0.056642
0.132006
0.214446
0.301625
0.392876
0.487355
0.583854
0.67611
0.749903
0.802237
0.840126
0.867628
0.886693
0.898111
0.903379
0.904927
0.90503
-0.0789118
-0.0690169
-0.0298626
0.0336413
0.111136
0.196054
0.286085
0.380582
0.478746
0.57937
0.675895
0.753148
0.807693
0.84685
0.875006
0.894374
0.9059
0.911136
0.912632
0.912724
-0.103867
-0.0937449
-0.0538391
0.0112223
0.0906343
0.177784
0.270394
0.367865
0.469457
0.574022
0.674771
0.75559
0.812504
0.853067
0.881972
0.901667
0.913275
0.918443
0.919842
0.919912
-0.128183
-0.117851
-0.0771629
-0.0107165
0.0704259
0.159589
0.254522
0.354701
0.459464
0.567763
0.672683
0.757211
0.816716
0.85888
0.888637
0.908663
0.920275
0.925299
0.92657
0.92658
-0.15199
-0.141363
-0.0999342
-0.032197
0.0504916
0.141454
0.23847
0.341096
0.448771
0.560578
0.669571
0.757954
0.820337
0.864371
0.895112
0.915444
0.92696
0.93175
0.93283
0.932773
-0.175225
-0.164319
-0.122171
-0.0532464
0.0308437
0.123407
0.222279
0.327095
0.437405
0.552456
0.665381
0.757737
0.823331
0.869592
0.901515
0.922121
0.933357
0.937756
0.938616
0.938502
-0.197931
-0.186722
-0.143814
-0.0738328
0.0115116
0.105487
0.205997
0.312761
0.42542
0.543415
0.66007
0.756467
0.825605
0.874553
0.907996
0.928869
0.939564
0.943338
0.943914
0.943747
-0.219931
-0.208489
-0.16484
-0.0939023
-0.00745109
0.0877672
0.189693
0.298164
0.412887
0.533513
0.653617
0.754046
0.827026
0.879192
0.914711
0.936024
0.945833
0.948545
0.948691
0.948477
-0.241364
-0.229578
-0.185234
-0.113431
-0.0260083
0.0702909
0.173461
0.283385
0.399894
0.522829
0.646034
0.750369
0.827409
0.883329
0.921715
0.94409
0.952827
0.953737
0.952976
0.95268
-0.262067
-0.249967
-0.204966
-0.132373
-0.0440798
0.053144
0.157382
0.268544
0.38655
0.51143
0.637367
0.745345
0.826541
0.886646
0.928788
0.953506
0.961868
0.960338
0.957367
0.956125
-0.282103
-0.2697
-0.223986
-0.150679
-0.0616292
0.0363955
0.141538
0.253721
0.372965
0.499456
0.627696
0.738896
0.824212
0.888701
0.935249
0.964001
0.974335
0.971787
0.964744
0.955493
-0.301394
-0.288745
-0.242396
-0.168509
-0.0788738
0.0197586
0.125582
0.238499
0.358675
0.486386
0.616466
0.730422
0.819861
0.888965
0.940111
0.974349
0.990096
0.989426
0.979164
0.971893
-0.319896
-0.307027
-0.260191
-0.185833
-0.0958129
0.00323381
0.109532
0.222862
0.343637
0.472109
0.6035
0.719574
0.812776
0.886657
0.941094
0.97935
0.997787
1.00224
0.964784
0.912098
-0.337321
-0.323771
-0.27725
-0.202577
-0.112552
-0.013329
0.0933369
0.206926
0.327911
0.456686
0.588737
0.706173
0.801945
0.881332
0.936069
0.968464
0.987551
0.973485
0.916915
0.853649
-0.354006
-0.339554
-0.293492
-0.21803
-0.128664
-0.0294546
0.0767751
0.190751
0.311644
0.440291
0.5722
0.69004
0.786244
0.873986
0.922859
0.97245
0.938346
0.894496
0.82473
0.7574
-0.34033
-0.322186
-0.272208
-0.192371
-0.0973981
0.00503324
0.116607
0.233513
0.357576
0.48982
0.615559
0.720487
0.808565
0.902055
0.945378
0.865353
0.818007
0.754136
0.681501
0.633625
-0.3648
-0.348489
-0.312368
-0.242429
-0.153472
-0.0551368
0.0513827
0.164838
0.285083
0.412616
0.542786
0.659019
0.752544
0.833244
0.905944
0.902879
0.781094
0.697306
0.634339
0.551931
-0.385062
-0.369401
-0.327692
-0.256419
-0.167057
-0.0691231
0.0362688
0.148851
0.268182
0.394347
0.522826
0.636905
0.727435
0.796264
0.822592
0.748917
0.610599
0.515321
0.440186
0.352449
-0.405814
-0.393216
-0.34709
-0.274581
-0.185165
-0.0868939
0.0184838
0.130797
0.249276
0.373967
0.499624
0.609196
0.691689
0.745949
0.723604
0.594834
0.444438
0.327788
0.230016
0.0937
-0.429773
-0.416764
-0.368511
-0.294847
-0.20523
-0.106884
-0.00159675
0.110186
0.227608
0.350448
0.472728
0.577014
0.651591
0.685023
0.627733
0.446944
0.266913
0.114874
-0.0255459
-0.222101
-0.452774
-0.440082
-0.390641
-0.31577
-0.225711
-0.127416
-0.0224815
0.0885074
0.204621
0.325233
0.443725
0.54209
0.608503
0.610101
0.50318
0.307084
0.0953663
-0.104281
-0.279482
-0.676305
-0.4759
-0.463541
-0.413584
-0.337836
-0.247419
-0.149098
-0.0445235
0.0656551
0.180343
0.298482
0.412839
0.504581
0.559803
0.529573
0.381338
0.182917
-0.0331823
-0.244129
-0.422991
-0.703793
-0.500006
-0.487781
-0.437587
-0.361305
-0.270653
-0.172294
-0.0680347
0.0413568
0.154563
0.270044
0.380007
0.464604
0.506221
0.459249
0.272262
0.0814267
-0.114445
-0.279799
-0.350085
-0.38744
-0.525587
-0.513483
-0.463041
-0.386484
-0.295799
-0.197577
-0.0937889
0.0145865
0.125986
0.238326
0.343237
0.419962
0.446609
0.366547
0.175307
-0.00297495
-0.165091
-0.269688
-0.306544
-0.316076
-0.552853
-0.540763
-0.490122
-0.413397
-0.322808
-0.224904
-0.121803
-0.0147047
0.0945241
0.20322
0.302355
0.371059
0.372489
0.262606
0.0869058
-0.0775782
-0.21424
-0.26854
-0.280606
-0.285839
-0.582016
-0.569835
-0.51892
-0.442068
-0.35168
-0.254276
-0.15208
-0.0465572
0.0601393
0.164747
0.257411
0.317467
0.293862
0.165173
0.00364116
-0.150422
-0.246829
-0.275881
-0.27208
-0.272229
-0.612784
-0.600801
-0.549408
-0.472467
-0.382382
-0.28565
-0.184605
-0.0809531
0.0228477
0.122921
0.208661
0.257787
0.223756
0.0742196
-0.0718543
-0.207315
-0.246629
-0.258445
-0.263274
-0.263654
-0.645022
-0.633019
-0.58138
-0.504428
-0.414779
-0.318917
-0.219281
-0.117807
-0.0172846
0.0779063
0.156293
0.194393
0.154391
-0.00470769
-0.137748
-0.231773
-0.277956
-0.263029
-0.259239
-0.258859
-0.678218
-0.666192
-0.614537
-0.537634
-0.448586
-0.353826
-0.255871
-0.1569
-0.060039
0.030044
0.100703
0.130302
0.0677354
-0.0764879
-0.191089
-0.241211
-0.254693
-0.256685
-0.256833
-0.256437
-0.71165
-0.699683
-0.648035
-0.571548
-0.483344
-0.389956
-0.294011
-0.197866
-0.10502
-0.0202545
0.0430661
0.0595168
-0.0180334
-0.145671
-0.229331
-0.23876
-0.249949
-0.256509
-0.257315
-0.256795
-0.744103
-0.732574
-0.681053
-0.605435
-0.518361
-0.426693
-0.333117
-0.240144
-0.151555
-0.0724756
-0.014757
-0.0116279
-0.0916432
-0.220771
-0.281702
-0.300758
-0.279111
-0.263353
-0.255749
-0.254159
-0.774164
-0.76312
-0.712558
-0.637998
-0.552685
-0.463179
-0.372402
-0.282975
-0.19878
-0.125617
-0.0720192
-0.0746891
-0.151141
-0.291996
-0.392801
-0.343001
-0.304415
-0.271883
-0.254954
-0.24991
-0.80019
-0.789829
-0.740669
-0.668081
-0.585085
-0.498288
-0.410831
-0.32538
-0.245712
-0.178136
-0.12912
-0.127961
-0.186864
-0.305983
-0.540766
-0.433156
-0.35077
-0.300881
-0.278715
-0.269111
-0.819893
-0.810438
-0.763472
-0.693783
-0.614057
-0.530725
-0.447172
-0.366144
-0.29129
-0.228818
-0.184226
-0.169998
-0.178963
-0.14644
-0.148682
-0.279766
-0.342853
-0.372438
-0.369708
-0.360144
-0.831245
-0.822638
-0.778944
-0.713222
-0.637785
-0.558917
-0.480025
-0.403841
-0.334323
-0.276751
-0.235119
-0.210648
-0.166663
0.136008
0.273529
-0.0785438
-0.333265
-0.407387
-0.423699
-0.426298
-0.830311
-0.823108
-0.785415
-0.724505
-0.654521
-0.581183
-0.507739
-0.437054
-0.373205
-0.321016
-0.288053
-0.279941
-0.32759
-0.343999
-0.349825
-0.436936
-0.503511
-0.53014
-0.540182
-0.544587
-0.815312
-0.810413
-0.78028
-0.726244
-0.662832
-0.596051
-0.528742
-0.463924
-0.405908
-0.361049
-0.342607
-0.405149
-0.685047
-1.1631
-1.34644
-1.05217
-0.854289
-0.768472
-0.744146
-0.736902
-0.786622
-0.783034
-0.761828
-0.717429
-0.662116
-0.602613
-0.541738
-0.482521
-0.429896
-0.392115
-0.384459
-0.490263
-0.77427
-1.00139
-0.910126
-0.725098
-0.759674
-0.842377
-0.838029
-0.823308
-0.748134
-0.745857
-0.733045
-0.699726
-0.653124
-0.60095
-0.546075
-0.491256
-0.441652
-0.405752
-0.401817
-0.445691
-0.568892
-0.647733
-0.684237
-0.937118
-1.13471
-1.06295
-0.887637
-0.809525
-0.706874
-0.705609
-0.698834
-0.677032
-0.639087
-0.592476
-0.542201
-0.489795
-0.439085
-0.39862
-0.385897
-0.408645
-0.603351
-0.925196
-1.33397
-1.57469
-1.70555
-1.63094
-1.41153
-1.29966
-0.671338
-0.670644
-0.667594
-0.653489
-0.623153
-0.581018
-0.532501
-0.479026
-0.42444
-0.373106
-0.342045
-0.350494
-0.392408
-0.389479
-0.43367
-0.464554
-0.412913
-0.269974
-0.129642
-0.00750337
-0.643788
-0.642939
-0.641474
-0.635058
-0.610885
-0.570866
-0.520267
-0.462515
-0.398514
-0.332392
-0.262169
-0.196399
-0.0490604
0.227988
0.58944
0.939932
1.23427
1.44183
1.57288
1.63874
-0.622162
-0.62167
-0.620982
-0.618893
-0.602263
-0.56332
-0.508532
-0.444199
-0.36947
-0.286201
-0.190525
-0.0896635
0.130258
0.511183
0.970787
1.41776
1.78723
2.04048
2.18048
2.23778
-0.608516
-0.608185
-0.607827
-0.607292
-0.597068
-0.558916
-0.49962
-0.427305
-0.343494
-0.246874
-0.142243
-0.0250145
0.142555
0.520309
0.98861
1.44544
1.82941
2.0867
2.22257
2.27477
-0.598568
-0.598162
-0.597233
-0.597402
-0.592904
-0.558016
-0.493717
-0.413629
-0.32347
-0.221878
-0.113795
0.00725349
0.12836
0.438573
0.865996
1.25501
1.58099
1.79755
1.91122
1.95516
-0.597355
-0.596056
-0.593688
-0.594193
-0.593472
-0.560474
-0.489115
-0.401212
-0.305886
-0.20347
-0.0924595
0.0216992
0.137947
0.358991
0.692235
0.996251
1.24191
1.41191
1.50084
1.53404
-0.610143
-0.608529
-0.609673
-0.613764
-0.611444
-0.566778
-0.480742
-0.384177
-0.286364
-0.185668
-0.0799144
0.021558
0.121873
0.250933
0.486126
0.715056
0.90217
1.03267
1.09918
1.12311
-0.613997
-0.615583
-0.625243
-0.63284
-0.619216
-0.555668
-0.456462
-0.355946
-0.261456
-0.169085
-0.0756873
0.0103085
0.093337
0.178816
0.334073
0.497046
0.627334
0.719653
0.765249
0.781463
-0.541515
-0.545366
-0.557801
-0.56468
-0.546996
-0.484296
-0.396078
-0.308967
-0.227933
-0.150629
-0.0730122
-0.00321811
0.0596559
0.112295
0.211664
0.323127
0.4125
0.474704
0.504502
0.511359
-0.372382
-0.376879
-0.385353
-0.390679
-0.380242
-0.344073
-0.294002
-0.239219
-0.18327
-0.125774
-0.0678955
-0.0171747
0.0243212
0.0572707
0.119287
0.191263
0.250356
0.289963
0.308559
0.313611
-0.179998
-0.182722
-0.187582
-0.194494
-0.198599
-0.194575
-0.181992
-0.160986
-0.133372
-0.0992783
-0.0622738
-0.030446
-0.00744381
0.00916604
0.0514816
0.097138
0.134614
0.15825
0.167779
0.170271
-0.0362711
-0.037819
-0.0410271
-0.0497221
-0.064563
-0.0806221
-0.0915148
-0.0943804
-0.0879685
-0.0733493
-0.053959
-0.0383992
-0.0302457
-0.0222087
0.00267439
0.0324924
0.0552995
0.0675405
0.072046
0.0722121
0.0401736
0.0391552
0.0365302
0.0276156
0.0101138
-0.0121072
-0.0320907
-0.0460148
-0.0520011
-0.0504721
-0.0444918
-0.0416378
-0.0444363
-0.0422585
-0.0229227
-0.00419172
0.00684682
0.0112976
0.0118666
0.0113363
0.0684461
0.0677827
0.0656814
0.0582653
0.0432298
0.0231566
0.00290437
-0.0141846
-0.0258893
-0.0319042
-0.0342064
-0.0389807
-0.0469836
-0.0476951
-0.0337397
-0.0226336
-0.0180363
-0.0174437
-0.0184691
-0.0191404
0.0719592
0.0715603
0.0700519
0.0646807
0.0534939
0.0378405
0.020784
0.00502974
-0.00758029
-0.0164981
-0.0225388
-0.030199
-0.0395936
-0.0407546
-0.0298241
-0.023717
-0.0233273
-0.0249143
-0.0265114
-0.027142
0.0649467
0.0647314
0.0637331
0.0601752
0.052547
0.0414103
0.0285352
0.0157285
0.00461826
-0.00402242
-0.0101003
-0.016194
-0.0226071
-0.0209477
-0.0131678
-0.0116355
-0.0137957
-0.0164604
-0.0180991
-0.0187273
0.054535
0.0544246
0.0537962
0.0515998
0.0467607
0.0393746
0.0303896
0.0210259
0.0125821
0.00602825
0.0027612
0.00115976
0.00104082
0.00529212
0.00934933
0.00818521
0.00487568
0.00215179
0.000813128
0.000175179
0.0439886
0.0439258
0.0435383
0.0422795
0.0394507
0.0349132
0.0291243
0.0228777
0.0171913
0.0134399
0.0138601
0.0190776
0.026063
0.034008
0.0343968
0.0308471
0.0271578
0.0253447
0.0246296
0.0239873
0.0347091
0.0346621
0.0344284
0.0337709
0.0322687
0.0296794
0.0262068
0.022385
0.0190957
0.0179248
0.0219762
0.0334194
0.0491963
0.0586936
0.0550855
0.0496928
0.0469081
0.0467395
0.0469034
0.0461568
0.0270536
0.0270113
0.026859
0.0265306
0.0258113
0.0244541
0.0224721
0.0202739
0.01855
0.0189763
0.0250406
0.0396716
0.0587414
0.0688044
0.0629371
0.0590367
0.0582298
0.0591917
0.0603285
0.0596248
0.0209174
0.0208715
0.0207551
0.0205633
0.0202039
0.0195083
0.018366
0.0170153
0.0159528
0.0165024
0.0218038
0.0350711
0.0526329
0.0605785
0.0551228
0.0530666
0.0558078
0.0599396
0.0612327
0.0603441
0.0160151
0.0159687
0.0158738
0.0157194
0.0154755
0.0149653
0.0141506
0.0130007
0.0117573
0.0110855
0.0128985
0.0195511
0.0298049
0.033091
0.0300811
0.0330076
0.0392516
0.0444928
0.0464221
0.0456214
0.0119882
0.0119393
0.0118465
0.0116557
0.0113527
0.0109586
0.0101189
0.00884491
0.00689481
0.00410263
0.000306822
-0.00394437
-0.00756307
-0.0110244
-0.00866008
0.00120644
0.0113926
0.0175063
0.0192545
0.0187751
0.0086132
0.00855174
0.00844658
0.00823975
0.00796896
0.00747261
0.00662932
0.00512616
0.00251597
-0.0021628
-0.0116578
-0.0274768
-0.0475675
-0.0579284
-0.0474213
-0.0312802
-0.0191487
-0.0132111
-0.0116091
-0.0115705
0.00582513
0.00575373
0.00565235
0.00547782
0.00514825
0.0046436
0.00382885
0.00232217
-0.00045056
-0.00618174
-0.0187321
-0.0438561
-0.0775685
-0.088691
-0.0713006
-0.0515341
-0.0412149
-0.036388
-0.035093
-0.0346013
0.003528
0.00345456
0.00338522
0.00325026
0.00292343
0.00252866
0.00180202
0.000637647
-0.00159754
-0.00637562
-0.0178847
-0.0422796
-0.0762432
-0.0831187
-0.0658313
-0.0509601
-0.0444988
-0.0431107
-0.0424349
-0.0415773
0.000745261
0.000694157
0.00062229
0.000660114
0.000361278
0.000117594
-7.40153e-05
-1.24945e-05
-0.000149523
-0.000886828
-0.00336469
-0.0103935
-0.0158904
-0.0124363
-0.0154672
-0.0181959
-0.0177806
-0.0148407
-0.0124892
-0.0253095
-1.08685
-0.396076
0.0564041
0.318342
0.507745
0.653592
0.767628
0.860924
0.959444
1.05072
-0.0243281
0.173935
0.354589
0.506754
0.634205
0.738517
0.823745
0.893408
0.936492
0.94064
0.314802
0.432041
0.546747
0.64901
0.737141
0.811527
0.872465
0.918715
0.94849
0.966346
0.52868
0.608319
0.687289
0.759637
0.822817
0.876751
0.921118
0.955908
0.982357
1.00159
0.684943
0.739142
0.798613
0.852526
0.899654
0.940665
0.975456
1.00431
1.02791
1.04501
0.808491
0.8496
0.895864
0.93644
0.974046
1.00759
1.03695
1.06204
1.083
1.09731
0.91183
0.946471
0.983822
1.01828
1.05071
1.08047
1.10692
1.12962
1.14835
1.16014
1.00546
1.0366
1.07071
1.10344
1.13428
1.16271
1.1879
1.20923
1.22622
1.23579
1.09667
1.12926
1.16464
1.19872
1.23008
1.2584
1.283
1.30335
1.31883
1.32707
1.19874
1.23627
1.27459
1.31088
1.34295
1.37084
1.3943
1.41332
1.42747
1.43598
1.32572
1.3681
1.40731
1.44319
1.4736
1.49929
1.52085
1.53848
1.552
1.56218
1.48728
1.52874
1.56245
1.59201
1.61655
1.63808
1.65767
1.6751
1.68985
1.70255
1.67772
1.70852
1.72975
1.74888
1.76695
1.78418
1.8004
1.81622
1.83273
1.84966
1.87557
1.88697
1.89802
1.91211
1.9264
1.93924
1.9506
1.96146
1.97436
1.99124
2.06139
2.07129
2.07993
2.08238
2.08324
2.0875
2.0983
2.11424
2.13186
2.13646
2.36243
2.30703
2.2562
2.21594
2.19355
2.18951
2.20301
2.23681
2.29325
2.3688
0.918323
0.85963
0.817146
0.783281
0.758617
0.741052
0.728524
0.719573
0.713432
0.709908
0.709464
0.71227
0.717668
0.725574
0.736473
0.751509
0.772508
0.801596
0.840353
0.888176
0.719883
0.728636
0.734162
0.734979
0.731486
0.725427
0.718973
0.713471
0.709591
0.707885
0.709
0.712543
0.717783
0.72423
0.730977
0.736233
0.73785
0.734609
0.727258
0.719589
0.69693
0.69896
0.703562
0.707066
0.709566
0.710979
0.71067
0.708906
0.706677
0.705055
0.705007
0.706769
0.709439
0.712026
0.71348
0.713122
0.711252
0.708441
0.704386
0.700001
0.690047
0.690913
0.693391
0.696097
0.698095
0.699439
0.7004
0.700818
0.70063
0.700317
0.700594
0.701609
0.702647
0.703083
0.702746
0.701876
0.700448
0.698197
0.69555
0.69358
0.684432
0.684893
0.686284
0.688296
0.69022
0.691776
0.692893
0.693751
0.694418
0.694927
0.695476
0.696036
0.696292
0.696146
0.695635
0.694642
0.693112
0.691268
0.689611
0.688591
0.679296
0.679582
0.680495
0.681954
0.683563
0.685143
0.686536
0.687665
0.688627
0.6895
0.690239
0.690687
0.690762
0.690475
0.689766
0.688666
0.687347
0.686008
0.684907
0.684279
0.674389
0.67459
0.675273
0.676435
0.6778
0.679219
0.680655
0.682009
0.683212
0.684298
0.685203
0.685717
0.685775
0.685398
0.684661
0.683721
0.6827
0.681672
0.680869
0.680427
0.669642
0.669793
0.670336
0.671307
0.672516
0.673826
0.67521
0.676636
0.678037
0.679344
0.680442
0.681079
0.681182
0.680865
0.68028
0.679543
0.678738
0.677943
0.677344
0.677012
0.664978
0.665097
0.665541
0.666378
0.667486
0.668734
0.670086
0.671541
0.67307
0.674599
0.675932
0.676751
0.677005
0.676867
0.676479
0.675939
0.675317
0.674716
0.67427
0.674013
0.660313
0.660409
0.660783
0.66153
0.662575
0.663783
0.665137
0.666645
0.668296
0.670039
0.67165
0.672738
0.67324
0.673334
0.673156
0.672813
0.672377
0.671942
0.671616
0.671413
0.655561
0.65564
0.655964
0.656652
0.657664
0.658869
0.660263
0.661862
0.663671
0.665661
0.667606
0.669048
0.669863
0.670225
0.670278
0.670135
0.669883
0.669598
0.669372
0.669209
0.650641
0.650706
0.650995
0.651651
0.652664
0.653915
0.655391
0.657127
0.659156
0.661459
0.663819
0.665691
0.666871
0.667539
0.66785
0.667919
0.667846
0.667699
0.667557
0.667426
0.645472
0.645526
0.645792
0.646441
0.647488
0.648828
0.650434
0.65237
0.654694
0.657402
0.660278
0.662665
0.664271
0.665286
0.665882
0.666185
0.66629
0.66628
0.666211
0.666106
0.639963
0.640007
0.64026
0.640925
0.642045
0.643515
0.645308
0.647514
0.650214
0.653443
0.656957
0.659962
0.662073
0.663492
0.664411
0.664979
0.665279
0.665399
0.665396
0.665313
0.63401
0.634046
0.634295
0.634996
0.636226
0.637877
0.63992
0.642471
0.645639
0.649498
0.653791
0.657561
0.660293
0.6622
0.663496
0.664364
0.664875
0.665138
0.665201
0.665136
0.627495
0.627522
0.627775
0.628534
0.629911
0.6318
0.634172
0.637172
0.640947
0.645606
0.650858
0.655543
0.659007
0.661487
0.663222
0.664416
0.665182
0.665599
0.665728
0.66568
0.620266
0.620285
0.620547
0.621379
0.62295
0.625139
0.62793
0.631501
0.63604
0.641688
0.648116
0.653916
0.658255
0.661412
0.663674
0.665264
0.666317
0.666904
0.667102
0.667069
0.612093
0.612112
0.612403
0.613328
0.615138
0.617708
0.621038
0.625329
0.630824
0.63771
0.645582
0.65271
0.658101
0.66207
0.664962
0.667034
0.668424
0.669202
0.669473
0.669454
0.602708
0.602717
0.603037
0.604096
0.606215
0.60928
0.613286
0.618481
0.625166
0.633557
0.643182
0.651953
0.658612
0.663554
0.667203
0.669853
0.671648
0.672651
0.673002
0.672994
0.591731
0.591733
0.59209
0.593337
0.595864
0.599571
0.604457
0.610834
0.619062
0.629381
0.641151
0.651826
0.65995
0.666032
0.670577
0.673897
0.67617
0.677427
0.677864
0.677865
0.578644
0.57864
0.579057
0.580552
0.583612
0.588161
0.594185
0.602071
0.612222
0.62488
0.639244
0.652241
0.662132
0.669574
0.675186
0.67932
0.682163
0.683711
0.684236
0.68424
0.562668
0.56266
0.563175
0.565029
0.568826
0.574528
0.582104
0.592018
0.604693
0.620314
0.637794
0.653445
0.665339
0.674323
0.681172
0.68625
0.689754
0.691624
0.692233
0.69223
0.542617
0.542608
0.543286
0.545709
0.550612
0.55798
0.567737
0.580396
0.596328
0.615592
0.636759
0.655487
0.669655
0.680395
0.688624
0.694764
0.698996
0.701195
0.701873
0.701853
0.516662
0.516656
0.517625
0.521023
0.52772
0.537636
0.550571
0.567014
0.58717
0.610887
0.636342
0.65851
0.675174
0.687819
0.697561
0.704874
0.709865
0.712369
0.713087
0.713037
0.481749
0.481763
0.483374
0.488689
0.498632
0.51264
0.53033
0.551975
0.5775
0.606531
0.636825
0.662721
0.682036
0.696697
0.708026
0.716562
0.722261
0.724991
0.7257
0.72561
0.432106
0.432357
0.436078
0.445809
0.461803
0.48255
0.507157
0.535644
0.567717
0.602835
0.638409
0.668229
0.690266
0.70697
0.719935
0.729692
0.735983
0.738817
0.739455
0.739313
0.360075
0.362417
0.373336
0.392563
0.41867
0.448795
0.482235
0.51885
0.558362
0.60022
0.64155
0.675657
0.700733
0.719769
0.734607
0.745697
0.752631
0.755617
0.756249
0.756117
0.283054
0.289476
0.308888
0.338277
0.374999
0.414836
0.457215
0.502131
0.549439
0.598669
0.646742
0.686269
0.715354
0.73751
0.754835
0.767771
0.77547
0.778539
0.779141
0.779106
0.217305
0.223987
0.250071
0.288057
0.333732
0.382493
0.433444
0.48646
0.541409
0.59783
0.652399
0.697043
0.729853
0.754894
0.774403
0.788694
0.796728
0.800032
0.800847
0.800872
0.163536
0.170517
0.200564
0.244712
0.297087
0.353138
0.411466
0.471795
0.533842
0.597071
0.657802
0.707227
0.743439
0.770987
0.792314
0.807843
0.81692
0.820624
0.821251
0.821323
0.118764
0.12606
0.158585
0.207332
0.26507
0.32705
0.391565
0.458266
0.526695
0.596186
0.662654
0.716505
0.7558
0.785632
0.808683
0.825296
0.835111
0.839104
0.839853
0.839984
0.0805272
0.0880004
0.12226
0.174508
0.236659
0.303621
0.373457
0.445741
0.519886
0.595091
0.666837
0.724753
0.766867
0.798703
0.823096
0.840512
0.850881
0.855278
0.856266
0.856426
0.0468246
0.0544117
0.0899336
0.145071
0.210883
0.282102
0.356609
0.433867
0.513188
0.593635
0.67028
0.731967
0.776625
0.81011
0.835407
0.853381
0.864167
0.86892
0.870171
0.870371
0.0161953
0.0238939
0.0604421
0.118069
0.186988
0.261895
0.340538
0.422276
0.506343
0.591678
0.672956
0.738208
0.785174
0.820052
0.846061
0.864445
0.87555
0.880587
0.882009
0.882225
-0.0122627
-0.00446684
0.0330229
0.0926755
0.164383
0.242555
0.324881
0.410684
0.499141
0.589101
0.674839
0.74353
0.792674
0.828791
0.855422
0.874113
0.885458
0.890662
0.89216
0.892345
-0.0392501
-0.0313311
0.0070084
0.0684507
0.142661
0.223753
0.309389
0.398902
0.491443
0.585808
0.675909
0.747997
0.799261
0.836552
0.863763
0.88272
0.894198
0.899498
0.901054
0.901229
-0.0651639
-0.0570923
-0.0178833
0.0450764
0.121551
0.205257
0.293893
0.386802
0.483151
0.581734
0.67613
0.751641
0.805067
0.843576
0.871401
0.890644
0.902214
0.907506
0.909051
0.909278
-0.0903011
-0.0820693
-0.0421562
0.0223892
0.100873
0.186932
0.278282
0.374297
0.474205
0.576823
0.675465
0.754485
0.810191
0.850032
0.878555
0.898104
0.909747
0.915008
0.916481
0.916636
-0.114776
-0.106303
-0.0657733
0.000212619
0.0805183
0.168702
0.262498
0.361355
0.464564
0.571021
0.673864
0.75652
0.814698
0.856033
0.885355
0.905231
0.916898
0.922069
0.923445
0.923502
-0.138664
-0.13005
-0.0887629
-0.0214966
0.0604461
0.15053
0.24653
0.347966
0.45422
0.564299
0.671272
0.757709
0.818614
0.861676
0.891909
0.912103
0.923706
0.928677
0.929887
0.929872
-0.162016
-0.153225
-0.111222
-0.0427657
0.0406491
0.132434
0.230403
0.334158
0.443179
0.556639
0.667623
0.75798
0.821929
0.867027
0.898329
0.918812
0.930234
0.934878
0.935878
0.9358
-0.184848
-0.175868
-0.133145
-0.0635934
0.0211481
0.114445
0.214153
0.319976
0.431492
0.548058
0.662876
0.757248
0.824576
0.87212
0.90475
0.925492
0.936512
0.940659
0.941404
0.941263
-0.207092
-0.19792
-0.154463
-0.08393
0.0019912
0.0966078
0.197854
0.305495
0.419225
0.538578
0.656994
0.755416
0.826443
0.876933
0.91133
0.932389
0.942696
0.946027
0.946428
0.946234
-0.228685
-0.219314
-0.175159
-0.103738
-0.0167739
0.0789974
0.181574
0.290797
0.406449
0.528272
0.649969
0.752378
0.827371
0.881351
0.918194
0.939928
0.949205
0.951135
0.950935
0.950693
-0.249632
-0.24005
-0.195216
-0.122981
-0.0351008
0.0616864
0.165404
0.275976
0.393263
0.517214
0.641841
0.748037
0.827155
0.885127
0.925284
0.948636
0.957019
0.95674
0.955107
0.954732
-0.269865
-0.260076
-0.214595
-0.141615
-0.0529229
0.0447283
0.149424
0.261123
0.379779
0.505509
0.632652
0.742309
0.825583
0.887873
0.932169
0.958699
0.967671
0.965261
0.960808
0.958826
-0.289414
-0.279427
-0.233286
-0.159647
-0.0702691
0.028103
0.133608
0.246202
0.365962
0.493119
0.622334
0.734974
0.822361
0.889124
0.938006
0.96937
0.98203
0.980588
0.972497
0.955649
-0.308313
-0.298111
-0.2514
-0.177261
-0.0873864
0.0114918
0.117566
0.230738
0.351251
0.479397
0.610208
0.725313
0.816728
0.888194
0.941258
0.977821
0.996039
0.993982
0.986308
0.941029
-0.326834
-0.315748
-0.268859
-0.19432
-0.104176
-0.00500881
0.101476
0.21495
0.335875
0.464555
0.596359
0.713217
0.807927
0.884394
0.939478
0.975941
0.994862
0.996453
0.944979
0.883846
-0.346007
-0.331262
-0.285463
-0.21067
-0.120883
-0.0216108
0.0850775
0.198843
0.31982
0.448578
0.580663
0.698445
0.79474
0.8778
0.930422
0.952082
0.968385
0.941007
0.876384
0.811285
-0.364938
-0.366595
-0.30671
-0.223818
-0.134438
-0.0354327
0.0689785
0.183081
0.303821
0.432241
0.563736
0.681291
0.776972
0.87052
0.890815
0.898747
0.89492
0.838172
0.766015
0.695869
-0.340888
-0.339683
-0.281326
-0.199206
-0.104802
-0.00244975
0.106805
0.223536
0.347261
0.478991
0.604018
0.708378
0.793656
0.885074
0.905164
0.811403
0.731288
0.66704
0.595459
0.452452
-0.382189
-0.355842
-0.294765
-0.211926
-0.117738
-0.0155825
0.0931224
0.209295
0.332148
0.462402
0.58492
0.686192
0.763187
0.823157
0.796557
0.674084
0.557989
0.478058
0.394906
0.232394
-0.407007
-0.375911
-0.313856
-0.231524
-0.137273
-0.0352944
0.0736263
0.189076
0.310668
0.438737
0.55795
0.654165
0.723327
0.749302
0.675597
0.516985
0.381251
0.28008
0.165795
-0.0683224
-0.431268
-0.39782
-0.33453
-0.251557
-0.157233
-0.0553293
0.0532864
0.167864
0.287969
0.413456
0.528483
0.618488
0.675638
0.668925
0.539223
0.35579
0.187049
0.0466033
-0.113095
-0.49657
-0.454617
-0.420278
-0.355941
-0.272122
-0.177665
-0.0759193
0.0321129
0.145703
0.264127
0.386691
0.496812
0.580028
0.620126
0.584088
0.406813
0.202672
-0.00871017
-0.186918
-0.434535
-0.996645
-0.477796
-0.44338
-0.378345
-0.293951
-0.199303
-0.0977324
0.00973212
0.122252
0.2388
0.358124
0.462907
0.538404
0.56095
0.478087
0.285657
0.0745337
-0.140699
-0.340449
-0.507343
-1.12279
-0.501959
-0.467447
-0.402011
-0.317283
-0.222485
-0.121051
-0.0141158
0.0973114
0.211855
0.327687
0.426953
0.493219
0.493405
0.36748
0.1818
-0.0189741
-0.203699
-0.329976
-0.36065
-0.408198
-0.527538
-0.492937
-0.427265
-0.342424
-0.247658
-0.14652
-0.0402857
0.0697754
0.181922
0.293631
0.386903
0.441408
0.419861
0.265766
0.0881753
-0.0873236
-0.229173
-0.288808
-0.311669
-0.317431
-0.554893
-0.520052
-0.454207
-0.369364
-0.274794
-0.174134
-0.0688579
0.0395263
0.148884
0.255857
0.342492
0.382813
0.347516
0.170569
0.00278613
-0.150588
-0.257618
-0.284389
-0.285254
-0.2856
-0.584124
-0.548941
-0.482889
-0.398095
-0.303863
-0.203897
-0.09983
0.00656101
0.112703
0.214412
0.29343
0.321821
0.257635
0.0829586
-0.0763145
-0.211043
-0.255831
-0.270515
-0.272169
-0.271915
-0.615136
-0.579549
-0.513278
-0.428608
-0.33485
-0.235778
-0.133183
-0.0291232
0.0734055
0.169369
0.240097
0.255407
0.159799
0.00143857
-0.144135
-0.249898
-0.263178
-0.262771
-0.263652
-0.263418
-0.647473
-0.611674
-0.545196
-0.460733
-0.367618
-0.26967
-0.168832
-0.0674581
0.0311012
0.120908
0.18331
0.180944
0.0731184
-0.0713136
-0.197243
-0.235616
-0.257152
-0.259028
-0.258997
-0.258726
-0.680802
-0.644664
-0.578298
-0.494175
-0.401909
-0.305339
-0.206557
-0.108216
-0.0139824
0.0695282
0.123011
0.107707
-0.0104536
-0.134149
-0.231462
-0.270042
-0.260003
-0.257085
-0.25662
-0.256205
-0.7142
-0.67805
-0.612051
-0.528448
-0.437277
-0.342381
-0.245991
-0.151007
-0.0614886
0.0159777
0.0590433
0.0396744
-0.0904591
-0.19156
-0.248919
-0.247536
-0.254519
-0.257239
-0.257035
-0.256626
-0.74667
-0.711018
-0.645324
-0.562822
-0.473075
-0.380213
-0.286571
-0.19523
-0.11076
-0.0390851
-0.00368267
-0.026408
-0.162104
-0.266841
-0.260251
-0.280195
-0.268907
-0.258045
-0.254617
-0.253885
-0.776688
-0.741974
-0.67731
-0.596248
-0.508402
-0.418005
-0.32753
-0.240124
-0.160739
-0.0949339
-0.0612352
-0.0950241
-0.216531
-0.364957
-0.369135
-0.324938
-0.286223
-0.261475
-0.251571
-0.248527
-0.802604
-0.769314
-0.706354
-0.627456
-0.542096
-0.454695
-0.367849
-0.284734
-0.210224
-0.150472
-0.116277
-0.149883
-0.227601
-0.425649
-0.525792
-0.394653
-0.320278
-0.287941
-0.272668
-0.266429
-0.822168
-0.790991
-0.730473
-0.654794
-0.572746
-0.489004
-0.406307
-0.327885
-0.258189
-0.204135
-0.17084
-0.179178
-0.154335
-0.160482
-0.278323
-0.309922
-0.363768
-0.373672
-0.363963
-0.359253
-0.833121
-0.804599
-0.747856
-0.676365
-0.59867
-0.519495
-0.441572
-0.368173
-0.303643
-0.255255
-0.218382
-0.206479
-0.0504969
0.295429
0.103157
-0.207858
-0.380127
-0.418634
-0.425814
-0.427222
-0.832842
-0.808257
-0.756638
-0.690348
-0.618177
-0.544483
-0.472018
-0.404144
-0.34546
-0.303004
-0.262267
-0.308894
-0.351703
-0.279487
-0.398629
-0.476538
-0.518901
-0.536489
-0.542879
-0.545721
-0.817512
-0.799045
-0.755202
-0.695316
-0.629817
-0.562447
-0.495964
-0.433857
-0.381777
-0.347005
-0.33336
-0.531732
-0.890602
-1.31259
-1.21947
-0.939827
-0.799061
-0.751869
-0.73948
-0.736017
-0.788481
-0.775532
-0.741724
-0.690666
-0.632755
-0.572334
-0.511811
-0.455184
-0.408602
-0.382288
-0.395142
-0.633183
-0.902894
-1.00269
-0.8049
-0.721898
-0.813973
-0.848754
-0.826867
-0.820314
-0.749715
-0.741465
-0.718793
-0.677481
-0.627502
-0.573811
-0.518562
-0.465522
-0.421342
-0.396945
-0.407412
-0.515796
-0.601244
-0.664522
-0.801663
-1.06215
-1.13001
-0.974403
-0.830704
-0.817586
-0.708118
-0.703564
-0.690118
-0.659567
-0.616546
-0.567916
-0.516134
-0.46406
-0.417029
-0.385106
-0.400828
-0.485867
-0.747843
-1.13893
-1.46796
-1.66567
-1.69005
-1.51463
-1.34439
-1.27925
-0.672129
-0.669847
-0.662456
-0.6401
-0.60331
-0.557449
-0.506354
-0.451617
-0.397913
-0.354431
-0.341394
-0.37998
-0.392718
-0.401285
-0.455425
-0.456859
-0.343724
-0.198744
-0.0650157
0.0172486
-0.643366
-0.642377
-0.639795
-0.625282
-0.592518
-0.546497
-0.492357
-0.431221
-0.366151
-0.296031
-0.230077
-0.134155
0.0677487
0.407248
0.769043
1.09576
1.34949
1.51574
1.61413
1.65221
-0.621979
-0.621277
-0.620635
-0.613226
-0.58515
-0.537505
-0.477771
-0.408283
-0.328707
-0.240744
-0.138286
-0.00466517
0.302803
0.739192
1.19856
1.61594
1.92908
2.12344
2.21751
2.24796
-0.608383
-0.607974
-0.607829
-0.60495
-0.581276
-0.531403
-0.464848
-0.386992
-0.296674
-0.19506
-0.0812169
0.022866
0.312012
0.748959
1.22165
1.65025
1.97537
2.16785
2.25704
2.2831
-0.598449
-0.597736
-0.597045
-0.597347
-0.579943
-0.528523
-0.4551
-0.369825
-0.274392
-0.167105
-0.0558638
0.0616461
0.245606
0.655417
1.06471
1.42978
1.70423
1.86548
1.9401
1.96189
-0.596845
-0.594919
-0.59333
-0.595341
-0.582656
-0.527856
-0.446537
-0.354304
-0.256193
-0.147497
-0.0366633
0.0807923
0.231771
0.518027
0.852558
1.12561
1.33836
1.46519
1.52298
1.53841
-0.609105
-0.608526
-0.611803
-0.615131
-0.596181
-0.526276
-0.433175
-0.335378
-0.236996
-0.131912
-0.0284387
0.0737058
0.173861
0.361867
0.605508
0.813732
0.976389
1.07281
1.11532
1.12572
-0.613477
-0.619608
-0.63016
-0.630324
-0.594874
-0.507537
-0.405865
-0.308173
-0.215538
-0.121053
-0.0316263
0.0510643
0.129552
0.248003
0.418508
0.566027
0.679877
0.747511
0.776258
0.781242
-0.542271
-0.551429
-0.562937
-0.560165
-0.521553
-0.440905
-0.352201
-0.267734
-0.189339
-0.110975
-0.0368228
0.0270218
0.0864863
0.1545
0.268607
0.37114
0.447686
0.492796
0.510296
0.511014
-0.374131
-0.380896
-0.388947
-0.38827
-0.365008
-0.319969
-0.26705
-0.211378
-0.154938
-0.0959174
-0.0410702
0.00315969
0.0422945
0.0843966
0.155066
0.223349
0.272869
0.301709
0.311779
0.312316
-0.181339
-0.184787
-0.190973
-0.197275
-0.197664
-0.18936
-0.172376
-0.14802
-0.117058
-0.0800627
-0.0459982
-0.0194226
0.00249674
0.0285314
0.0743569
0.117494
0.148391
0.164355
0.170005
0.169094
-0.0371898
-0.0389206
-0.0445645
-0.0565462
-0.0728443
-0.0869449
-0.0939744
-0.092288
-0.0815321
-0.0634846
-0.0456438
-0.0342199
-0.0265601
-0.0109126
0.0177656
0.0451503
0.06285
0.0703449
0.0725176
0.0713888
0.0395312
0.0383537
0.0330635
0.0198718
-0.000859016
-0.0226005
-0.0399021
-0.0499783
-0.052034
-0.0473614
-0.0426319
-0.0430046
-0.0452088
-0.0332504
-0.0125894
0.00254478
0.00969332
0.0118396
0.0116894
0.010735
0.0680534
0.0671503
0.0628271
0.0516726
0.0334989
0.0128657
-0.00614416
-0.0207407
-0.0294896
-0.0330414
-0.0363124
-0.0430559
-0.0494939
-0.0410144
-0.0275861
-0.0197093
-0.0173047
-0.01796
-0.0188242
-0.0196199
0.0717465
0.0711033
0.0679997
0.0598192
0.0460268
0.0293357
0.0126708
-0.0017111
-0.0124275
-0.0196298
-0.026317
-0.0351229
-0.0423187
-0.0345848
-0.0258756
-0.0230768
-0.0239547
-0.0258515
-0.026872
-0.0275416
0.0648482
0.0644257
0.0623835
0.056893
0.0473055
0.0350927
0.0220551
0.00992442
-2.9282e-05
-0.00737971
-0.0130996
-0.0198809
-0.0235691
-0.0158134
-0.0118437
-0.0125773
-0.0151525
-0.0174587
-0.0184518
-0.019093
0.0544966
0.0542276
0.0529672
0.0495403
0.0433316
0.0350165
0.0256925
0.0166532
0.00902723
0.00418757
0.0016839
0.000670845
0.0023307
0.00833979
0.00935552
0.00653192
0.00332609
0.0013349
0.000478671
-0.000182989
0.043975
0.0437973
0.0430619
0.04109
0.0373726
0.0321342
0.0259996
0.0199212
0.014968
0.01286
0.0159511
0.0224864
0.0303681
0.0351572
0.032857
0.0288016
0.0260622
0.0249005
0.0243588
0.0236039
0.0347009
0.0345782
0.0341756
0.0331505
0.0311035
0.028029
0.0242926
0.0206037
0.0181116
0.0190597
0.0268536
0.0408711
0.0552721
0.0576555
0.0521567
0.0477997
0.0467231
0.046872
0.0466464
0.0457025
0.0270452
0.0269506
0.0267242
0.0262399
0.0252092
0.0235334
0.0213659
0.0192681
0.0183644
0.0210587
0.031312
0.0490558
0.0660626
0.0660423
0.0603786
0.0585656
0.0583425
0.0600252
0.060165
0.0591182
0.0209032
0.0208222
0.0206703
0.0204166
0.0199221
0.018988
0.0176882
0.016392
0.01591
0.0183177
0.0274477
0.0438254
0.058983
0.0576862
0.0532562
0.053873
0.0582553
0.0609217
0.0609733
0.0597508
0.0159967
0.0159286
0.0158047
0.0156115
0.0152485
0.0145972
0.0135993
0.0123685
0.011305
0.0114649
0.0154557
0.0245629
0.033117
0.0312992
0.0307509
0.0360055
0.0421924
0.0458986
0.0461549
0.0450298
0.0119669
0.0119014
0.0117659
0.0115256
0.0111825
0.0105966
0.00954321
0.00797291
0.00561365
0.00227609
-0.00192882
-0.00559677
-0.00908952
-0.0112529
-0.00405372
0.00661898
0.0150726
0.0188791
0.0191133
0.0182562
0.00858496
0.00850784
0.00836013
0.00809966
0.00773703
0.00712394
0.00597589
0.00399902
0.000626633
-0.00627906
-0.0194108
-0.0379249
-0.0555822
-0.0548141
-0.0390342
-0.0244349
-0.0156174
-0.011962
-0.0114876
-0.0119231
0.0057913
0.0057087
0.00557958
0.0053408
0.00494688
0.00428841
0.00318673
0.00115577
-0.00283045
-0.0111315
-0.0297654
-0.0605979
-0.0882075
-0.0817866
-0.0605487
-0.0452636
-0.0382464
-0.0355394
-0.034718
-0.0347769
0.00349012
0.00342103
0.00333457
0.00310661
0.00275306
0.00219573
0.00132204
-0.000251503
-0.00355774
-0.0111039
-0.027976
-0.0596167
-0.0849063
-0.0753772
-0.0569783
-0.0470269
-0.0433611
-0.0428873
-0.041892
-0.0415541
0.00156004
0.00148881
0.0014483
0.00139291
0.00127359
0.0010193
0.000471478
6.18975e-05
-0.00121398
-0.00336806
-0.00898513
-0.0222781
-0.040907
-0.0431143
-0.0340893
-0.0287621
-0.027699
-0.0276165
-0.0262801
-0.0252277
-0.692957
-0.123576
0.199132
0.417318
0.584504
0.713066
0.816895
0.906387
1.01595
1.01294
0.120947
0.270771
0.433932
0.573715
0.689142
0.783153
0.860664
0.919588
0.943706
0.947866
0.38999
0.490796
0.599734
0.694839
0.776017
0.843696
0.897611
0.935497
0.959157
0.976198
0.579854
0.649292
0.724713
0.792381
0.85096
0.900145
0.93968
0.969992
0.993785
1.01245
0.721996
0.77391
0.826631
0.876867
0.920934
0.958823
0.990603
1.01667
1.03846
1.0568
0.836844
0.874601
0.916379
0.95574
0.991337
1.02279
1.05005
1.07296
1.09214
1.10993
0.935057
0.965562
1.00131
1.03479
1.06597
1.09414
1.11878
1.13944
1.15617
1.17354
1.02501
1.05366
1.08731
1.11912
1.14885
1.17575
1.19909
1.21826
1.23273
1.24986
1.11569
1.14677
1.182
1.21474
1.24466
1.2712
1.29374
1.31172
1.32431
1.34157
1.21944
1.25525
1.29324
1.32742
1.35744
1.38314
1.40438
1.421
1.43258
1.45043
1.34866
1.38775
1.42594
1.45903
1.48699
1.51056
1.53018
1.54568
1.5575
1.57576
1.50984
1.54588
1.57798
1.60477
1.6276
1.6481
1.66671
1.68275
1.69646
1.71433
1.69457
1.71963
1.7395
1.75802
1.77568
1.79243
1.80831
1.8243
1.84143
1.86057
1.88126
1.89212
1.90484
1.9194
1.93302
1.94509
1.956
1.96735
1.98276
2.00219
2.06318
2.07662
2.08168
2.08269
2.08466
2.09202
2.10574
2.12334
2.13708
2.14842
2.33206
2.28148
2.234
2.20242
2.18937
2.19393
2.21717
2.26223
2.32892
2.42304
0.774948
0.771936
0.765874
0.754941
0.742442
0.731119
0.722042
0.715257
0.710753
0.708806
0.709983
0.713923
0.720049
0.728307
0.738789
0.751095
0.76344
0.772145
0.776655
0.778818
0.703262
0.70991
0.715154
0.718763
0.719866
0.718217
0.714743
0.710922
0.707897
0.706534
0.707559
0.710549
0.7146
0.718798
0.721808
0.722324
0.719996
0.715609
0.709315
0.703488
0.693176
0.696136
0.699493
0.701974
0.703723
0.70489
0.705094
0.704316
0.703211
0.702701
0.703502
0.705188
0.706817
0.707575
0.707137
0.705869
0.703958
0.70108
0.69774
0.695451
0.687157
0.688578
0.690784
0.693047
0.694757
0.695933
0.696797
0.697346
0.697569
0.697817
0.698443
0.699147
0.699446
0.69921
0.698562
0.697404
0.695581
0.693347
0.691591
0.690506
0.681829
0.682646
0.684104
0.685868
0.687594
0.689048
0.690157
0.691057
0.691838
0.692534
0.693121
0.693425
0.693373
0.69297
0.692123
0.69082
0.689284
0.687752
0.686727
0.686061
0.676821
0.677374
0.67845
0.679853
0.681349
0.682831
0.684191
0.685355
0.686383
0.687315
0.687979
0.688238
0.6881
0.687544
0.686625
0.685511
0.684325
0.683232
0.682535
0.682068
0.672003
0.672417
0.673276
0.674474
0.675785
0.677169
0.678585
0.679952
0.681206
0.682336
0.683142
0.683455
0.683297
0.682757
0.681985
0.681104
0.680182
0.679357
0.678843
0.678488
0.667308
0.667633
0.668341
0.66939
0.670606
0.671922
0.673325
0.674789
0.676245
0.677605
0.678597
0.679022
0.678966
0.678587
0.678013
0.677324
0.676606
0.675987
0.6756
0.675318
0.662655
0.662918
0.663519
0.664468
0.665623
0.666903
0.668314
0.669852
0.671474
0.673083
0.674318
0.67495
0.675101
0.67493
0.674556
0.674061
0.673526
0.673069
0.672776
0.672545
0.657956
0.658175
0.658702
0.65959
0.660708
0.661987
0.663443
0.665082
0.666883
0.668767
0.670316
0.671244
0.671661
0.671724
0.671557
0.671261
0.670894
0.670576
0.670356
0.670161
0.65313
0.653315
0.653793
0.65465
0.655768
0.657087
0.658627
0.660412
0.662442
0.664651
0.666596
0.667894
0.668624
0.668952
0.669012
0.668902
0.668703
0.668505
0.668345
0.668177
0.648096
0.648257
0.648706
0.649563
0.650721
0.652124
0.653796
0.655791
0.658129
0.66076
0.663185
0.664913
0.666
0.666623
0.666927
0.667011
0.666977
0.666888
0.666778
0.66663
0.642768
0.642909
0.643347
0.644234
0.645474
0.647006
0.648871
0.651147
0.653875
0.657038
0.660047
0.662289
0.663795
0.664754
0.665329
0.665634
0.665764
0.665775
0.665706
0.665573
0.637051
0.637177
0.63762
0.638565
0.639929
0.641644
0.643768
0.646404
0.649626
0.653447
0.657171
0.660032
0.662037
0.66339
0.664273
0.664818
0.665123
0.665233
0.665203
0.66508
0.630837
0.630951
0.631411
0.632443
0.633976
0.635933
0.638392
0.641484
0.645322
0.649947
0.654547
0.658169
0.660776
0.662593
0.663826
0.664652
0.665154
0.665365
0.665371
0.665255
0.623989
0.624086
0.624577
0.625729
0.627482
0.629754
0.63265
0.636336
0.640956
0.646583
0.652249
0.656771
0.660084
0.662445
0.664088
0.665234
0.665957
0.666277
0.666318
0.666206
0.616313
0.61642
0.616943
0.618251
0.62028
0.622953
0.626401
0.630829
0.636432
0.643302
0.650259
0.655863
0.660014
0.66303
0.665185
0.666707
0.66767
0.668107
0.668184
0.668073
0.607548
0.607655
0.60827
0.609765
0.612147
0.615332
0.61948
0.624833
0.631638
0.64002
0.648555
0.655481
0.660652
0.664448
0.66721
0.669191
0.670445
0.671015
0.671129
0.671015
0.597408
0.597517
0.598236
0.599987
0.602815
0.606659
0.611698
0.618242
0.626583
0.636846
0.647284
0.655759
0.662121
0.666845
0.670333
0.672852
0.674442
0.675162
0.675313
0.675193
0.585425
0.58555
0.586419
0.588509
0.591922
0.596622
0.602821
0.610888
0.621149
0.633721
0.646438
0.656757
0.664541
0.670365
0.674706
0.677863
0.679851
0.680736
0.680922
0.680792
0.570975
0.571138
0.572218
0.574755
0.578939
0.584777
0.5925
0.602531
0.615208
0.630599
0.646051
0.658539
0.667975
0.675088
0.680454
0.684376
0.686827
0.687893
0.688105
0.687958
0.553076
0.553313
0.554727
0.557924
0.563209
0.570644
0.580462
0.593118
0.608898
0.627737
0.646369
0.661306
0.672607
0.681188
0.687711
0.692494
0.695454
0.696701
0.696929
0.696757
0.530252
0.530635
0.532596
0.536826
0.543777
0.553535
0.566273
0.582404
0.60207
0.625036
0.647355
0.665086
0.678469
0.688686
0.696488
0.702239
0.705724
0.707137
0.707363
0.707161
0.500159
0.500847
0.503778
0.509822
0.519507
0.532819
0.549755
0.570534
0.595066
0.622891
0.649332
0.670079
0.685696
0.697658
0.706828
0.713577
0.717547
0.719078
0.71928
0.719045
0.458684
0.460105
0.465145
0.474762
0.489244
0.508093
0.530959
0.557749
0.588143
0.6215
0.652436
0.676369
0.694312
0.708092
0.718699
0.726408
0.730732
0.732287
0.73244
0.732176
0.398196
0.402683
0.413304
0.42999
0.452633
0.479745
0.510525
0.544699
0.581848
0.621248
0.656871
0.684047
0.704318
0.719878
0.731882
0.740399
0.744929
0.746339
0.746395
0.746127
0.325754
0.333856
0.353308
0.380581
0.413697
0.450135
0.489466
0.531586
0.576145
0.622491
0.663895
0.695357
0.71888
0.736913
0.750672
0.760301
0.765136
0.766598
0.766747
0.76664
0.252905
0.266394
0.294922
0.33258
0.375613
0.421295
0.469212
0.519359
0.571449
0.624903
0.672304
0.708255
0.735192
0.756013
0.771974
0.782706
0.78756
0.788604
0.788782
0.788775
0.192523
0.209861
0.24411
0.289494
0.340567
0.394365
0.450169
0.507906
0.567215
0.627504
0.680595
0.720714
0.750748
0.773909
0.791533
0.802969
0.807888
0.809625
0.809964
0.810026
0.14296
0.162325
0.201018
0.252168
0.309572
0.370033
0.432643
0.497184
0.563151
0.62984
0.688266
0.732222
0.765011
0.790262
0.809361
0.821856
0.827559
0.82968
0.830094
0.830193
0.101241
0.121826
0.16384
0.219537
0.28216
0.348192
0.416653
0.4872
0.55919
0.631775
0.695124
0.742595
0.777899
0.80502
0.825403
0.83871
0.845095
0.847517
0.847986
0.848095
0.0650369
0.0864239
0.131082
0.190446
0.257421
0.328246
0.40184
0.477744
0.5552
0.633197
0.701093
0.751783
0.789319
0.817898
0.839167
0.853079
0.86016
0.86276
0.863284
0.863378
0.032707
0.0546653
0.101459
0.163917
0.234592
0.309591
0.387754
0.468501
0.550973
0.634011
0.706173
0.759844
0.799312
0.829011
0.850873
0.865226
0.87275
0.875576
0.876172
0.87625
0.0030564
0.0254427
0.0740445
0.139178
0.213084
0.291764
0.374014
0.459183
0.546323
0.634142
0.71039
0.766871
0.808072
0.838726
0.861055
0.875762
0.883609
0.88658
0.887206
0.887249
-0.0248181
-0.00198302
0.0482546
0.115676
0.192454
0.27442
0.360357
0.449586
0.541109
0.63352
0.71376
0.772971
0.815796
0.847295
0.870034
0.884974
0.892981
0.896023
0.896671
0.896683
-0.0513881
-0.028065
0.0234985
0.0930451
0.172404
0.257317
0.346602
0.439576
0.535235
0.632093
0.716294
0.778231
0.822672
0.855012
0.878168
0.893318
0.901385
0.904473
0.905046
0.904985
-0.0770117
-0.0531658
-0.000468414
0.071073
0.152725
0.240298
0.33263
0.429064
0.528625
0.629815
0.717983
0.78272
0.828861
0.862121
0.885731
0.901076
0.909172
0.912194
0.912752
0.912654
-0.101912
-0.0776046
-0.0237462
0.0495665
0.133299
0.223272
0.318367
0.417996
0.521232
0.62662
0.718805
0.786488
0.834478
0.868779
0.892901
0.908433
0.916522
0.919452
0.919949
0.919819
-0.126218
-0.101393
-0.0464429
0.0284529
0.114061
0.206188
0.30379
0.406351
0.513029
0.622467
0.718711
0.789541
0.839602
0.875098
0.899787
0.915462
0.923459
0.926235
0.926636
0.926471
-0.14996
-0.124596
-0.068606
0.00771127
0.0949935
0.189055
0.288911
0.394135
0.503999
0.617309
0.717638
0.791849
0.844281
0.881181
0.906486
0.922227
0.930037
0.932575
0.93285
0.932651
-0.173108
-0.147263
-0.0902763
-0.0126651
0.0761189
0.171894
0.273761
0.381386
0.494156
0.611119
0.715505
0.793347
0.848523
0.887124
0.913124
0.928807
0.936232
0.938441
0.938596
0.938372
-0.195705
-0.169347
-0.111419
-0.0326437
0.0574733
0.154756
0.258404
0.368158
0.483552
0.603885
0.712251
0.793934
0.852269
0.89301
0.919892
0.935341
0.942099
0.943835
0.943853
0.943616
-0.217656
-0.190793
-0.131984
-0.052185
0.0391042
0.137714
0.242915
0.354532
0.472246
0.595625
0.707804
0.793478
0.855403
0.89887
0.927052
0.942155
0.947782
0.948746
0.948585
0.948359
-0.238975
-0.211562
-0.151962
-0.0712348
0.0210808
0.120835
0.227383
0.340607
0.460314
0.586396
0.702118
0.791833
0.857726
0.904603
0.934882
0.949905
0.953842
0.953335
0.952768
0.952617
-0.259572
-0.231659
-0.171306
-0.08975
0.00345713
0.104199
0.211884
0.326458
0.447867
0.576278
0.695171
0.788843
0.858968
0.909888
0.943405
0.959501
0.961818
0.958652
0.956535
0.956124
-0.279517
-0.251055
-0.189972
-0.107678
-0.0136931
0.08789
0.196538
0.312222
0.435029
0.565369
0.686984
0.784359
0.858813
0.914131
0.952002
0.971356
0.974144
0.968605
0.960702
0.943441
-0.298751
-0.269751
-0.208105
-0.12523
-0.0306744
0.0715674
0.180916
0.297424
0.421275
0.553127
0.676992
0.777757
0.856799
0.916638
0.959453
0.984477
0.991369
0.985972
0.97027
0.983525
-0.317401
-0.287731
-0.225648
-0.142366
-0.0474156
0.0552898
0.165024
0.282091
0.406596
0.539457
0.665011
0.768444
0.852244
0.916173
0.961966
0.990929
1.00249
0.994663
0.933334
0.916328
-0.336075
-0.305584
-0.242349
-0.158728
-0.0633777
0.039508
0.149072
0.266485
0.391281
0.524565
0.651071
0.756052
0.844359
0.911972
0.954289
0.981889
0.98495
0.950183
0.881813
0.840517
-0.35547
-0.324267
-0.257799
-0.173976
-0.0781946
0.0243673
0.13344
0.250777
0.375414
0.508474
0.635048
0.740463
0.831113
0.90357
0.954169
0.943617
0.921177
0.860039
0.788424
0.744749
0.0621444
0.176108
0.296682
0.424776
0.555479
0.672072
0.766188
0.618447
-0.376574
-0.357817
-0.319539
-0.249218
-0.160081
-0.0621143
0.0437134
0.156616
0.276394
0.403261
0.532752
0.648324
0.741049
0.81643
0.868487
0.831885
0.692055
0.605294
0.537158
-0.394316
-0.381268
-0.336915
-0.264979
-0.175562
-0.0774503
0.0278665
0.140297
0.259217
0.384673
0.511835
0.62385
0.710726
0.773147
0.771506
0.670798
0.528866
0.424058
0.335347
-0.417656
-0.404934
-0.357628
-0.284616
-0.195146
-0.0968154
0.00856901
0.120675
0.238661
0.362481
0.4865
0.593513
0.671966
0.716379
0.678388
0.520544
0.356531
0.224174
0.106564
-0.441236
-0.42834
-0.379426
-0.305188
-0.215362
-0.117047
-0.0119196
0.0994875
0.21627
0.338037
0.458482
0.55992
0.630943
0.649986
0.566788
0.375668
0.179207
0.00102457
-0.166664
-0.464047
-0.451625
-0.401915
-0.326615
-0.236387
-0.138081
-0.0333451
0.0772277
0.192637
0.312027
0.42847
0.523593
0.584922
0.568384
0.440698
0.241876
0.0242583
-0.182756
-0.370145
-0.487486
-0.475331
-0.425316
-0.349334
-0.258791
-0.160429
-0.0560046
0.0537984
0.167786
0.284661
0.396911
0.485239
0.533789
0.494327
0.325524
0.130321
-0.0793092
-0.276353
-0.39717
-0.434216
-0.51229
-0.500271
-0.449994
-0.37365
-0.282988
-0.184671
-0.0806261
0.0282923
0.140636
0.254613
0.362151
0.44294
0.477326
0.416429
0.222385
0.0365127
-0.141439
-0.275014
-0.319583
-0.343617
-0.538588
-0.526697
-0.476222
-0.399688
-0.309061
-0.210987
-0.107502
0.000266981
0.110625
0.221206
0.323332
0.39624
0.412005
0.313703
0.130522
-0.0407038
-0.190152
-0.27251
-0.291829
-0.297483
-0.56672
-0.55482
-0.504132
-0.427468
-0.337
-0.239333
-0.136649
-0.0303089
0.077704
0.184417
0.280397
0.345198
0.332176
0.213402
0.0447055
-0.116048
-0.233013
-0.275865
-0.276483
-0.27785
-0.596595
-0.584794
-0.533761
-0.456998
-0.366799
-0.269707
-0.16806
-0.0634306
0.0418647
0.144267
0.233515
0.288678
0.257715
0.118202
-0.0354181
-0.184633
-0.249101
-0.266355
-0.267335
-0.26727
-0.628073
-0.616278
-0.565006
-0.488195
-0.398366
-0.302051
-0.201674
-0.0990677
0.0031339
0.100812
0.182937
0.226578
0.190865
0.0336776
-0.107442
-0.220747
-0.2672
-0.260974
-0.260937
-0.260942
-0.660675
-0.648797
-0.597618
-0.520809
-0.431511
-0.336181
-0.237343
-0.137077
-0.0383367
0.0543246
0.128907
0.16308
0.112514
-0.0415132
-0.166702
-0.244593
-0.259305
-0.257656
-0.257424
-0.256921
-0.693901
-0.681957
-0.631014
-0.554432
-0.465862
-0.371759
-0.274765
-0.177162
-0.0822672
0.00519113
0.072125
0.096097
0.0235114
-0.111382
-0.214396
-0.229465
-0.247825
-0.255446
-0.256425
-0.255994
-0.726765
-0.714861
-0.664354
-0.588424
-0.50085
-0.408283
-0.31347
-0.218864
-0.12812
-0.0461472
0.0142276
0.0234724
-0.0561107
-0.183896
-0.245824
-0.270157
-0.263356
-0.259635
-0.256817
-0.25591
-0.757518
-0.746431
-0.696741
-0.621764
-0.535653
-0.445016
-0.352775
-0.261524
-0.175115
-0.0989848
-0.0432274
-0.0444402
-0.123709
-0.259887
-0.334964
-0.318582
-0.291956
-0.266225
-0.253909
-0.250904
-0.785407
-0.774627
-0.726835
-0.653251
-0.569176
-0.480966
-0.391771
-0.304278
-0.222323
-0.152008
-0.100316
-0.102689
-0.173681
-0.313953
-0.467484
-0.394106
-0.326941
-0.281376
-0.259796
-0.252145
-0.807859
-0.797753
-0.752323
-0.681439
-0.600063
-0.514923
-0.429314
-0.346023
-0.268721
-0.203762
-0.156957
-0.150451
-0.188193
-0.254961
-0.494361
-0.415777
-0.354638
-0.337929
-0.322462
-0.309091
-0.822915
-0.813847
-0.771542
-0.704288
-0.626654
-0.545435
-0.464116
-0.385427
-0.313182
-0.253239
-0.210123
-0.189117
-0.166298
0.0161977
0.156625
-0.128287
-0.316189
-0.392758
-0.400523
-0.400225
-0.828
-0.820563
-0.78249
-0.71999
-0.6471
-0.570879
-0.494591
-0.421074
-0.354359
-0.299318
-0.260475
-0.238743
-0.204243
0.0290711
0.100969
-0.171687
-0.380171
-0.452389
-0.466622
-0.471254
-0.821618
-0.81559
-0.782999
-0.72667
-0.659844
-0.5896
-0.519138
-0.451361
-0.390455
-0.341509
-0.316398
-0.334433
-0.504329
-0.817614
-0.949494
-0.798415
-0.681386
-0.644065
-0.638994
-0.639008
-0.800104
-0.795757
-0.770296
-0.72289
-0.66374
-0.600386
-0.536262
-0.474322
-0.419124
-0.378446
-0.36348
-0.459216
-0.806058
-1.2622
-1.37497
-1.04757
-0.899502
-0.840915
-0.810053
-0.798468
-0.76621
-0.763533
-0.74592
-0.708582
-0.658683
-0.602771
-0.544961
-0.488145
-0.437416
-0.401286
-0.397346
-0.475057
-0.646339
-0.716821
-0.538966
-0.512452
-0.683747
-0.782784
-0.756964
-0.750179
-0.725484
-0.723866
-0.714418
-0.687028
-0.646498
-0.597478
-0.545005
-0.491764
-0.442105
-0.404395
-0.397587
-0.4163
-0.584433
-0.840462
-1.23468
-1.59261
-1.76754
-1.59394
-1.33762
-1.13344
-0.686752
-0.68573
-0.681401
-0.664009
-0.630792
-0.586857
-0.537867
-0.485329
-0.433257
-0.388317
-0.367607
-0.397019
-0.543408
-0.741886
-0.976799
-1.15234
-1.25973
-1.18247
-1.02769
-0.884518
-0.656499
-0.655914
-0.653561
-0.643649
-0.616412
-0.575605
-0.526445
-0.47119
-0.412337
-0.353888
-0.304829
-0.272464
-0.195901
-0.0336477
0.181715
0.400012
0.611447
0.787682
0.907864
0.979731
-0.631643
-0.631029
-0.630114
-0.626438
-0.606141
-0.566696
-0.514165
-0.453373
-0.384055
-0.309489
-0.223818
-0.139779
0.057187
0.403881
0.833211
1.24976
1.5862
1.81799
1.95721
2.01377
-0.614676
-0.614256
-0.613745
-0.612569
-0.599309
-0.560594
-0.503726
-0.435427
-0.355737
-0.264883
-0.163034
-0.0498008
0.14875
0.544992
1.01312
1.47193
1.85881
2.12227
2.2643
2.32035
-0.603128
-0.60284
-0.602416
-0.60237
-0.594862
-0.558096
-0.49637
-0.420058
-0.332874
-0.232801
-0.126851
-0.00670402
0.136187
0.474182
0.932244
1.36558
1.72755
1.96693
2.09268
2.14062
-0.596084
-0.595276
-0.59329
-0.59322
-0.591487
-0.558808
-0.491497
-0.407581
-0.31466
-0.212489
-0.1022
0.0160969
0.130804
0.408262
0.788323
1.131
1.41466
1.60736
1.70943
1.74862
-0.602467
-0.600802
-0.599345
-0.601523
-0.601444
-0.563669
-0.485891
-0.393689
-0.296599
-0.194469
-0.084959
0.0237682
0.134354
0.299163
0.586054
0.852852
1.06799
1.21694
1.29301
1.32068
-0.616901
-0.616186
-0.622097
-0.627989
-0.620127
-0.56582
-0.471798
-0.371885
-0.274805
-0.177253
-0.0770518
0.0166022
0.108191
0.214087
0.403259
0.59695
0.754852
0.867329
0.924385
0.945909
-0.590901
-0.594301
-0.606175
-0.613776
-0.597076
-0.530166
-0.431963
-0.335278
-0.245997
-0.160535
-0.0747528
0.0033528
0.0766703
0.143884
0.270343
0.406501
0.514011
0.588502
0.62424
0.635112
-0.465609
-0.470492
-0.481288
-0.487086
-0.471261
-0.419507
-0.348976
-0.276621
-0.206904
-0.138802
-0.0704293
-0.00975014
0.0423356
0.0841069
0.161277
0.251023
0.324058
0.376182
0.399068
0.407089
-0.273565
-0.277108
-0.283319
-0.289227
-0.286144
-0.26694
-0.23665
-0.199568
-0.158277
-0.112521
-0.0653876
-0.0245579
0.00726114
0.0312996
0.0833
0.140891
0.187489
0.217863
0.232193
0.235647
-0.0996509
-0.101672
-0.105603
-0.113547
-0.123805
-0.131603
-0.132979
-0.125585
-0.109674
-0.08612
-0.0584051
-0.0348185
-0.0198346
-0.00826923
0.0240176
0.0611097
0.0907767
0.108339
0.115047
0.116078
0.00958938
0.00834947
0.00551071
-0.00352052
-0.0206533
-0.0413618
-0.0581928
-0.0678782
-0.0686648
-0.0613663
-0.0492634
-0.0408114
-0.0385704
-0.0343972
-0.0123421
0.0113092
0.0277049
0.0352923
0.0377236
0.0374798
0.0586573
0.0578376
0.055465
0.0471633
0.0305476
0.00886667
-0.0120035
-0.0282904
-0.0378341
-0.0407457
-0.0395315
-0.0411245
-0.0470243
-0.0466107
-0.030158
-0.0155105
-0.00838179
-0.00600923
-0.00646966
-0.00713277
0.0721886
0.0716684
0.0698701
0.0634792
0.0503303
0.0323548
0.0134913
-0.00325879
-0.01586
-0.0238269
-0.0284671
-0.0353033
-0.0445951
-0.0458439
-0.0334385
-0.025314
-0.0228594
-0.0235345
-0.024925
-0.0255818
0.0691976
0.0689035
0.0676706
0.06326
0.0539316
0.0406131
0.0256208
0.0112106
-0.000859051
-0.00992904
-0.0164066
-0.0238153
-0.0321631
-0.0322404
-0.022822
-0.019016
-0.0200925
-0.022347
-0.0240138
-0.024636
0.0599003
0.0597481
0.0589549
0.0561389
0.0500114
0.0408586
0.0299889
0.0188985
0.00902546
0.00130699
-0.0035811
-0.00770448
-0.0111951
-0.00775655
-0.0022874
-0.00222087
-0.0052166
-0.00804761
-0.00958137
-0.010228
0.0491613
0.0490809
0.0485895
0.0469158
0.0431806
0.0373359
0.0300305
0.0222874
0.0152427
0.0101156
0.00847053
0.0102592
0.0134926
0.0185193
0.0217476
0.0193438
0.0158225
0.013478
0.0124168
0.0117918
0.0391567
0.0391048
0.0388064
0.0378882
0.0357986
0.0323527
0.0278111
0.0228406
0.0184549
0.0160715
0.0184331
0.0269042
0.0382749
0.0485249
0.0461785
0.0412433
0.0378909
0.0368276
0.0365463
0.0358328
0.0306807
0.0306364
0.030449
0.0299797
0.0289184
0.0270427
0.0244155
0.0215048
0.0191506
0.018912
0.0242623
0.0378183
0.0558818
0.0660587
0.0608153
0.0552068
0.0536904
0.0543258
0.0550156
0.054284
0.0238154
0.0237711
0.0236435
0.0233957
0.0228902
0.0219183
0.0204549
0.0187786
0.0174888
0.0181599
0.0241535
0.0388144
0.0578966
0.0670982
0.0613999
0.0581598
0.0593982
0.0614605
0.0628161
0.0619848
0.01834
0.0182925
0.0181875
0.0180152
0.0177475
0.0171804
0.0162468
0.015055
0.0139823
0.0140853
0.0180114
0.0286095
0.0433743
0.0490532
0.0446222
0.0446294
0.0487011
0.0538256
0.055605
0.0547647
0.0139016
0.0138516
0.013752
0.0135821
0.0133213
0.0129002
0.0120816
0.0109049
0.00937001
0.00768376
0.0068413
0.00845793
0.0123739
0.0123109
0.0116172
0.0181529
0.0263536
0.0321932
0.0340482
0.0333375
0.0101993
0.0101436
0.0100528
0.00988452
0.00962374
0.00915848
0.00829869
0.00687283
0.0045577
0.00067314
-0.00604909
-0.0163411
-0.0284637
-0.0355368
-0.0294493
-0.0155217
-0.00409726
0.00173178
0.00330536
0.00312428
0.00715337
0.0070943
0.00701061
0.00681518
0.00646223
0.00596438
0.00510913
0.00362308
0.00100249
-0.00441975
-0.0163941
-0.0378489
-0.0641228
-0.076601
-0.062715
-0.0433375
-0.0309651
-0.0260966
-0.0249497
-0.0246624
0.00463365
0.0045684
0.00447973
0.00428687
0.00394515
0.00346313
0.00276059
0.00134537
-0.00130113
-0.0067024
-0.0189845
-0.0450962
-0.0804043
-0.0907041
-0.072822
-0.0540935
-0.0456085
-0.0424782
-0.0416002
-0.0408697
0.0025049
0.00243297
0.00238337
0.00230866
0.00208481
0.00166944
0.00113989
0.000207287
-0.0015309
-0.00521782
-0.0144413
-0.0343747
-0.0617679
-0.0658173
-0.0512907
-0.041807
-0.0388268
-0.0382535
-0.0374915
-0.036664
0.00151853
0.00146611
0.00142814
0.00130404
0.00119425
0.000748722
0.000282279
-0.000524638
-0.00209477
-0.00550625
-0.0145064
-0.0319033
-0.0450494
-0.0387623
-0.0299881
-0.0282482
-0.0276621
-0.0270213
-0.0256872
-0.0119783
-0.340991
0.00480295
0.227162
0.418688
0.573625
0.697473
0.796791
0.881264
0.94227
0.937878
0.1635
0.317576
0.460214
0.58324
0.688504
0.776441
0.848877
0.905079
0.939206
0.95177
0.429971
0.527396
0.622142
0.70747
0.781674
0.844726
0.896394
0.935812
0.96376
0.982815
0.611624
0.676903
0.744976
0.80782
0.861966
0.908587
0.947536
0.978958
1.00416
1.0222
0.749681
0.796389
0.848794
0.895183
0.936927
0.973607
1.00533
1.0321
1.05437
1.06993
0.861752
0.899333
0.940256
0.977377
1.01188
1.04314
1.07083
1.09456
1.11434
1.12722
0.959449
0.991845
1.02674
1.06009
1.09139
1.12022
1.14592
1.16782
1.18565
1.19613
1.05056
1.08183
1.11607
1.14938
1.18038
1.20867
1.23358
1.25442
1.27064
1.27924
1.14536
1.18015
1.21693
1.25235
1.28425
1.31249
1.33666
1.35641
1.37121
1.37918
1.25818
1.29852
1.33775
1.37455
1.40633
1.4334
1.45597
1.47421
1.48789
1.49697
1.40202
1.4447
1.48236
1.51604
1.54404
1.56782
1.58844
1.60584
1.61969
1.63082
1.57989
1.61748
1.64548
1.66982
1.69084
1.71013
1.72838
1.74553
1.76142
1.77594
1.77758
1.7986
1.8135
1.8293
1.84557
1.86088
1.87459
1.88785
1.90335
1.92171
1.96818
1.97536
1.98591
1.99745
2.00737
2.01656
2.02681
2.03791
2.04953
2.05839
2.18124
2.18301
2.17508
2.15856
2.14741
2.14684
2.159
2.1836
2.21772
2.24225
2.60087
2.40698
2.30593
2.24807
2.21894
2.21231
2.2275
2.26832
2.34417
2.48712
-0.34016
-0.344625
-0.305113
-0.232751
-0.143371
-0.0446084
0.854106
0.922314
0.92049
0.841477
0.770901
0.699058
0.468289
0.243255
-0.0289163
-0.388584
-0.743404
)
;

boundaryField
{
    wall-4
    {
        type            zeroGradient;
    }
    pressure-outlet-7
    {
        type            fixedValue;
        value           uniform 0;
    }
    velocity-inlet-6
    {
        type            zeroGradient;
    }
    velocity-inlet-5
    {
        type            zeroGradient;
    }
    frontAndBackPlanes
    {
        type            empty;
    }
}


// ************************************************************************* //
