/*--------------------------------*- C++ -*----------------------------------*\
  =========                 |
  \\      /  F ield         | OpenFOAM: The Open Source CFD Toolbox
   \\    /   O peration     | Website:  https://openfoam.org
    \\  /    A nd           | Version:  10
     \\/     M anipulation  |
\*---------------------------------------------------------------------------*/
FoamFile
{
    format      ascii;
    class       volVectorField;
    location    "74";
    object      U;
}
// * * * * * * * * * * * * * * * * * * * * * * * * * * * * * * * * * * * * * //

dimensions      [0 1 -1 0 0 0 0];

internalField   nonuniform List<vector> 
2200
(
(0.878836 -0.0304115 0)
(1.00578 -0.051277 0)
(1.00326 -0.0353981 0)
(1.00021 -0.0244271 0)
(0.999827 -0.0166433 0)
(1.00003 -0.0107051 0)
(1.00001 -0.00681603 0)
(0.999913 -0.00414 0)
(0.999752 -0.00210909 0)
(1.00019 -0.000610648 0)
(0.999981 0.00127435 0)
(1.00023 0.00275376 0)
(1.0004 0.00453093 0)
(1.00025 0.00714702 0)
(1.00004 0.0108611 0)
(0.999963 0.0166836 0)
(1.0003 0.0243898 0)
(1.00346 0.034872 0)
(1.00598 0.0513842 0)
(0.87904 0.0302969 0)
(0.712039 -0.0327599 0)
(0.996651 -0.0630021 0)
(1.03335 -0.0561258 0)
(1.02499 -0.0464068 0)
(1.01595 -0.0361036 0)
(1.00965 -0.026375 0)
(1.00596 -0.0181303 0)
(1.00393 -0.0114771 0)
(1.00291 -0.00611822 0)
(1.00233 -0.0016905 0)
(1.00232 0.00245651 0)
(1.00225 0.006941 0)
(1.00319 0.012441 0)
(1.0055 0.0189495 0)
(1.00944 0.0272368 0)
(1.01553 0.0369714 0)
(1.02462 0.047467 0)
(1.03315 0.0580033 0)
(0.996694 0.0631477 0)
(0.711778 0.0330375 0)
(0.535579 -0.0238901 0)
(0.969941 -0.0569175 0)
(1.05643 -0.0547243 0)
(1.05218 -0.0487128 0)
(1.0362 -0.0403656 0)
(1.02447 -0.0321683 0)
(1.01588 -0.02388 0)
(1.01022 -0.0159372 0)
(1.00678 -0.00859322 0)
(1.00536 -0.0018315 0)
(1.00519 0.00436582 0)
(1.00714 0.010833 0)
(1.01051 0.0177208 0)
(1.01576 0.0254644 0)
(1.02402 0.0334663 0)
(1.03609 0.0414581 0)
(1.05217 0.0494533 0)
(1.05628 0.0532896 0)
(0.969171 0.0576716 0)
(0.534326 0.0239422 0)
(0.392451 -0.0136337 0)
(0.911954 -0.0463596 0)
(1.05757 -0.0468018 0)
(1.06972 -0.0442598 0)
(1.05498 -0.0381081 0)
(1.03938 -0.0314478 0)
(1.02764 -0.0246392 0)
(1.01931 -0.0174613 0)
(1.01416 -0.0100112 0)
(1.01163 -0.00252489 0)
(1.0113 0.00507434 0)
(1.01308 0.0126365 0)
(1.01798 0.0200374 0)
(1.02652 0.0267832 0)
(1.0385 0.033169 0)
(1.05396 0.0395934 0)
(1.06816 0.0456681 0)
(1.05543 0.0483223 0)
(0.909853 0.0470024 0)
(0.389844 0.0137832 0)
(0.307878 -0.0045096 0)
(0.846844 -0.032356 0)
(1.0494 -0.0398864 0)
(1.07943 -0.0381125 0)
(1.06822 -0.033422 0)
(1.05175 -0.0277701 0)
(1.03834 -0.0223437 0)
(1.02797 -0.0162021 0)
(1.02064 -0.00920727 0)
(1.01657 -0.00149042 0)
(1.01663 0.00625467 0)
(1.02061 0.0134514 0)
(1.02757 0.0197429 0)
(1.03731 0.025492 0)
(1.05015 0.0304509 0)
(1.0666 0.0357818 0)
(1.07765 0.0401066 0)
(1.04719 0.0418063 0)
(0.842838 0.0329979 0)
(0.303599 0.00474586 0)
(0.264552 0.000105404 0)
(0.789369 -0.0200411 0)
(1.03372 -0.0313979 0)
(1.08384 -0.0319408 0)
(1.07749 -0.0286536 0)
(1.06096 -0.0237893 0)
(1.04735 -0.0193144 0)
(1.03657 -0.014286 0)
(1.02896 -0.00826727 0)
(1.02465 -0.00127388 0)
(1.02399 0.00619761 0)
(1.02721 0.0131069 0)
(1.03428 0.0188924 0)
(1.04492 0.0233387 0)
(1.05861 0.0272614 0)
(1.07484 0.0316308 0)
(1.08026 0.0343541 0)
(1.02908 0.0334257 0)
(0.782376 0.0207789 0)
(0.258531 0.000129789 0)
(0.240628 0.00107364 0)
(0.738707 -0.0122449 0)
(1.01386 -0.024909 0)
(1.0841 -0.0266437 0)
(1.08309 -0.0243018 0)
(1.06791 -0.0200835 0)
(1.05437 -0.0160133 0)
(1.04343 -0.0113654 0)
(1.03503 -0.00587789 0)
(1.02977 0.000582587 0)
(1.02955 0.00717661 0)
(1.034 0.0129104 0)
(1.0416 0.0174552 0)
(1.05172 0.0214597 0)
(1.0646 0.0248289 0)
(1.0793 0.0282867 0)
(1.07977 0.0298293 0)
(1.00729 0.0273328 0)
(0.728503 0.0131882 0)
(0.232794 -0.000826815 0)
(0.226453 0.000967971 0)
(0.696187 -0.00798739 0)
(0.993663 -0.020622 0)
(1.08268 -0.0229435 0)
(1.0872 -0.0210762 0)
(1.07362 -0.0175272 0)
(1.06009 -0.0137175 0)
(1.04945 -0.00949398 0)
(1.04157 -0.00459336 0)
(1.03679 0.00108636 0)
(1.03578 0.00723544 0)
(1.03882 0.0126047 0)
(1.04562 0.0170303 0)
(1.05568 0.0203149 0)
(1.06914 0.0232867 0)
(1.08182 0.0259726 0)
(1.07546 0.0269471 0)
(0.982957 0.0235596 0)
(0.681269 0.00917395 0)
(0.216269 -0.000704468 0)
(0.216905 0.000630118 0)
(0.66078 -0.00562457 0)
(0.973028 -0.0175076 0)
(1.07974 -0.0200464 0)
(1.09044 -0.0184181 0)
(1.07845 -0.0151894 0)
(1.06509 -0.0114584 0)
(1.0546 -0.00710107 0)
(1.04659 -0.00208504 0)
(1.04125 0.00337127 0)
(1.04041 0.00851161 0)
(1.04407 0.0130805 0)
(1.05073 0.0167066 0)
(1.06 0.0200347 0)
(1.07235 0.0226919 0)
(1.08317 0.0248417 0)
(1.07058 0.0252174 0)
(0.95868 0.0211623 0)
(0.640939 0.00713759 0)
(0.204058 -0.000324913 0)
(0.209925 0.00030995 0)
(0.63268 -0.00413706 0)
(0.954652 -0.014835 0)
(1.0771 -0.0176557 0)
(1.09386 -0.0162609 0)
(1.08327 -0.0132955 0)
(1.06977 -0.00964686 0)
(1.05921 -0.0056191 0)
(1.05129 -0.00110155 0)
(1.04621 0.00386243 0)
(1.04472 0.00928986 0)
(1.04703 0.0138432 0)
(1.05297 0.0175451 0)
(1.06237 0.0201583 0)
(1.07535 0.0225143 0)
(1.08414 0.0241546 0)
(1.0635 0.0241083 0)
(0.93376 0.01932 0)
(0.605762 0.00600771 0)
(0.193479 5.28202e-05 0)
(0.204134 9.26895e-05 0)
(0.609422 -0.00310145 0)
(0.936675 -0.0124228 0)
(1.07388 -0.0154248 0)
(1.09717 -0.0142289 0)
(1.08809 -0.0113931 0)
(1.07458 -0.00780321 0)
(1.06386 -0.00359236 0)
(1.05579 0.00137829 0)
(1.05043 0.00677022 0)
(1.04876 0.0113084 0)
(1.05121 0.0152351 0)
(1.05701 0.0182772 0)
(1.06574 0.0209913 0)
(1.0776 0.0229837 0)
(1.08429 0.0241758 0)
(1.05644 0.0233849 0)
(0.909521 0.0178435 0)
(0.57507 0.00538129 0)
(0.183665 0.000338647 0)
(0.199808 3.05626e-05 0)
(0.591761 -0.00218313 0)
(0.921764 -0.00999886 0)
(1.07129 -0.013002 0)
(1.10071 -0.0118429 0)
(1.09296 -0.00904352 0)
(1.07929 -0.00534637 0)
(1.0683 -0.00138104 0)
(1.05984 0.00303359 0)
(1.05378 0.00756163 0)
(1.0514 0.0125876 0)
(1.05307 0.0167017 0)
(1.05841 0.0197651 0)
(1.06747 0.0217214 0)
(1.0799 0.0234792 0)
(1.08393 0.0243114 0)
(1.04722 0.0229148 0)
(0.884692 0.0166986 0)
(0.547064 0.00502615 0)
(0.174021 0.000508366 0)
(0.196339 4.17354e-05 0)
(0.577242 -0.00148785 0)
(0.907515 -0.0079067 0)
(1.06866 -0.0108092 0)
(1.10441 -0.00965222 0)
(1.09824 -0.006844 0)
(1.08455 -0.00324661 0)
(1.0731 0.000845802 0)
(1.06414 0.00565593 0)
(1.05813 0.011197 0)
(1.05546 0.0157694 0)
(1.05676 0.0192113 0)
(1.06189 0.0215347 0)
(1.07035 0.0234338 0)
(1.08115 0.0245908 0)
(1.08305 0.0249439 0)
(1.03764 0.0229576 0)
(0.859946 0.0159553 0)
(0.521196 0.00490308 0)
(0.164541 0.000602721 0)
(0.194441 6.69753e-05 0)
(0.56716 -0.000676712 0)
(0.896483 -0.00569928 0)
(1.06662 -0.00826533 0)
(1.10825 -0.00690101 0)
(1.1034 -0.00392132 0)
(1.08956 2.14992e-07 0)
(1.07787 0.00417491 0)
(1.06858 0.00880633 0)
(1.0612 0.0133007 0)
(1.05737 0.0178942 0)
(1.05802 0.0213322 0)
(1.06264 0.0236605 0)
(1.07137 0.0249054 0)
(1.08232 0.0258877 0)
(1.08089 0.0257016 0)
(1.0255 0.0231354 0)
(0.834176 0.0154872 0)
(0.496245 0.0048535 0)
(0.155004 0.000634061 0)
(0.193817 0.000109767 0)
(0.560117 -0.000113218 0)
(0.886972 -0.00352052 0)
(1.0654 -0.00559736 0)
(1.11247 -0.00402523 0)
(1.10912 -0.000878327 0)
(1.09538 0.00298037 0)
(1.08305 0.0072394 0)
(1.07276 0.0120665 0)
(1.06516 0.0175075 0)
(1.06121 0.0221793 0)
(1.06122 0.0251628 0)
(1.06561 0.0267163 0)
(1.07366 0.0277187 0)
(1.08189 0.027947 0)
(1.07791 0.0273173 0)
(1.01274 0.0239891 0)
(0.807933 0.0154575 0)
(0.471963 0.00495426 0)
(0.14546 0.000657768 0)
(0.194547 7.23676e-05 0)
(0.556334 0.000939283 0)
(0.880789 -0.00142509 0)
(1.06498 -0.00290474 0)
(1.11715 -0.000890717 0)
(1.11501 0.0025705 0)
(1.10106 0.00699328 0)
(1.08848 0.0116652 0)
(1.07807 0.0168076 0)
(1.06939 0.0217986 0)
(1.06327 0.0254559 0)
(1.06213 0.0281805 0)
(1.06536 0.0297893 0)
(1.07326 0.0303305 0)
(1.08194 0.0304975 0)
(1.07315 0.0292866 0)
(0.99694 0.0250275 0)
(0.780049 0.0157693 0)
(0.44733 0.00514014 0)
(0.135597 0.000676363 0)
(0.196934 0.000338035 0)
(0.556943 0.00162224 0)
(0.876949 0.00110908 0)
(1.06631 0.000552051 0)
(1.12253 0.0029248 0)
(1.12155 0.00672334 0)
(1.10752 0.0112777 0)
(1.09417 0.0162595 0)
(1.08227 0.0214835 0)
(1.07202 0.0266698 0)
(1.06619 0.0314767 0)
(1.06471 0.0339347 0)
(1.06779 0.0345697 0)
(1.07479 0.0348434 0)
(1.07956 0.0340064 0)
(1.06721 0.0320492 0)
(0.980121 0.0268808 0)
(0.750945 0.0164766 0)
(0.422137 0.00545675 0)
(0.125372 0.000700537 0)
(0.201375 0.000691188 0)
(0.560104 0.00249022 0)
(0.877875 0.00368023 0)
(1.0692 0.00384942 0)
(1.12883 0.00703762 0)
(1.1288 0.0112964 0)
(1.11434 0.0166263 0)
(1.10039 0.0221725 0)
(1.0882 0.0281516 0)
(1.07765 0.0338054 0)
(1.06909 0.037524 0)
(1.06509 0.0389154 0)
(1.06606 0.0395658 0)
(1.07272 0.0390189 0)
(1.07824 0.0382474 0)
(1.05922 0.0355763 0)
(0.959296 0.0289681 0)
(0.719 0.0175622 0)
(0.395325 0.00586914 0)
(0.114443 0.00072221 0)
(0.208296 0.000910574 0)
(0.567903 0.00367893 0)
(0.882405 0.00623983 0)
(1.07459 0.00831218 0)
(1.13621 0.0119572 0)
(1.1371 0.0168848 0)
(1.12225 0.0226356 0)
(1.10735 0.0288148 0)
(1.09336 0.0349569 0)
(1.08014 0.0405647 0)
(1.07021 0.0443066 0)
(1.06653 0.046282 0)
(1.06791 0.0463675 0)
(1.07307 0.0456901 0)
(1.07338 0.0436495 0)
(1.04926 0.0397562 0)
(0.936772 0.0320372 0)
(0.68485 0.0190385 0)
(0.366845 0.0063732 0)
(0.102827 0.000740703 0)
(0.217008 0.00110495 0)
(0.57945 0.00497961 0)
(0.891302 0.00933665 0)
(1.08269 0.0128169 0)
(1.14497 0.0177686 0)
(1.14636 0.0234872 0)
(1.13056 0.0302528 0)
(1.11444 0.0371918 0)
(1.09933 0.0442835 0)
(1.08503 0.0504912 0)
(1.07365 0.054614 0)
(1.06662 0.0552151 0)
(1.06499 0.0543177 0)
(1.06893 0.0522698 0)
(1.07005 0.0501296 0)
(1.03673 0.0452293 0)
(0.908826 0.0353621 0)
(0.646058 0.0208291 0)
(0.335459 0.00689397 0)
(0.0902306 0.000746445 0)
(0.229898 0.00142662 0)
(0.598472 0.00691649 0)
(0.906784 0.0137694 0)
(1.09422 0.0191558 0)
(1.15569 0.0247407 0)
(1.15729 0.0315374 0)
(1.14063 0.039158 0)
(1.12311 0.0470113 0)
(1.10579 0.0546607 0)
(1.08852 0.0610049 0)
(1.07352 0.0643048 0)
(1.06617 0.0646078 0)
(1.0652 0.0638963 0)
(1.06782 0.0617792 0)
(1.06184 0.0581164 0)
(1.02073 0.0514162 0)
(0.877703 0.0398607 0)
(0.603686 0.0229705 0)
(0.301535 0.00744061 0)
(0.0768705 0.000749097 0)
(0.246021 0.00201467 0)
(0.62294 0.0087171 0)
(0.928951 0.0183853 0)
(1.11043 0.0260849 0)
(1.16885 0.0336921 0)
(1.16987 0.0417917 0)
(1.15118 0.0508354 0)
(1.13143 0.0597082 0)
(1.11173 0.068105 0)
(1.09215 0.0745335 0)
(1.07555 0.0776453 0)
(1.0657 0.0774612 0)
(1.06098 0.0749091 0)
(1.0611 0.0711328 0)
(1.05503 0.0668817 0)
(1.00149 0.0588336 0)
(0.839207 0.0442781 0)
(0.554486 0.0250498 0)
(0.263868 0.00779822 0)
(0.0625962 0.000715639 0)
(0.268487 0.00287928 0)
(0.656306 0.0126162 0)
(0.957921 0.0253018 0)
(1.13073 0.0359783 0)
(1.18478 0.0447697 0)
(1.18467 0.0548434 0)
(1.16396 0.0650158 0)
(1.14175 0.0748774 0)
(1.11884 0.083593 0)
(1.09558 0.0899719 0)
(1.0754 0.09252 0)
(1.063 0.0907388 0)
(1.05906 0.0879482 0)
(1.05816 0.0840547 0)
(1.04229 0.0778636 0)
(0.976377 0.0671795 0)
(0.795365 0.0499632 0)
(0.500465 0.0273106 0)
(0.223742 0.0080218 0)
(0.0480386 0.000694875 0)
(0.300467 0.00380265 0)
(0.702961 0.0156766 0)
(0.998701 0.0334582 0)
(1.15832 0.0473708 0)
(1.20465 0.0590925 0)
(1.20191 0.0715521 0)
(1.17712 0.0837066 0)
(1.15107 0.0945528 0)
(1.12465 0.103573 0)
(1.0981 0.109019 0)
(1.07489 0.109558 0)
(1.06107 0.106819 0)
(1.05292 0.102568 0)
(1.04814 0.0964068 0)
(1.0301 0.089249 0)
(0.946806 0.0763964 0)
(0.741244 0.0548352 0)
(0.436804 0.0286763 0)
(0.180029 0.00776076 0)
(0.0331136 0.000591644 0)
(0.337528 0.007184 0)
(0.761327 0.0252743 0)
(1.04722 0.0471932 0)
(1.19102 0.0658588 0)
(1.22814 0.0793209 0)
(1.22077 0.0945382 0)
(1.19153 0.107376 0)
(1.16158 0.118263 0)
(1.13074 0.126234 0)
(1.09952 0.130272 0)
(1.07295 0.129932 0)
(1.05603 0.125458 0)
(1.04854 0.119294 0)
(1.04253 0.112816 0)
(1.01015 0.103027 0)
(0.907442 0.0859166 0)
(0.678994 0.0603864 0)
(0.369647 0.0298729 0)
(0.136624 0.0072922 0)
(0.0198316 0.000564728 0)
(0.418801 0.0110076 0)
(0.850425 0.0358902 0)
(1.11652 0.0685302 0)
(1.23287 0.0914041 0)
(1.25629 0.107656 6.09194e-34)
(1.24212 0.125139 -2.75648e-34)
(1.20614 0.138317 0)
(1.17075 0.1482 0)
(1.1353 0.154655 0)
(1.10045 0.156366 0)
(1.07061 0.152376 0)
(1.05184 0.144928 0)
(1.04016 0.137664 0)
(1.02753 0.128229 0)
(0.988879 0.115996 0)
(0.861643 0.0954007 0)
(0.602876 0.0634859 0)
(0.288817 0.0283709 0)
(0.0886326 0.00654972 0)
(0.00585321 0.000696045 0)
(0.490959 0.0261226 4.40297e-20)
(0.952938 0.0611336 -3.3395e-20)
(1.18532 0.102725 0)
(1.27442 0.130313 2.61713e-20)
(1.28548 0.146891 -2.12218e-20)
(1.26147 0.166026 2.90838e-34)
(1.21878 0.176988 0)
(1.17861 0.18466 1.55901e-20)
(1.13793 0.188319 -5.12398e-20)
(1.09744 0.186588 1.0488e-20)
(1.06367 0.180067 0)
(1.04261 0.171502 -2.67628e-20)
(1.03104 0.161538 -3.23023e-20)
(1.01537 0.151288 5.66326e-20)
(0.949915 0.135083 -4.47289e-20)
(0.784723 0.105147 0)
(0.492061 0.0647052 -1.60539e-20)
(0.194816 0.0254682 0)
(0.0411944 0.00609845 -8.88802e-20)
(-0.0088197 0.000215992 1.04747e-19)
(0.527986 0.0545036 -5.84446e-21)
(1.02186 0.103717 9.74114e-20)
(1.24028 0.154946 -4.74999e-21)
(1.30991 0.179315 -6.28092e-20)
(1.31146 0.196737 -4.46802e-20)
(1.27878 0.213884 7.26769e-20)
(1.22968 0.222437 0)
(1.1836 0.227647 0)
(1.13754 0.228708 8.12123e-20)
(1.09322 0.224546 0)
(1.0566 0.215408 9.60354e-20)
(1.03196 0.203091 2.87172e-20)
(1.014 0.191612 6.56996e-22)
(0.983447 0.177167 -6.11561e-20)
(0.903848 0.153872 0)
(0.707619 0.117036 0)
(0.399509 0.0649856 -2.60576e-19)
(0.132195 0.0221428 6.55304e-19)
(0.00807741 0.00382649 -3.87324e-19)
(-0.0197068 -0.00153512 -4.56156e-19)
(0.535056 0.0791687 -5.04901e-20)
(1.05344 0.160331 1.99471e-20)
(1.27377 0.2141 1.14389e-20)
(1.33696 0.237894 1.08862e-19)
(1.33177 0.254926 1.47276e-20)
(1.29138 0.267821 -1.8857e-19)
(1.23669 0.272009 6.45858e-20)
(1.18574 0.273409 0)
(1.1345 0.270837 -1.7106e-19)
(1.08433 0.262681 1.52647e-19)
(1.04234 0.249465 -2.58991e-19)
(1.01486 0.234646 1.21438e-19)
(0.996369 0.221055 -7.88011e-20)
(0.965139 0.204646 1.77862e-19)
(0.864742 0.17732 0)
(0.650712 0.127694 -6.4567e-20)
(0.343416 0.0654609 0)
(0.103463 0.0202323 3.55849e-19)
(-0.00812196 0.00107466 -8.42597e-19)
(-0.0257801 -0.00358403 5.27341e-19)
(0.533567 0.108791 1.25057e-19)
(1.08203 0.220855 -5.64071e-20)
(1.30015 0.282452 -1.25856e-20)
(1.35543 0.304212 0)
(1.34477 0.31779 -8.07262e-20)
(1.29961 0.325109 9.97935e-20)
(1.2405 0.32457 -6.87404e-20)
(1.18443 0.321899 0)
(1.12842 0.315311 1.21393e-19)
(1.07471 0.303016 -1.07134e-19)
(1.03 0.285976 2.23234e-19)
(1.00056 0.268923 0)
(0.976851 0.252771 -1.67064e-19)
(0.933443 0.231531 9.42885e-20)
(0.829987 0.195137 2.36508e-19)
(0.610157 0.138421 -2.07989e-19)
(0.314532 0.0695958 3.27417e-19)
(0.0940992 0.0209942 -7.24294e-19)
(-0.0166246 -0.0015724 4.58439e-19)
(-0.0305826 -0.0059235 -5.73148e-19)
(0.516438 0.133313 -3.31094e-20)
(1.08072 0.271382 2.31855e-20)
(1.30812 0.345347 -4.20354e-20)
(1.36498 0.368985 8.85018e-20)
(1.3515 0.381587 -8.62257e-20)
(1.30243 0.383942 3.08524e-20)
(1.23944 0.378517 3.89444e-21)
(1.17973 0.371272 -1.35321e-19)
(1.11978 0.359858 -1.26485e-19)
(1.06127 0.342752 -2.28984e-19)
(1.0121 0.321721 -4.79575e-19)
(0.979302 0.300897 -1.47981e-19)
(0.955383 0.281212 2.27348e-21)
(0.915768 0.257634 -3.21165e-19)
(0.802701 0.219114 -4.65112e-21)
(0.583879 0.150373 3.01644e-19)
(0.306645 0.0756353 -8.98539e-20)
(0.0932139 0.0229134 -5.22645e-20)
(-0.0176598 -0.00432666 0)
(-0.032849 -0.00797161 1.21351e-18)
(0.502784 0.155829 0)
(1.08276 0.325525 1.70412e-21)
(1.31348 0.412022 -4.76963e-21)
(1.36764 0.43476 -1.3071e-20)
(1.35134 0.444983 8.15315e-20)
(1.30018 0.44256 -7.29684e-20)
(1.23482 0.432619 7.45248e-20)
(1.17191 0.420826 2.22436e-19)
(1.10858 0.405178 -7.03115e-20)
(1.04727 0.383728 1.13015e-19)
(0.995813 0.358157 2.57563e-19)
(0.96138 0.334319 3.22565e-19)
(0.933685 0.312402 -1.94115e-19)
(0.884232 0.284168 3.47456e-19)
(0.776454 0.236366 -2.75229e-19)
(0.565104 0.166201 0)
(0.302676 0.0840336 -6.82498e-19)
(0.0993834 0.0262996 9.20906e-19)
(-0.0120394 -0.00486215 6.86605e-20)
(-0.0315645 -0.00945264 -1.28227e-18)
(0.482981 0.174201 -5.24869e-21)
(1.06706 0.369602 -3.29247e-20)
(1.30763 0.470111 3.38171e-20)
(1.36494 0.49581 -5.86581e-20)
(1.34732 0.505858 6.95021e-20)
(1.29428 0.499442 -6.95593e-20)
(1.22662 0.485426 1.4623e-19)
(1.1614 0.469621 -6.57578e-20)
(1.0953 0.449343 -2.83205e-19)
(1.03016 0.423039 -2.09742e-23)
(0.975347 0.393417 -2.79713e-19)
(0.93782 0.366304 -3.46979e-19)
(0.908328 0.339641 2.14659e-19)
(0.86528 0.310081 -1.24775e-19)
(0.752792 0.262478 2.99552e-19)
(0.549082 0.181951 0)
(0.302178 0.0963391 -4.25204e-19)
(0.107937 0.0320389 6.28015e-19)
(-0.00364776 -0.00312754 1.1871e-18)
(-0.028237 -0.00998096 -1.39648e-18)
(0.471029 0.193516 -1.20869e-19)
(1.05972 0.418074 5.53954e-20)
(1.30224 0.530622 -1.44195e-20)
(1.35835 0.556427 5.96114e-20)
(1.33882 0.564793 1.231e-20)
(1.28467 0.554672 -1.34812e-19)
(1.21564 0.537064 -8.54728e-20)
(1.14841 0.517101 -8.53315e-20)
(1.0799 0.493066 -1.6036e-19)
(1.01266 0.462695 2.58405e-19)
(0.956096 0.428918 2.82118e-19)
(0.916971 0.398156 5.50451e-19)
(0.885093 0.370925 0)
(0.832997 0.337327 6.24921e-21)
(0.728322 0.280312 -8.23799e-19)
(0.535101 0.199748 1.93942e-19)
(0.302082 0.108584 9.23989e-19)
(0.116505 0.0393076 -2.72653e-19)
(0.00569 -6.73091e-05 5.65065e-19)
(-0.024058 -0.00972656 -4.70824e-20)
(0.456279 0.208852 5.92943e-21)
(1.04132 0.456793 7.23983e-20)
(1.29033 0.583047 2.58977e-21)
(1.34881 0.611971 4.91376e-20)
(1.32843 0.620478 -1.21477e-19)
(1.27323 0.607127 1.32469e-19)
(1.20275 0.586204 8.82965e-20)
(1.13402 0.563041 2.53703e-19)
(1.06355 0.535047 3.20818e-19)
(0.993529 0.500419 -2.99946e-19)
(0.933539 0.463087 0)
(0.891159 0.429188 -2.08981e-19)
(0.858368 0.396467 2.39934e-19)
(0.813875 0.36179 3.03051e-19)
(0.706599 0.307074 -1.75556e-19)
(0.521933 0.216111 -4.2498e-19)
(0.302419 0.122004 -1.26373e-19)
(0.124438 0.0474928 -2.07388e-21)
(0.0147125 0.00394993 0)
(-0.0196242 -0.00890164 0)
(0.448388 0.226263 -9.74552e-20)
(1.03127 0.499682 0)
(1.27998 0.637225 1.86388e-20)
(1.33717 0.666837 -2.06951e-20)
(1.31539 0.673835 1.41428e-19)
(1.25948 0.657496 -3.5225e-20)
(1.18814 0.633777 8.96634e-20)
(1.11816 0.607076 -1.71081e-19)
(1.04588 0.575901 2.43318e-19)
(0.973605 0.537914 -1.00137e-19)
(0.911589 0.496365 1.62162e-19)
(0.868805 0.458253 6.64298e-19)
(0.835255 0.425416 1.41619e-20)
(0.782112 0.387421 -3.16944e-19)
(0.683754 0.322768 5.85676e-19)
(0.507725 0.234213 2.93084e-21)
(0.299891 0.134386 1.35203e-19)
(0.130089 0.0559447 -6.44328e-19)
(0.0223122 0.00828492 6.63793e-19)
(-0.0155118 -0.00776086 -7.81992e-19)
(0.439876 0.241154 3.32065e-23)
(1.01502 0.5344 0)
(1.26559 0.683753 0)
(1.32397 0.716715 6.38088e-21)
(1.30165 0.723892 -3.95239e-20)
(1.24511 0.704934 6.0407e-20)
(1.1729 0.678452 -1.64421e-19)
(1.10179 0.649237 0)
(1.02754 0.615024 -3.59364e-19)
(0.952735 0.573503 4.35635e-19)
(0.88853 0.528879 4.65146e-19)
(0.842754 0.487762 -2.43984e-19)
(0.807485 0.449019 -2.9609e-19)
(0.763403 0.408605 6.94676e-19)
(0.662163 0.348079 -2.08596e-19)
(0.493168 0.248897 -2.47897e-19)
(0.296671 0.146896 -1.48024e-19)
(0.133599 0.063978 -6.97084e-19)
(0.0281732 0.0124577 1.02162e-19)
(-0.0119881 -0.00654172 8.47706e-19)
(0.433983 0.257266 -4.61034e-20)
(1.00479 0.572435 -6.2841e-20)
(1.25315 0.731734 2.40161e-20)
(1.30981 0.765823 -1.99289e-22)
(1.28652 0.771553 -4.81889e-20)
(1.22949 0.750139 9.25292e-20)
(1.15663 0.721507 0)
(1.08444 0.689476 1.04387e-19)
(1.00885 0.652712 -8.23095e-20)
(0.932839 0.608532 7.28634e-19)
(0.866691 0.55986 -1.04287e-19)
(0.819732 0.514128 1.21017e-19)
(0.784707 0.475873 0)
(0.731933 0.431998 -3.76366e-19)
(0.63905 0.360121 4.55811e-19)
(0.477395 0.265061 0)
(0.290363 0.156899 -3.18569e-19)
(0.134465 0.071 9.37984e-19)
(0.0320833 0.0160441 1.11509e-19)
(-0.00918204 -0.00541457 -1.046e-18)
(0.428864 0.274476 -1.13226e-19)
(0.990769 0.603736 1.4246e-19)
(1.23802 0.7725 0)
(1.29502 0.809967 3.39923e-20)
(1.27138 0.816027 0)
(1.21389 0.792631 -1.24892e-19)
(1.14045 0.761744 0)
(1.06759 0.727698 0)
(0.990686 0.688709 -1.1059e-19)
(0.912316 0.641927 -6.92995e-19)
(0.842845 0.590469 -8.61161e-19)
(0.793354 0.542287 1.42208e-19)
(0.756062 0.497249 5.1431e-19)
(0.712784 0.449138 4.15121e-19)
(0.616598 0.382468 -1.46385e-18)
(0.461019 0.275403 -5.8309e-19)
(0.282991 0.166289 3.42202e-19)
(0.133642 0.0766899 0)
(0.0344317 0.0190349 9.59327e-19)
(-0.00703413 -0.00445624 -1.12887e-18)
(0.426294 0.290147 1.32611e-19)
(0.982117 0.638151 -1.63377e-19)
(1.22497 0.814946 0)
(1.28002 0.853421 -1.15578e-20)
(1.25563 0.858192 -8.08162e-21)
(1.19781 0.832831 0)
(1.12402 0.800307 5.12278e-20)
(1.0505 0.764134 7.35763e-20)
(0.972523 0.723221 -2.07042e-19)
(0.892535 0.67435 9.15307e-20)
(0.820836 0.619274 0)
(0.770026 0.566422 5.90405e-19)
(0.73307 0.521292 6.7015e-21)
(0.680545 0.469537 2.24213e-19)
(0.593183 0.388658 2.65374e-19)
(0.444837 0.287026 0)
(0.27461 0.172306 -5.56467e-19)
(0.131493 0.0811041 1.09319e-18)
(0.0356256 0.021192 -1.16175e-18)
(-0.00545963 -0.00369274 2.43361e-18)
(0.423999 0.30496 0)
(0.970078 0.666158 0)
(1.21012 0.850602 -8.11901e-20)
(1.26501 0.89208 0)
(1.24034 0.897354 0)
(1.18221 0.870596 -9.77906e-20)
(1.10819 0.836313 5.23822e-20)
(1.03427 0.798533 1.79913e-20)
(0.954953 0.756044 -4.69813e-20)
(0.872312 0.705327 0)
(0.797201 0.64832 -1.32124e-19)
(0.743386 0.59328 -4.81642e-19)
(0.702843 0.539942 -5.80791e-19)
(0.660506 0.481371 -2.33712e-19)
(0.57036 0.406352 2.87518e-19)
(0.427745 0.29159 -6.76792e-19)
(0.265587 0.177631 1.19384e-18)
(0.128264 0.0837203 1.42302e-21)
(0.036099 0.0236466 -1.11083e-18)
(-0.00401468 -0.00236587 -1.64214e-19)
(0.422614 0.31875 0)
(0.962306 0.697081 -1.3102e-19)
(1.19748 0.888072 9.78206e-20)
(1.25026 0.930323 0)
(1.22495 0.934431 0)
(1.16666 0.90608 1.93312e-19)
(1.0925 0.870574 0)
(1.01798 0.83128 0)
(0.937487 0.787396 -4.56129e-19)
(0.853351 0.735256 1.28254e-19)
(0.775991 0.675236 -1.17304e-18)
(0.719592 0.615785 0)
(0.679109 0.561679 -6.34161e-19)
(0.626453 0.498288 9.50561e-21)
(0.545948 0.404618 -9.27872e-19)
(0.412234 0.295803 3.63711e-19)
(0.259001 0.176208 1.17713e-21)
(0.127725 0.0828427 -1.25688e-18)
(0.0369748 0.0211583 5.96548e-19)
(-0.005854 -0.00526964 1.75691e-19)
(0.420958 0.332279 0)
(0.951683 0.72227 -1.75141e-19)
(1.18358 0.919098 1.02593e-19)
(1.23585 0.963994 1.4836e-19)
(1.2103 0.968721 -3.01063e-21)
(1.15177 0.939428 1.901e-20)
(1.07748 0.902613 -2.86309e-20)
(1.0026 0.862045 4.2767e-19)
(0.920934 0.817084 4.87928e-19)
(0.834319 0.76385 9.76101e-19)
(0.753101 0.70285 9.7464e-19)
(0.692632 0.641872 1.71984e-19)
(0.646748 0.57845 9.11655e-19)
(0.604029 0.504874 5.63514e-19)
(0.521055 0.415869 6.65547e-19)
(0.396653 0.290164 -3.97683e-19)
(0.254477 0.170444 -4.53849e-19)
(0.135039 0.0838586 5.42236e-19)
(0.0486415 0.0338755 -3.20778e-19)
(0.00362234 0.00631995 5.69944e-19)
(0.419801 0.34529 2.43191e-19)
(0.944832 0.750342 2.74701e-19)
(1.17185 0.952221 5.82401e-20)
(1.2219 0.997591 1.5226e-20)
(1.19576 1.0012 -2.50216e-20)
(1.13714 0.970568 -5.3039e-20)
(1.06281 0.93284 2.71914e-20)
(0.987453 0.89129 -1.84249e-20)
(0.904764 0.84544 -5.70003e-19)
(0.816726 0.791423 -1.06001e-18)
(0.733092 0.728409 6.77079e-20)
(0.668786 0.663261 0)
(0.621794 0.599096 0)
(0.565765 0.520013 -2.94602e-19)
(0.491663 0.404214 -1.09372e-18)
(0.379122 0.281186 8.56814e-19)
(0.257145 0.153766 4.99883e-19)
(0.151957 0.0590538 0)
(0.0676733 5.31862e-05 1.02691e-18)
(-0.00333616 -0.0221927 -6.07109e-19)
(0.418356 0.357995 -1.29117e-19)
(0.935563 0.772991 1.13497e-19)
(1.15904 0.979213 -1.38599e-19)
(1.20842 1.02683 -1.1878e-19)
(1.18207 1.03109 -2.4569e-20)
(1.12327 0.999858 -1.68392e-20)
(1.04889 0.961215 0)
(0.973317 0.918716 -5.38696e-19)
(0.889704 0.872195 6.82396e-20)
(0.799353 0.817668 0)
(0.711733 0.75477 0)
(0.642204 0.689301 1.10702e-19)
(0.586763 0.615681 1.48562e-19)
(0.538497 0.523191 -3.19203e-19)
(0.459948 0.411409 7.84578e-19)
(0.355042 0.259418 -9.34455e-19)
(0.246938 0.127865 -1.07533e-18)
(0.181397 0.0525761 9.53192e-19)
(0.14435 0.060217 -3.64847e-19)
(0.107526 0.0720746 2.12248e-19)
(0.417354 0.369864 1.58959e-19)
(0.929577 0.798313 0)
(1.14826 1.00859 0)
(1.19546 1.05635 -3.36371e-20)
(1.16857 1.05947 2.72288e-20)
(1.10976 1.02706 -1.93431e-20)
(1.0355 0.987744 1.27247e-19)
(0.95966 0.944724 5.51475e-19)
(0.875169 0.897745 1.03625e-18)
(0.783468 0.842944 -8.05588e-20)
(0.693405 0.779202 1.67239e-19)
(0.619205 0.710471 -9.94263e-19)
(0.561252 0.637105 -9.94231e-19)
(0.493672 0.540573 -1.72058e-19)
(0.414996 0.392016 0)
(0.323557 0.244227 -3.47423e-21)
(0.234035 0.0515864 5.94762e-19)
(0.234894 -0.0545047 -9.9682e-19)
(0.203769 -0.119926 7.57085e-19)
(0.0887891 -0.102784 6.26351e-19)
(0.415886 0.381511 -3.49959e-19)
(0.921211 0.818361 -1.56862e-19)
(1.13636 1.03208 6.84053e-21)
(1.18289 1.08186 6.41867e-20)
(1.15584 1.08574 0)
(1.09689 1.05307 -3.71909e-20)
(1.02264 1.01325 -1.85849e-19)
(0.946636 0.969656 -2.15772e-21)
(0.861338 0.922427 -5.43014e-19)
(0.767381 0.867651 -7.92397e-20)
(0.673318 0.805149 7.36029e-20)
(0.593213 0.738282 8.73797e-19)
(0.522618 0.656652 9.69435e-19)
(0.459165 0.543498 1.68477e-19)
(0.373432 0.406272 8.5664e-19)
(0.264751 0.207026 0)
(0.139503 0.0259265 0)
(-0.0186354 0.161802 6.78297e-19)
(-0.078554 0.628725 -2.60978e-20)
(0.0106832 1.54852 -8.45412e-19)
(0.414975 0.392365 1.92677e-19)
(0.915879 0.841321 4.44452e-19)
(1.12635 1.05858 -6.17558e-19)
(1.17073 1.10841 3.17264e-19)
(1.14312 1.11131 -1.27395e-20)
(1.08415 1.07778 1.34433e-20)
(1.01003 1.03769 0)
(0.933776 0.994199 -4.59319e-19)
(0.847581 0.947221 0)
(0.752302 0.89299 1.11309e-18)
(0.655671 0.83102 -9.06923e-20)
(0.570075 0.762368 1.01697e-19)
(0.496433 0.684135 1.12198e-18)
(0.403525 0.574794 -3.66015e-19)
(0.28574 0.386215 -4.34196e-19)
(0.175992 0.253505 0)
(0.0698505 0.440887 0)
(0.023496 1.37385 0)
(0.0708648 2.47811 -3.84593e-19)
(0.0960703 2.9179 -2.38042e-19)
(0.413271 0.402779 0)
(0.908148 0.858943 0)
(1.11521 1.07912 2.24455e-19)
(1.159 1.131 -2.58563e-19)
(1.13124 1.13497 1.22767e-19)
(1.07211 1.10164 -3.47871e-21)
(0.99796 1.06159 2.47064e-20)
(0.921496 1.01802 -1.92354e-20)
(0.834596 0.971438 7.76035e-20)
(0.737159 0.918121 -1.2776e-18)
(0.636264 0.8586 1.64121e-19)
(0.544579 0.794939 8.8382e-19)
(0.453475 0.711867 -1.11717e-18)
(0.363678 0.579633 -1.23651e-18)
(0.260539 0.441282 4.14621e-19)
(0.175413 0.597888 0)
(0.109663 1.60237 5.58407e-19)
(0.115595 2.70472 5.97698e-19)
(0.122945 3.09171 -6.67388e-19)
(0.11593 3.22398 7.07735e-19)
(0.412163 0.412933 0)
(0.903382 0.879624 3.86319e-19)
(1.10601 1.10307 -5.61887e-20)
(1.14777 1.15495 3.54458e-19)
(1.11942 1.15807 -1.28865e-19)
(1.06027 1.12414 0)
(0.986262 1.08411 0)
(0.909622 1.04118 0)
(0.821957 0.995533 4.33306e-19)
(0.723503 0.943676 5.86359e-20)
(0.620457 0.88607 0)
(0.523277 0.821944 -8.78138e-19)
(0.433894 0.74531 0)
(0.305676 0.622959 8.84315e-19)
(0.196134 0.668562 -6.01572e-19)
(0.140097 1.46996 -4.8026e-19)
(0.145625 2.69095 -1.09488e-18)
(0.169555 3.12584 -5.74075e-19)
(0.160223 3.26444 -7.67062e-19)
(0.147697 3.30459 5.47675e-19)
(0.410419 0.422057 -1.34075e-19)
(0.896147 0.894824 1.45077e-20)
(1.09561 1.12082 -6.21323e-20)
(1.13698 1.17484 -2.75222e-19)
(1.10848 1.17932 0)
(1.04919 1.14598 0)
(0.975124 1.10641 0)
(0.898281 1.06379 3.27224e-20)
(0.810131 1.01905 -5.48206e-19)
(0.709834 0.968906 0)
(0.602823 0.914701 0)
(0.501634 0.858022 0)
(0.387847 0.774017 0)
(0.308635 0.716083 6.52821e-19)
(0.261753 1.12793 1.59583e-18)
(0.233775 2.40858 4.65768e-19)
(0.252538 3.08076 9.28136e-19)
(0.247014 3.27664 -7.10559e-19)
(0.199278 3.34185 2.58477e-19)
(0.168003 3.35528 0)
(0.409185 0.431057 1.37581e-19)
(0.891778 0.913974 -8.52966e-19)
(1.08703 1.1432 -2.30515e-19)
(1.12643 1.19712 -5.13316e-20)
(1.09734 1.2008 2.98134e-20)
(1.03804 1.16699 -1.23538e-19)
(0.964167 1.12761 7.24084e-23)
(0.887312 1.08602 -3.56008e-19)
(0.798616 1.04276 0)
(0.697766 0.99487 -7.57604e-20)
(0.589759 0.94391 6.89218e-20)
(0.483925 0.886404 0)
(0.385226 0.817702 0)
(0.319988 0.911859 -8.18435e-19)
(0.262526 1.85116 1.0444e-19)
(0.259383 2.9455 -3.51128e-19)
(0.285411 3.27912 7.34342e-19)
(0.256342 3.37727 5.22249e-19)
(0.192567 3.40202 -7.04268e-19)
(0.168363 3.41248 3.46406e-19)
(0.407005 0.440317 2.68947e-19)
(0.883928 0.928401 8.28507e-19)
(1.07614 1.16014 2.77595e-19)
(1.11544 1.21645 0)
(1.08631 1.2218 0)
(1.02696 1.18879 9.56096e-20)
(0.953134 1.15008 4.87961e-20)
(0.876223 1.1089 3.16768e-19)
(0.787413 1.06672 2.11484e-20)
(0.685294 1.02102 9.64079e-19)
(0.574386 0.973745 -1.15479e-18)
(0.461167 0.919996 0)
(0.380079 0.893262 0)
(0.332413 1.29476 -5.59714e-19)
(0.325302 2.49939 -6.70291e-19)
(0.371446 3.19207 0)
(0.396906 3.35871 -7.42271e-19)
(0.325824 3.42183 5.16816e-20)
(0.258148 3.4679 3.37917e-19)
(0.236255 3.49349 -1.09079e-19)
(0.405148 0.449894 -5.10746e-19)
(0.878984 0.949604 -3.97112e-19)
(1.06651 1.18494 0)
(1.10368 1.24065 0)
(1.07398 1.24475 0)
(1.01479 1.21092 0)
(0.941431 1.17216 -5.96693e-20)
(0.864906 1.13206 2.75724e-19)
(0.775949 1.09154 0)
(0.674075 1.04842 -8.77267e-19)
(0.563915 1.00502 2.07418e-18)
(0.45315 0.959871 8.52782e-20)
(0.397387 1.01925 1.15495e-19)
(0.383455 1.73651 9.12022e-19)
(0.393471 2.90146 -4.90514e-19)
(0.434685 3.31016 0)
(0.417485 3.43095 2.09214e-19)
(0.331558 3.52051 9.08948e-20)
(0.258684 3.58525 1.48405e-19)
(0.183114 3.56467 -1.6924e-20)
(0.402072 0.460018 2.42529e-19)
(0.869126 0.964894 -4.02864e-19)
(1.05355 1.20278 0)
(1.09097 1.26119 -7.50159e-20)
(1.06144 1.26727 2.59428e-19)
(1.00241 1.23429 0)
(0.929344 1.19621 0)
(0.853036 1.15629 -4.78201e-19)
(0.764502 1.11667 -5.58289e-20)
(0.662282 1.07578 8.62303e-19)
(0.548306 1.03522 -9.8556e-19)
(0.452241 1.00908 5.82725e-19)
(0.411195 1.20554 0)
(0.418966 2.18491 -4.84052e-19)
(0.46056 3.14038 3.16998e-19)
(0.526522 3.41111 1.99434e-19)
(0.517081 3.50639 0)
(0.454768 3.58961 -3.64092e-20)
(0.386445 3.62867 -4.08085e-19)
(0.30619 3.60117 -9.64647e-20)
(0.399295 0.47032 -4.80738e-19)
(0.863087 0.989085 5.76246e-19)
(1.0423 1.23106 4.01131e-19)
(1.07737 1.28809 -9.99715e-20)
(1.04728 1.29221 -3.95284e-19)
(0.988647 1.2579 0)
(0.916431 1.21935 2.47697e-20)
(0.841029 1.18045 1.72061e-19)
(0.752871 1.1425 2.86965e-20)
(0.651861 1.10412 -7.44905e-19)
(0.538714 1.06912 -5.19541e-20)
(0.457706 1.07151 -6.55453e-19)
(0.449415 1.44634 7.25226e-19)
(0.49129 2.55045 1.59765e-19)
(0.557507 3.29908 -2.81725e-19)
(0.610718 3.46159 1.49863e-19)
(0.568862 3.51273 0)
(0.512056 3.51725 0)
(0.419955 3.47978 -6.7851e-19)
(0.193549 3.27005 1.25238e-18)
(0.394728 0.480997 2.29863e-19)
(0.850597 1.00525 5.65533e-19)
(1.02686 1.2497 -4.08374e-19)
(1.06272 1.30976 3.63732e-19)
(1.03306 1.31615 4.10034e-19)
(0.97489 1.28273 0)
(0.903343 1.24485 -1.77775e-20)
(0.828503 1.20583 1.36306e-19)
(0.741438 1.1684 0)
(0.641203 1.13187 0)
(0.531231 1.1032 0)
(0.465119 1.1494 0)
(0.48752 1.68479 -8.18756e-19)
(0.5498 2.85837 -2.1418e-19)
(0.626675 3.38406 0)
(0.669378 3.47378 -2.79192e-20)
(0.667055 3.47941 0)
(0.744098 3.32059 1.39356e-19)
(0.838932 2.95046 -1.76262e-18)
(0.447019 2.56728 1.84958e-18)
(0.390871 0.491103 -4.64449e-19)
(0.84296 1.03264 -3.62186e-19)
(1.01363 1.28195 -2.69556e-19)
(1.04697 1.33974 -3.40142e-19)
(1.01682 1.34326 -1.99177e-19)
(0.959395 1.30787 0)
(0.889175 1.269 1.03509e-21)
(0.815877 1.23086 -3.9e-20)
(0.72983 1.19501 -2.20036e-19)
(0.632073 1.16078 0)
(0.528073 1.14058 5.19519e-20)
(0.481485 1.24536 -5.90588e-20)
(0.536639 1.94722 0)
(0.625282 3.0776 2.78836e-19)
(0.717474 3.42506 0)
(0.748206 3.46023 -9.75914e-20)
(0.749135 3.37038 2.70233e-19)
(0.743636 2.98871 -1.37429e-19)
(0.497289 1.97868 2.71353e-19)
(-0.339748 0.491094 -6.58505e-19)
(0.383301 0.501896 -1.26531e-20)
(0.826777 1.0494 -1.83996e-19)
(0.994906 1.3013 3.71569e-19)
(1.02974 1.36281 -2.00111e-20)
(1.00033 1.36919 -6.22456e-20)
(0.943756 1.33496 0)
(0.874611 1.29701 7.87956e-20)
(0.802216 1.25861 -6.54812e-20)
(0.718022 1.22306 3.94596e-19)
(0.619247 1.19015 -5.0112e-19)
(0.527951 1.18121 -6.09061e-19)
(0.504365 1.36308 0)
(0.588841 2.25213 4.12219e-19)
(0.68896 3.20929 -5.87022e-20)
(0.763961 3.405 2.64923e-20)
(0.768973 3.39507 0)
(0.699817 3.16401 -1.42635e-19)
(0.529748 2.39015 1.5113e-19)
(0.101047 0.621258 -1.79289e-19)
(-0.246598 -0.390715 -1.65334e-19)
(0.378021 0.511909 4.3403e-19)
(0.816741 1.07999 -1.797e-19)
(0.978832 1.33825 2.60023e-19)
(1.01108 1.39684 2.00963e-19)
(0.98124 1.39951 1.24482e-19)
(0.925788 1.3628 2.40712e-19)
(0.858521 1.32346 -1.70848e-19)
(0.788418 1.2861 1.10072e-21)
(0.705867 1.25242 -2.85606e-19)
(0.609859 1.22292 3.35176e-20)
(0.531669 1.22888 9.8392e-20)
(0.533862 1.51166 -4.04267e-19)
(0.642454 2.51641 1.1085e-19)
(0.75168 3.28178 -2.19927e-19)
(0.814401 3.38031 3.97835e-20)
(0.790503 3.29929 7.64702e-20)
(0.660921 2.85274 -2.02965e-19)
(0.404686 1.6204 1.32778e-19)
(0.0591757 0.0493673 0)
(-0.0792958 -0.157592 -2.88907e-19)
(0.365987 0.520185 0)
(0.79554 1.09621 -6.79255e-19)
(0.95594 1.35777 2.35161e-20)
(0.990644 1.42118 -3.31997e-19)
(0.961932 1.42759 0)
(0.907916 1.39252 -1.77942e-19)
(0.842273 1.35457 1.67571e-19)
(0.773525 1.31694 -1.02971e-21)
(0.693831 1.28342 1.98168e-19)
(0.600779 1.25661 3.58429e-19)
(0.534391 1.28247 4.69452e-19)
(0.566354 1.66902 4.93135e-20)
(0.697201 2.76218 -3.02523e-19)
(0.801689 3.31012 1.2993e-20)
(0.837341 3.33694 9.51937e-21)
(0.758108 3.12022 7.29279e-20)
(0.525684 2.30994 8.67124e-20)
(0.11687 0.441087 -1.02767e-19)
(-0.137543 -0.243864 0)
(-0.114608 -0.20568 0)
(0.357745 0.531199 -4.15841e-19)
(0.781505 1.12948 6.71789e-19)
(0.9362 1.39911 0)
(0.968508 1.45925 0)
(0.939457 1.46097 0)
(0.887177 1.42291 0)
(0.824117 1.38309 -8.6703e-20)
(0.758569 1.34655 -1.63955e-20)
(0.681408 1.31518 -3.60426e-20)
(0.595065 1.29265 3.7661e-20)
(0.542006 1.3463 -3.86391e-19)
(0.602957 1.85264 2.85197e-19)
(0.75002 2.94588 0)
(0.842959 3.30952 3.67689e-20)
(0.860102 3.27523 5.58905e-20)
(0.722028 2.85532 -2.1313e-20)
(0.391858 1.67797 1.02955e-19)
(0.0173991 -0.0386502 5.90752e-20)
(-0.157933 -0.200694 -2.40502e-19)
(-0.0571051 -0.137479 -2.81071e-19)
(0.341236 0.533159 2.10493e-19)
(0.754448 1.14117 3.14078e-19)
(0.90848 1.41737 -9.37965e-21)
(0.944199 1.48398 1.73332e-19)
(0.916707 1.49053 0)
(0.866784 1.45471 3.29573e-19)
(0.805978 1.41678 -6.88912e-20)
(0.74234 1.37991 1.99306e-20)
(0.66793 1.34825 -3.59759e-20)
(0.587988 1.33019 2.70263e-20)
(0.551175 1.41695 2.61086e-19)
(0.643616 2.05935 -1.30091e-19)
(0.797512 3.06715 -1.13717e-19)
(0.875599 3.30059 1.36012e-21)
(0.858876 3.17194 -2.91627e-20)
(0.622816 2.50321 1.38219e-19)
(0.191292 0.71569 -7.71049e-20)
(-0.0836078 -0.267627 1.14507e-19)
(-0.129166 -0.221656 -3.50748e-19)
(-0.0608155 -0.12363 2.45198e-19)
(0.325978 0.541181 -1.96895e-19)
(0.732991 1.17332 0)
(0.884418 1.46159 -2.30812e-19)
(0.917753 1.52555 -3.33631e-19)
(0.890129 1.52631 0)
(0.842936 1.48703 -2.57028e-19)
(0.785435 1.4467 0)
(0.725947 1.41076 -1.26296e-19)
(0.653248 1.3814 -1.65442e-20)
(0.584975 1.37004 6.29999e-20)
(0.56512 1.49968 -1.2471e-19)
(0.684785 2.26171 7.20418e-20)
(0.838311 3.13687 1.80749e-19)
(0.905222 3.2716 1.0058e-20)
(0.839823 3.0257 -3.02591e-20)
(0.529099 2.07171 -4.73463e-20)
(0.075348 0.122543 1.21813e-19)
(-0.182688 -0.250395 -1.35193e-19)
(-0.106616 -0.211033 4.57165e-22)
(-0.0539136 -0.0779859 -2.56478e-20)
(0.302878 0.535927 3.90068e-19)
(0.69943 1.17879 -2.99457e-19)
(0.851263 1.47625 2.44158e-19)
(0.888422 1.54913 1.60438e-19)
(0.863303 1.55621 2.83925e-20)
(0.819743 1.51987 1.60032e-19)
(0.764966 1.48187 0)
(0.708103 1.44545 -3.82634e-20)
(0.638839 1.41607 0)
(0.578971 1.41127 -5.89202e-20)
(0.578597 1.5863 1.23982e-19)
(0.725894 2.43979 -3.02214e-21)
(0.8765 3.17906 -6.15475e-20)
(0.920454 3.23552 3.64381e-20)
(0.805276 2.83538 -1.19331e-20)
(0.375715 1.51329 6.22426e-20)
(-0.0482738 -0.12609 -1.86004e-19)
(-0.226584 -0.250987 -1.05287e-19)
(-0.125186 -0.249962 -3.97541e-20)
(-0.0754706 -0.0907361 1.90618e-19)
(0.280545 0.534683 4.12874e-21)
(0.670879 1.20617 1.5293e-19)
(0.821369 1.51976 0)
(0.856239 1.59248 3.00614e-19)
(0.832197 1.59321 -4.29752e-19)
(0.79242 1.55301 1.61189e-19)
(0.741613 1.51223 -1.08084e-19)
(0.690114 1.47637 1.05735e-19)
(0.623851 1.45001 -9.41051e-20)
(0.575369 1.45423 -1.36523e-21)
(0.595377 1.67901 2.44793e-20)
(0.766267 2.59654 4.97062e-20)
(0.900952 3.18853 3.52837e-20)
(0.930117 3.17764 -5.58373e-20)
(0.738782 2.588 -5.82458e-20)
(0.288463 1.01309 1.10431e-19)
(-0.0459802 -0.251897 -1.0737e-19)
(-0.194344 -0.289488 7.61156e-20)
(-0.113842 -0.277537 2.04104e-21)
(-0.0828657 -0.11099 -1.61008e-19)
(0.2505 0.515895 7.22364e-19)
(0.628815 1.19945 -1.51711e-19)
(0.780973 1.52615 -4.17094e-19)
(0.821025 1.61158 3.3865e-19)
(0.801395 1.62175 -1.88106e-19)
(0.765928 1.58523 3.10747e-19)
(0.718238 1.54715 1.69088e-19)
(0.670351 1.51072 0)
(0.609668 1.48458 1.08215e-19)
(0.568065 1.49735 -1.56633e-20)
(0.608717 1.7671 -1.11705e-20)
(0.801038 2.71534 -5.94133e-21)
(0.921544 3.18888 1.7648e-20)
(0.928392 3.11618 7.88405e-21)
(0.688863 2.38806 -8.12314e-20)
(0.178421 0.474586 -3.00103e-20)
(-0.0365774 -0.269647 1.02648e-19)
(-0.112265 -0.286443 4.60438e-20)
(-0.0873068 -0.247121 1.559e-20)
(-0.050303 -0.107621 1.30296e-19)
(0.219863 0.495843 0)
(0.590552 1.21342 1.41124e-19)
(0.743255 1.56438 -1.89412e-19)
(0.782635 1.65322 3.27579e-19)
(0.765932 1.65743 -4.08309e-19)
(0.734388 1.61746 1.69987e-19)
(0.691777 1.57664 0)
(0.650184 1.54037 0)
(0.595955 1.5165 0)
(0.561152 1.54082 2.23891e-20)
(0.62275 1.8517 -2.09793e-20)
(0.829516 2.80538 1.67103e-20)
(0.934029 3.18632 4.39091e-20)
(0.919429 3.04064 4.15531e-20)
(0.597556 2.1391 -7.29601e-20)
(0.0662106 0.133404 5.01321e-20)
(-0.1191 -0.279141 5.23195e-21)
(-0.0992526 -0.288771 -1.00442e-19)
(-0.0729805 -0.199342 1.20636e-20)
(-0.0238318 -0.0679441 0)
(0.182148 0.452114 6.59105e-19)
(0.537175 1.18227 -1.31962e-19)
(0.694427 1.55558 4.29832e-21)
(0.741973 1.66387 0)
(0.731141 1.68118 -1.9613e-19)
(0.704258 1.64701 1.8404e-20)
(0.665114 1.60875 0)
(0.627825 1.57209 5.24684e-20)
(0.580579 1.5479 -4.14031e-20)
(0.552348 1.58026 0)
(0.629886 1.92367 0)
(0.847762 2.86586 -3.03202e-20)
(0.940284 3.17839 -5.34209e-20)
(0.897161 2.9701 1.11392e-21)
(0.542465 1.90239 -1.88488e-20)
(-0.0114466 0.00266726 2.52949e-20)
(-0.148964 -0.260163 0)
(-0.127902 -0.301226 -5.65296e-20)
(-0.0775202 -0.18772 -9.03709e-20)
(-0.0170793 -0.0535779 2.13753e-19)
(0.142814 0.398539 5.42839e-19)
(0.487258 1.16846 -1.25876e-19)
(0.647696 1.57984 1.7923e-19)
(0.69749 1.69884 -4.45011e-19)
(0.689882 1.71111 0)
(0.668932 1.67635 0)
(0.635702 1.63578 0)
(0.605704 1.59944 5.53992e-20)
(0.565034 1.57561 -4.37125e-20)
(0.542346 1.61627 0)
(0.635281 1.98803 0)
(0.858137 2.90392 9.16092e-20)
(0.938964 3.17755 -3.06816e-20)
(0.883261 2.91242 3.44977e-20)
(0.484272 1.74624 6.14976e-20)
(-0.0168642 -0.0234646 0)
(-0.181388 -0.301666 -1.67632e-20)
(-0.150216 -0.360416 -1.85526e-20)
(-0.105332 -0.242194 1.79955e-19)
(-0.0194547 -0.0649881 -2.17779e-19)
(0.0994814 0.314493 -5.03927e-19)
(0.419613 1.09009 1.31253e-19)
(0.589456 1.5422 3.74853e-19)
(0.651274 1.69457 2.56872e-19)
(0.65134 1.72603 -2.07836e-19)
(0.635657 1.70009 -1.39075e-19)
(0.605808 1.66164 9.59502e-20)
(0.580376 1.62537 0)
(0.547834 1.60104 0)
(0.529204 1.64251 0)
(0.627788 2.01894 -7.91159e-20)
(0.861143 2.92501 -9.00784e-20)
(0.936895 3.18217 3.06632e-20)
(0.86154 2.88624 -2.08828e-20)
(0.499449 1.65396 -1.51061e-22)
(-0.00127535 -0.0132507 0)
(-0.194525 -0.312466 2.94901e-20)
(-0.167226 -0.405424 -1.62748e-19)
(-0.124368 -0.333304 3.72572e-19)
(-0.0314449 -0.118894 -2.10767e-19)
(0.0494503 0.210755 5.32378e-19)
(0.354208 1.02437 -4.37369e-19)
(0.53045 1.53451 0)
(0.59898 1.71289 1.26951e-19)
(0.60485 1.74524 9.23482e-20)
(0.597358 1.72324 1.96084e-19)
(0.574128 1.68459 -8.96893e-20)
(0.555953 1.64877 0)
(0.529444 1.62306 0)
(0.513808 1.6631 -1.61329e-19)
(0.615393 2.02818 -1.41618e-21)
(0.852463 2.92761 7.87411e-20)
(0.931386 3.18212 4.1103e-20)
(0.883043 2.91862 5.55305e-20)
(0.567667 1.80659 -7.91834e-20)
(0.0864867 0.296943 8.77881e-20)
(-0.157036 -0.248448 -6.24057e-20)
(-0.175451 -0.416987 0)
(-0.129137 -0.397286 -5.41947e-21)
(-0.0228066 -0.0890961 1.44229e-19)
(0.0120011 0.124306 5.43342e-19)
(0.26068 0.859372 0)
(0.460139 1.43984 0)
(0.547958 1.68098 0)
(0.56463 1.74652 7.81288e-20)
(0.561418 1.73672 -1.93659e-19)
(0.541504 1.70033 -8.83842e-20)
(0.5274 1.66444 0)
(0.508926 1.63942 0)
(0.496139 1.67468 9.92258e-20)
(0.589938 2.00711 3.24229e-20)
(0.841524 2.89593 -3.68047e-20)
(0.915976 3.17802 -7.65196e-22)
(0.839075 2.95246 2.45756e-20)
(0.515491 1.8707 -5.54883e-20)
(-0.0301416 0.479245 8.5601e-20)
(-0.175738 -0.195474 -6.7711e-20)
(-0.261525 -0.561521 0)
(-0.221585 -0.635685 4.9915e-21)
(-0.0682095 -0.23642 1.20478e-19)
(-0.00646361 0.0664126 -5.04e-19)
(0.176228 0.703503 1.73534e-19)
(0.387047 1.36022 2.71525e-19)
(0.487259 1.65917 -1.30599e-20)
(0.514705 1.74665 -1.67583e-19)
(0.520767 1.74873 -1.10366e-19)
(0.509297 1.72054 2.48657e-19)
(0.499536 1.68324 -4.54259e-21)
(0.485519 1.65217 0)
(0.475389 1.67927 2.77707e-20)
(0.556088 1.96092 -1.31389e-20)
(0.801438 2.82923 4.06325e-20)
(0.915924 3.16243 0)
(0.917532 3.05552 -2.54541e-20)
(0.702176 2.27037 0)
(0.212909 0.700439 -3.11577e-20)
(-0.117976 -0.257316 -2.4802e-20)
(-0.293498 -0.786334 0)
(-0.26727 -1.03027 0)
(-0.152223 -0.779048 3.12255e-19)
(-0.000442373 -0.000496525 4.07106e-19)
(0.0711859 0.329228 -1.52676e-19)
(0.319778 1.14394 1.21705e-19)
(0.437921 1.5699 -1.92835e-19)
(0.474876 1.72576 7.60158e-20)
(0.482005 1.74222 -2.66455e-20)
(0.475269 1.72586 1.72397e-20)
(0.467227 1.68677 -3.25858e-20)
(0.459801 1.65624 -2.17673e-20)
(0.451678 1.67227 -2.20197e-20)
(0.509919 1.89237 3.02647e-21)
(0.772105 2.7015 0)
(0.943054 3.10658 -3.80457e-21)
(0.976389 3.02976 0)
(0.966979 2.63904 0)
(0.77213 1.73958 0)
(0.374689 0.669777 -1.05162e-19)
(0.122101 -0.260045 2.87907e-19)
(-0.118262 -1.14574 -1.26207e-20)
(-0.104775 -1.11573 -1.55672e-19)
(0.00860914 -0.0473692 7.28562e-20)
(0.0125298 0.120578 6.83135e-20)
(0.200369 0.862662 -5.56558e-20)
(0.362013 1.4409 -4.27919e-20)
(0.425364 1.6847 3.45868e-20)
(0.441793 1.74557 2.486e-20)
(0.439139 1.74074 1.78102e-20)
(0.431907 1.70427 0)
(0.425477 1.65878 -9.20161e-21)
(0.423326 1.66044 -5.9319e-21)
(0.450254 1.80408 1.65322e-20)
(0.657724 2.486 0)
(0.885179 2.9977 9.0609e-21)
(0.91894 2.9723 -5.90123e-21)
(0.904172 2.7442 0)
(0.829931 2.21276 0)
(0.561355 1.34428 -2.70058e-21)
(0.324608 0.433934 0)
(0.166298 -0.269137 -3.58594e-21)
(0.0192823 -0.707529 0)
(-0.0020237 -0.0663178 0)
(0.00361146 -0.0251817 0)
(0.070715 0.333047 0)
(0.283843 1.18361 0)
(0.370593 1.59063 -8.68152e-34)
(0.398649 1.71226 6.70879e-34)
(0.401153 1.72621 0)
(0.396754 1.7065 0)
(0.389987 1.65665 0)
(0.388844 1.64521 0)
(0.392251 1.73212 0)
(0.513856 2.23262 0)
(0.740659 2.85863 0)
(0.787988 2.89418 0)
(0.762914 2.77243 0)
(0.725044 2.44117 0)
(0.557424 1.81982 0)
(0.344581 1.03308 0)
(0.167708 0.222741 0)
(0.0519071 -0.211579 0)
(-0.00518514 -0.0645868 0)
(0.0123044 -0.0941513 0)
(0.0192165 0.0780047 0)
(0.176632 0.830416 0)
(0.30476 1.44605 0)
(0.350745 1.68763 0)
(0.356654 1.73109 0)
(0.355024 1.71778 0)
(0.34756 1.66022 0)
(0.347716 1.63374 0)
(0.34011 1.68647 0)
(0.396139 2.05721 0)
(0.600528 2.74949 0)
(0.637325 2.85481 0)
(0.610827 2.79474 0)
(0.587875 2.57831 0)
(0.488058 2.13139 0)
(0.32158 1.44839 0)
(0.166958 0.765076 0)
(0.0414817 0.237176 0)
(-0.004876 -0.0719501 0)
(0.00523578 -0.121916 0)
(-0.00253677 -0.0278822 0)
(0.0797799 0.49363 0)
(0.237981 1.25695 0)
(0.302695 1.61061 0)
(0.316748 1.71083 0)
(0.312765 1.71335 0)
(0.303114 1.66701 0)
(0.299658 1.62761 0)
(0.288254 1.66044 0)
(0.296027 1.95146 0)
(0.466274 2.64464 0)
(0.49172 2.84529 0)
(0.467212 2.83045 0)
(0.443827 2.70006 0)
(0.380172 2.37709 0)
(0.25385 1.7932 0)
(0.123888 1.14781 0)
(0.0279169 0.565455 0)
(-0.00104219 -0.0610608 0)
(-0.00489783 -0.11961 0)
(0.00105292 -0.0783186 0)
(0.024851 0.216409 0)
(0.183777 1.08932 0)
(0.247189 1.55046 0)
(0.267855 1.69796 0)
(0.270024 1.71226 0)
(0.260397 1.67507 0)
(0.250736 1.62774 0)
(0.240582 1.65123 0)
(0.214323 1.8959 0)
(0.349506 2.57397 0)
(0.374308 2.85215 0)
(0.339507 2.87562 0)
(0.317866 2.80288 0)
(0.274214 2.56557 0)
(0.18412 2.07885 0)
(0.0848199 1.48996 0)
(0.0154602 0.838215 0)
(0.00248645 -0.0562716 0)
(-0.00275564 -0.130142 0)
(0.0165543 -0.117925 0)
(0.0132602 0.069731 0)
(0.125452 0.866931 0)
(0.204651 1.46904 0)
(0.223141 1.68067 0)
(0.221217 1.71287 0)
(0.212933 1.68526 0)
(0.202646 1.63541 0)
(0.198318 1.65416 0)
(0.152162 1.86742 0)
(0.253656 2.52402 0)
(0.276488 2.86409 0)
(0.239419 2.92259 0)
(0.217363 2.88439 0)
(0.184883 2.70337 0)
(0.121139 2.27816 0)
(0.0487012 1.70711 0)
(0.00618354 0.986565 0)
(0.00168131 -0.0631561 0)
(-0.0017796 -0.148837 0)
(0.0152584 -0.151915 0)
(0.0114445 0.00074047 0)
(0.0692046 0.710203 0)
(0.154426 1.37543 0)
(0.181418 1.652 0)
(0.18205 1.71035 0)
(0.171539 1.69331 0)
(0.156444 1.64572 0)
(0.159721 1.66389 0)
(0.104476 1.85704 0)
(0.177053 2.4962 0)
(0.198045 2.87829 0)
(0.161528 2.96627 0)
(0.143216 2.94909 0)
(0.11926 2.80575 0)
(0.0754748 2.4318 0)
(0.0245676 1.88739 0)
(-0.00157744 1.08737 0)
(-0.00489428 -0.0501773 0)
(-0.00786831 -0.150077 0)
(0.00469729 -0.161554 0)
(-0.0029871 -0.0203745 0)
(0.0365398 0.628207 0)
(0.110121 1.33778 0)
(0.134627 1.64088 0)
(0.136632 1.71246 0)
(0.130793 1.70181 0)
(0.115581 1.65733 0)
(0.124683 1.67488 0)
(0.0688976 1.85296 0)
(0.118714 2.47867 0)
(0.13371 2.89335 0)
(0.10239 3.00323 0)
(0.0863632 3.00021 0)
(0.0678282 2.87886 0)
(0.0364982 2.52503 0)
(0.00204305 1.97337 0)
(-0.00796819 1.08961 0)
(-0.00712948 -0.0187489 0)
(0.00408031 -0.167046 0)
(0.0264133 -0.175463 0)
(0.0378343 -0.0465726 0)
(0.0400653 0.466168 0)
(0.0978696 1.25712 0)
(0.0978431 1.62282 0)
(0.0950017 1.7152 0)
(0.089617 1.70808 0)
(0.0750078 1.66786 0)
(0.0912367 1.68647 0)
(0.0406692 1.85573 0)
(0.0741771 2.47181 0)
(0.0840008 2.90681 0)
(0.0574553 3.03396 0)
(0.045156 3.03953 0)
(0.0326105 2.93103 0)
(0.0125882 2.59466 0)
(-0.00598073 2.04397 0)
(-0.0110473 1.07271 0)
(0.00424289 -0.0370836 0)
(0.043297 -0.266615 0)
(0.0759205 -0.260355 0)
(0.0976728 -0.0688386 0)
(0.0484087 0.457738 0)
(0.0747041 1.23215 0)
(0.0644099 1.6112 0)
(0.0547732 1.71156 0)
(0.0521065 1.70862 0)
(0.0395968 1.67239 0)
(0.060507 1.6938 0)
(0.0186591 1.85908 0)
(0.0405942 2.47006 0)
(0.0436219 2.91961 0)
(0.0232975 3.05729 0)
(0.0144607 3.07034 0)
(0.0040866 2.96633 0)
(-0.00925443 2.62832 0)
(-0.0222608 2.05331 0)
(-0.012489 1.02648 0)
(0.0214874 -0.192775 0)
(0.0673823 -0.441469 0)
(0.0941087 -0.349868 0)
(0.0994561 -0.0250124 0)
(0.0291779 0.502518 0)
(0.0251464 1.2359 0)
(0.00923272 1.61613 0)
(0.00614329 1.71503 0)
(0.0121638 1.70653 0)
(0.00527761 1.67328 0)
(0.0323695 1.69861 0)
(0.000513409 1.86395 0)
(0.0154654 2.47238 0)
(0.013425 2.92941 0)
(-0.00250104 3.07554 0)
(-0.00899755 3.09159 0)
(-0.0166689 2.98699 0)
(-0.0233348 2.64633 0)
(-0.027466 2.04367 0)
(-0.0150689 0.947886 0)
(0.0206041 -0.37412 0)
(0.0545732 -0.541108 0)
(0.0577253 -0.374638 0)
(0.0361489 0.0710714 0)
(-0.0431397 0.606817 0)
(-0.062028 1.28559 0)
(-0.0720524 1.63028 0)
(-0.0507768 1.71211 0)
(-0.0286668 1.69997 0)
(-0.0258756 1.66733 0)
(0.00733046 1.69835 0)
(-0.0147319 1.86757 0)
(-0.00445714 2.47586 0)
(-0.0112361 2.93766 0)
(-0.0220932 3.08746 0)
(-0.0267103 3.10558 0)
(-0.0322312 2.9972 0)
(-0.0359875 2.64508 0)
(-0.0320555 2.01841 0)
(-0.0151497 0.861954 0)
(0.0107278 -0.449282 0)
(0.0083279 -0.566991 0)
(-0.0256515 -0.24866 0)
(-0.0748679 0.218431 0)
(-0.152153 0.782937 0)
(-0.170203 1.35038 0)
(-0.160927 1.62283 0)
(-0.116205 1.69526 0)
(-0.0711587 1.68572 0)
(-0.0548722 1.65493 0)
(-0.0146324 1.69411 0)
(-0.0287953 1.87113 0)
(-0.0199188 2.47957 0)
(-0.0281 2.94365 0)
(-0.0363431 3.09542 0)
(-0.0389212 3.11313 0)
(-0.0416286 2.99865 0)
(-0.0412211 2.63152 0)
(-0.0336372 1.96794 0)
(-0.0125622 0.774387 0)
(-0.00475025 -0.419588 0)
(-0.04078 -0.43101 0)
(-0.102398 -0.117352 0)
(-0.155168 0.348426 0)
(-0.218697 0.889116 0)
(-0.227896 1.34691 0)
(-0.209536 1.57183 0)
(-0.158635 1.65031 0)
(-0.104842 1.65433 0)
(-0.0806978 1.63374 0)
(-0.0318129 1.68377 0)
(-0.0413482 1.87148 0)
(-0.0322947 2.48387 0)
(-0.0416521 2.94891 0)
(-0.0460256 3.09928 0)
(-0.0467807 3.11681 0)
(-0.0477547 2.99455 0)
(-0.0437502 2.61502 0)
(-0.0323189 1.91289 0)
(-0.00911128 0.694834 0)
(-0.0133405 -0.305916 0)
(-0.0587166 -0.261108 0)
(-0.12394 0.0500196 0)
(-0.183416 0.477388 0)
(-0.237273 0.955214 0)
(-0.240558 1.31738 0)
(-0.220698 1.50713 0)
(-0.173038 1.58986 0)
(-0.122165 1.60896 0)
(-0.0948661 1.60384 0)
(-0.0431461 1.66864 0)
(-0.0514047 1.87169 0)
(-0.0413712 2.48877 0)
(-0.0489187 2.95192 0)
(-0.051883 3.10092 0)
(-0.0510117 3.11612 0)
(-0.0495172 2.98316 0)
(-0.0433395 2.58248 0)
(-0.0290792 1.84676 0)
(-0.00571916 0.625842 0)
(-0.0139204 -0.173492 0)
(-0.0578622 -0.0780708 0)
(-0.122138 0.208924 0)
(-0.179737 0.589385 0)
(-0.223961 0.995009 0)
(-0.223224 1.28626 0)
(-0.205426 1.4491 0)
(-0.165753 1.53092 0)
(-0.12313 1.56027 0)
(-0.0984153 1.56991 0)
(-0.0477197 1.64874 0)
(-0.0575529 1.8681 0)
(-0.0470732 2.49362 0)
(-0.0549947 2.9545 0)
(-0.0546298 3.09937 0)
(-0.0520561 3.1129 0)
(-0.049045 2.97324 0)
(-0.041012 2.55534 0)
(-0.0248574 1.78544 0)
(-0.0029606 0.571956 0)
(-0.0107909 -0.0494775 0)
(-0.0478784 0.0940187 0)
(-0.103915 0.358433 0)
(-0.154228 0.692975 0)
(-0.19135 1.03416 0)
(-0.190801 1.27237 0)
(-0.178267 1.41106 0)
(-0.146996 1.48617 0)
(-0.112778 1.51913 0)
(-0.0929407 1.538 0)
(-0.0475685 1.62925 0)
(-0.0581703 1.86479 0)
(-0.0493261 2.49803 0)
(-0.0558879 2.95403 0)
(-0.0544787 3.09567 0)
(-0.050982 3.1059 0)
(-0.0466813 2.95324 0)
(-0.0375863 2.51485 0)
(-0.0204792 1.71779 0)
(-0.00105883 0.528447 0)
(-0.00775993 0.0466109 0)
(-0.0358344 0.232513 0)
(-0.0795538 0.480493 0)
(-0.120069 0.777541 0)
(-0.151284 1.06934 0)
(-0.153237 1.27006 0)
(-0.147742 1.38961 0)
(-0.124931 1.45712 0)
(-0.0979 1.4894 0)
(-0.0837185 1.51226 0)
(-0.0432682 1.61125 0)
(-0.0555074 1.86023 0)
(-0.0485399 2.50014 0)
(-0.054994 2.95356 0)
(-0.0522202 3.09241 0)
(-0.0485748 3.10049 0)
(-0.0436304 2.93922 0)
(-0.0339659 2.48398 0)
(-0.0164296 1.66068 0)
(0.00011261 0.49744 0)
(-0.00428916 0.111871 0)
(-0.0232773 0.338136 0)
(-0.0558585 0.580841 0)
(-0.0871601 0.851473 0)
(-0.113088 1.10667 0)
(-0.117158 1.27911 0)
(-0.117872 1.38261 0)
(-0.102836 1.44226 0)
(-0.0827922 1.47191 0)
(-0.0735835 1.49553 0)
(-0.0380078 1.59896 0)
(-0.0503557 1.85864 0)
(-0.0455457 2.50312 0)
(-0.0524517 2.95225 0)
(-0.0486488 3.08584 0)
(-0.0450873 3.08976 0)
(-0.0399519 2.91598 0)
(-0.030374 2.44137 0)
(-0.0129194 1.59857 0)
(0.000802683 0.47228 0)
(-0.00201235 0.15134 0)
(-0.0135998 0.409865 0)
(-0.0364918 0.652576 0)
(-0.05979 0.904549 0)
(-0.0809513 1.13449 0)
(-0.0858643 1.28695 0)
(-0.0906408 1.37907 0)
(-0.0822636 1.43261 0)
(-0.068102 1.45996 0)
(-0.0644242 1.48438 0)
(-0.0328811 1.59126 0)
(-0.045212 1.85765 0)
(-0.0412454 2.50447 0)
(-0.0486978 2.95132 0)
(-0.0445556 3.08172 0)
(-0.0416925 3.08333 0)
(-0.0367436 2.90145 0)
(-0.0273322 2.41218 0)
(-0.0100631 1.55117 0)
(0.00104124 0.456543 0)
(-0.00071069 0.172956 0)
(-0.00698627 0.45798 0)
(-0.0223918 0.708127 0)
(-0.0394466 0.950451 0)
(-0.0564441 1.16303 0)
(-0.0613989 1.30022 0)
(-0.067789 1.38205 0)
(-0.0636673 1.42892 0)
(-0.0542993 1.45319 0)
(-0.0550721 1.47767 0)
(-0.0282534 1.58749 0)
(-0.0407646 1.86142 0)
(-0.0372183 2.5091 0)
(-0.0439479 2.94968 0)
(-0.0403659 3.07545 0)
(-0.0378508 3.07269 0)
(-0.0331119 2.87869 0)
(-0.0243067 2.37155 0)
(-0.00786013 1.49823 0)
(0.00101574 0.441868 0)
(-6.06104e-05 0.182208 0)
(-0.00269483 0.484756 0)
(-0.0122531 0.743044 0)
(-0.0244 0.979556 0)
(-0.0379169 1.18163 0)
(-0.0426644 1.30909 0)
(-0.049608 1.38385 0)
(-0.0483319 1.42553 0)
(-0.0420699 1.4469 0)
(-0.0466953 1.47148 0)
(-0.023857 1.58427 0)
(-0.0366803 1.86379 0)
(-0.0336732 2.51195 0)
(-0.0407436 2.94975 0)
(-0.0368759 3.07275 0)
(-0.0348362 3.06754 0)
(-0.030339 2.86635 0)
(-0.0218748 2.34705 0)
(-0.00619124 1.46276 0)
(0.000813844 0.434071 0)
(0.000137069 0.184929 0)
(-0.000523899 0.499848 0)
(-0.00604939 0.769679 0)
(-0.0147082 1.00648 0)
(-0.0253168 1.20192 0)
(-0.0297909 1.32205 0)
(-0.036575 1.39069 0)
(-0.0370798 1.42697 0)
(-0.0325254 1.44461 0)
(-0.0387777 1.46741 0)
(-0.0198448 1.58192 0)
(-0.0332422 1.86884 0)
(-0.0307763 2.51754 0)
(-0.0372282 2.94906 0)
(-0.0339331 3.06803 0)
(-0.0320903 3.05834 0)
(-0.0275913 2.8454 0)
(-0.0196264 2.30951 0)
(-0.00513923 1.41894 0)
(0.000562893 0.423725 0)
(0.000209672 0.1844 0)
(0.000734937 0.505562 0)
(-0.00196804 0.783293 0)
(-0.00797204 1.02062 0)
(-0.016177 1.21267 0)
(-0.0201942 1.32894 0)
(-0.0266727 1.39419 0)
(-0.0287336 1.42751 0)
(-0.0252333 1.44275 0)
(-0.0325483 1.46404 0)
(-0.0158244 1.57921 0)
(-0.0298527 1.87047 0)
(-0.0283139 2.52017 0)
(-0.0354585 2.94928 0)
(-0.0316988 3.06624 0)
(-0.0300865 3.05416 0)
(-0.0256709 2.83497 0)
(-0.0177697 2.28958 0)
(-0.00417916 1.39431 0)
(0.000346194 0.419327 0)
(0.000234902 0.182304 0)
(0.00111558 0.506369 0)
(-0.00013781 0.79499 0)
(-0.00451591 1.03693 0)
(-0.0108407 1.22684 0)
(-0.0143254 1.34002 0)
(-0.019972 1.40186 0)
(-0.022918 1.43172 0)
(-0.0201665 1.44448 0)
(-0.0280315 1.46353 0)
(-0.0138443 1.57869 0)
(-0.0275185 1.87537 0)
(-0.0263658 2.52537 0)
(-0.0330077 2.94863 0)
(-0.029775 3.06209 0)
(-0.0282855 3.04564 0)
(-0.0237984 2.81512 0)
(-0.01621 2.25449 0)
(-0.00387238 1.35742 0)
(0.000149053 0.410506 0)
(0.00028997 0.179469 0)
(0.00126923 0.505264 0)
(0.00102151 0.798331 0)
(-0.00211261 1.04275 0)
(-0.00728075 1.23208 0)
(-0.0103797 1.3444 0)
(-0.0154674 1.4046 0)
(-0.0194214 1.433 0)
(-0.0170761 1.44463 0)
(-0.0258777 1.46338 0)
(-0.0125317 1.57934 0)
(-0.0260755 1.87845 0)
(-0.0250322 2.52832 0)
(-0.032103 2.94867 0)
(-0.0281784 3.06061 0)
(-0.0269071 3.04175 0)
(-0.0225754 2.80576 0)
(-0.0148122 2.23824 0)
(-0.00315739 1.34144 0)
(7.26585e-06 0.407688 0)
(6.0503e-05 0.177255 0)
(0.000507127 0.503656 0)
(0.000299383 0.804912 0)
(-0.00203448 1.0556 0)
(-0.0060175 1.24448 0)
(-0.00896397 1.35542 0)
(-0.0130448 1.41312 0)
(-0.0172837 1.43799 0)
(-0.0151021 1.44781 0)
(-0.0239796 1.46417 0)
(-0.0124117 1.58168 0)
(-0.0257426 1.88714 0)
(-0.0245179 2.53616 0)
(-0.0307214 2.94868 0)
(-0.0266757 3.05589 0)
(-0.0254716 3.03122 0)
(-0.021012 2.78181 0)
(-0.0140066 2.19769 0)
(-0.00410924 1.30169 0)
(-0.000728718 0.394624 0)
(-0.231241 1.54985 1.26779e-22)
(0.391129 3.22397 1.27831e-20)
(0.0889113 3.45771 6.54675e-20)
(0.194358 3.42872 0)
(0.151168 3.38473 0)
(0.144678 3.33925 -3.66451e-19)
(0.146351 3.31236 3.69441e-19)
(0.119545 3.27317 -3.96528e-19)
(0.110172 3.18374 7.35441e-21)
(0.0904697 2.56952 5.46735e-19)
(-0.104993 2.30798 1.14855e-23)
(0.127499 3.28006 1.64083e-19)
(0.00779671 3.43242 0)
(0.093517 3.3866 0)
(0.0683807 3.34212 1.08548e-20)
(0.0732894 3.30595 7.5946e-19)
(0.0700525 3.27756 -4.23527e-19)
(0.0472425 3.24307 -7.10784e-21)
(0.0487191 3.08668 6.77602e-21)
(0.00062503 2.08914 0)
(-0.0281615 2.06336 1.71955e-19)
(0.0828902 3.13486 -1.831e-19)
(0.0201462 3.34178 0)
(0.0685239 3.32248 3.49615e-19)
(0.0480537 3.30215 -1.30977e-21)
(0.04893 3.28148 -3.95e-19)
(0.0441813 3.26609 -4.91729e-19)
(0.0287573 3.24676 -2.04393e-22)
(0.0400964 3.12066 6.98389e-21)
(-0.0169161 2.21287 0)
(-0.0413428 2.01018 -4.24031e-20)
(0.0262172 3.11342 0)
(-0.0155692 3.30658 -1.85166e-19)
(0.018776 3.30605 -1.5161e-19)
(0.014298 3.28243 1.38579e-20)
(0.0202391 3.26113 -2.56669e-19)
(0.0255341 3.24718 2.2794e-19)
(0.0206783 3.23399 -8.22507e-21)
(0.0414318 3.12637 1.0809e-20)
(0.00705258 2.25137 2.82822e-19)
(-0.0532991 2.02194 -1.42761e-19)
(0.0114897 3.08757 0)
(-0.00891642 3.26555 4.00124e-19)
(0.00904569 3.26155 -2.21116e-19)
(0.0129216 3.248 -6.86993e-22)
(0.0156097 3.2381 -2.56518e-21)
(0.0210579 3.23311 -1.55966e-20)
(0.0214165 3.2248 -2.92553e-19)
(0.042659 3.12829 8.03012e-21)
(-0.00313772 2.3127 -5.93016e-19)
(-0.0500042 2.08131 0)
(-0.0110819 3.08467 -2.20998e-19)
(-0.0291307 3.24181 1.88515e-20)
(-0.0161352 3.2464 -1.53857e-20)
(-0.00654641 3.23195 1.57458e-20)
(0.0028117 3.21945 2.6134e-19)
(0.0149459 3.21191 2.73491e-19)
(0.0207144 3.20552 5.76186e-19)
(0.042626 3.12419 3.19697e-19)
(0.0105108 2.35455 -1.67583e-20)
(-0.0513976 2.14055 0)
(-0.0204147 3.08129 2.28605e-19)
(-0.0195741 3.21347 -2.40106e-19)
(-0.0120647 3.21262 -1.66368e-20)
(-0.000776488 3.2025 3.44089e-20)
(0.00713037 3.19632 3.61108e-22)
(0.0166997 3.19514 -1.85161e-20)
(0.0216873 3.19137 -3.01541e-19)
(0.0422258 3.12191 -3.10645e-19)
(0.00383358 2.41999 -1.73327e-20)
(-0.0476223 2.22707 2.64572e-19)
(-0.0288816 3.08505 -1.22919e-20)
(-0.0323277 3.19365 8.4803e-21)
(-0.023948 3.19515 0)
(-0.0136949 3.18539 0)
(-0.0013769 3.17753 0)
(0.0128081 3.17231 0)
(0.0205841 3.1693 3.37466e-19)
(0.0412201 3.11272 -3.47512e-19)
(0.0152579 2.464 3.43498e-19)
(-0.0464786 2.30658 2.615e-20)
(-0.0330864 3.08454 2.82508e-19)
(-0.0212439 3.1695 0)
(-0.0146771 3.16537 -1.90242e-20)
(-0.00404375 3.15773 1.94552e-20)
(0.00513108 3.15359 0)
(0.0151501 3.15378 -1.05571e-20)
(0.0206666 3.153 -3.27524e-19)
(0.0401121 3.10936 3.49222e-19)
(0.0104193 2.53313 0)
(-0.0436695 2.403 1.60645e-20)
(-0.035927 3.08608 -4.33484e-19)
(-0.0300767 3.14966 0)
(-0.0225589 3.14678 0)
(-0.0137441 3.13902 2.09062e-20)
(-0.00204495 3.13326 -1.76573e-19)
(0.0112811 3.12944 -2.20661e-20)
(0.019136 3.12924 1.883e-19)
(0.0386162 3.09616 0)
(0.0191658 2.58108 0)
(-0.0401065 2.49082 -4.58671e-19)
(-0.0385694 3.08228 1.55425e-19)
(-0.020631 3.12431 0)
(-0.0128362 3.1163 0)
(-0.00333578 3.10964 0)
(0.00548274 3.10691 3.63954e-19)
(0.0146457 3.10843 0)
(0.0201232 3.11077 -2.00902e-19)
(0.0378443 3.09051 1.24231e-20)
(0.0149573 2.65385 2.10618e-19)
(-0.037668 2.58929 1.63783e-19)
(-0.039842 3.07572 -1.5937e-20)
(-0.0296188 3.10128 1.9114e-19)
(-0.0210864 3.09497 1.85833e-19)
(-0.0124943 3.08832 0)
(-0.000727877 3.08387 -1.87156e-19)
(0.0122159 3.08165 0)
(0.0209696 3.0844 0)
(0.0385708 3.07214 0)
(0.0222596 2.70642 -2.11596e-19)
(-0.0351552 2.67859 -1.73861e-19)
(-0.0429731 3.06241 1.79554e-19)
(-0.0235593 3.07218 -1.80185e-19)
(-0.0130555 3.06223 -2.84253e-19)
(-0.00278124 3.05706 0)
(0.00705506 3.05576 2.54399e-20)
(0.0169887 3.05847 -1.29852e-20)
(0.0247588 3.06325 9.69141e-20)
(0.0417268 3.06163 1.20328e-19)
(0.0208699 2.78046 -1.23805e-19)
(-0.0343359 2.77283 1.78387e-19)
(-0.0461182 3.04521 -1.7205e-19)
(-0.0328953 3.04583 1.22737e-20)
(-0.0209298 3.04028 7.24379e-20)
(-0.0112457 3.03614 -1.04111e-19)
(0.000329189 3.03348 0)
(0.0136459 3.03227 1.11899e-19)
(0.0256239 3.03555 4.94958e-21)
(0.044621 3.03658 -2.32983e-19)
(0.0286823 2.83262 -6.55239e-21)
(-0.0296203 2.85532 -5.10912e-20)
(-0.0442407 3.02156 1.24826e-20)
(-0.0231838 3.01779 -6.47995e-20)
(-0.0111573 3.01445 2.65221e-20)
(-0.00219267 3.01414 1.26849e-19)
(0.00627528 3.01343 -5.40149e-20)
(0.014663 3.01408 -5.37174e-20)
(0.0233302 3.01714 -5.57218e-20)
(0.041805 3.02184 1.19727e-19)
(0.0248599 2.90034 5.84771e-20)
(-0.0176122 2.9404 4.10692e-20)
(-0.0260052 3.00079 1.81578e-20)
(-0.0161332 3.00081 3.57051e-20)
(-0.0094044 3.00163 -7.31663e-20)
(-0.00417679 3.00264 2.47294e-20)
(0.000701566 3.00214 5.02732e-20)
(0.00529173 3.00068 -5.25228e-20)
(0.0107549 2.99901 -5.48114e-20)
(0.0217803 2.99713 7.4313e-21)
(0.0165193 2.94913 5.27006e-20)
)
;

boundaryField
{
    wall-4
    {
        type            noSlip;
    }
    pressure-outlet-7
    {
        type            zeroGradient;
    }
    velocity-inlet-6
    {
        type            fixedValue;
        value           uniform (0 3 0);
    }
    velocity-inlet-5
    {
        type            fixedValue;
        value           uniform (1 0 0);
    }
    frontAndBackPlanes
    {
        type            empty;
    }
}


// ************************************************************************* //
