/*--------------------------------*- C++ -*----------------------------------*\
  =========                 |
  \\      /  F ield         | OpenFOAM: The Open Source CFD Toolbox
   \\    /   O peration     | Website:  https://openfoam.org
    \\  /    A nd           | Version:  10
     \\/     M anipulation  |
\*---------------------------------------------------------------------------*/
FoamFile
{
    format      ascii;
    class       volVectorField;
    location    "69";
    object      U;
}
// * * * * * * * * * * * * * * * * * * * * * * * * * * * * * * * * * * * * * //

dimensions      [0 1 -1 0 0 0 0];

internalField   nonuniform List<vector> 
2200
(
(0.878835 -0.0304122 0)
(1.00578 -0.0512798 0)
(1.00327 -0.0354003 0)
(1.00024 -0.0244382 0)
(0.999865 -0.0166607 0)
(1.00004 -0.010728 0)
(1.00004 -0.00683532 0)
(0.999996 -0.00417892 0)
(0.999902 -0.00219145 0)
(1.00018 -0.000656243 0)
(1.00003 0.00114115 0)
(1.00036 0.00267657 0)
(1.00038 0.00452277 0)
(1.00027 0.00711428 0)
(1.00008 0.0108362 0)
(1 0.0166599 0)
(1.00033 0.0243755 0)
(1.00347 0.0348652 0)
(1.00599 0.051382 0)
(0.879048 0.0302953 0)
(0.712026 -0.0327597 0)
(0.996644 -0.0630033 0)
(1.03332 -0.056134 0)
(1.02493 -0.046405 0)
(1.0159 -0.0360989 0)
(1.00965 -0.0263591 0)
(1.00591 -0.0181168 0)
(1.00379 -0.0114304 0)
(1.00268 -0.00604502 0)
(1.00226 -0.00161161 0)
(1.00208 0.00248192 0)
(1.00212 0.00698021 0)
(1.00323 0.0123885 0)
(1.0055 0.0189443 0)
(1.00943 0.0272489 0)
(1.01554 0.0369922 0)
(1.02462 0.047481 0)
(1.03315 0.0579951 0)
(0.996701 0.0631487 0)
(0.711783 0.0330367 0)
(0.535584 -0.0238907 0)
(0.969934 -0.0569189 0)
(1.05644 -0.0547155 0)
(1.05223 -0.0487196 0)
(1.03624 -0.0403774 0)
(1.02447 -0.0322053 0)
(1.01591 -0.0239274 0)
(1.01035 -0.0160087 0)
(1.00704 -0.0086933 0)
(1.00533 -0.00193986 0)
(1.00549 0.0044122 0)
(1.00731 0.0109085 0)
(1.01049 0.0177817 0)
(1.01573 0.0255105 0)
(1.02404 0.0334648 0)
(1.03606 0.0414269 0)
(1.05215 0.0494208 0)
(1.0563 0.0533181 0)
(0.969188 0.0576527 0)
(0.534342 0.0239445 0)
(0.392408 -0.0136413 0)
(0.911904 -0.0463753 0)
(1.05755 -0.0468465 0)
(1.06964 -0.0442784 0)
(1.05492 -0.038125 0)
(1.03935 -0.0314408 0)
(1.0276 -0.0246335 0)
(1.01919 -0.0174408 0)
(1.01396 -0.00996062 0)
(1.01147 -0.00248294 0)
(1.01116 0.00512374 0)
(1.01301 0.0124913 0)
(1.01806 0.0199047 0)
(1.02656 0.0266878 0)
(1.03849 0.0331233 0)
(1.05398 0.039572 0)
(1.06822 0.0456454 0)
(1.05546 0.0482882 0)
(0.909898 0.0469953 0)
(0.389889 0.0137781 0)
(0.307823 -0.00451034 0)
(0.846832 -0.0323612 0)
(1.04943 -0.0398942 0)
(1.07949 -0.03812 0)
(1.06826 -0.033441 0)
(1.05176 -0.0278115 0)
(1.03833 -0.0224061 0)
(1.02799 -0.0162909 0)
(1.02076 -0.00932387 0)
(1.01672 -0.00158038 0)
(1.01662 0.00616041 0)
(1.02061 0.0135198 0)
(1.02756 0.0197861 0)
(1.03732 0.0255097 0)
(1.05019 0.0304432 0)
(1.06663 0.0357784 0)
(1.07766 0.040132 0)
(1.04719 0.0417954 0)
(0.842865 0.0330063 0)
(0.303648 0.00474364 0)
(0.264465 0.000105506 0)
(0.789254 -0.0200479 0)
(1.03362 -0.0314155 0)
(1.08376 -0.0319773 0)
(1.07742 -0.0286897 0)
(1.06091 -0.0238004 0)
(1.04735 -0.019292 0)
(1.03661 -0.0142256 0)
(1.02895 -0.00821047 0)
(1.02458 -0.00130566 0)
(1.02405 0.0061999 0)
(1.02721 0.012906 0)
(1.03427 0.0187714 0)
(1.04493 0.0232429 0)
(1.0586 0.0271758 0)
(1.07485 0.0315601 0)
(1.08029 0.0342836 0)
(1.02913 0.03338 0)
(0.782474 0.0207635 0)
(0.258606 0.000126122 0)
(0.240543 0.00107115 0)
(0.738612 -0.0122617 0)
(1.01381 -0.0249397 0)
(1.0841 -0.0266873 0)
(1.08311 -0.0243758 0)
(1.06791 -0.0201989 0)
(1.05428 -0.0161993 0)
(1.04323 -0.0115962 0)
(1.03483 -0.00609289 0)
(1.0297 0.000419931 0)
(1.02935 0.00701641 0)
(1.03392 0.0128942 0)
(1.04165 0.0173952 0)
(1.05176 0.0214035 0)
(1.06467 0.0247766 0)
(1.07938 0.0282172 0)
(1.07985 0.0297787 0)
(1.00742 0.0272888 0)
(0.72866 0.0131646 0)
(0.232907 -0.000832152 0)
(0.226311 0.000965175 0)
(0.695964 -0.00800579 0)
(0.993505 -0.0206678 0)
(1.08254 -0.0230045 0)
(1.08705 -0.0211359 0)
(1.07351 -0.0175792 0)
(1.06011 -0.0137319 0)
(1.04966 -0.00947497 0)
(1.0419 -0.00456514 0)
(1.03709 0.00102131 0)
(1.0361 0.00707581 0)
(1.03903 0.012447 0)
(1.04565 0.0169041 0)
(1.05572 0.0202274 0)
(1.06914 0.0232046 0)
(1.08185 0.0259185 0)
(1.07549 0.0268922 0)
(0.983067 0.0235257 0)
(0.681468 0.0091629 0)
(0.216412 -0.000704806 0)
(0.216755 0.000627033 0)
(0.660544 -0.00563739 0)
(0.972864 -0.0175458 0)
(1.07969 -0.0201012 0)
(1.09042 -0.0184836 0)
(1.07841 -0.0152635 0)
(1.06496 -0.0115653 0)
(1.05431 -0.00727596 0)
(1.04607 -0.00237711 0)
(1.04072 0.00310122 0)
(1.04002 0.00846086 0)
(1.04388 0.0129929 0)
(1.05076 0.0165583 0)
(1.06007 0.0198432 0)
(1.07245 0.0225433 0)
(1.0833 0.0247153 0)
(1.07079 0.025121 0)
(0.95898 0.0211058 0)
(0.641271 0.00710638 0)
(0.204252 -0.00032926 0)
(0.209706 0.000304983 0)
(0.63231 -0.00416872 0)
(0.954342 -0.0148946 0)
(1.07688 -0.0177736 0)
(1.09371 -0.0164241 0)
(1.08319 -0.0135013 0)
(1.06973 -0.00986659 0)
(1.05933 -0.00581332 0)
(1.05177 -0.00113864 0)
(1.04693 0.00385894 0)
(1.04527 0.00898422 0)
(1.04728 0.0135575 0)
(1.05304 0.0173656 0)
(1.06241 0.0200607 0)
(1.07546 0.0224127 0)
(1.08426 0.0240784 0)
(1.06358 0.0240283 0)
(0.933974 0.019258 0)
(0.606116 0.00598098 0)
(0.193706 4.97385e-05 0)
(0.203905 9.22481e-05 0)
(0.609037 -0.00310886 0)
(0.93637 -0.0124583 0)
(1.07366 -0.0154219 0)
(1.09698 -0.0142094 0)
(1.0879 -0.0113491 0)
(1.07442 -0.00773287 0)
(1.06361 -0.00355898 0)
(1.05522 0.00121285 0)
(1.0495 0.00635492 0)
(1.04809 0.0111484 0)
(1.05103 0.0150883 0)
(1.05707 0.0180509 0)
(1.06595 0.0207464 0)
(1.07777 0.0227988 0)
(1.08447 0.0240062 0)
(1.05681 0.023246 0)
(0.910038 0.0177512 0)
(0.575657 0.00534127 0)
(0.183983 0.000332204 0)
(0.199492 1.75612e-05 0)
(0.591183 -0.00223515 0)
(0.921321 -0.0101119 0)
(1.07104 -0.0132398 0)
(1.10056 -0.0121544 0)
(1.09291 -0.00944259 0)
(1.07922 -0.00586447 0)
(1.06823 -0.0019594 0)
(1.06001 0.00253768 0)
(1.05467 0.00748723 0)
(1.05216 0.0124774 0)
(1.05328 0.0165565 0)
(1.05846 0.0197393 0)
(1.06746 0.0216541 0)
(1.08002 0.0233242 0)
(1.08414 0.0241249 0)
(1.04742 0.0227837 0)
(0.885109 0.0165912 0)
(0.547694 0.00498079 0)
(0.174382 0.000503436 0)
(0.195969 3.67397e-05 0)
(0.576575 -0.00151277 0)
(0.90686 -0.0079706 0)
(1.06819 -0.0108418 0)
(1.10406 -0.00968238 0)
(1.09789 -0.00684906 0)
(1.08426 -0.00319337 0)
(1.07292 0.000963806 0)
(1.06396 0.00580971 0)
(1.05732 0.010907 0)
(1.05473 0.0152157 0)
(1.05666 0.0187059 0)
(1.06205 0.0210101 0)
(1.07053 0.023009 0)
(1.08131 0.0242666 0)
(1.08328 0.0246536 0)
(1.0382 0.0226945 0)
(0.860839 0.015787 0)
(0.522205 0.00483625 0)
(0.165052 0.000592446 0)
(0.19403 7.32981e-05 0)
(0.566412 -0.000699531 0)
(0.895948 -0.00575139 0)
(1.06628 -0.0084006 0)
(1.10797 -0.00708618 0)
(1.10322 -0.00417395 0)
(1.0894 -0.000382877 0)
(1.07762 0.00354288 0)
(1.06823 0.00791369 0)
(1.06145 0.0126243 0)
(1.05784 0.0175578 0)
(1.05816 0.0210854 0)
(1.06263 0.0234328 0)
(1.07143 0.0245611 0)
(1.08247 0.0255063 0)
(1.08112 0.0254105 0)
(1.02598 0.0228969 0)
(0.835059 0.0153222 0)
(0.497355 0.00478977 0)
(0.155589 0.000626513 0)
(0.193271 0.000106636 0)
(0.55907 -0.000181178 0)
(0.885903 -0.00374959 0)
(1.0647 -0.00589745 0)
(1.11207 -0.00435593 0)
(1.10879 -0.00121172 0)
(1.09503 0.00270904 0)
(1.08286 0.00711474 0)
(1.0729 0.0121592 0)
(1.06526 0.0175898 0)
(1.06097 0.0216101 0)
(1.06128 0.0242886 0)
(1.06589 0.0259169 0)
(1.07389 0.0271473 0)
(1.08228 0.0274768 0)
(1.07847 0.0269078 0)
(1.01368 0.0236374 0)
(0.8094 0.0152504 0)
(0.473545 0.00487566 0)
(0.146222 0.000653136 0)
(0.193947 7.82268e-05 0)
(0.555153 0.000913119 0)
(0.879854 -0.00144681 0)
(1.06436 -0.00297511 0)
(1.11667 -0.00101697 0)
(1.11459 0.00240529 0)
(1.10063 0.00674721 0)
(1.08795 0.0112423 0)
(1.0772 0.0159602 0)
(1.06821 0.020446 0)
(1.06277 0.0247462 0)
(1.06202 0.0278537 0)
(1.06533 0.0292321 0)
(1.07356 0.0296523 0)
(1.08218 0.0298677 0)
(1.07361 0.0287143 0)
(0.997885 0.0246137 0)
(0.781708 0.0154827 0)
(0.449167 0.00503102 0)
(0.136476 0.000666977 0)
(0.19621 0.000305074 0)
(0.555623 0.00158256 0)
(0.875578 0.000907896 0)
(1.06539 0.000236017 0)
(1.122 0.00253958 0)
(1.12118 0.00624976 0)
(1.10719 0.010724 0)
(1.09387 0.0156983 0)
(1.08235 0.0211857 0)
(1.07306 0.02699 0)
(1.06688 0.031058 0)
(1.06494 0.0329272 0)
(1.06797 0.0337876 0)
(1.07505 0.0342468 0)
(1.08018 0.0333102 0)
(1.06806 0.0314465 0)
(0.981634 0.0263607 0)
(0.753295 0.0161523 0)
(0.424586 0.00535157 0)
(0.126478 0.00069869 0)
(0.200577 0.000683225 0)
(0.558588 0.00243175 0)
(0.876296 0.00356185 0)
(1.06812 0.00369344 0)
(1.1281 0.00677344 0)
(1.12818 0.0109518 0)
(1.11378 0.0162101 0)
(1.09996 0.0216964 0)
(1.08767 0.0273346 0)
(1.07621 0.0321336 0)
(1.06774 0.0358186 0)
(1.06481 0.0377991 0)
(1.06654 0.0385255 0)
(1.07305 0.0378887 0)
(1.07856 0.0372843 0)
(1.06008 0.0346289 0)
(0.96111 0.0282846 0)
(0.721933 0.0171397 0)
(0.398285 0.00572941 0)
(0.115723 0.000715723 0)
(0.207326 0.000900666 0)
(0.566082 0.0036112 0)
(0.880633 0.00600973 0)
(1.07331 0.00797732 0)
(1.13526 0.0116206 0)
(1.13631 0.0164448 0)
(1.12153 0.0220634 0)
(1.10658 0.0280787 0)
(1.09265 0.0342539 0)
(1.08016 0.0402273 0)
(1.0714 0.0446856 0)
(1.06694 0.0459254 0)
(1.06779 0.0456283 0)
(1.07348 0.0447637 0)
(1.07408 0.0425952 0)
(1.05057 0.0388785 0)
(0.939373 0.0312911 0)
(0.688689 0.018586 0)
(0.37055 0.0062444 0)
(0.104353 0.00074484 0)
(0.215802 0.00106171 0)
(0.577053 0.00485539 0)
(0.888768 0.00910748 0)
(1.08117 0.0124075 0)
(1.14405 0.0172446 0)
(1.14553 0.0229382 0)
(1.12984 0.0296912 0)
(1.11394 0.0365058 0)
(1.09915 0.0434394 0)
(1.08486 0.0492387 0)
(1.07207 0.0519963 0)
(1.06603 0.0527744 0)
(1.06521 0.0525192 0)
(1.06904 0.0505941 0)
(1.07059 0.0487307 0)
(1.03822 0.0439239 0)
(0.911868 0.0343965 0)
(0.650832 0.0202865 0)
(0.33988 0.00676166 0)
(0.0919322 0.000755801 0)
(0.228603 0.00142895 0)
(0.596392 0.00683791 0)
(0.904693 0.0136881 0)
(1.09263 0.0189742 0)
(1.15456 0.0244645 0)
(1.15625 0.0310927 0)
(1.13951 0.0385452 0)
(1.12186 0.0461957 0)
(1.10431 0.0534472 0)
(1.08701 0.0595549 0)
(1.07373 0.0634658 0)
(1.0667 0.0641365 0)
(1.06515 0.0624462 0)
(1.06847 0.0600061 0)
(1.06271 0.0564023 0)
(1.02294 0.0498324 0)
(0.882144 0.0387316 0)
(0.609967 0.0223559 0)
(0.306933 0.00730699 0)
(0.0788063 0.000757968 0)
(0.244373 0.00200078 0)
(0.619774 0.008614 0)
(0.925773 0.0180549 0)
(1.10826 0.0256509 0)
(1.16742 0.0332299 0)
(1.16869 0.0410784 0)
(1.15017 0.0499609 0)
(1.13058 0.0586083 0)
(1.1113 0.0669531 0)
(1.09222 0.0734018 0)
(1.07523 0.0762027 0)
(1.06472 0.0747833 0)
(1.06084 0.0727047 0)
(1.06104 0.0692215 0)
(1.05609 0.0648698 0)
(1.00407 0.0571823 0)
(0.844471 0.0430146 0)
(0.562037 0.0244621 0)
(0.270033 0.00773342 0)
(0.0646309 0.000739282 0)
(0.266701 0.00282586 0)
(0.65313 0.0124638 0)
(0.954911 0.025013 0)
(1.1285 0.0353937 0)
(1.18316 0.0439798 0)
(1.18318 0.0539071 0)
(1.16234 0.0640564 0)
(1.14002 0.0738116 0)
(1.11705 0.0822824 0)
(1.09361 0.0880313 0)
(1.07365 0.0897033 0)
(1.06281 0.088599 0)
(1.0589 0.0856065 0)
(1.05875 0.0814032 0)
(1.04356 0.07541 0)
(0.980063 0.0649192 0)
(0.802773 0.0485023 0)
(0.510247 0.0267084 0)
(0.230941 0.00802155 0)
(0.0501579 0.000715399 0)
(0.298356 0.0037779 0)
(0.699252 0.0156258 0)
(0.994806 0.0333578 0)
(1.15541 0.0472607 0)
(1.20237 0.0589479 0)
(1.19976 0.0709172 0)
(1.17523 0.0827294 0)
(1.14938 0.0932074 0)
(1.12315 0.101842 0)
(1.09699 0.107103 0)
(1.07467 0.108103 0)
(1.06019 0.104835 0)
(1.05233 0.0997221 0)
(1.04794 0.0935978 0)
(1.03151 0.0863025 0)
(0.951375 0.0740788 0)
(0.75035 0.0532689 0)
(0.44845 0.0282494 0)
(0.187723 0.00789189 0)
(0.0350641 0.000609167 0)
(0.335127 0.00714734 0)
(0.757345 0.0249977 0)
(1.04388 0.0468413 0)
(1.1882 0.0652371 0)
(1.22582 0.0784425 0)
(1.21894 0.0935252 0)
(1.18984 0.106268 0)
(1.1599 0.116857 0)
(1.12919 0.124575 0)
(1.09819 0.128201 0)
(1.07138 0.126605 0)
(1.05499 0.121269 0)
(1.04807 0.115678 0)
(1.04297 0.109137 0)
(1.01253 0.0996092 0)
(0.914076 0.0830785 0)
(0.691345 0.0588542 0)
(0.384114 0.0297551 0)
(0.144776 0.00757467 0)
(0.0215166 0.000569992 0)
(0.415818 0.010848 0)
(0.845667 0.0357739 0)
(1.11151 0.0679359 0)
(1.22931 0.09075 0)
(1.25331 0.107084 6.12353e-34)
(1.23919 0.124229 -2.76882e-34)
(1.20341 0.137137 0)
(1.16816 0.146699 0)
(1.13269 0.15269 0)
(1.09781 0.153704 0)
(1.06863 0.149392 0)
(1.0507 0.142351 0)
(1.03944 0.133907 0)
(1.02758 0.124191 0)
(0.991531 0.112314 0)
(0.87018 0.0926568 0)
(0.618454 0.0622512 0)
(0.305408 0.0288003 0)
(0.0960234 0.00690672 0)
(0.00691553 0.000731792 0)
(0.487481 0.0260425 4.4465e-20)
(0.948108 0.0605792 -3.37172e-20)
(1.18164 0.102555 0)
(1.27091 0.130002 2.63387e-20)
(1.28221 0.146121 -2.13584e-20)
(1.25867 0.16492 2.92139e-34)
(1.2161 0.175737 0)
(1.17596 0.183022 1.56405e-20)
(1.13557 0.186105 -5.14003e-20)
(1.09574 0.1841 1.05141e-20)
(1.06255 0.177297 0)
(1.04037 0.16679 -2.67972e-20)
(1.02937 0.156654 -3.22952e-20)
(1.01586 0.14663 5.6591e-20)
(0.954982 0.130555 -4.46961e-20)
(0.797592 0.102235 0)
(0.513329 0.0642367 -1.60546e-20)
(0.213546 0.0265164 0)
(0.047466 0.00651196 -8.88064e-20)
(-0.00867356 0.000308372 1.04661e-19)
(0.524011 0.0541837 -5.88818e-21)
(1.01499 0.102884 9.88532e-20)
(1.23471 0.153653 -4.95977e-21)
(1.30604 0.178096 -6.35881e-20)
(1.30804 0.195558 -4.50435e-20)
(1.27547 0.212694 7.32772e-20)
(1.22634 0.220891 0)
(1.18034 0.225521 0)
(1.1344 0.226348 8.15595e-20)
(1.08986 0.221527 0)
(1.05223 0.210408 9.63332e-20)
(1.02943 0.197745 2.8754e-20)
(1.01284 0.186541 5.93495e-22)
(0.983983 0.171345 -6.12484e-20)
(0.910486 0.149586 0)
(0.726204 0.114798 0)
(0.427815 0.0656432 -2.60913e-19)
(0.152511 0.0237371 6.5613e-19)
(0.0143981 0.00432008 -3.87819e-19)
(-0.0201375 -0.00152749 -4.56732e-19)
(0.530976 0.0778152 -5.22622e-20)
(1.04864 0.160029 2.05084e-20)
(1.26943 0.213777 1.16281e-20)
(1.33272 0.237343 1.10376e-19)
(1.32773 0.254016 1.46613e-20)
(1.28781 0.266444 -1.90339e-19)
(1.23323 0.2703 6.51417e-20)
(1.18221 0.271445 0)
(1.13091 0.268411 -1.72006e-19)
(1.08074 0.259326 1.53353e-19)
(1.03937 0.245623 -2.5987e-19)
(1.01207 0.231913 1.21852e-19)
(0.993554 0.21652 -7.90345e-20)
(0.966353 0.199895 1.78317e-19)
(0.874069 0.173931 0)
(0.673518 0.126948 -6.48283e-20)
(0.375171 0.0680714 0)
(0.126816 0.0227714 3.57008e-19)
(0.00026456 0.00196979 -8.45669e-19)
(-0.0258016 -0.003554 5.29285e-19)
(0.528588 0.108524 1.33094e-19)
(1.07497 0.219341 -5.95697e-20)
(1.29439 0.280538 -1.31359e-20)
(1.35095 0.302705 0)
(1.34085 0.316148 -8.19018e-20)
(1.2958 0.323409 1.01228e-19)
(1.23639 0.322831 -6.94841e-20)
(1.18026 0.31979 0)
(1.12422 0.312639 1.22114e-19)
(1.07031 0.299762 -1.07666e-19)
(1.02568 0.28229 2.24442e-19)
(0.995832 0.263814 0)
(0.973233 0.246764 -1.67763e-19)
(0.933208 0.225751 9.46023e-20)
(0.840114 0.191413 2.37635e-19)
(0.636653 0.139527 -2.09034e-19)
(0.351125 0.0739532 3.29652e-19)
(0.120464 0.0243845 -7.29524e-19)
(-0.00506408 7.79614e-05 4.6126e-19)
(-0.0294045 -0.0058005 -5.76671e-19)
(0.513426 0.132711 -3.77214e-20)
(1.07608 0.270639 2.65718e-20)
(1.30284 0.344444 -4.39098e-20)
(1.35986 0.368101 9.1383e-20)
(1.34664 0.380479 -8.85164e-20)
(1.29789 0.38254 3.14771e-20)
(1.23511 0.376714 3.81893e-21)
(1.1755 0.369035 -1.36646e-19)
(1.11539 0.357338 -1.27503e-19)
(1.05628 0.339522 -2.30541e-19)
(1.00726 0.317804 -4.82305e-19)
(0.974426 0.296673 -1.48831e-19)
(0.950107 0.275878 2.23297e-21)
(0.915087 0.253096 -3.23183e-19)
(0.814489 0.217171 -4.8948e-21)
(0.613434 0.154195 3.03668e-19)
(0.344663 0.0819637 -9.09028e-20)
(0.122871 0.0281964 -5.27424e-20)
(-0.00171241 -0.00128548 0)
(-0.0293654 -0.00734579 1.22393e-18)
(0.49891 0.154618 0)
(1.07622 0.323476 7.21785e-22)
(1.3073 0.410022 -5.52746e-21)
(1.36252 0.433009 -1.30062e-20)
(1.34687 0.443016 8.4094e-20)
(1.29601 0.440535 -7.41975e-20)
(1.23046 0.430646 7.54569e-20)
(1.16724 0.418781 2.24589e-19)
(1.10347 0.402702 -7.09195e-20)
(1.04199 0.380726 1.13843e-19)
(0.991121 0.355242 2.591e-19)
(0.955751 0.33009 3.24491e-19)
(0.927479 0.307184 -1.95422e-19)
(0.882403 0.280696 3.49847e-19)
(0.786577 0.236807 -2.77212e-19)
(0.593486 0.172606 0)
(0.339989 0.0940595 -6.90313e-19)
(0.130824 0.0342279 9.29909e-19)
(0.00691495 0.000281926 6.93812e-20)
(-0.026088 -0.00797595 -1.29472e-18)
(0.480565 0.173469 -5.18239e-21)
(1.06206 0.368305 -2.64173e-20)
(1.30203 0.468715 3.95224e-20)
(1.35962 0.494469 -6.37643e-20)
(1.3422 0.504471 7.13505e-20)
(1.28932 0.498018 -7.09946e-20)
(1.22173 0.483802 1.48426e-19)
(1.15649 0.467529 -6.6607e-20)
(1.09028 0.44697 -2.85692e-19)
(1.02519 0.420419 -1.3337e-22)
(0.969652 0.390356 -2.81739e-19)
(0.930438 0.361734 -3.49382e-19)
(0.902499 0.335911 2.16118e-19)
(0.864069 0.307888 -1.25751e-19)
(0.76385 0.264973 3.01779e-19)
(0.578307 0.190304 0)
(0.339716 0.108163 -4.29536e-19)
(0.140138 0.0421446 6.34424e-19)
(0.0167829 0.00353022 1.19954e-18)
(-0.0217438 -0.0078367 -1.41083e-18)
(0.468145 0.192253 -1.09165e-19)
(1.05386 0.415964 4.94199e-20)
(1.29627 0.528478 -1.97603e-20)
(1.35302 0.554456 6.5134e-20)
(1.33399 0.562823 1.22469e-20)
(1.28018 0.552701 -1.37966e-19)
(1.21114 0.535139 -8.66275e-20)
(1.14373 0.515229 -8.62066e-20)
(1.07499 0.490813 -1.61857e-19)
(1.00738 0.460392 2.60393e-19)
(0.949513 0.426241 2.84219e-19)
(0.909276 0.394451 5.54329e-19)
(0.878629 0.366886 0)
(0.831355 0.335914 6.39868e-21)
(0.738781 0.283958 -8.30197e-19)
(0.56317 0.210285 1.95205e-19)
(0.338723 0.122276 9.33112e-19)
(0.148906 0.0513198 -2.75372e-19)
(0.0270593 0.00799155 5.70907e-19)
(-0.0167772 -0.00693814 -4.75713e-20)
(0.454464 0.208201 5.88643e-21)
(1.03663 0.455293 6.71688e-20)
(1.28492 0.581368 -1.24964e-21)
(1.34347 0.610349 5.81905e-20)
(1.32325 0.618946 -1.28376e-19)
(1.26816 0.605702 1.35891e-19)
(1.19777 0.584699 8.95527e-20)
(1.12899 0.56109 2.5661e-19)
(1.05801 0.532968 3.23806e-19)
(0.986901 0.498422 -3.02377e-19)
(0.925829 0.46025 0)
(0.883277 0.424758 -2.10351e-19)
(0.851798 0.394076 2.41508e-19)
(0.812526 0.361717 3.05197e-19)
(0.717589 0.312332 -1.76733e-19)
(0.549285 0.228139 -4.28677e-19)
(0.337554 0.137326 -1.27585e-19)
(0.156268 0.0611113 -2.05264e-21)
(0.0362396 0.0132283 0)
(-0.0119867 -0.00558748 0)
(0.446809 0.225476 -9.22998e-20)
(1.02654 0.497763 0)
(1.27445 0.635029 1.44913e-20)
(1.33182 0.664798 -1.89484e-20)
(1.31039 0.671922 1.48703e-19)
(1.25482 0.655642 -3.71778e-20)
(1.1835 0.631932 9.10369e-20)
(1.11299 0.605389 -1.73206e-19)
(1.04002 0.574214 2.45722e-19)
(0.967851 0.536331 -1.00432e-19)
(0.905391 0.494053 1.63302e-19)
(0.86142 0.45608 6.68224e-19)
(0.828142 0.424221 1.42775e-20)
(0.780116 0.387837 -3.18903e-19)
(0.693329 0.329118 5.90004e-19)
(0.533616 0.2481 3.23369e-21)
(0.333755 0.151273 1.36499e-19)
(0.16101 0.0710503 -6.50576e-19)
(0.0433827 0.0184554 6.70304e-19)
(-0.00788867 -0.00411154 -7.89509e-19)
(0.438537 0.240522 2.48384e-23)
(1.01105 0.532877 0)
(1.26055 0.6819 0)
(1.31872 0.714983 4.62038e-21)
(1.29655 0.722261 -4.21491e-20)
(1.23999 0.703488 6.23884e-20)
(1.16758 0.677101 -1.67429e-19)
(1.09624 0.647623 0)
(1.02209 0.61334 -3.62817e-19)
(0.947247 0.571931 4.38722e-19)
(0.881061 0.526188 4.6795e-19)
(0.834661 0.485351 -2.4539e-19)
(0.801164 0.448273 -2.97772e-19)
(0.761659 0.410337 6.98596e-19)
(0.671782 0.355825 -2.10001e-19)
(0.517833 0.263794 -2.49919e-19)
(0.328506 0.164791 -1.49315e-19)
(0.162851 0.0798923 -7.03539e-19)
(0.0482241 0.0231052 1.03128e-19)
(-0.00464894 -0.00272217 8.55422e-19)
(0.433031 0.257626 -4.40668e-20)
(1.00108 0.570813 -5.97387e-20)
(1.24808 0.729477 2.38767e-20)
(1.30456 0.763749 -2.03557e-22)
(1.28146 0.769701 -4.94475e-20)
(1.22461 0.74849 9.67549e-20)
(1.15178 0.719889 0)
(1.07948 0.687994 1.05453e-19)
(1.00375 0.651454 -8.31501e-20)
(0.92713 0.60745 7.33301e-19)
(0.859457 0.558115 -1.05275e-19)
(0.81233 0.513692 1.21677e-19)
(0.777848 0.475959 0)
(0.729349 0.433802 -3.78472e-19)
(0.647152 0.368269 4.58584e-19)
(0.500304 0.28099 0)
(0.320088 0.175626 -3.21402e-19)
(0.161949 0.0875097 9.46226e-19)
(0.0507565 0.0269045 1.12483e-19)
(-0.00230599 -0.00156367 -1.05526e-18)
(0.428684 0.274915 -1.08654e-19)
(0.987889 0.60256 1.37359e-19)
(1.23334 0.770662 0)
(1.28993 0.808194 2.99971e-20)
(1.26641 0.814354 0)
(1.20889 0.791176 -1.29332e-19)
(1.1354 0.760463 0)
(1.06253 0.726383 0)
(0.985563 0.687432 -1.11375e-19)
(0.906487 0.640538 -6.97373e-19)
(0.835986 0.588402 -8.65917e-19)
(0.78566 0.541049 1.42868e-19)
(0.749565 0.497058 5.16521e-19)
(0.710609 0.452131 4.17405e-19)
(0.624934 0.391541 -1.47235e-18)
(0.483206 0.291898 -5.8756e-19)
(0.310906 0.18565 3.44659e-19)
(0.159108 0.0932381 0)
(0.0514531 0.0297795 9.67464e-19)
(-0.000733336 -0.000696199 -1.13852e-18)
(0.426528 0.290505 1.27656e-19)
(0.979405 0.636825 -1.57961e-19)
(1.22034 0.812815 0)
(1.27502 0.851339 -1.14485e-20)
(1.25076 0.856383 -6.45293e-21)
(1.19311 0.83133 0)
(1.11946 0.798876 5.19741e-20)
(1.04581 0.762804 7.40596e-20)
(0.96738 0.722246 -2.08687e-19)
(0.886589 0.673524 9.21541e-20)
(0.813899 0.618483 0)
(0.762634 0.566988 5.92634e-19)
(0.726073 0.522085 6.33933e-21)
(0.677688 0.472503 2.25381e-19)
(0.600229 0.397979 2.67069e-19)
(0.46473 0.304554 0)
(0.300012 0.192213 -5.60902e-19)
(0.154293 0.0976512 1.10023e-18)
(0.050798 0.0314658 -1.17078e-18)
(-2.7175e-05 -0.000165323 2.45362e-18)
(0.424579 0.305281 0)
(0.967885 0.665182 0)
(1.20592 0.848822 -7.83102e-20)
(1.26029 0.890286 0)
(1.23573 0.895654 0)
(1.17757 0.869089 -1.02259e-19)
(1.10341 0.835 5.31545e-20)
(1.02925 0.797377 1.79355e-20)
(0.949675 0.755018 -4.74209e-20)
(0.866543 0.704194 0)
(0.791003 0.647032 -1.3261e-19)
(0.735956 0.593011 -4.83477e-19)
(0.696122 0.540701 -5.83004e-19)
(0.657917 0.485702 -2.34633e-19)
(0.577494 0.416915 2.89286e-19)
(0.44695 0.308833 -6.81204e-19)
(0.290176 0.197293 1.20583e-18)
(0.149191 0.0995292 1.46823e-21)
(0.0493914 0.0330721 -1.11846e-18)
(0.00056316 0.000880872 -1.65535e-19)
(0.423359 0.319215 0)
(0.960288 0.696121 -1.27171e-19)
(1.19345 0.886018 9.45733e-20)
(1.24569 0.928219 0)
(1.22042 0.932632 0)
(1.16214 0.904653 2.02734e-19)
(1.08794 0.869267 0)
(1.01318 0.830035 0)
(0.932379 0.786589 -4.59239e-19)
(0.847579 0.734682 1.28748e-19)
(0.769336 0.675257 -1.17649e-18)
(0.712223 0.616787 0)
(0.672108 0.563539 -6.35678e-19)
(0.623146 0.502819 9.8405e-21)
(0.551584 0.41553 -9.32482e-19)
(0.428987 0.314161 3.662e-19)
(0.281059 0.196427 1.20023e-21)
(0.147816 0.0984783 -1.26529e-18)
(0.0494719 0.0308975 6.00638e-19)
(-0.00122126 -0.00191094 1.77058e-19)
(0.421883 0.332938 0)
(0.950169 0.72172 -1.71164e-19)
(1.17998 0.917388 9.94077e-20)
(1.23156 0.962196 1.41525e-19)
(1.20598 0.967001 -4.56027e-21)
(1.1473 0.937851 2.00395e-20)
(1.07277 0.901222 -2.95616e-20)
(0.997693 0.861003 4.32273e-19)
(0.915893 0.816323 4.91255e-19)
(0.82876 0.763011 9.79664e-19)
(0.74728 0.702527 9.77478e-19)
(0.685626 0.642443 1.7239e-19)
(0.639737 0.580654 9.14084e-19)
(0.600835 0.510854 5.6522e-19)
(0.526343 0.428432 6.69027e-19)
(0.411209 0.307696 -4.00531e-19)
(0.27288 0.189595 -4.59401e-19)
(0.151364 0.0971613 5.4594e-19)
(0.059211 0.0415102 -3.22922e-19)
(0.00734969 0.00915908 5.74362e-19)
(0.420863 0.346157 2.38302e-19)
(0.943553 0.74987 2.68421e-19)
(1.1684 0.950311 5.67375e-20)
(1.21771 0.995503 1.53739e-20)
(1.19146 0.999403 -1.97474e-20)
(1.13272 0.96918 -5.578e-20)
(1.05831 0.931654 2.8151e-20)
(0.982848 0.890199 -1.88839e-20)
(0.899979 0.844842 -5.73061e-19)
(0.811203 0.79112 -1.06375e-18)
(0.726729 0.729247 6.78761e-20)
(0.661782 0.664768 0)
(0.614909 0.602221 0)
(0.561953 0.526462 -2.95269e-19)
(0.495304 0.417516 -1.09836e-18)
(0.391378 0.300426 8.62938e-19)
(0.273157 0.172089 5.04256e-19)
(0.165708 0.0745775 0)
(0.0775632 0.00965694 1.03345e-18)
(0.0011488 -0.0188845 -6.11471e-19)
(0.419584 0.359032 -1.26509e-19)
(0.934692 0.772857 1.11384e-19)
(1.15592 0.977657 -1.35216e-19)
(1.20445 1.02509 -1.14874e-19)
(1.17797 1.02939 -2.27286e-20)
(1.11899 0.998243 -1.77923e-20)
(1.04444 0.95979 0)
(0.968802 0.917814 -5.43978e-19)
(0.885002 0.871678 6.90015e-20)
(0.794036 0.817181 0)
(0.706176 0.75526 0)
(0.635961 0.690956 1.10776e-19)
(0.579922 0.619634 1.48871e-19)
(0.53494 0.531141 -3.19659e-19)
(0.463051 0.426479 7.88009e-19)
(0.365285 0.27847 -9.40909e-19)
(0.2597 0.146436 -1.08341e-18)
(0.191285 0.0654418 9.60182e-19)
(0.149479 0.0657558 -3.6726e-19)
(0.109117 0.0738279 2.13646e-19)
(0.418701 0.371058 1.56356e-19)
(0.928875 0.798231 0)
(1.14524 1.00687 0)
(1.19158 1.05432 -3.24006e-20)
(1.16454 1.05771 2.62291e-20)
(1.10559 1.02573 -1.96506e-20)
(1.03129 0.986709 1.30218e-19)
(0.955347 0.943799 5.56458e-19)
(0.870616 0.89729 1.04102e-18)
(0.778189 0.842883 -8.06562e-20)
(0.687397 0.7806 1.67325e-19)
(0.612723 0.712751 -9.93506e-19)
(0.554901 0.641677 -9.93294e-19)
(0.489827 0.549347 -1.72134e-19)
(0.416871 0.408013 0)
(0.331368 0.265425 -3.99327e-21)
(0.243918 0.0713965 5.98717e-19)
(0.239966 -0.0398498 -1.00416e-18)
(0.207707 -0.113615 7.62827e-19)
(0.0886273 -0.1008 6.31112e-19)
(0.417373 0.382845 -3.44477e-19)
(0.920804 0.818555 -1.54659e-19)
(1.13361 1.03069 6.88681e-21)
(1.17923 1.08021 6.28197e-20)
(1.15204 1.08409 0)
(1.09291 1.05146 -4.24785e-20)
(1.01853 1.01181 -1.89679e-19)
(0.942447 0.968835 -2.22741e-21)
(0.856857 0.922045 -5.45453e-19)
(0.762362 0.867471 -7.92853e-20)
(0.668143 0.806229 7.36446e-20)
(0.587895 0.74103 8.73067e-19)
(0.516557 0.662408 9.68693e-19)
(0.455969 0.554024 1.68342e-19)
(0.375346 0.424466 8.57478e-19)
(0.270173 0.22859 0)
(0.144301 0.0506388 0)
(-0.0142604 0.170332 6.84804e-19)
(-0.078636 0.629385 -2.66833e-20)
(0.010085 1.54611 -8.51783e-19)
(0.416548 0.393844 1.89802e-19)
(0.9156 0.841564 4.37509e-19)
(1.1237 1.05704 -6.0684e-19)
(1.16717 1.10646 3.10694e-19)
(1.13941 1.1096 -1.18693e-20)
(1.08028 1.07652 7.85233e-21)
(1.00608 1.0368 0)
(0.929649 0.993392 -4.63358e-19)
(0.8432 0.946844 0)
(0.747385 0.893177 1.11384e-18)
(0.650092 0.832744 -9.05299e-20)
(0.564107 0.765312 1.01514e-19)
(0.491179 0.689958 1.11835e-18)
(0.400703 0.586536 -3.65791e-19)
(0.28622 0.406546 -4.34972e-19)
(0.180625 0.277098 0)
(0.0725662 0.452809 0)
(0.0240041 1.36587 0)
(0.0710222 2.4753 -3.88487e-19)
(0.0968837 2.91651 -2.40213e-19)
(0.414957 0.40439 0)
(0.908104 0.85943 0)
(1.11279 1.0779 2.20729e-19)
(1.15567 1.12945 -2.53094e-19)
(1.12773 1.13338 1.1913e-19)
(1.0684 1.10004 1.64515e-21)
(0.994106 1.06009 2.50535e-20)
(0.917573 1.01723 -1.95057e-20)
(0.830413 0.971165 7.77366e-20)
(0.732615 0.918254 -1.27841e-18)
(0.63159 0.860098 1.63824e-19)
(0.540378 0.798773 8.80404e-19)
(0.449194 0.719602 -1.11358e-18)
(0.361981 0.593301 -1.23146e-18)
(0.262635 0.462538 4.1329e-19)
(0.17838 0.612461 0)
(0.11165 1.59342 5.5992e-19)
(0.117096 2.70252 6.0209e-19)
(0.12446 3.09099 -6.72503e-19)
(0.117313 3.22364 7.149e-19)
(0.413918 0.414663 0)
(0.90345 0.880155 3.8158e-19)
(1.10368 1.10169 -5.52951e-20)
(1.14451 1.15306 3.48438e-19)
(1.11598 1.15639 -1.25047e-19)
(1.05664 1.12292 0)
(0.982526 1.08334 0)
(0.90569 1.0405 0)
(0.817857 0.995255 4.34389e-19)
(0.719032 0.944077 5.86967e-20)
(0.615464 0.887885 0)
(0.517953 0.825116 -8.74843e-19)
(0.430413 0.751861 0)
(0.305116 0.637709 8.81011e-19)
(0.19846 0.685376 -5.9817e-19)
(0.142855 1.46764 -4.78466e-19)
(0.147597 2.68894 -1.09633e-18)
(0.171336 3.12596 -5.75468e-19)
(0.161944 3.26495 -7.71332e-19)
(0.149201 3.30513 5.56779e-19)
(0.412254 0.423909 -1.32607e-19)
(0.896407 0.895573 1.4693e-20)
(1.09349 1.11975 -6.1225e-20)
(1.13393 1.17337 -2.70376e-19)
(1.1052 1.17777 0)
(1.04568 1.14436 0)
(0.971494 1.10485 0)
(0.894672 1.06302 3.28649e-20)
(0.806348 1.01888 -5.49509e-19)
(0.705843 0.969293 0)
(0.598803 0.916464 0)
(0.498738 0.862545 0)
(0.386203 0.783983 0)
(0.308581 0.730457 6.48557e-19)
(0.264032 1.13466 1.58837e-18)
(0.236509 2.40366 4.65047e-19)
(0.254359 3.08119 9.28678e-19)
(0.248934 3.27782 -7.11071e-19)
(0.2009 3.34314 2.59501e-19)
(0.169404 3.35643 0)
(0.411065 0.433028 1.36156e-19)
(0.892136 0.914759 -8.43583e-19)
(1.08498 1.14195 -2.27841e-19)
(1.12343 1.19524 -5.06448e-20)
(1.09413 1.19912 2.89899e-20)
(1.03462 1.1658 -1.17862e-19)
(0.960666 1.12698 -3.29998e-22)
(0.883628 1.08547 -3.58472e-19)
(0.794834 1.04257 0)
(0.693745 0.995397 -7.55465e-20)
(0.585466 0.945583 6.87263e-20)
(0.479372 0.88937 0)
(0.383308 0.824719 0)
(0.320795 0.924105 -8.12796e-19)
(0.264768 1.85161 1.02662e-19)
(0.261295 2.94507 -3.50103e-19)
(0.28672 3.28067 7.31981e-19)
(0.257915 3.37886 5.22581e-19)
(0.19375 3.40352 -7.05577e-19)
(0.169447 3.41382 3.47623e-19)
(0.408953 0.442402 2.66421e-19)
(0.884456 0.929407 8.20062e-19)
(1.07428 1.15922 2.74263e-19)
(1.11263 1.21511 0)
(1.08323 1.22031 0)
(1.02366 1.18713 9.1297e-20)
(0.949757 1.14839 5.10974e-20)
(0.87297 1.10809 3.19065e-19)
(0.784025 1.06659 2.12155e-20)
(0.681839 1.02153 9.61674e-19)
(0.571085 0.975637 -1.1493e-18)
(0.459656 0.92518 0)
(0.380353 0.904407 0)
(0.332746 1.30301 -5.55144e-19)
(0.327366 2.497 -6.65706e-19)
(0.372703 3.19328 0)
(0.398018 3.36075 -7.39557e-19)
(0.327114 3.42377 5.12847e-20)
(0.259102 3.46957 3.38499e-19)
(0.237097 3.49509 -1.09652e-19)
(0.40713 0.4521 -5.06072e-19)
(0.879615 0.950649 -3.93223e-19)
(1.06472 1.18382 0)
(1.1009 1.23876 0)
(1.071 1.24306 0)
(1.01162 1.2098 0)
(0.938213 1.17175 -6.20939e-20)
(0.861459 1.13166 2.77515e-19)
(0.772444 1.09137 0)
(0.670497 1.04897 -8.75182e-19)
(0.56044 1.00637 2.06346e-18)
(0.449615 0.963091 8.47286e-20)
(0.39588 1.02497 1.14516e-19)
(0.384466 1.73947 9.04501e-19)
(0.394948 2.90135 -4.86371e-19)
(0.435344 3.31215 0)
(0.418304 3.43331 2.08106e-19)
(0.33243 3.52262 9.10602e-20)
(0.25907 3.58708 1.488e-19)
(0.183544 3.56653 -1.629e-20)
(0.40412 0.462344 2.4037e-19)
(0.869919 0.966186 -3.99572e-19)
(1.05195 1.20205 0)
(1.08844 1.26001 -7.41153e-20)
(1.05859 1.26586 2.56167e-19)
(0.999341 1.2326 0)
(0.92624 1.19433 0)
(0.850144 1.15538 -4.81047e-19)
(0.761513 1.1165 -5.57101e-20)
(0.659387 1.07627 8.59153e-19)
(0.545387 1.03704 -9.80351e-19)
(0.451962 1.01462 5.7801e-19)
(0.412444 1.21516 0)
(0.419564 2.18576 -4.79827e-19)
(0.461436 3.14154 3.14447e-19)
(0.52684 3.41361 1.97499e-19)
(0.517758 3.50901 0)
(0.455312 3.59171 -3.68357e-20)
(0.386704 3.63112 -4.0921e-19)
(0.306388 3.60344 -9.65648e-20)
(0.401362 0.472783 -4.76983e-19)
(0.864003 0.990428 5.7168e-19)
(1.0408 1.23011 3.97719e-19)
(1.07486 1.28618 -9.9062e-20)
(1.04458 1.2905 -3.90619e-19)
(0.985768 1.25684 0)
(0.913524 1.21917 2.34476e-20)
(0.837811 1.18021 1.73132e-19)
(0.749645 1.14234 2.87313e-20)
(0.648697 1.10462 -7.42207e-19)
(0.536187 1.07029 -5.17275e-20)
(0.455113 1.07423 -6.50924e-19)
(0.448091 1.44947 7.17965e-19)
(0.491895 2.55084 1.58057e-19)
(0.557961 3.30094 -2.78361e-19)
(0.610795 3.46433 1.46661e-19)
(0.569433 3.51525 0)
(0.512414 3.51954 0)
(0.420106 3.48241 -6.79464e-19)
(0.19333 3.27276 1.25442e-18)
(0.396867 0.483579 2.28118e-19)
(0.85165 1.00686 5.61688e-19)
(1.02554 1.24918 -4.0514e-19)
(1.06048 1.3088 3.60784e-19)
(1.03044 1.31486 4.05899e-19)
(0.97206 1.28104 0)
(0.900498 1.24279 -1.63507e-20)
(0.82596 1.20475 1.36988e-19)
(0.738856 1.16812 0)
(0.638848 1.13226 0)
(0.529869 1.1048 0)
(0.464084 1.1549 0)
(0.488751 1.69149 -8.10459e-19)
(0.550153 2.85921 -2.11369e-19)
(0.626663 3.38651 0)
(0.669489 3.4765 -2.6496e-20)
(0.667436 3.48202 0)
(0.744393 3.32306 1.4005e-19)
(0.839605 2.95294 -1.76752e-18)
(0.447202 2.57034 1.85436e-18)
(0.392985 0.493835 -4.61515e-19)
(0.844171 1.03432 -3.59808e-19)
(1.01243 1.28122 -2.67818e-19)
(1.04473 1.3378 -3.3739e-19)
(1.01442 1.34152 -1.97323e-19)
(0.956829 1.30687 0)
(0.886595 1.26906 1.22123e-21)
(0.812896 1.23079 -3.93777e-20)
(0.726889 1.19486 -2.19197e-19)
(0.629296 1.1612 0)
(0.526251 1.14133 5.15309e-20)
(0.479602 1.24814 -5.85799e-20)
(0.53554 1.94866 0)
(0.625199 3.07838 2.75366e-19)
(0.717448 3.4275 0)
(0.748188 3.46299 -9.88022e-20)
(0.749431 3.37292 2.73002e-19)
(0.744021 2.99095 -1.3814e-19)
(0.497892 1.98069 2.72336e-19)
(-0.340364 0.491958 -6.61219e-19)
(0.385499 0.504759 -1.28075e-20)
(0.828069 1.05138 -1.83058e-19)
(0.993868 1.30101 3.6919e-19)
(1.02781 1.3621 -1.99316e-20)
(0.997938 1.36804 -6.18237e-20)
(0.941139 1.33329 0)
(0.872006 1.2947 7.80094e-20)
(0.800037 1.25726 -6.59049e-20)
(0.71586 1.2226 3.92759e-19)
(0.617432 1.19039 -4.97772e-19)
(0.526964 1.18267 -6.0463e-19)
(0.503561 1.36839 0)
(0.589789 2.25627 4.07388e-19)
(0.688942 3.21171 -5.75598e-20)
(0.763486 3.40797 2.72704e-20)
(0.768955 3.39782 0)
(0.700074 3.16656 -1.43842e-19)
(0.52981 2.39196 1.52107e-19)
(0.101034 0.62184 -1.80453e-19)
(-0.247259 -0.391577 -1.66265e-19)
(0.380183 0.514866 4.32049e-19)
(0.818253 1.08209 -1.78924e-19)
(0.977944 1.33781 2.58783e-19)
(1.0091 1.39487 2.00011e-19)
(0.979154 1.39772 1.23771e-19)
(0.923565 1.36181 2.3933e-19)
(0.856301 1.32377 -1.69515e-19)
(0.785688 1.28622 1.10554e-21)
(0.703196 1.25228 -2.83826e-19)
(0.607652 1.22336 3.3762e-20)
(0.530265 1.22932 9.80018e-20)
(0.53268 1.51435 -3.999e-19)
(0.641365 2.5169 1.09227e-19)
(0.750978 3.28337 -2.17081e-19)
(0.814207 3.38291 3.77923e-20)
(0.790318 3.30181 7.73036e-20)
(0.660754 2.85453 -2.04842e-19)
(0.404497 1.6212 1.33792e-19)
(0.059201 0.0493337 0)
(-0.0793939 -0.157798 -2.90551e-19)
(0.368197 0.523265 0)
(0.797033 1.09862 -6.76769e-19)
(0.955158 1.35771 2.3595e-20)
(0.989027 1.42076 -3.30275e-19)
(0.959751 1.42661 0)
(0.905494 1.39094 -1.76881e-19)
(0.839886 1.35209 1.66767e-19)
(0.771661 1.31528 -1.03421e-21)
(0.692023 1.2827 1.96372e-19)
(0.599369 1.25657 3.5553e-19)
(0.533677 1.28409 4.65642e-19)
(0.565434 1.67392 4.89565e-20)
(0.697559 2.76601 -2.98641e-19)
(0.801294 3.31334 1.34377e-20)
(0.836351 3.33953 8.00975e-21)
(0.757624 3.12178 7.441e-20)
(0.525527 2.31115 8.74154e-20)
(0.116574 0.440818 -1.03601e-19)
(-0.137652 -0.244271 0)
(-0.114961 -0.206144 0)
(0.35986 0.534369 -4.14744e-19)
(0.783376 1.13208 6.69735e-19)
(0.935603 1.39908 0)
(0.966749 1.45727 0)
(0.937699 1.45915 0)
(0.885309 1.42187 0)
(0.82226 1.38352 -8.63337e-20)
(0.756108 1.34682 -1.62929e-20)
(0.679 1.31503 -3.61366e-20)
(0.593204 1.2931 3.72674e-20)
(0.54113 1.3469 -3.82265e-19)
(0.602281 1.85516 2.81982e-19)
(0.74907 2.94702 0)
(0.841828 3.31063 3.6662e-20)
(0.859915 3.27791 5.77515e-20)
(0.721723 2.85725 -2.21282e-20)
(0.391257 1.67795 1.03486e-19)
(0.0174703 -0.0395187 5.94883e-20)
(-0.157689 -0.200795 -2.42162e-19)
(-0.0571009 -0.137596 -2.83e-19)
(0.343363 0.536405 2.10136e-19)
(0.756056 1.14413 3.13072e-19)
(0.907883 1.4176 -9.3662e-21)
(0.942885 1.4839 1.72852e-19)
(0.914722 1.48975 0)
(0.864525 1.45331 3.2883e-19)
(0.803778 1.41431 -6.87757e-20)
(0.740702 1.37802 1.99207e-20)
(0.66633 1.34726 -3.59925e-20)
(0.586848 1.3299 2.66791e-20)
(0.550614 1.41894 2.58356e-19)
(0.642434 2.064 -1.28121e-19)
(0.797051 3.07097 -1.11977e-19)
(0.874641 3.30414 1.85595e-21)
(0.85757 3.1738 -3.03635e-20)
(0.621742 2.50368 1.39651e-19)
(0.190419 0.712118 -7.79414e-20)
(-0.0840057 -0.268428 1.15353e-19)
(-0.128839 -0.221656 -3.5335e-19)
(-0.0606841 -0.123267 2.47055e-19)
(0.328148 0.544692 -1.96561e-19)
(0.73502 1.17679 0)
(0.884058 1.46215 -2.30215e-19)
(0.916197 1.52363 -3.3284e-19)
(0.888684 1.52448 0)
(0.841391 1.4859 -2.56452e-19)
(0.783885 1.44704 0)
(0.723765 1.41105 -1.265e-19)
(0.651113 1.38125 -1.58717e-20)
(0.583427 1.37046 6.09449e-20)
(0.564579 1.5008 -1.22512e-19)
(0.684482 2.26477 7.10471e-20)
(0.837533 3.13825 1.77268e-19)
(0.904401 3.27235 1.07664e-20)
(0.839623 3.02814 -3.1083e-20)
(0.528179 2.07097 -4.7813e-20)
(0.0748583 0.120426 1.22825e-19)
(-0.182933 -0.250338 -1.36367e-19)
(-0.106252 -0.210756 4.30021e-22)
(-0.0539435 -0.0776496 -2.58298e-20)
(0.304845 0.539362 3.89775e-19)
(0.701268 1.18189 -2.99051e-19)
(0.850849 1.47683 2.43831e-19)
(0.88743 1.54944 1.6012e-19)
(0.861452 1.55562 2.83793e-20)
(0.817611 1.51875 1.59801e-19)
(0.762948 1.47972 0)
(0.706595 1.44355 -3.83246e-20)
(0.637285 1.41494 0)
(0.577875 1.41082 -5.69991e-20)
(0.578008 1.58893 1.21902e-19)
(0.7246 2.44442 -2.71361e-21)
(0.875348 3.18235 -5.90765e-20)
(0.918338 3.23928 3.70845e-20)
(0.802731 2.83465 -1.24958e-20)
(0.373952 1.5102 6.27995e-20)
(-0.0480372 -0.128502 -1.86918e-19)
(-0.226432 -0.251076 -1.05817e-19)
(-0.124521 -0.249309 -3.99935e-20)
(-0.0752814 -0.0903856 1.91529e-19)
(0.282541 0.538517 4.18186e-21)
(0.673015 1.21045 1.52861e-19)
(0.821257 1.52097 0)
(0.854873 1.59074 3.00322e-19)
(0.830962 1.59144 -4.29254e-19)
(0.791128 1.55173 1.61053e-19)
(0.74023 1.51213 -1.08073e-19)
(0.688164 1.47639 1.06047e-19)
(0.622049 1.44981 -9.47909e-20)
(0.574121 1.45459 -1.13151e-21)
(0.595093 1.68095 2.27117e-20)
(0.76599 2.60021 4.72209e-20)
(0.900077 3.1905 3.5138e-20)
(0.929833 3.17751 -5.73166e-20)
(0.738723 2.58951 -5.80658e-20)
(0.28682 1.00627 1.10214e-19)
(-0.0452626 -0.254001 -1.07347e-19)
(-0.191899 -0.28877 7.60809e-20)
(-0.112921 -0.276336 2.05311e-21)
(-0.0821494 -0.11015 -1.61462e-19)
(0.252287 0.519603 7.22543e-19)
(0.630719 1.2032 -1.51803e-19)
(0.780789 1.52729 -4.16902e-19)
(0.82029 1.61238 3.38407e-19)
(0.799568 1.62135 -1.87884e-19)
(0.763912 1.58446 3.10695e-19)
(0.716439 1.54573 1.6915e-19)
(0.668875 1.5092 0)
(0.608076 1.48359 1.09041e-19)
(0.566876 1.49698 -1.58065e-20)
(0.608077 1.77052 -1.06707e-20)
(0.799775 2.71982 -3.92901e-21)
(0.920089 3.19165 1.76645e-20)
(0.924601 3.11944 7.9174e-21)
(0.683203 2.38377 -8.17716e-20)
(0.175386 0.46642 -2.96693e-20)
(-0.037719 -0.270552 1.02452e-19)
(-0.111712 -0.28522 4.63073e-20)
(-0.0861292 -0.244218 1.56417e-20)
(-0.0488769 -0.105169 1.31123e-19)
(0.221671 0.50001 0)
(0.592807 1.21873 1.41229e-19)
(0.743377 1.56641 -1.89377e-19)
(0.781268 1.65175 3.27606e-19)
(0.764926 1.65591 -4.08268e-19)
(0.733223 1.61597 1.70049e-19)
(0.690308 1.57564 0)
(0.648339 1.53966 0)
(0.594531 1.51608 0)
(0.560257 1.54111 2.27535e-20)
(0.622629 1.85462 -2.13197e-20)
(0.829012 2.80987 1.72761e-20)
(0.93277 3.18817 4.45499e-20)
(0.919645 3.03915 4.25912e-20)
(0.59811 2.13685 -7.5086e-20)
(0.0605204 0.126084 5.01113e-20)
(-0.123758 -0.280255 5.31127e-21)
(-0.100064 -0.287283 -1.01776e-19)
(-0.0744165 -0.198956 1.23132e-20)
(-0.0234287 -0.0667564 0)
(0.183703 0.456139 6.59922e-19)
(0.539128 1.18683 -1.32061e-19)
(0.694473 1.55757 4.39287e-21)
(0.741436 1.66531 0)
(0.729212 1.68102 -1.96217e-19)
(0.702295 1.64668 1.84156e-20)
(0.663643 1.60858 0)
(0.626514 1.57154 5.25809e-20)
(0.578783 1.54727 -4.14921e-20)
(0.551013 1.58017 0)
(0.629447 1.92859 0)
(0.846544 2.87018 -3.12181e-20)
(0.939368 3.18018 -5.50839e-20)
(0.892984 2.97269 2.27327e-21)
(0.530775 1.89243 -1.9673e-20)
(-0.00908234 0.00302612 2.62101e-20)
(-0.156045 -0.265318 0)
(-0.129915 -0.306545 -5.80959e-20)
(-0.0803956 -0.190103 -9.25077e-20)
(-0.017882 -0.0563048 2.19746e-19)
(0.144317 0.403013 5.43715e-19)
(0.489641 1.17513 -1.26084e-19)
(0.647995 1.58291 1.79429e-19)
(0.696199 1.69774 -4.45425e-19)
(0.689055 1.71 0)
(0.667701 1.67454 0)
(0.633855 1.63326 0)
(0.603745 1.59736 5.54953e-20)
(0.563923 1.57465 -4.37883e-20)
(0.541997 1.6163 0)
(0.635305 1.99184 0)
(0.857112 2.90876 9.28404e-20)
(0.937438 3.17873 -3.16747e-20)
(0.884333 2.90584 3.36039e-20)
(0.492709 1.73915 6.20793e-20)
(-0.0157686 -0.0457432 0)
(-0.181499 -0.308982 -1.5796e-20)
(-0.142879 -0.368163 -1.91636e-20)
(-0.103919 -0.24468 1.81576e-19)
(-0.0198855 -0.068301 -2.21017e-19)
(0.100734 0.31872 -5.0492e-19)
(0.421592 1.09571 1.31614e-19)
(0.589784 1.54563 3.75474e-19)
(0.65085 1.697 2.57085e-19)
(0.649088 1.7261 -2.08066e-19)
(0.633675 1.70052 -1.39202e-19)
(0.604681 1.66336 9.60091e-20)
(0.579264 1.62634 0)
(0.545785 1.6008 0)
(0.527764 1.6428 0)
(0.627952 2.02441 -7.9369e-20)
(0.859533 2.9296 -9.1849e-20)
(0.934643 3.18369 2.92998e-20)
(0.861169 2.88809 -2.09642e-20)
(0.504827 1.65472 -4.51467e-21)
(0.0319092 0.0207443 0)
(-0.166166 -0.317124 2.5523e-20)
(-0.147226 -0.40105 -1.50021e-19)
(-0.107743 -0.3052 3.47457e-19)
(-0.0265568 -0.111489 -1.99149e-19)
(0.0506563 0.214977 5.3364e-19)
(0.356855 1.03302 -4.38403e-19)
(0.530871 1.53899 0)
(0.597835 1.71251 1.27122e-19)
(0.604288 1.74477 9.24675e-20)
(0.595744 1.72057 1.96243e-19)
(0.571647 1.67971 -8.97441e-20)
(0.553743 1.64462 0)
(0.528506 1.62124 0)
(0.513714 1.66256 -1.61357e-19)
(0.615938 2.03278 -1.52022e-21)
(0.852748 2.93317 8.004e-20)
(0.923343 3.18592 4.44009e-20)
(0.872911 2.90473 4.73604e-20)
(0.535944 1.77162 -5.0546e-20)
(0.0247769 0.226749 5.44819e-20)
(-0.165764 -0.229204 -4.23496e-20)
(-0.17836 -0.368791 0)
(-0.128114 -0.326797 -5.69071e-21)
(-0.017012 -0.0507423 1.08859e-19)
(0.0124383 0.126612 5.45027e-19)
(0.262795 0.866095 0)
(0.460987 1.44593 0)
(0.547429 1.68504 0)
(0.561636 1.74682 7.8178e-20)
(0.559414 1.73891 -1.93726e-19)
(0.540415 1.70459 -8.83226e-20)
(0.52614 1.66735 0)
(0.506678 1.63952 0)
(0.494672 1.67502 9.93376e-20)
(0.59082 2.01187 3.25647e-20)
(0.839365 2.90174 -3.73116e-20)
(0.913462 3.18331 1.13789e-21)
(0.823761 2.96689 3.31336e-20)
(0.483425 1.84246 -6.21203e-20)
(-0.0729936 0.404817 1.11939e-19)
(-0.240461 -0.226258 -8.81765e-20)
(-0.298676 -0.601515 0)
(-0.257338 -0.693881 5.22927e-21)
(-0.0927908 -0.340731 1.46756e-19)
(-0.0065802 0.0686472 -5.05716e-19)
(0.179073 0.715687 1.74119e-19)
(0.387315 1.36663 2.72241e-19)
(0.486588 1.66057 -1.32537e-20)
(0.514206 1.74737 -1.66417e-19)
(0.517956 1.74325 -1.09762e-19)
(0.506504 1.71274 2.48899e-19)
(0.497406 1.67658 -4.57546e-21)
(0.484699 1.64951 0)
(0.475386 1.67801 2.76962e-20)
(0.558932 1.96497 -1.39789e-20)
(0.805351 2.83978 4.15809e-20)
(0.924945 3.17272 0)
(0.936177 3.06806 -2.9936e-20)
(0.729705 2.29252 0)
(0.247442 0.75547 -3.91076e-20)
(-0.0877177 -0.22655 -2.86301e-20)
(-0.304359 -0.793058 0)
(-0.270507 -1.0733 0)
(-0.170038 -0.866126 3.75757e-19)
(-0.000718142 0.00131238 4.08138e-19)
(0.0730815 0.337249 -1.53058e-19)
(0.321783 1.15551 1.21996e-19)
(0.43638 1.57645 -1.93153e-19)
(0.472052 1.72637 7.60878e-20)
(0.479669 1.74973 -2.66304e-20)
(0.472655 1.73184 1.72232e-20)
(0.464744 1.69129 -3.25762e-20)
(0.45705 1.65586 -2.17801e-20)
(0.450938 1.67154 -2.20015e-20)
(0.514973 1.89371 3.10022e-21)
(0.78512 2.70368 0)
(0.962687 3.10841 -3.98815e-21)
(0.997269 3.02755 0)
(1.00169 2.63759 0)
(0.806454 1.79681 0)
(0.427976 0.740376 -1.0398e-19)
(0.157065 -0.155364 2.93095e-19)
(-0.0879095 -1.15885 -1.24303e-20)
(-0.107102 -1.18427 -1.55877e-19)
(0.00870609 -0.0470225 7.30815e-20)
(0.0135338 0.124135 6.85281e-20)
(0.202757 0.874349 -5.58312e-20)
(0.362161 1.44765 -4.28378e-20)
(0.423248 1.6855 3.46247e-20)
(0.439121 1.73633 2.48456e-20)
(0.437075 1.73138 1.77918e-20)
(0.430241 1.69537 0)
(0.42462 1.65536 -9.18175e-21)
(0.423308 1.65765 -5.87565e-21)
(0.453367 1.80043 1.64461e-20)
(0.664537 2.48014 0)
(0.898091 2.98731 1.05564e-20)
(0.932599 2.95961 -7.34434e-21)
(0.919533 2.72263 0)
(0.834769 2.19768 0)
(0.568491 1.3418 -3.62338e-21)
(0.342028 0.421561 0)
(0.183035 -0.231021 -4.3512e-21)
(0.0317292 -0.639904 0)
(-0.00137565 -0.0674769 0)
(0.00276131 -0.0218003 0)
(0.0735409 0.355302 0)
(0.282237 1.19664 0)
(0.368867 1.59992 -8.68288e-34)
(0.394695 1.72487 6.7032e-34)
(0.395325 1.73282 0)
(0.391251 1.70915 0)
(0.386125 1.65281 0)
(0.387329 1.63983 0)
(0.392908 1.72342 0)
(0.511704 2.21594 0)
(0.744974 2.84522 0)
(0.784948 2.87673 0)
(0.762383 2.75419 0)
(0.721453 2.42753 0)
(0.556816 1.82052 0)
(0.353137 1.04203 0)
(0.170438 0.278616 0)
(0.0446089 -0.155892 0)
(-0.00529383 -0.0640835 0)
(0.0112772 -0.0929327 0)
(0.0209876 0.0856901 0)
(0.180669 0.848537 0)
(0.301893 1.4465 0)
(0.349905 1.68056 0)
(0.355106 1.72413 0)
(0.350659 1.71234 0)
(0.342089 1.65603 0)
(0.343144 1.62672 0)
(0.337212 1.67611 0)
(0.388512 2.04091 0)
(0.599056 2.73208 0)
(0.630454 2.8406 0)
(0.606915 2.78338 0)
(0.582638 2.57356 0)
(0.483774 2.13929 0)
(0.322713 1.46825 0)
(0.164213 0.805469 0)
(0.0411236 0.28691 0)
(-0.00440804 -0.0719439 0)
(0.00706946 -0.125509 0)
(0.00081281 -0.0258027 0)
(0.0860139 0.517029 0)
(0.23867 1.28053 0)
(0.294961 1.62232 0)
(0.307614 1.71305 0)
(0.307588 1.711 0)
(0.298003 1.66146 0)
(0.293197 1.61914 0)
(0.283535 1.6499 0)
(0.285493 1.93928 0)
(0.462282 2.63191 0)
(0.484753 2.83702 0)
(0.462087 2.82489 0)
(0.437483 2.7008 0)
(0.373118 2.38743 0)
(0.251115 1.81537 0)
(0.120894 1.20019 0)
(0.0268557 0.622601 0)
(-0.000555588 -0.0687298 0)
(-0.00297155 -0.131077 0)
(0.00285185 -0.0783061 0)
(0.0276958 0.237992 0)
(0.18312 1.10533 0)
(0.246018 1.56251 0)
(0.260475 1.70102 0)
(0.258454 1.71051 0)
(0.249385 1.66999 0)
(0.241698 1.61942 0)
(0.235326 1.64169 0)
(0.205429 1.88456 0)
(0.345209 2.56205 0)
(0.366624 2.84627 0)
(0.334104 2.87224 0)
(0.311326 2.80379 0)
(0.266544 2.5738 0)
(0.17828 2.09445 0)
(0.08035 1.52579 0)
(0.0144503 0.874998 0)
(0.00176028 -0.0652195 0)
(-0.00390195 -0.138811 0)
(0.0147781 -0.11944 0)
(0.0156344 0.0954512 0)
(0.122097 0.905859 0)
(0.192532 1.47079 0)
(0.214701 1.67854 0)
(0.21441 1.70982 0)
(0.203249 1.67846 0)
(0.191896 1.62643 0)
(0.192466 1.64511 0)
(0.143669 1.85808 0)
(0.24915 2.5125 0)
(0.269612 2.85805 0)
(0.234051 2.9206 0)
(0.210515 2.88571 0)
(0.17758 2.70989 0)
(0.116126 2.29111 0)
(0.0451816 1.74358 0)
(0.00550744 1.02402 0)
(-0.00212703 -0.0564068 0)
(-0.00803823 -0.146695 0)
(0.0103994 -0.144197 0)
(0.00236556 0.0268168 0)
(0.0696365 0.814557 0)
(0.137224 1.42784 0)
(0.162896 1.66622 0)
(0.164854 1.71023 0)
(0.158094 1.68761 0)
(0.145198 1.63659 0)
(0.153541 1.65398 0)
(0.0963682 1.84542 0)
(0.172531 2.48371 0)
(0.189999 2.87156 0)
(0.156168 2.96315 0)
(0.137334 2.94924 0)
(0.113002 2.81026 0)
(0.0700124 2.43917 0)
(0.0217009 1.91257 0)
(-0.00432355 1.10754 0)
(-0.00651538 -0.0304386 0)
(0.000577351 -0.16099 0)
(0.0203785 -0.158892 0)
(0.0209457 -0.00979 0)
(0.0538368 0.63867 0)
(0.110994 1.34869 0)
(0.121211 1.64554 0)
(0.118893 1.7102 0)
(0.113349 1.6934 0)
(0.100871 1.6458 0)
(0.117378 1.66361 0)
(0.0608957 1.84172 0)
(0.113801 2.46487 0)
(0.127407 2.88586 0)
(0.0984625 3.00096 0)
(0.0816263 3.00069 0)
(0.0639429 2.88201 0)
(0.0329365 2.53076 0)
(0.000618585 1.99748 0)
(-0.0081776 1.10507 0)
(0.00231591 -0.0354237 0)
(0.0354817 -0.237422 0)
(0.0674252 -0.226259 0)
(0.0806172 -0.0316339 0)
(0.0488363 0.567393 0)
(0.0918566 1.31244 0)
(0.0843628 1.63405 0)
(0.0766337 1.70727 0)
(0.0732663 1.69522 0)
(0.0609703 1.65222 0)
(0.0834766 1.67219 0)
(0.032728 1.84173 0)
(0.069832 2.45873 0)
(0.0770119 2.89922 0)
(0.0539425 3.03021 0)
(0.0410682 3.03873 0)
(0.0288042 2.93273 0)
(0.00933289 2.59718 0)
(-0.00862615 2.06152 0)
(-0.01215 1.08241 0)
(0.0192494 -0.168051 0)
(0.0636142 -0.401543 0)
(0.0920904 -0.314813 0)
(0.0926016 0.00517179 0)
(0.0296831 0.596539 0)
(0.0444902 1.30688 0)
(0.0269711 1.63269 0)
(0.0255427 1.70803 0)
(0.0319782 1.69479 0)
(0.0242782 1.65416 0)
(0.0526713 1.67767 0)
(0.0125531 1.84366 0)
(0.0373877 2.45383 0)
(0.0389286 2.9106 0)
(0.0207545 3.05359 0)
(0.0105179 3.06939 0)
(0.00126917 2.96636 0)
(-0.0122108 2.6292 0)
(-0.0239525 2.06636 0)
(-0.0138904 1.02726 0)
(0.021158 -0.350676 0)
(0.054248 -0.512916 0)
(0.0663133 -0.346524 0)
(0.0372476 0.098754 0)
(-0.0344399 0.667997 0)
(-0.0412917 1.3357 0)
(-0.0492847 1.64102 0)
(-0.0293415 1.70589 0)
(-0.00977487 1.68759 0)
(-0.010198 1.65005 0)
(0.0242901 1.6797 0)
(-0.00561279 1.8463 0)
(0.0129538 2.45551 0)
(0.00841784 2.91905 0)
(-0.00481372 3.06999 0)
(-0.012311 3.08925 0)
(-0.0188693 2.98618 0)
(-0.0260831 2.64618 0)
(-0.0294449 2.05402 0)
(-0.0158979 0.943528 0)
(0.0110302 -0.433542 0)
(0.0160079 -0.550294 0)
(-0.0172752 -0.227444 0)
(-0.0688804 0.250955 0)
(-0.142104 0.833008 0)
(-0.150946 1.38585 0)
(-0.138189 1.63289 0)
(-0.0948999 1.69118 0)
(-0.0534457 1.67452 0)
(-0.039835 1.63861 0)
(-6.75169e-05 1.67602 0)
(-0.0188725 1.8469 0)
(-0.00550987 2.45512 0)
(-0.0132547 2.92553 0)
(-0.0224959 3.08151 0)
(-0.0289932 3.10333 0)
(-0.0334115 2.99572 0)
(-0.0378496 2.64416 0)
(-0.0334848 2.02475 0)
(-0.0151123 0.854096 0)
(-0.00269096 -0.417251 0)
(-0.0389789 -0.420767 0)
(-0.0978077 -0.0960757 0)
(-0.150307 0.384096 0)
(-0.21162 0.938212 0)
(-0.214201 1.37853 0)
(-0.192411 1.58491 0)
(-0.141355 1.65065 0)
(-0.0892215 1.64601 0)
(-0.0671856 1.61986 0)
(-0.0203943 1.66801 0)
(-0.0321046 1.84889 0)
(-0.0204991 2.45843 0)
(-0.029735 2.93082 0)
(-0.036135 3.08871 0)
(-0.0401782 3.10972 0)
(-0.0418272 2.99686 0)
(-0.0421876 2.63055 0)
(-0.0342467 1.97176 0)
(-0.0119143 0.765153 0)
(-0.0133985 -0.304404 0)
(-0.0583681 -0.254528 0)
(-0.123061 0.0659676 0)
(-0.181134 0.505298 0)
(-0.232739 0.993101 0)
(-0.230891 1.33939 0)
(-0.207885 1.51695 0)
(-0.159402 1.59024 0)
(-0.109055 1.6022 0)
(-0.0833441 1.59111 0)
(-0.0335811 1.65345 0)
(-0.042 1.84624 0)
(-0.0315403 2.46098 0)
(-0.0412339 2.93538 0)
(-0.044067 3.0922 0)
(-0.0464824 3.11392 0)
(-0.0463462 2.99268 0)
(-0.0434581 2.61489 0)
(-0.0318764 1.91594 0)
(-0.00804281 0.687444 0)
(-0.0139816 -0.172941 0)
(-0.0576897 -0.0713085 0)
(-0.121669 0.227824 0)
(-0.178928 0.618446 0)
(-0.220642 1.02751 0)
(-0.215313 1.30335 0)
(-0.195164 1.45695 0)
(-0.155116 1.53161 0)
(-0.11263 1.55534 0)
(-0.0883669 1.55938 0)
(-0.0398724 1.63586 0)
(-0.0486644 1.84483 0)
(-0.0394053 2.46686 0)
(-0.0477011 2.93903 0)
(-0.0490734 3.09458 0)
(-0.0496509 3.11292 0)
(-0.0470572 2.98217 0)
(-0.042038 2.58368 0)
(-0.0277937 1.84984 0)
(-0.0046775 0.622282 0)
(-0.0108076 -0.0491243 0)
(-0.0476184 0.0979028 0)
(-0.102952 0.370689 0)
(-0.152432 0.713565 0)
(-0.18724 1.05611 0)
(-0.182811 1.28228 0)
(-0.168775 1.4147 0)
(-0.137777 1.48515 0)
(-0.10352 1.51389 0)
(-0.0847565 1.52881 0)
(-0.0402247 1.61615 0)
(-0.0508383 1.84099 0)
(-0.0427607 2.47106 0)
(-0.0519993 2.94162 0)
(-0.0506567 3.09326 0)
(-0.0497 3.11031 0)
(-0.0460456 2.9731 0)
(-0.0393241 2.55842 0)
(-0.0232425 1.78983 0)
(-0.00226593 0.572839 0)
(-0.00768556 0.0464756 0)
(-0.035197 0.236402 0)
(-0.078009 0.494432 0)
(-0.117489 0.799898 0)
(-0.146822 1.09096 0)
(-0.145954 1.2804 0)
(-0.139294 1.39398 0)
(-0.116856 1.45678 0)
(-0.0898478 1.48495 0)
(-0.0766897 1.50442 0)
(-0.0373615 1.5997 0)
(-0.0497218 1.8382 0)
(-0.0436103 2.47772 0)
(-0.0517798 2.9425 0)
(-0.0500066 3.09071 0)
(-0.0481009 3.10459 0)
(-0.0433838 2.95484 0)
(-0.0357629 2.52004 0)
(-0.0188464 1.72391 0)
(-0.000691044 0.53313 0)
(-0.00419642 0.109833 0)
(-0.0225315 0.33711 0)
(-0.0540255 0.587358 0)
(-0.0839099 0.865567 0)
(-0.108135 1.12096 0)
(-0.110785 1.28408 0)
(-0.110592 1.38385 0)
(-0.0961076 1.44014 0)
(-0.0756492 1.4668 0)
(-0.0676318 1.48739 0)
(-0.0332519 1.58717 0)
(-0.0454242 1.83623 0)
(-0.041892 2.48098 0)
(-0.0506829 2.94242 0)
(-0.0474294 3.08768 0)
(-0.0452554 3.09949 0)
(-0.0403073 2.94189 0)
(-0.0321454 2.4914 0)
(-0.0149183 1.66958 0)
(0.000221215 0.505353 0)
(-0.00194636 0.148438 0)
(-0.0130146 0.408028 0)
(-0.0351353 0.659484 0)
(-0.0572481 0.920398 0)
(-0.0763865 1.15102 0)
(-0.0807154 1.29462 0)
(-0.0846162 1.38241 0)
(-0.076738 1.43201 0)
(-0.0624668 1.4564 0)
(-0.0592695 1.47735 0)
(-0.0293387 1.58046 0)
(-0.0425313 1.839 0)
(-0.0392671 2.48725 0)
(-0.0481535 2.94258 0)
(-0.0436402 3.08267 0)
(-0.0414187 3.0904 0)
(-0.0363274 2.92106 0)
(-0.0282044 2.45176 0)
(-0.0115023 1.61112 0)
(0.000727983 0.482593 0)
(-0.000670117 0.168607 0)
(-0.00662646 0.45227 0)
(-0.0213654 0.708365 0)
(-0.0375419 0.957968 0)
(-0.0524814 1.17235 0)
(-0.0571002 1.30331 0)
(-0.0625765 1.38229 0)
(-0.0592789 1.42659 0)
(-0.0497672 1.44907 0)
(-0.0511723 1.47046 0)
(-0.0252038 1.57637 0)
(-0.0386186 1.84095 0)
(-0.0360322 2.49195 0)
(-0.0449127 2.94235 0)
(-0.0402497 3.079 0)
(-0.038241 3.08428 0)
(-0.0331241 2.90781 0)
(-0.0250486 2.42561 0)
(-0.00896993 1.56855 0)
(0.000898117 0.468696 0)
(-6.24482e-05 0.178025 0)
(-0.00274592 0.479906 0)
(-0.0121317 0.745183 0)
(-0.0239863 0.990209 0)
(-0.035741 1.19353 0)
(-0.0402389 1.31541 0)
(-0.0460597 1.38674 0)
(-0.0454027 1.42525 0)
(-0.0388522 1.44418 0)
(-0.0435005 1.46517 0)
(-0.0219939 1.57428 0)
(-0.0356262 1.84677 0)
(-0.0329436 2.49792 0)
(-0.041108 2.94183 0)
(-0.0365932 3.07367 0)
(-0.0347793 3.07486 0)
(-0.0297395 2.88748 0)
(-0.0221305 2.38851 0)
(-0.00707791 1.51991 0)
(0.000877313 0.455134 0)
(0.000168147 0.180534 0)
(-0.00056852 0.493543 0)
(-0.00600293 0.767205 0)
(-0.0145516 1.01008 0)
(-0.023773 1.20654 0)
(-0.0279957 1.32315 0)
(-0.0338065 1.38977 0)
(-0.035161 1.42449 0)
(-0.0297017 1.44068 0)
(-0.0369137 1.46104 0)
(-0.0180777 1.57194 0)
(-0.0327929 1.84928 0)
(-0.0305573 2.50184 0)
(-0.0384273 2.94122 0)
(-0.0338041 3.07016 0)
(-0.0321878 3.06916 0)
(-0.0272758 2.87567 0)
(-0.01988 2.36659 0)
(-0.00568618 1.48885 0)
(0.000733492 0.448211 0)
(0.000229985 0.180335 0)
(0.000397038 0.500968 0)
(-0.00262091 0.784519 0)
(-0.00885042 1.02919 0)
(-0.0160709 1.22118 0)
(-0.019828 1.33397 0)
(-0.0252648 1.39641 0)
(-0.0279246 1.42717 0)
(-0.0236323 1.44049 0)
(-0.031625 1.4591 0)
(-0.0154102 1.57081 0)
(-0.0301579 1.8541 0)
(-0.0280916 2.5063 0)
(-0.0351759 2.94033 0)
(-0.0310886 3.06525 0)
(-0.0295262 3.06033 0)
(-0.0247296 2.85671 0)
(-0.0178677 2.33268 0)
(-0.00484991 1.44831 0)
(0.000577053 0.43841 0)
(0.000238104 0.178677 0)
(0.000922214 0.502704 0)
(-0.00050114 0.792949 0)
(-0.0050414 1.03904 0)
(-0.0108735 1.22853 0)
(-0.0142679 1.33956 0)
(-0.0191487 1.39993 0)
(-0.0230185 1.42863 0)
(-0.0190255 1.44019 0)
(-0.0282357 1.45789 0)
(-0.0133429 1.57021 0)
(-0.0284787 1.85681 0)
(-0.0263675 2.50899 0)
(-0.0332405 2.93969 0)
(-0.0291513 3.06267 0)
(-0.0278461 3.05571 0)
(-0.0233548 2.84683 0)
(-0.0165449 2.31472 0)
(-0.00409868 1.42612 0)
(0.000373522 0.434335 0)
(0.000235623 0.176536 0)
(0.000971125 0.502554 0)
(0.00033257 0.801109 0)
(-0.00313555 1.05147 0)
(-0.00791743 1.23939 0)
(-0.0110401 1.34866 0)
(-0.0151562 1.40645 0)
(-0.0193392 1.43237 0)
(-0.0157485 1.4419 0)
(-0.0248659 1.45848 0)
(-0.0120394 1.57162 0)
(-0.0270586 1.86281 0)
(-0.0249399 2.51334 0)
(-0.0308259 2.93922 0)
(-0.0274211 3.05876 0)
(-0.0261326 3.04788 0)
(-0.0217811 2.82926 0)
(-0.0152937 2.2832 0)
(-0.00395784 1.391 0)
(0.000238405 0.425894 0)
(0.00025818 0.174163 0)
(0.000879594 0.501229 0)
(0.000782507 0.803649 0)
(-0.00181611 1.05618 0)
(-0.00580342 1.24372 0)
(-0.0088446 1.3525 0)
(-0.0124011 1.40909 0)
(-0.0171203 1.4338 0)
(-0.0135515 1.44236 0)
(-0.0235042 1.45884 0)
(-0.0116581 1.57285 0)
(-0.0264093 1.86613 0)
(-0.0241153 2.51554 0)
(-0.0299142 2.93905 0)
(-0.0263957 3.05735 0)
(-0.025295 3.04442 0)
(-0.0213015 2.82095 0)
(-0.0147385 2.26824 0)
(-0.00354698 1.37504 0)
(7.81241e-05 0.422937 0)
(-8.23596e-06 0.172955 0)
(0.000217887 0.500979 0)
(-9.15921e-05 0.809371 0)
(-0.00219478 1.06693 0)
(-0.00538461 1.2542 0)
(-0.00846214 1.36191 0)
(-0.0112884 1.41632 0)
(-0.0162025 1.43782 0)
(-0.0126726 1.44486 0)
(-0.0225675 1.46059 0)
(-0.0119193 1.57609 0)
(-0.0258869 1.87454 0)
(-0.0237511 2.5207 0)
(-0.0284407 2.93905 0)
(-0.025435 3.05348 0)
(-0.024273 3.03547 0)
(-0.0203804 2.79983 0)
(-0.0143132 2.23039 0)
(-0.0044752 1.3344 0)
(-0.00073097 0.408985 0)
(-0.232265 1.55342 1.26755e-22)
(0.391882 3.22592 1.3749e-20)
(0.0892852 3.45913 6.51785e-20)
(0.195006 3.42977 0)
(0.152266 3.38552 0)
(0.145903 3.33974 -3.69084e-19)
(0.147746 3.31296 3.74486e-19)
(0.120831 3.27311 -4.00166e-19)
(0.1107 3.18297 7.41315e-21)
(0.0915196 2.56957 5.51063e-19)
(-0.105079 2.31082 1.12957e-23)
(0.128117 3.28185 1.64588e-19)
(0.00816879 3.43343 0)
(0.0941016 3.3874 0)
(0.0691262 3.34263 1.09376e-20)
(0.0740502 3.30626 7.65071e-19)
(0.0707304 3.27737 -4.26675e-19)
(0.0477591 3.24272 -7.16269e-21)
(0.0489937 3.08612 6.82961e-21)
(0.000636956 2.08868 0)
(-0.0281197 2.06514 1.73583e-19)
(0.0833499 3.13598 -1.84578e-19)
(0.0207746 3.34247 0)
(0.0691297 3.32293 3.52162e-19)
(0.0486861 3.30233 -1.31978e-21)
(0.0495334 3.28148 -3.97913e-19)
(0.0444553 3.26616 -4.95143e-19)
(0.029042 3.2466 -2.05942e-22)
(0.0402126 3.12042 7.04056e-21)
(-0.0169014 2.21266 0)
(-0.0412424 2.01161 -4.30454e-20)
(0.0264871 3.11426 0)
(-0.0152906 3.30703 -1.86447e-19)
(0.0191608 3.30631 -1.52761e-19)
(0.0146203 3.28267 1.39487e-20)
(0.0205632 3.26121 -2.58404e-19)
(0.0258011 3.24702 2.29633e-19)
(0.0207985 3.23392 -8.27777e-21)
(0.0415187 3.12622 1.08882e-20)
(0.00708773 2.25122 2.84604e-19)
(-0.0532201 2.02245 -1.43859e-19)
(0.0118009 3.08801 0)
(-0.00871287 3.2658 4.02831e-19)
(0.00941302 3.26166 -2.22589e-19)
(0.0131156 3.24804 -6.89763e-22)
(0.0158198 3.23802 -2.46944e-21)
(0.0210959 3.23315 -1.55829e-20)
(0.0215062 3.2247 -2.94357e-19)
(0.0427071 3.12819 8.08119e-21)
(-0.00313591 2.31261 -5.96629e-19)
(-0.0500068 2.08189 0)
(-0.010944 3.08491 -2.22349e-19)
(-0.029045 3.242 1.88742e-20)
(-0.0159573 3.2465 -1.54777e-20)
(-0.00639759 3.23201 1.5844e-20)
(0.00288346 3.21951 2.62999e-19)
(0.0150804 3.21179 2.75204e-19)
(0.0207578 3.2055 5.79621e-19)
(0.0426375 3.12416 3.21527e-19)
(0.0105295 2.35449 -1.67417e-20)
(-0.0513731 2.14063 0)
(-0.0203244 3.08141 2.30015e-19)
(-0.0195019 3.21354 -2.41559e-19)
(-0.0119904 3.21265 -1.67338e-20)
(-0.000706437 3.2025 3.46084e-20)
(0.00720425 3.19625 3.61928e-22)
(0.0166702 3.19519 -1.8622e-20)
(0.0217228 3.19131 -3.03282e-19)
(0.0422476 3.12186 -3.12493e-19)
(0.00383447 2.41996 -1.7321e-20)
(-0.04764 2.2273 2.66044e-19)
(-0.0288369 3.08513 -1.23604e-20)
(-0.0322999 3.1937 8.52782e-21)
(-0.023901 3.1952 0)
(-0.0136475 3.18542 0)
(-0.00136978 3.17758 0)
(0.0128913 3.17222 0)
(0.0205965 3.16931 3.39191e-19)
(0.0412153 3.1127 -3.4935e-19)
(0.0152755 2.46399 3.45297e-19)
(-0.0464639 2.30653 2.61955e-20)
(-0.0330664 3.08457 2.83947e-19)
(-0.0212182 3.16951 0)
(-0.0146668 3.16538 -1.91221e-20)
(-0.00403616 3.15772 1.95555e-20)
(0.00516097 3.15354 0)
(0.0151071 3.15384 -1.06099e-20)
(0.0206852 3.15297 -3.292e-19)
(0.0401213 3.10936 3.50988e-19)
(0.0104179 2.53312 0)
(-0.0436855 2.40311 1.60528e-20)
(-0.0359143 3.0861 -4.35648e-19)
(-0.0300751 3.14968 0)
(-0.022544 3.14679 0)
(-0.0137278 3.13904 2.10071e-20)
(-0.00205461 3.13332 -1.77398e-19)
(0.0113447 3.12937 -2.21716e-20)
(0.0191431 3.12926 1.89163e-19)
(0.0386078 3.09616 0)
(0.019178 2.58108 0)
(-0.0400966 2.49076 -4.60867e-19)
(-0.0385684 3.08228 1.56175e-19)
(-0.0206225 3.12431 0)
(-0.0128394 3.1163 0)
(-0.00334243 3.10964 0)
(0.00549952 3.10687 3.65604e-19)
(0.0146028 3.10849 0)
(0.0201352 3.11075 -2.01821e-19)
(0.0378469 3.09051 1.24784e-20)
(0.0149544 2.65385 2.11522e-19)
(-0.0376807 2.58936 1.64535e-19)
(-0.0398379 3.07574 -1.60073e-20)
(-0.0296248 3.10129 1.91954e-19)
(-0.0210806 3.09498 1.86617e-19)
(-0.0124831 3.08833 0)
(-0.000735821 3.08392 -1.8798e-19)
(0.0122668 3.0816 0)
(0.0209748 3.08442 0)
(0.0385617 3.07214 0)
(0.022267 2.70642 -2.12504e-19)
(-0.0351461 2.67854 -1.74566e-19)
(-0.0429726 3.06241 1.80278e-19)
(-0.0235569 3.07218 -1.8095e-19)
(-0.013061 3.06222 -2.85429e-19)
(-0.00278888 3.05706 0)
(0.00706835 3.05573 2.5543e-20)
(0.0169477 3.05853 -1.3038e-20)
(0.0247667 3.06323 9.72903e-20)
(0.0417237 3.06163 1.20796e-19)
(0.0208636 2.78046 -1.24289e-19)
(-0.034343 2.77288 1.79111e-19)
(-0.0461126 3.04523 -1.72739e-19)
(-0.0329046 3.04585 1.23208e-20)
(-0.020927 3.04029 7.273e-20)
(-0.0112331 3.03616 -1.04508e-19)
(0.000323451 3.03353 0)
(0.0136827 3.03223 1.12323e-19)
(0.0256223 3.03555 4.94985e-21)
(0.0446209 3.03658 -2.33877e-19)
(0.0286835 2.83262 -6.55242e-21)
(-0.0296106 2.85528 -5.12724e-20)
(-0.0442444 3.02155 1.25289e-20)
(-0.0231802 3.01779 -6.50374e-20)
(-0.0111633 3.01445 2.66207e-20)
(-0.0021973 3.01414 1.2734e-19)
(0.00627427 3.01343 -5.42073e-20)
(0.0146196 3.01412 -5.39173e-20)
(0.0233345 3.01712 -5.59441e-20)
(0.0418054 3.02184 1.20176e-19)
(0.0248534 2.90034 5.87076e-20)
(-0.0176186 2.94044 4.12153e-20)
(-0.0260008 3.0008 1.82222e-20)
(-0.0161364 3.00082 3.58369e-20)
(-0.00939858 3.00162 -7.34404e-20)
(-0.0041732 3.00264 2.48214e-20)
(0.000697311 3.00214 5.04591e-20)
(0.0053262 3.00067 -5.27068e-20)
(0.0107495 2.99901 -5.50149e-20)
(0.0217853 2.99713 7.45701e-21)
(0.0165197 2.94913 5.28849e-20)
)
;

boundaryField
{
    wall-4
    {
        type            noSlip;
    }
    pressure-outlet-7
    {
        type            zeroGradient;
    }
    velocity-inlet-6
    {
        type            fixedValue;
        value           uniform (0 3 0);
    }
    velocity-inlet-5
    {
        type            fixedValue;
        value           uniform (1 0 0);
    }
    frontAndBackPlanes
    {
        type            empty;
    }
}


// ************************************************************************* //
