/*--------------------------------*- C++ -*----------------------------------*\
  =========                 |
  \\      /  F ield         | OpenFOAM: The Open Source CFD Toolbox
   \\    /   O peration     | Website:  https://openfoam.org
    \\  /    A nd           | Version:  10
     \\/     M anipulation  |
\*---------------------------------------------------------------------------*/
FoamFile
{
    format      ascii;
    class       volScalarField;
    location    "25";
    object      p;
}
// * * * * * * * * * * * * * * * * * * * * * * * * * * * * * * * * * * * * * //

dimensions      [0 2 -2 0 0 0 0];

internalField   nonuniform List<scalar> 
8800
(
0.432829
0.385041
0.346349
0.31735
0.296477
0.28163
0.271008
0.26349
0.258612
0.256461
0.257599
0.261662
0.2682
0.277431
0.29015
0.307841
0.332588
0.366506
0.409036
0.467735
0.264087
0.271765
0.279233
0.28254
0.281032
0.275946
0.269445
0.263342
0.258572
0.255645
0.255245
0.257612
0.261976
0.267819
0.27451
0.280731
0.28433
0.28357
0.278119
0.269412
0.242504
0.248666
0.252794
0.255736
0.25778
0.258373
0.257246
0.255103
0.253017
0.251999
0.252815
0.255055
0.257731
0.259809
0.260336
0.259075
0.256683
0.253254
0.248677
0.244911
0.236725
0.239377
0.242136
0.244547
0.246184
0.247338
0.248057
0.248133
0.247766
0.247592
0.248183
0.249189
0.249882
0.249825
0.249114
0.24794
0.246055
0.243429
0.240994
0.239489
0.231389
0.232816
0.23461
0.236657
0.238452
0.239795
0.240766
0.241519
0.24205
0.242476
0.242937
0.243239
0.243164
0.242724
0.241895
0.240533
0.238743
0.236819
0.235472
0.234642
0.226382
0.227303
0.228573
0.230177
0.231842
0.233385
0.234666
0.235693
0.236569
0.237307
0.237768
0.237854
0.237592
0.236952
0.235892
0.234532
0.233068
0.231698
0.230825
0.230281
0.221579
0.222248
0.223251
0.224611
0.226077
0.227582
0.229047
0.230352
0.231454
0.232368
0.232921
0.233001
0.232626
0.231838
0.230781
0.229615
0.228414
0.227348
0.226704
0.22631
0.216955
0.217463
0.218301
0.219522
0.220883
0.222321
0.223807
0.225281
0.226631
0.227756
0.228432
0.228518
0.228105
0.227365
0.226447
0.225438
0.224411
0.223538
0.223039
0.222742
0.212484
0.212878
0.213601
0.214732
0.216053
0.217455
0.218925
0.220444
0.221941
0.22328
0.224129
0.22434
0.224071
0.223495
0.222735
0.221854
0.220952
0.220222
0.219829
0.219602
0.208131
0.208434
0.209071
0.210141
0.211428
0.212823
0.214318
0.215898
0.217528
0.219094
0.220173
0.220595
0.220534
0.220142
0.219528
0.21879
0.218011
0.217398
0.217091
0.216918
0.203876
0.204106
0.204686
0.205742
0.207041
0.208483
0.210082
0.211801
0.213593
0.215375
0.216785
0.217525
0.217691
0.217444
0.216956
0.216333
0.21564
0.215115
0.214878
0.214749
0.199721
0.199878
0.200403
0.201439
0.202741
0.20418
0.205782
0.207601
0.20964
0.211791
0.21356
0.214605
0.21507
0.215141
0.214913
0.214455
0.213888
0.213461
0.213295
0.213209
0.195756
0.195855
0.196311
0.197274
0.198531
0.199989
0.201681
0.203641
0.205884
0.20839
0.210662
0.212224
0.213108
0.21348
0.213518
0.213299
0.212944
0.212666
0.212572
0.212518
0.191839
0.191896
0.192277
0.193143
0.194344
0.195813
0.197601
0.199796
0.202443
0.205498
0.208353
0.210398
0.211693
0.21246
0.212819
0.212919
0.212841
0.212754
0.212732
0.212692
0.187577
0.187623
0.187931
0.188693
0.189839
0.191324
0.193233
0.195655
0.198694
0.202363
0.20597
0.208738
0.210663
0.211912
0.212721
0.213193
0.213425
0.213543
0.213579
0.213539
0.182587
0.182636
0.182942
0.18369
0.184879
0.186506
0.188675
0.191538
0.195206
0.199709
0.204217
0.207757
0.210276
0.212049
0.213279
0.214088
0.214604
0.214879
0.21495
0.214903
0.176597
0.176647
0.17701
0.177804
0.179118
0.180975
0.183511
0.18691
0.191355
0.19691
0.202554
0.207057
0.210351
0.212711
0.21439
0.215571
0.216356
0.216751
0.216845
0.216789
0.169323
0.169376
0.169812
0.170774
0.172335
0.174577
0.177675
0.181875
0.187377
0.194257
0.201273
0.206902
0.211057
0.214068
0.216216
0.217748
0.218764
0.219256
0.219379
0.219318
0.160529
0.160578
0.161116
0.162333
0.164305
0.167114
0.17099
0.176231
0.183087
0.191637
0.20034
0.207327
0.212465
0.216167
0.218919
0.220875
0.22209
0.222672
0.222831
0.222765
0.149964
0.150004
0.15066
0.15222
0.154754
0.15834
0.163264
0.16987
0.178442
0.189063
0.199817
0.208436
0.214797
0.219418
0.222788
0.225113
0.226582
0.22729
0.227496
0.227421
0.137258
0.137297
0.138121
0.140093
0.143354
0.147973
0.154261
0.162631
0.173386
0.186572
0.199807
0.210371
0.218167
0.223843
0.227943
0.230767
0.232538
0.233416
0.233671
0.233583
0.121718
0.121767
0.12282
0.12534
0.129584
0.135564
0.143658
0.154336
0.167869
0.184208
0.200407
0.213257
0.222745
0.229659
0.234623
0.238059
0.240226
0.241314
0.241618
0.241507
0.102184
0.102261
0.103685
0.107064
0.112625
0.120509
0.131094
0.144829
0.161895
0.182086
0.201785
0.217282
0.228701
0.237028
0.243018
0.247185
0.249835
0.251157
0.25151
0.251372
0.0768735
0.0770128
0.0790748
0.0838588
0.0915331
0.102176
0.11625
0.134057
0.155578
0.180386
0.204119
0.222601
0.236189
0.24612
0.253304
0.258353
0.261585
0.263172
0.26357
0.263395
0.0427439
0.0430542
0.0464367
0.053827
0.0650675
0.0800168
0.0990502
0.122203
0.14919
0.179368
0.207612
0.229361
0.245319
0.257035
0.265595
0.271685
0.275602
0.277484
0.277916
0.277693
-0.00607894
-0.00482119
0.00204334
0.0148717
0.0323585
0.0539686
0.079843
0.109739
0.143171
0.17935
0.212438
0.23763
0.25609
0.269736
0.279847
0.287178
0.291931
0.294163
0.294612
0.294321
-0.0787376
-0.070725
-0.0548743
-0.0321416
-0.0052251
0.025332
0.0595854
0.0972795
0.137905
0.180676
0.219085
0.248137
0.269501
0.285486
0.297606
0.306653
0.312698
0.315654
0.316327
0.316141
-0.156666
-0.138361
-0.112797
-0.0797272
-0.0431026
-0.00344405
0.0393195
0.0850375
0.133318
0.183494
0.228332
0.262377
0.287666
0.306882
0.321783
0.333321
0.34118
0.345271
0.346558
0.346563
-0.220286
-0.199164
-0.165704
-0.124156
-0.0789617
-0.0308139
0.0201216
0.0736319
0.129315
0.186549
0.237379
0.275918
0.304639
0.326601
0.343688
0.356837
0.366261
0.371255
0.372237
0.372371
-0.272095
-0.249072
-0.210539
-0.162969
-0.111062
-0.0558712
0.00219331
0.062766
0.125311
0.189094
0.245356
0.287805
0.319323
0.343329
0.361968
0.376327
0.386786
0.392104
0.393278
0.393518
-0.314937
-0.290928
-0.248838
-0.196555
-0.139307
-0.0783586
-0.0142423
0.0525107
0.121202
0.190922
0.252032
0.297798
0.331546
0.357109
0.37686
0.392077
0.402843
0.408631
0.410188
0.410458
-0.351519
-0.326922
-0.282185
-0.22621
-0.164524
-0.0987123
-0.0293813
0.0428059
0.116993
0.192068
0.257515
0.306152
0.341699
0.368389
0.388834
0.404473
0.41546
0.421505
0.423266
0.42352
-0.383776
-0.358817
-0.312028
-0.252948
-0.187559
-0.117545
-0.0436325
0.0334062
0.112583
0.192575
0.262022
0.313245
0.350327
0.377874
0.39872
0.414507
0.425539
0.431621
0.433494
0.433708
-0.413147
-0.38786
-0.339403
-0.277676
-0.209089
-0.1354
-0.0574108
0.0240277
0.107809
0.192434
0.265681
0.319387
0.357918
0.386213
0.407397
0.423244
0.434299
0.440422
0.442385
0.442572
-0.44049
-0.414907
-0.365006
-0.301009
-0.229616
-0.152675
-0.0710273
0.0144264
0.102507
0.191559
0.268562
0.324735
0.364724
0.393824
0.415394
0.43139
0.442431
0.448444
0.450493
0.450727
-0.466512
-0.440574
-0.389293
-0.323385
-0.24947
-0.169641
-0.0847032
0.00442983
0.0965373
0.189865
0.270621
0.329397
0.371006
0.401051
0.423099
0.439288
0.450371
0.456288
0.45829
0.458527
-0.491503
-0.465184
-0.412808
-0.345052
-0.268912
-0.186497
-0.098585
-0.00607825
0.0898033
0.187286
0.271894
0.333501
0.376941
0.408089
0.430767
0.447266
0.458438
0.464297
0.466165
0.466336
-0.515802
-0.489
-0.435641
-0.366213
-0.28809
-0.203355
-0.112755
-0.0171643
0.0822538
0.183796
0.27237
0.337011
0.382537
0.415022
0.438499
0.455427
0.466738
0.472547
0.474251
0.474333
-0.539473
-0.512234
-0.457903
-0.386976
-0.307079
-0.220269
-0.127254
-0.0288466
0.0738711
0.179332
0.271918
0.339863
0.387785
0.421865
0.446324
0.463789
0.475265
0.480994
0.482562
0.482519
-0.562595
-0.534874
-0.479669
-0.407388
-0.325902
-0.237246
-0.142072
-0.0411266
0.0646231
0.173803
0.270443
0.341963
0.392631
0.428599
0.454234
0.472329
0.483966
0.489557
0.49095
0.4908
-0.585259
-0.557007
-0.50093
-0.427446
-0.344554
-0.254255
-0.157174
-0.0539743
0.0545136
0.167187
0.267858
0.343165
0.396947
0.435174
0.462222
0.481025
0.49279
0.498139
0.499309
0.499075
-0.607468
-0.578622
-0.521703
-0.447122
-0.362979
-0.271251
-0.172502
-0.0673305
0.0435979
0.159481
0.26406
0.343305
0.400568
0.441509
0.470297
0.489875
0.501634
0.506619
0.507521
0.507212
-0.629051
-0.599654
-0.541944
-0.466379
-0.38113
-0.288158
-0.187979
-0.0810994
0.0319552
0.150709
0.258968
0.342206
0.403272
0.447471
0.478512
0.499007
0.510495
0.514829
0.515386
0.515017
-0.649967
-0.620051
-0.561609
-0.485158
-0.398946
-0.304904
-0.203503
-0.0951906
0.0196707
0.140914
0.252544
0.339696
0.404786
0.452813
0.486896
0.508765
0.519643
0.522706
0.522706
0.522317
-0.670284
-0.639773
-0.580662
-0.503416
-0.416356
-0.321405
-0.218984
-0.109496
0.00685005
0.130186
0.24477
0.335638
0.404798
0.457115
0.495286
0.519685
0.530055
0.530755
0.529377
0.529079
-0.689828
-0.658802
-0.599048
-0.521085
-0.433299
-0.337577
-0.234326
-0.1239
-0.00637526
0.118646
0.235683
0.329923
0.403
0.459735
0.503034
0.531967
0.543639
0.541661
0.536901
0.53558
-0.708686
-0.677129
-0.616788
-0.538194
-0.44981
-0.353469
-0.249585
-0.138462
-0.0200741
0.106221
0.225162
0.322301
0.399082
0.459855
0.508778
0.544584
0.561562
0.561481
0.551071
0.532426
-0.726794
-0.694755
-0.634004
-0.554928
-0.466175
-0.369409
-0.265175
-0.153666
-0.034798
0.0922467
0.212508
0.31189
0.392302
0.456244
0.509574
0.552956
0.575911
0.570405
0.555802
0.534749
-0.74399
-0.71183
-0.650519
-0.571042
-0.482105
-0.385054
-0.280869
-0.169182
-0.0502176
0.0770352
0.197913
0.29844
0.382202
0.448194
0.500269
0.544782
0.568741
0.554723
0.483172
0.447151
-0.759644
-0.729465
-0.665989
-0.585957
-0.496896
-0.399929
-0.296379
-0.184787
-0.0661122
0.0607353
0.181396
0.281839
0.367879
0.436067
0.478206
0.51077
0.51912
0.471171
0.397433
0.350893
-0.81466
-0.744709
-0.680112
-0.600956
-0.511959
-0.415405
-0.311765
-0.200739
-0.0828125
0.0429578
0.162474
0.26176
0.346464
0.421543
0.425181
0.440947
0.40974
0.345366
0.265906
0.220973
-0.775586
-0.759957
-0.70054
-0.622263
-0.533745
-0.437584
-0.335048
-0.225043
-0.10867
0.0147626
0.130953
0.226866
0.302974
0.375931
0.376653
0.268438
0.160874
0.0872057
0.0109485
0.0489165
-0.80574
-0.777038
-0.717019
-0.638977
-0.550718
-0.454935
-0.352321
-0.243164
-0.128176
-0.00704152
0.105651
0.197082
0.265468
0.304431
0.258087
0.108626
-0.0267227
-0.122503
-0.227452
-0.168366
-0.828869
-0.797105
-0.736092
-0.657704
-0.569497
-0.473899
-0.371534
-0.26341
-0.150109
-0.0317836
0.0767078
0.162301
0.220957
0.229388
0.121303
-0.0654567
-0.231604
-0.360425
-0.503757
-0.458957
-0.851289
-0.818009
-0.755938
-0.67677
-0.588437
-0.493015
-0.391278
-0.284304
-0.172862
-0.0576653
0.0458819
0.125004
0.169565
0.142316
-0.0227183
-0.238587
-0.450172
-0.642215
-0.853478
-0.85136
-0.872833
-0.839323
-0.776452
-0.69661
-0.608121
-0.512932
-0.411924
-0.306196
-0.196837
-0.0850897
0.0129841
0.0849187
0.11204
0.0499386
-0.16081
-0.395013
-0.640787
-0.86341
-1.14111
-1.48292
-0.894531
-0.861167
-0.797875
-0.717597
-0.628944
-0.533941
-0.433584
-0.329114
-0.221908
-0.113782
-0.02134
0.0425273
0.0522896
-0.0610425
-0.281276
-0.516413
-0.752889
-0.955313
-1.034
-1.14946
-0.917151
-0.883962
-0.820492
-0.740037
-0.651339
-0.556604
-0.456981
-0.353922
-0.249162
-0.145115
-0.058762
-0.00444244
-0.0191994
-0.175856
-0.387462
-0.603339
-0.792597
-0.903487
-0.927815
-0.949487
-0.941031
-0.907987
-0.844436
-0.763969
-0.675387
-0.581067
-0.482391
-0.38102
-0.2791
-0.179737
-0.0999067
-0.057095
-0.0959898
-0.28078
-0.483296
-0.673774
-0.820516
-0.872842
-0.887943
-0.890636
-0.966363
-0.933303
-0.869741
-0.789336
-0.700987
-0.607274
-0.50976
-0.410372
-0.311701
-0.217597
-0.144817
-0.11622
-0.173457
-0.379238
-0.572195
-0.742976
-0.850877
-0.862745
-0.865591
-0.86567
-0.993098
-0.959932
-0.896389
-0.816076
-0.728088
-0.635138
-0.539
-0.441889
-0.346857
-0.258521
-0.193642
-0.17666
-0.265964
-0.470603
-0.653488
-0.79792
-0.842001
-0.852264
-0.85378
-0.853
-1.02093
-0.987606
-0.924217
-0.844045
-0.756531
-0.664511
-0.569966
-0.475416
-0.384405
-0.302275
-0.245771
-0.242001
-0.368864
-0.558016
-0.721957
-0.834018
-0.840641
-0.844015
-0.846218
-0.846102
-1.04927
-1.01602
-0.952856
-0.872968
-0.786048
-0.695128
-0.602374
-0.510657
-0.423983
-0.348532
-0.30018
-0.317461
-0.467354
-0.643102
-0.784029
-0.825781
-0.847051
-0.845411
-0.843913
-0.843584
-1.07771
-1.04471
-0.981794
-0.902403
-0.816217
-0.726553
-0.635789
-0.54712
-0.465045
-0.396596
-0.356351
-0.389837
-0.567651
-0.731345
-0.830827
-0.859902
-0.856379
-0.85079
-0.847155
-0.845411
-1.10532
-1.0729
-1.01048
-0.931696
-0.846421
-0.758183
-0.669582
-0.584086
-0.506803
-0.445366
-0.414509
-0.46436
-0.668579
-0.840048
-0.894191
-0.889475
-0.889374
-0.884894
-0.880619
-0.877623
-1.13093
-1.09909
-1.03804
-0.960019
-0.875845
-0.789192
-0.702872
-0.620593
-0.548093
-0.493617
-0.4725
-0.537435
-0.763001
-1.00204
-1.06504
-1.007
-0.998114
-0.988816
-0.981645
-0.976342
-1.15318
-1.12256
-1.06303
-0.986334
-0.903474
-0.818538
-0.734525
-0.655423
-0.587286
-0.539836
-0.526095
-0.607958
-0.837871
-1.15588
-1.61876
-1.38427
-1.22869
-1.19211
-1.16999
-1.15603
-1.17045
-1.14164
-1.08419
-1.00924
-0.928081
-0.845007
-0.763185
-0.686983
-0.622534
-0.581463
-0.57355
-0.661725
-0.854757
-0.966096
-1.11355
-1.1581
-1.24509
-1.26766
-1.26362
-1.26297
-1.18115
-1.15484
-1.10019
-1.0274
-0.948227
-0.867135
-0.787372
-0.713336
-0.651967
-0.614446
-0.615368
-0.701071
-0.805135
-0.539799
-0.0614661
-0.580917
-1.10159
-1.2599
-1.27166
-1.27597
-1.18342
-1.16062
-1.10953
-1.03948
-0.962533
-0.883469
-0.805427
-0.732617
-0.672503
-0.636532
-0.646337
-0.775798
-1.06045
-1.3441
-1.67059
-2.1179
-2.1055
-1.76688
-1.53138
-1.52439
-1.17632
-1.15743
-1.11086
-1.04437
-0.969909
-0.892765
-0.815834
-0.743062
-0.680971
-0.643699
-0.656424
-0.866268
-1.52599
-2.63405
-3.46587
-3.88798
-3.75488
-3.30591
-2.82372
-2.58512
-1.15844
-1.14331
-1.10323
-1.04144
-0.969777
-0.894307
-0.817608
-0.743162
-0.676083
-0.626931
-0.628703
-0.802726
-1.41332
-2.21252
-3.01023
-3.28854
-3.08129
-2.67239
-2.30917
-2.14476
-1.13092
-1.12016
-1.08691
-1.031
-0.962386
-0.888232
-0.810929
-0.732546
-0.65739
-0.58755
-0.54413
-0.507197
-0.626637
-0.620372
-0.47545
-0.223184
0.113007
0.397901
0.577473
0.651834
-1.09681
-1.09014
-1.06447
-1.01492
-0.949314
-0.87609
-0.797197
-0.714375
-0.626493
-0.535491
-0.425498
-0.296959
-0.0166499
0.513626
1.14638
1.75383
2.18772
2.43202
2.53808
2.56685
-1.06019
-1.05641
-1.03941
-0.996222
-0.933445
-0.860496
-0.780132
-0.692556
-0.597282
-0.489186
-0.368724
-0.232692
0.0214703
0.616321
1.28783
1.87446
2.28765
2.51919
2.62139
2.65142
-1.02609
-1.02373
-1.01418
-0.978921
-0.918661
-0.844844
-0.762962
-0.673865
-0.577517
-0.467416
-0.358585
-0.247589
-0.105647
0.309925
0.815577
1.23644
1.5392
1.71329
1.79359
1.81845
-0.996094
-0.995552
-0.992111
-0.964046
-0.904577
-0.829024
-0.747115
-0.660377
-0.567354
-0.465981
-0.370969
-0.286032
-0.210996
0.0466392
0.411021
0.707201
0.926066
1.05936
1.12642
1.14642
-0.969405
-0.971405
-0.970523
-0.943961
-0.882834
-0.806872
-0.727913
-0.64682
-0.561462
-0.470273
-0.387994
-0.329231
-0.284413
-0.124277
0.121694
0.329399
0.480748
0.569655
0.610459
0.620093
-0.90717
-0.91105
-0.91068
-0.887716
-0.834162
-0.768068
-0.699312
-0.62888
-0.554255
-0.473952
-0.400708
-0.35214
-0.31661
-0.214535
-0.0494217
0.0840897
0.178605
0.233598
0.258583
0.264384
-0.799722
-0.801672
-0.800756
-0.786329
-0.753422
-0.709167
-0.659469
-0.60485
-0.543822
-0.474867
-0.409812
-0.36229
-0.322862
-0.251869
-0.144171
-0.0631193
-0.00793677
0.0242802
0.0369021
0.037813
-0.688791
-0.689139
-0.688505
-0.682946
-0.669415
-0.647462
-0.617452
-0.579411
-0.532209
-0.474511
-0.414521
-0.362679
-0.315715
-0.268165
-0.211598
-0.160844
-0.125436
-0.104452
-0.0947716
-0.0947416
-0.6133
-0.61306
-0.61321
-0.613196
-0.609533
-0.600346
-0.583936
-0.558328
-0.522307
-0.474062
-0.422215
-0.372099
-0.327583
-0.292541
-0.260915
-0.228748
-0.203055
-0.185103
-0.177186
-0.178178
-0.575468
-0.575223
-0.575515
-0.576654
-0.576254
-0.572115
-0.562387
-0.544248
-0.515684
-0.47592
-0.432836
-0.397511
-0.366372
-0.343579
-0.322432
-0.291945
-0.265691
-0.248775
-0.241754
-0.243285
-0.564521
-0.564117
-0.56393
-0.564486
-0.564253
-0.56138
-0.554098
-0.539731
-0.515209
-0.479258
-0.442786
-0.423926
-0.429719
-0.427899
-0.392626
-0.35581
-0.326263
-0.308977
-0.302659
-0.304012
-0.573979
-0.573288
-0.572523
-0.572153
-0.57108
-0.56762
-0.560512
-0.547149
-0.523213
-0.48607
-0.448137
-0.433292
-0.45161
-0.460799
-0.425584
-0.387948
-0.362225
-0.349094
-0.344174
-0.345522
-0.601776
-0.600796
-0.599698
-0.598712
-0.596774
-0.592754
-0.585482
-0.572513
-0.547681
-0.505197
-0.455741
-0.421874
-0.423955
-0.428125
-0.40798
-0.384599
-0.371607
-0.364735
-0.3636
-0.363449
-0.646005
-0.645112
-0.643992
-0.642898
-0.641251
-0.638465
-0.633804
-0.624798
-0.60388
-0.55977
-0.491809
-0.420687
-0.390866
-0.393951
-0.381885
-0.361914
-0.344114
-0.333433
-0.329327
-0.330894
-0.703846
-0.703129
-0.702628
-0.702596
-0.7034
-0.705762
-0.710349
-0.71636
-0.718114
-0.694866
-0.610285
-0.492352
-0.426632
-0.412605
-0.389522
-0.354266
-0.316197
-0.291022
-0.289272
-0.291895
-0.769143
-0.769086
-0.770021
-0.772728
-0.779186
-0.792508
-0.817086
-0.858903
-0.920359
-0.962019
-0.863595
-0.680024
-0.56233
-0.516253
-0.457103
-0.38076
-0.317794
-0.286215
-0.284518
-0.28561
-0.830454
-0.831538
-0.834781
-0.841968
-0.857346
-0.887536
-0.944025
-1.04693
-1.21376
-1.37549
-1.26627
-0.982174
-0.795585
-0.697431
-0.576293
-0.446142
-0.345456
-0.305927
-0.31331
-0.318178
-0.870854
-0.873308
-0.879153
-0.891507
-0.917049
-0.966526
-1.06048
-1.23838
-1.53911
-1.85198
-1.75447
-1.33757
-1.06914
-0.915541
-0.747471
-0.591559
-0.492996
-0.46661
-0.469161
-0.475433
-0.872054
-0.87573
-0.88317
-0.899036
-0.932451
-0.996531
-1.11902
-1.3541
-1.76093
-2.19104
-2.1614
-1.63349
-1.32144
-1.14091
-0.96705
-0.837581
-0.772046
-0.75689
-0.752418
-0.754715
-0.821246
-0.825009
-0.833137
-0.850268
-0.885323
-0.952748
-1.08174
-1.33011
-1.75754
-2.20657
-2.19669
-1.74161
-1.45256
-1.29209
-1.18021
-1.1203
-1.07727
-1.05471
-1.04265
-1.04023
-0.720335
-0.723385
-0.730192
-0.744791
-0.775068
-0.833602
-0.945984
-1.16264
-1.52917
-1.87836
-1.85636
-1.57246
-1.40666
-1.33238
-1.32958
-1.31736
-1.27363
-1.2425
-1.22432
-1.2181
-0.584351
-0.586343
-0.590676
-0.600525
-0.621742
-0.663447
-0.744074
-0.900653
-1.17133
-1.41872
-1.4004
-1.27744
-1.21569
-1.21297
-1.31157
-1.33202
-1.28242
-1.24281
-1.22417
-1.21683
-0.437158
-0.437816
-0.439447
-0.444104
-0.455375
-0.478596
-0.524478
-0.615566
-0.785469
-0.967714
-0.989991
-0.947814
-0.890617
-0.94166
-1.07558
-1.10749
-1.07843
-1.05624
-1.04394
-1.03811
-0.300362
-0.299991
-0.299637
-0.300247
-0.303545
-0.311694
-0.329043
-0.365256
-0.440793
-0.549041
-0.569047
-0.540528
-0.523046
-0.607917
-0.733958
-0.769608
-0.767473
-0.763645
-0.761579
-0.759763
-0.188388
-0.187487
-0.186122
-0.184561
-0.183204
-0.182163
-0.181822
-0.183092
-0.18758
-0.200622
-0.204167
-0.211407
-0.260168
-0.362816
-0.443444
-0.472877
-0.481268
-0.486215
-0.489548
-0.490187
-0.106336
-0.10534
-0.103823
-0.101772
-0.0988597
-0.0943012
-0.0870088
-0.075068
-0.0552403
-0.0239432
-0.00749718
-0.0388031
-0.126302
-0.200033
-0.245257
-0.263686
-0.274044
-0.280341
-0.284642
-0.285984
-0.052035
-0.051212
-0.0500261
-0.0484756
-0.0459853
-0.0415945
-0.0341895
-0.0220922
-0.00325859
0.0212429
0.0300343
0.000397273
-0.0539535
-0.0976158
-0.124014
-0.136407
-0.142972
-0.147162
-0.150229
-0.151307
-0.0194541
-0.0188873
-0.0181792
-0.0174844
-0.016175
-0.0135251
-0.00891421
-0.00152725
0.00928389
0.021559
0.0238519
0.00724397
-0.0189732
-0.0403363
-0.0533443
-0.0595953
-0.0623551
-0.0642103
-0.0658223
-0.0664539
-0.00183747
-0.00172799
-0.00130385
-0.000764511
-0.000247159
0.000152379
0.000671048
0.00154283
0.00291085
0.00478849
0.00603835
0.00398225
-0.000446312
-0.00483752
-0.00765219
-0.00914582
-0.0095136
-0.00955516
-0.00983436
-0.0102372
-0.595454
-0.399685
-0.172892
0.0183767
0.17282
0.296533
0.400269
0.487794
0.527057
0.504382
-0.239934
-0.101646
0.0449059
0.171726
0.279236
0.368926
0.441685
0.493407
0.519898
0.531536
0.00953929
0.103144
0.202224
0.290219
0.366144
0.429785
0.480342
0.517246
0.543505
0.560998
0.188436
0.253447
0.322859
0.3863
0.441415
0.488135
0.526339
0.556593
0.580909
0.598897
0.325306
0.372604
0.422908
0.47081
0.513003
0.549675
0.580883
0.606639
0.627971
0.645624
0.436712
0.472187
0.513042
0.55121
0.586066
0.617137
0.644141
0.666685
0.685163
0.702426
0.533643
0.563854
0.599733
0.633458
0.664796
0.693131
0.717798
0.738195
0.754133
0.77119
0.624971
0.655123
0.690297
0.72333
0.753798
0.781126
0.804588
0.823517
0.837195
0.854243
0.722
0.7557
0.79308
0.827298
0.857898
0.884558
0.906895
0.92446
0.936548
0.953975
0.83814
0.876077
0.915211
0.949905
0.979596
1.00463
1.02524
1.04132
1.05294
1.07104
0.983821
1.02261
1.0588
1.08971
1.11559
1.13786
1.15706
1.1727
1.18522
1.20325
1.15895
1.19092
1.21724
1.23977
1.25987
1.27869
1.29649
1.31303
1.32844
1.34653
1.34779
1.36512
1.38032
1.39664
1.41261
1.4272
1.44046
1.45443
1.47201
1.49218
1.52988
1.53931
1.55089
1.56173
1.57105
1.58068
1.59154
1.60294
1.61433
1.62969
1.73702
1.74072
1.7258
1.71101
1.70478
1.7105
1.72899
1.75933
1.79152
1.81819
2.04337
1.90851
1.83191
1.78961
1.77221
1.77618
1.8036
1.86002
1.96265
2.18702
0.323426
0.321296
0.31681
0.308181
0.295951
0.283813
0.273568
0.265644
0.259974
0.256634
0.256153
0.258747
0.263724
0.270844
0.280153
0.291634
0.304241
0.315246
0.321345
0.324386
0.247886
0.253731
0.260071
0.264562
0.267027
0.266694
0.263942
0.260103
0.256539
0.254189
0.253908
0.255951
0.259477
0.263655
0.267375
0.269191
0.268205
0.264683
0.259487
0.252853
0.239489
0.241785
0.24519
0.248189
0.250264
0.251756
0.252495
0.252148
0.251066
0.250081
0.250106
0.25137
0.253033
0.254209
0.254284
0.25331
0.251693
0.249302
0.246003
0.243068
0.23401
0.235095
0.236935
0.239324
0.241355
0.242785
0.243794
0.244511
0.244848
0.244962
0.245287
0.245898
0.246317
0.246229
0.245687
0.24473
0.243171
0.241012
0.238871
0.237471
0.228852
0.229512
0.230634
0.232366
0.234174
0.235824
0.237122
0.238107
0.238919
0.239586
0.240121
0.24044
0.240416
0.24006
0.239323
0.238118
0.236561
0.234907
0.233514
0.232717
0.223961
0.224417
0.225221
0.226559
0.22809
0.229644
0.23113
0.232416
0.233486
0.234404
0.235091
0.235376
0.235248
0.234719
0.233793
0.232601
0.2313
0.230022
0.229013
0.228478
0.219241
0.219575
0.22021
0.221348
0.222721
0.224162
0.225651
0.227115
0.228443
0.229571
0.230407
0.23076
0.230582
0.22996
0.229049
0.227999
0.226904
0.225832
0.225037
0.224644
0.214707
0.214959
0.215477
0.216474
0.21775
0.21913
0.220577
0.22207
0.223548
0.224897
0.225923
0.226371
0.22624
0.225713
0.224948
0.22405
0.223095
0.222194
0.22156
0.221261
0.210293
0.210481
0.210915
0.211828
0.213056
0.214411
0.215841
0.217352
0.218927
0.220473
0.221724
0.222338
0.222369
0.222019
0.221425
0.220674
0.219835
0.219055
0.218535
0.218308
0.205998
0.206135
0.206502
0.20735
0.208547
0.209897
0.21138
0.212972
0.21463
0.216316
0.217813
0.218741
0.219056
0.21891
0.218451
0.217822
0.217116
0.216448
0.216029
0.215859
0.20178
0.20187
0.202184
0.203006
0.204225
0.20561
0.207134
0.208834
0.210715
0.212688
0.214515
0.215752
0.216292
0.216352
0.216091
0.215611
0.215002
0.214412
0.214074
0.213957
0.197717
0.197761
0.198021
0.19878
0.19995
0.201314
0.202837
0.204567
0.206549
0.208777
0.211009
0.212697
0.213676
0.214127
0.214184
0.213952
0.213541
0.213107
0.212872
0.212804
0.193809
0.193821
0.194034
0.194712
0.195818
0.19718
0.198782
0.200703
0.202978
0.205599
0.208341
0.210545
0.21194
0.212713
0.213042
0.213092
0.212931
0.2127
0.212583
0.212551
0.18978
0.189782
0.18995
0.190521
0.191518
0.192828
0.194451
0.196502
0.19905
0.202145
0.205524
0.208388
0.210374
0.211665
0.212426
0.212835
0.213035
0.213081
0.213103
0.213092
0.185187
0.185181
0.185343
0.185856
0.186813
0.188161
0.189925
0.192237
0.195207
0.19891
0.203088
0.206767
0.209401
0.211228
0.212462
0.213296
0.213795
0.214088
0.214215
0.214214
0.179739
0.179728
0.179911
0.180443
0.181449
0.18292
0.184919
0.187619
0.191178
0.195703
0.20088
0.205511
0.208925
0.211369
0.213098
0.214305
0.21513
0.215637
0.215837
0.215841
0.173136
0.173118
0.173335
0.173969
0.175108
0.176802
0.179178
0.18243
0.186769
0.19233
0.198759
0.204577
0.208904
0.212057
0.214316
0.215944
0.217093
0.217775
0.218028
0.218038
0.165119
0.165088
0.165353
0.166144
0.167551
0.16964
0.172578
0.176628
0.182022
0.188937
0.196916
0.204135
0.20954
0.2135
0.216309
0.218337
0.21982
0.220662
0.220974
0.220998
0.155473
0.155424
0.155749
0.15675
0.158543
0.161186
0.164903
0.169992
0.176741
0.185352
0.19525
0.204191
0.21087
0.215742
0.219302
0.22189
0.223625
0.224614
0.224998
0.225035
0.143875
0.143802
0.144206
0.145461
0.147774
0.151174
0.155939
0.162393
0.170891
0.18163
0.193873
0.204869
0.213095
0.219112
0.223462
0.226596
0.228686
0.229887
0.230374
0.230427
0.129831
0.129738
0.130272
0.131883
0.134832
0.139221
0.145351
0.153598
0.16433
0.177733
0.19283
0.206282
0.216323
0.223677
0.229002
0.232786
0.235325
0.2368
0.237403
0.237465
0.112405
0.112295
0.113042
0.115167
0.118943
0.12472
0.132679
0.143313
0.156956
0.173696
0.192238
0.208583
0.220738
0.229643
0.236086
0.240662
0.243754
0.245563
0.246286
0.246353
0.0901665
0.0900541
0.0911756
0.094112
0.0991934
0.106871
0.117448
0.131336
0.148762
0.16963
0.192259
0.211938
0.226492
0.237155
0.244889
0.250408
0.254176
0.256383
0.257242
0.257308
0.0607531
0.0606806
0.0624888
0.0668285
0.0741156
0.0848616
0.0992719
0.117608
0.139878
0.165751
0.193109
0.216527
0.233743
0.246366
0.25557
0.262198
0.266765
0.269419
0.270422
0.27048
0.0199968
0.0201187
0.0234498
0.030766
0.042136
0.0579385
0.0780213
0.102345
0.130655
0.162393
0.195034
0.222502
0.242569
0.257316
0.268163
0.276084
0.281607
0.284771
0.2859
0.285939
-0.0398369
-0.0384674
-0.030405
-0.0166746
0.00233499
0.0262233
0.0542832
0.0862331
0.121681
0.159966
0.198248
0.229923
0.252933
0.269892
0.282504
0.291857
0.298482
0.302248
0.303509
0.303519
-0.111492
-0.109277
-0.0939778
-0.0701096
-0.0405815
-0.00719143
0.029643
0.0698018
0.112972
0.158579
0.203556
0.240636
0.267744
0.287981
0.303278
0.314846
0.323217
0.327912
0.329245
0.329361
-0.185219
-0.178049
-0.155492
-0.12166
-0.0823862
-0.0397795
0.00576297
0.0541343
0.105082
0.158086
0.209879
0.252497
0.283774
0.307364
0.325538
0.339586
0.349818
0.35498
0.357045
0.357534
-0.243969
-0.234986
-0.207695
-0.167129
-0.12032
-0.0699386
-0.0166365
0.039321
0.0975819
0.15759
0.215745
0.263351
0.298229
0.324542
0.3448
0.360444
0.371863
0.378239
0.381271
0.381938
-0.291708
-0.282181
-0.251435
-0.205979
-0.153446
-0.0968804
-0.0371036
0.0254749
0.0903142
0.156711
0.220656
0.272659
0.310522
0.338932
0.360737
0.37761
0.390047
0.397346
0.400728
0.401454
-0.331617
-0.321906
-0.288917
-0.239711
-0.182535
-0.120879
-0.0556575
0.0126299
0.083288
0.155433
0.224572
0.280415
0.320761
0.3508
0.3737
0.391315
0.404321
0.412255
0.415835
0.416607
-0.366273
-0.356504
-0.321844
-0.269592
-0.208637
-0.1427
-0.0727612
0.000544618
0.0763979
0.153749
0.227615
0.286898
0.329365
0.360679
0.384308
0.402315
0.415557
0.423756
0.427405
0.428213
-0.397252
-0.387477
-0.351555
-0.296749
-0.232613
-0.162986
-0.088914
-0.0111355
0.0694398
0.151591
0.22989
0.292384
0.336783
0.369196
0.393374
0.411586
0.424889
0.433173
0.436781
0.437648
-0.425753
-0.415947
-0.378975
-0.321992
-0.25514
-0.182283
-0.104546
-0.0227242
0.062188
0.148854
0.231396
0.297051
0.343344
0.376808
0.401517
0.419967
0.433331
0.441681
0.44532
0.446009
-0.452544
-0.442685
-0.404767
-0.345952
-0.276663
-0.200944
-0.119944
-0.0344605
0.0544645
0.145407
0.232108
0.300925
0.349201
0.383828
0.40916
0.427895
0.441353
0.449688
0.453323
0.453908
-0.4781
-0.468189
-0.429415
-0.369
-0.297503
-0.219241
-0.135313
-0.0465022
0.0461367
0.141149
0.231956
0.304079
0.354539
0.390512
0.4166
0.435724
0.449346
0.457674
0.461263
0.461832
-0.502851
-0.492782
-0.453197
-0.391322
-0.317884
-0.237354
-0.150787
-0.0589518
0.0371256
0.136015
0.23094
0.306576
0.359435
0.396957
0.423988
0.443644
0.457521
0.465885
0.469352
0.469909
-0.526952
-0.516658
-0.476364
-0.413097
-0.337928
-0.255372
-0.166435
-0.0718572
0.0273933
0.129985
0.22901
0.308307
0.363857
0.403199
0.431381
0.451712
0.465919
0.474329
0.477665
0.478168
-0.550453
-0.539951
-0.498981
-0.434424
-0.357699
-0.273329
-0.182278
-0.085227
0.016931
0.122995
0.226035
0.309185
0.367741
0.409223
0.438784
0.459932
0.474521
0.482949
0.486128
0.486531
-0.573488
-0.562695
-0.521026
-0.455323
-0.377212
-0.291229
-0.198296
-0.0990424
0.00573823
0.115011
0.221953
0.309103
0.370983
0.414957
0.446175
0.468286
0.483287
0.491702
0.494665
0.494932
-0.595967
-0.584907
-0.54255
-0.475791
-0.396438
-0.309029
-0.214441
-0.113255
-0.00614835
0.106051
0.216719
0.307917
0.37342
0.420303
0.453534
0.476777
0.492163
0.500428
0.503108
0.50324
-0.617917
-0.606576
-0.563526
-0.495802
-0.415336
-0.326681
-0.230655
-0.127786
-0.0186472
0.096161
0.210285
0.305497
0.374853
0.425096
0.460827
0.485462
0.501155
0.509045
0.511304
0.511289
-0.639186
-0.627623
-0.583901
-0.515306
-0.433849
-0.344102
-0.246856
-0.142545
-0.0316668
0.085406
0.202641
0.301724
0.375066
0.4291
0.467983
0.494515
0.510453
0.517525
0.519075
0.51889
-0.659867
-0.647997
-0.60364
-0.534261
-0.451935
-0.361243
-0.262944
-0.157443
-0.0451111
0.0738827
0.193821
0.296502
0.373826
0.431973
0.474778
0.504154
0.520648
0.52622
0.526336
0.525849
-0.679824
-0.667659
-0.622715
-0.552615
-0.469507
-0.378017
-0.278837
-0.172356
-0.05886
0.0616814
0.183897
0.289775
0.370928
0.433272
0.480696
0.51436
0.5328
0.536689
0.533758
0.53189
-0.699091
-0.686666
-0.641074
-0.570314
-0.486528
-0.394356
-0.294449
-0.1872
-0.0727912
0.0489572
0.172979
0.281516
0.366225
0.432521
0.484796
0.524284
0.54746
0.552405
0.545711
0.534973
-0.717591
-0.704963
-0.658823
-0.587509
-0.503202
-0.410541
-0.310119
-0.202384
-0.0873734
0.0351701
0.160476
0.271063
0.359065
0.429036
0.485605
0.531935
0.562895
0.57287
0.566934
0.55636
-0.735288
-0.72245
-0.675966
-0.604157
-0.519518
-0.426573
-0.325824
-0.217918
-0.102635
0.0202337
0.14625
0.258136
0.348825
0.422184
0.480555
0.531444
0.566319
0.580564
0.547949
0.49159
-0.751936
-0.738385
-0.692407
-0.620215
-0.5356
-0.442579
-0.341604
-0.233679
-0.118501
0.0042385
0.130295
0.242651
0.334696
0.411753
0.46844
0.511509
0.546462
0.541552
0.484467
0.41601
-0.767797
-0.75364
-0.707962
-0.635117
-0.551126
-0.45809
-0.357671
-0.249606
-0.134822
-0.0126351
0.112667
0.224531
0.315804
0.398875
0.449445
0.501865
0.480442
0.444405
0.374133
0.302003
-0.753285
-0.735372
-0.687343
-0.61103
-0.522329
-0.42579
-0.320354
-0.209653
-0.0922017
0.0328805
0.151573
0.250136
0.332809
0.419784
0.476895
0.392352
0.35041
0.288514
0.213018
0.162383
-0.777415
-0.76067
-0.725723
-0.658734
-0.575073
-0.482631
-0.382195
-0.274928
-0.16123
-0.0407587
0.0819312
0.191006
0.278039
0.355346
0.425238
0.428903
0.30761
0.22247
0.158365
0.0704916
-0.796713
-0.781038
-0.740176
-0.67179
-0.58789
-0.495984
-0.396771
-0.290529
-0.178016
-0.0592976
0.061128
0.167364
0.250945
0.315445
0.342163
0.272854
0.12436
0.0232258
-0.0553635
-0.149849
-0.816377
-0.804036
-0.758588
-0.688892
-0.604899
-0.512884
-0.413807
-0.308042
-0.196647
-0.0797712
0.0373662
0.13864
0.215217
0.263848
0.240439
0.106765
-0.0572543
-0.183937
-0.289027
-0.434039
-0.839142
-0.826202
-0.778846
-0.708045
-0.623809
-0.53179
-0.432911
-0.327878
-0.217797
-0.103119
0.0102342
0.105901
0.174454
0.204397
0.142015
-0.0529109
-0.251647
-0.420678
-0.576826
-0.784313
-0.86077
-0.848089
-0.799662
-0.727739
-0.643075
-0.551116
-0.452681
-0.348619
-0.240091
-0.127963
-0.0187701
0.0707664
0.130613
0.132859
0.0155527
-0.204413
-0.438797
-0.671111
-0.866274
-1.31345
-0.882109
-0.870009
-0.821125
-0.748374
-0.663368
-0.571419
-0.473434
-0.37035
-0.263481
-0.154122
-0.049401
0.0334024
0.0832553
0.0480918
-0.113392
-0.339267
-0.583609
-0.82676
-1.03826
-1.39036
-0.904226
-0.892327
-0.843415
-0.770178
-0.684948
-0.593003
-0.495431
-0.393298
-0.28814
-0.181708
-0.0816877
-0.00608904
0.0311942
-0.0287989
-0.230709
-0.448743
-0.673837
-0.869267
-0.952533
-0.989994
-0.927455
-0.915859
-0.866854
-0.79341
-0.708147
-0.616357
-0.519344
-0.418379
-0.315247
-0.212219
-0.1175
-0.0498659
-0.0268024
-0.113875
-0.336191
-0.541473
-0.727013
-0.856648
-0.895385
-0.909213
-0.952012
-0.940669
-0.891572
-0.818051
-0.732867
-0.641391
-0.545129
-0.44557
-0.344815
-0.245694
-0.156923
-0.0976363
-0.0937052
-0.21974
-0.431261
-0.622495
-0.78405
-0.853936
-0.873862
-0.876572
-0.978031
-0.96681
-0.917622
-0.844066
-0.759048
-0.668044
-0.572719
-0.474828
-0.376788
-0.282018
-0.199917
-0.14887
-0.174697
-0.323143
-0.520603
-0.69987
-0.821035
-0.870106
-0.861385
-0.859841
-1.00534
-0.994124
-0.944975
-0.871363
-0.786594
-0.696197
-0.602008
-0.50603
-0.411032
-0.321074
-0.246116
-0.204226
-0.253195
-0.423578
-0.602196
-0.765563
-0.824894
-0.844095
-0.848936
-0.849552
-1.03355
-1.02239
-0.973365
-0.899723
-0.815306
-0.725658
-0.632791
-0.538964
-0.44733
-0.362593
-0.295053
-0.264271
-0.328139
-0.518062
-0.678975
-0.803289
-0.852389
-0.844927
-0.845482
-0.845267
-1.06215
-1.05117
-1.00208
-0.9288
-0.844832
-0.756081
-0.664714
-0.573254
-0.485273
-0.40606
-0.346338
-0.32433
-0.410241
-0.611355
-0.752092
-0.839915
-0.854755
-0.84924
-0.844204
-0.842729
-1.09033
-1.07971
-1.0308
-0.958009
-0.874654
-0.786948
-0.697269
-0.608354
-0.524229
-0.450726
-0.399212
-0.384779
-0.505207
-0.711389
-0.832062
-0.834976
-0.863359
-0.864585
-0.859859
-0.856787
-1.11734
-1.10702
-1.05884
-0.986533
-0.904045
-0.81755
-0.729716
-0.643482
-0.563256
-0.495616
-0.452292
-0.450045
-0.598574
-0.824263
-0.955495
-0.914233
-0.925615
-0.926815
-0.924802
-0.920021
-1.14173
-1.13192
-1.08476
-1.0135
-0.932077
-0.846961
-0.761097
-0.6776
-0.601137
-0.539356
-0.503827
-0.516071
-0.683259
-0.938652
-1.23809
-1.27045
-1.14741
-1.0901
-1.07129
-1.05951
-1.16223
-1.1531
-1.10727
-1.03752
-0.957609
-0.874112
-0.79022
-0.709369
-0.636426
-0.579802
-0.551844
-0.570711
-0.752199
-0.971085
-1.35081
-1.55078
-1.30503
-1.27722
-1.25601
-1.23659
-1.17708
-1.16873
-1.12505
-1.05724
-0.979246
-0.897618
-0.815759
-0.73717
-0.667351
-0.614174
-0.594053
-0.610525
-0.777081
-0.788526
-0.51039
-0.536831
-0.967271
-1.25594
-1.26008
-1.26377
-1.18483
-1.17725
-1.13645
-1.07133
-0.995587
-0.916035
-0.83615
-0.759383
-0.691376
-0.640844
-0.625231
-0.649798
-0.830513
-0.830397
-0.580519
-0.725674
-1.1097
-1.32282
-1.29224
-1.30632
-1.18271
-1.17636
-1.14053
-1.07841
-1.00536
-0.928038
-0.849901
-0.774256
-0.706272
-0.656243
-0.640763
-0.693767
-1.04992
-1.69305
-2.50503
-3.14921
-3.28118
-2.91557
-2.40982
-2.06171
-1.16995
-1.16551
-1.13559
-1.07771
-1.00763
-0.932727
-0.855873
-0.780254
-0.710528
-0.655
-0.634684
-0.675334
-1.17631
-2.08407
-3.17815
-3.74858
-3.87219
-3.58939
-3.17739
-2.87525
-1.1467
-1.14336
-1.1204
-1.06903
-1.00239
-0.929793
-0.853706
-0.776651
-0.702641
-0.636589
-0.591669
-0.605819
-0.846707
-1.27296
-1.66861
-1.83155
-1.67009
-1.36177
-1.05025
-0.834325
-1.11526
-1.11306
-1.09705
-1.05325
-0.990764
-0.920097
-0.844053
-0.764604
-0.68296
-0.603058
-0.519127
-0.445142
-0.330045
-0.102757
0.306913
0.785196
1.25752
1.62713
1.83694
1.92804
-1.07917
-1.07789
-1.06746
-1.03302
-0.97517
-0.905753
-0.829354
-0.74659
-0.658484
-0.560568
-0.452839
-0.32544
-0.136144
0.325523
1.014
1.69176
2.22451
2.56201
2.73299
2.79098
-1.04278
-1.04203
-1.03659
-1.0106
-0.958543
-0.88982
-0.812786
-0.727852
-0.635308
-0.531988
-0.419547
-0.293974
-0.167677
0.186548
0.789263
1.35046
1.79871
2.08572
2.23813
2.29993
-1.01049
-1.00911
-1.00723
-0.991478
-0.944418
-0.875595
-0.796943
-0.711507
-0.619668
-0.520268
-0.413714
-0.316454
-0.218376
-0.0322747
0.383412
0.775743
1.07637
1.2748
1.38303
1.43415
-0.984999
-0.984472
-0.985371
-0.974409
-0.928945
-0.858282
-0.77918
-0.696367
-0.60971
-0.517101
-0.421259
-0.344076
-0.277808
-0.179064
0.104865
0.384974
0.603719
0.752927
0.831499
0.861918
-0.944711
-0.946277
-0.949405
-0.939797
-0.895858
-0.827365
-0.752545
-0.677101
-0.598977
-0.516097
-0.431946
-0.366504
-0.318189
-0.26368
-0.0755913
0.112553
0.256336
0.352188
0.402165
0.422283
-0.856768
-0.85912
-0.861482
-0.853517
-0.821366
-0.769102
-0.710445
-0.649213
-0.583979
-0.512588
-0.438949
-0.378975
-0.336103
-0.294161
-0.165213
-0.0446523
0.0416221
0.0984435
0.126542
0.13656
-0.740665
-0.741919
-0.742395
-0.738175
-0.722114
-0.694474
-0.658418
-0.615861
-0.566018
-0.507475
-0.442899
-0.384251
-0.33857
-0.29226
-0.217561
-0.146612
-0.092522
-0.0577665
-0.0406177
-0.0358129
-0.645428
-0.645945
-0.645752
-0.644951
-0.64044
-0.629719
-0.61159
-0.58507
-0.549242
-0.502225
-0.445677
-0.390252
-0.342282
-0.295526
-0.253801
-0.215412
-0.18167
-0.156972
-0.143028
-0.138829
-0.590024
-0.590256
-0.59008
-0.590971
-0.591054
-0.58767
-0.578592
-0.561871
-0.535854
-0.498604
-0.450936
-0.404633
-0.364909
-0.331883
-0.303915
-0.274178
-0.246847
-0.226004
-0.214281
-0.211201
-0.567002
-0.567113
-0.566829
-0.567479
-0.568197
-0.566768
-0.56123
-0.549559
-0.529071
-0.497308
-0.456773
-0.42294
-0.404094
-0.394193
-0.374077
-0.341426
-0.308965
-0.285262
-0.27243
-0.270354
-0.5668
-0.566666
-0.565991
-0.565841
-0.565795
-0.564155
-0.559369
-0.549411
-0.530925
-0.501039
-0.462398
-0.436228
-0.438703
-0.460816
-0.439947
-0.397855
-0.362305
-0.341133
-0.331084
-0.329102
-0.585748
-0.585329
-0.584335
-0.583522
-0.582532
-0.579969
-0.574642
-0.564703
-0.545999
-0.515527
-0.470204
-0.436998
-0.428818
-0.454654
-0.43707
-0.403415
-0.378531
-0.364753
-0.360318
-0.359004
-0.622241
-0.621647
-0.620439
-0.619316
-0.617874
-0.615099
-0.61017
-0.60144
-0.584064
-0.552878
-0.496463
-0.440187
-0.402472
-0.406649
-0.40225
-0.383175
-0.365393
-0.353823
-0.347727
-0.348467
-0.673843
-0.673051
-0.672151
-0.671364
-0.670639
-0.669842
-0.668997
-0.66719
-0.659736
-0.639056
-0.578747
-0.488433
-0.411783
-0.391411
-0.384454
-0.367713
-0.343008
-0.320301
-0.312048
-0.312503
-0.736557
-0.735862
-0.735648
-0.736154
-0.738109
-0.742974
-0.752767
-0.769734
-0.793769
-0.81632
-0.77812
-0.64225
-0.517749
-0.46703
-0.438461
-0.38823
-0.335495
-0.294133
-0.277024
-0.28157
-0.801572
-0.801302
-0.802477
-0.805581
-0.812756
-0.827897
-0.856826
-0.909456
-0.998709
-1.11357
-1.13152
-0.930829
-0.731561
-0.632755
-0.558745
-0.458781
-0.361337
-0.300025
-0.289964
-0.293792
-0.854534
-0.855029
-0.85808
-0.86474
-0.879032
-0.907844
-0.96266
-1.06576
-1.25211
-1.52136
-1.61197
-1.33293
-1.02576
-0.866559
-0.733067
-0.577012
-0.446242
-0.371471
-0.367143
-0.37426
-0.877029
-0.878393
-0.883261
-0.893221
-0.914209
-0.955994
-1.03576
-1.18883
-1.47182
-1.88718
-2.09214
-1.72149
-1.33318
-1.10829
-0.941316
-0.772566
-0.654176
-0.607853
-0.600659
-0.603201
-0.852788
-0.854795
-0.860342
-0.872072
-0.896815
-0.945578
-1.03852
-1.2169
-1.54938
-2.04385
-2.32349
-1.97107
-1.53719
-1.31807
-1.14419
-1.02631
-0.945584
-0.920239
-0.908082
-0.903526
-0.775531
-0.77771
-0.782972
-0.79416
-0.817664
-0.864128
-0.952968
-1.12444
-1.44452
-1.89801
-2.14235
-1.86845
-1.54654
-1.38711
-1.29496
-1.25292
-1.21855
-1.18033
-1.1596
-1.14926
-0.654299
-0.656218
-0.660101
-0.66849
-0.686681
-0.723172
-0.793379
-0.929146
-1.1841
-1.53375
-1.68073
-1.5222
-1.37054
-1.28826
-1.32114
-1.35978
-1.3271
-1.28356
-1.25724
-1.24394
-0.510103
-0.511257
-0.513176
-0.517705
-0.528705
-0.551689
-0.596725
-0.684745
-0.854636
-1.10347
-1.21701
-1.15606
-1.09087
-1.06368
-1.14707
-1.25319
-1.22243
-1.184
-1.16091
-1.14955
-0.365969
-0.366426
-0.366601
-0.367721
-0.372062
-0.38242
-0.403844
-0.446999
-0.534505
-0.685728
-0.781519
-0.768019
-0.722515
-0.725192
-0.839174
-0.938095
-0.934857
-0.920044
-0.910793
-0.905649
-0.240575
-0.240528
-0.239557
-0.238576
-0.238404
-0.239886
-0.24442
-0.255024
-0.278893
-0.332148
-0.381111
-0.366616
-0.348918
-0.411955
-0.542129
-0.602801
-0.614598
-0.616878
-0.618527
-0.61925
-0.143583
-0.14328
-0.141882
-0.140155
-0.13799
-0.135107
-0.131017
-0.124905
-0.11519
-0.0971869
-0.0750692
-0.0793502
-0.136492
-0.230435
-0.308108
-0.346633
-0.362573
-0.37049
-0.375752
-0.378655
-0.0760751
-0.0757188
-0.0744256
-0.072877
-0.0706136
-0.066893
-0.0607253
-0.0505644
-0.0339384
-0.00803065
0.018408
0.0102053
-0.048207
-0.11547
-0.162769
-0.184586
-0.196663
-0.203319
-0.207962
-0.210693
-0.033537
-0.0332454
-0.0323177
-0.0313639
-0.0299133
-0.0272243
-0.0224423
-0.0145003
-0.00200918
0.0155318
0.0300496
0.0211986
-0.0132881
-0.0501174
-0.075697
-0.0894212
-0.0959278
-0.0993898
-0.102062
-0.103803
-0.00183007
-0.00154854
-0.00101777
-0.000481912
-4.95136e-05
0.000381511
0.00105182
0.0021614
0.00378329
0.00579388
0.00546738
0.00195989
-0.00279606
-0.0063442
-0.00858268
-0.00942678
-0.00952434
-0.00965951
-0.010034
-0.0357635
-1.73853
-0.952563
-0.470759
-0.185546
0.0241723
0.18722
0.316557
0.424433
0.534867
0.628253
-0.573712
-0.347337
-0.14419
0.0254759
0.167246
0.284137
0.380399
0.459173
0.508359
0.515236
-0.187703
-0.0564327
0.0703732
0.183689
0.281399
0.364216
0.432211
0.48389
0.517438
0.537043
0.0507632
0.138835
0.224939
0.304174
0.373627
0.432989
0.481762
0.519918
0.54875
0.568987
0.221104
0.281103
0.344551
0.402916
0.454156
0.498599
0.536169
0.567157
0.592228
0.609984
0.353258
0.396974
0.446744
0.490349
0.530597
0.566316
0.597435
0.623879
0.645749
0.660528
0.462249
0.498417
0.538047
0.574328
0.608403
0.639543
0.667106
0.690661
0.709988
0.722102
0.559193
0.591452
0.626896
0.660769
0.692616
0.721912
0.747811
0.769691
0.787072
0.796878
0.652578
0.685859
0.722008
0.756772
0.788762
0.817641
0.842697
0.863403
0.879148
0.887556
0.756019
0.793857
0.832604
0.869378
0.901868
0.930104
0.953851
0.9731
0.987426
0.996053
0.883948
0.926498
0.965841
1.00201
1.03268
1.05857
1.0803
1.09808
1.11171
1.12196
1.04583
1.08758
1.12152
1.15105
1.17571
1.19736
1.21705
1.23456
1.24938
1.26213
1.23637
1.26727
1.28878
1.30802
1.32614
1.34344
1.35971
1.37558
1.39214
1.4091
1.43451
1.44597
1.45708
1.47123
1.48555
1.49843
1.50984
1.52074
1.53368
1.55058
1.62042
1.63034
1.63903
1.64148
1.64233
1.64663
1.65749
1.67348
1.69113
1.69574
1.92148
1.86611
1.81532
1.77508
1.75274
1.74873
1.76222
1.79603
1.85249
1.92806
0.465642
0.406948
0.364466
0.330602
0.305938
0.288371
0.275836
0.266871
0.260706
0.257141
0.256622
0.259336
0.264647
0.272482
0.283326
0.298325
0.319297
0.348365
0.387107
0.43492
0.267202
0.275955
0.281483
0.282302
0.278809
0.272749
0.26629
0.260776
0.256863
0.255091
0.256116
0.259563
0.26472
0.2711
0.277795
0.283013
0.284605
0.281347
0.273972
0.266301
0.244249
0.24628
0.250886
0.254395
0.2569
0.258316
0.258006
0.256233
0.253979
0.252305
0.252171
0.25383
0.256406
0.258909
0.260294
0.259883
0.257971
0.255127
0.251052
0.246656
0.237367
0.238234
0.240722
0.243442
0.245455
0.246809
0.247773
0.248183
0.247971
0.247604
0.247786
0.248685
0.24961
0.249947
0.249527
0.248587
0.247101
0.244801
0.242117
0.240134
0.231757
0.232219
0.233624
0.235659
0.237609
0.239187
0.240316
0.241172
0.241814
0.242262
0.242703
0.243125
0.243249
0.242983
0.242365
0.241277
0.239666
0.237755
0.236048
0.235015
0.226637
0.226923
0.227857
0.229361
0.231019
0.232643
0.234067
0.235207
0.236148
0.236961
0.237578
0.237855
0.237763
0.237321
0.236466
0.235233
0.233795
0.232354
0.231184
0.230543
0.221768
0.221968
0.222678
0.223902
0.22534
0.22683
0.228331
0.229729
0.230929
0.23194
0.232697
0.233016
0.232866
0.232273
0.231328
0.230202
0.229016
0.227852
0.226962
0.226507
0.217097
0.217244
0.217815
0.218876
0.220191
0.221597
0.223063
0.224555
0.225983
0.227232
0.228159
0.228543
0.228361
0.227762
0.226919
0.225947
0.224925
0.223943
0.223235
0.222894
0.212591
0.212702
0.213175
0.214127
0.21538
0.216749
0.218184
0.219685
0.221206
0.222645
0.223778
0.224303
0.224251
0.22381
0.223131
0.222303
0.221397
0.220554
0.21998
0.21972
0.208209
0.208291
0.208689
0.209564
0.210771
0.212115
0.213562
0.215101
0.216714
0.218338
0.219709
0.220455
0.220611
0.22037
0.219853
0.219168
0.218394
0.217671
0.217206
0.21701
0.20393
0.203989
0.20433
0.205166
0.206377
0.207745
0.209266
0.210933
0.212694
0.214496
0.216143
0.217236
0.217668
0.217604
0.21722
0.216653
0.215982
0.215342
0.214963
0.21482
0.19975
0.199787
0.200073
0.200869
0.202072
0.203446
0.204959
0.206664
0.208601
0.210719
0.212742
0.214168
0.214894
0.215148
0.215058
0.214705
0.214172
0.213641
0.21335
0.213259
0.195765
0.195785
0.19602
0.196738
0.197876
0.199236
0.200806
0.202627
0.204729
0.207113
0.209581
0.211537
0.212736
0.213343
0.213533
0.213434
0.213128
0.212781
0.2126
0.212553
0.191835
0.191843
0.19203
0.192654
0.193708
0.195045
0.196663
0.198648
0.201065
0.203932
0.20698
0.209477
0.211132
0.212128
0.212679
0.212898
0.212894
0.212788
0.212739
0.21272
0.187563
0.18758
0.187726
0.188257
0.189221
0.190536
0.192223
0.194373
0.197097
0.200459
0.204209
0.207478
0.209792
0.211361
0.212357
0.213001
0.213329
0.213493
0.213571
0.213568
0.182567
0.182578
0.182746
0.183255
0.184232
0.185632
0.187515
0.190015
0.193269
0.197362
0.20201
0.206128
0.209126
0.211239
0.212725
0.213732
0.214376
0.214769
0.214934
0.214937
0.176572
0.176583
0.176782
0.177341
0.178398
0.179971
0.182148
0.18509
0.188999
0.194004
0.199775
0.204978
0.208837
0.211632
0.213622
0.215038
0.216011
0.216598
0.216823
0.21683
0.16929
0.169301
0.169536
0.170219
0.171478
0.173364
0.176006
0.179626
0.184455
0.190656
0.197817
0.204291
0.209144
0.21269
0.215228
0.21705
0.218322
0.219068
0.219347
0.219365
0.160482
0.16049
0.16077
0.161632
0.163223
0.165592
0.168901
0.173425
0.179452
0.187165
0.196052
0.204092
0.210103
0.214456
0.217657
0.219997
0.221565
0.222447
0.222787
0.222819
0.1499
0.149903
0.150236
0.151314
0.153368
0.156403
0.160614
0.166338
0.173905
0.183515
0.194526
0.204449
0.211867
0.217294
0.221235
0.224076
0.225951
0.227012
0.227437
0.227484
0.137171
0.137172
0.137587
0.138936
0.141578
0.145472
0.150887
0.158167
0.167706
0.179704
0.193305
0.205477
0.214576
0.221236
0.226061
0.229495
0.231776
0.23307
0.233599
0.233658
0.121602
0.121605
0.122137
0.123869
0.127258
0.132333
0.139315
0.148659
0.16075
0.175728
0.192467
0.20731
0.218372
0.226483
0.232352
0.236512
0.239286
0.240887
0.241535
0.241598
0.102028
0.102036
0.102764
0.105102
0.109559
0.116276
0.125431
0.137559
0.152964
0.171659
0.192161
0.210118
0.223438
0.233201
0.240279
0.245306
0.248684
0.250643
0.251417
0.251482
0.0766585
0.0766791
0.0777493
0.0810971
0.0873376
0.0964645
0.108766
0.124695
0.144393
0.167652
0.192569
0.214069
0.229925
0.241551
0.250012
0.25607
0.260182
0.262561
0.26347
0.26353
0.0424276
0.0424846
0.0442874
0.0496299
0.0589887
0.0720587
0.0890288
0.110147
0.135284
0.163984
0.193924
0.219336
0.237959
0.251634
0.261659
0.268924
0.273905
0.276769
0.277818
0.277857
-0.00656569
-0.00623378
-0.00215724
0.00778015
0.0231126
0.042646
0.0664135
0.0943519
0.126106
0.161043
0.196473
0.226035
0.24757
0.263428
0.275177
0.283838
0.289874
0.293329
0.294528
0.294522
-0.0781039
-0.0755259
-0.0638202
-0.0441563
-0.0190781
0.0096269
0.0420654
0.078095
0.117347
0.159175
0.200608
0.234761
0.259618
0.278061
0.291966
0.302502
0.310059
0.314533
0.316173
0.316288
-0.154408
-0.14754
-0.126724
-0.0968192
-0.0617065
-0.0235957
0.0176313
0.0619148
0.10899
0.158331
0.206763
0.246673
0.275929
0.297915
0.314799
0.327969
0.337742
0.343656
0.346185
0.346593
-0.218209
-0.21131
-0.183694
-0.145467
-0.10185
-0.0551565
-0.00558725
0.0466822
0.101353
0.157911
0.212951
0.258136
0.291291
0.316335
0.335686
0.350735
0.361998
0.369419
0.371981
0.372326
-0.270043
-0.262729
-0.231399
-0.18737
-0.13737
-0.0837407
-0.0270637
0.0323184
0.0939672
0.157243
0.21836
0.268237
0.304688
0.332119
0.353233
0.369684
0.382038
0.390188
0.392885
0.393452
-0.312923
-0.305351
-0.271663
-0.223383
-0.168347
-0.109138
-0.046542
0.0189846
0.0868126
0.15616
0.222764
0.276741
0.3159
0.345187
0.367615
0.385018
0.397988
0.40645
0.409683
0.410384
-0.349532
-0.341811
-0.306507
-0.255056
-0.195836
-0.131965
-0.0643137
0.006554
0.0798738
0.154676
0.226227
0.283824
0.325256
0.35597
0.379283
0.397212
0.410523
0.419163
0.422724
0.423461
-0.381832
-0.374027
-0.337576
-0.28344
-0.220786
-0.152951
-0.0808873
-0.00528901
0.0729724
0.152762
0.228872
0.289783
0.33322
0.365092
0.389017
0.407199
0.420613
0.429222
0.432927
0.433675
-0.411235
-0.40334
-0.36596
-0.309549
-0.243976
-0.172691
-0.0967404
-0.0168942
0.0658909
0.150329
0.230759
0.294836
0.340191
0.373122
0.397563
0.415924
0.429392
0.437981
0.441789
0.442566
-0.438593
-0.430614
-0.392392
-0.334057
-0.265964
-0.191641
-0.11223
-0.0285365
0.058419
0.147247
0.231878
0.299102
0.346366
0.380396
0.405405
0.424018
0.43753
0.446046
0.449831
0.450725
-0.46457
-0.456479
-0.417513
-0.357555
-0.287116
-0.210094
-0.127598
-0.0404131
0.050403
0.143404
0.23216
0.302605
0.351938
0.387219
0.412915
0.431848
0.445464
0.453941
0.457627
0.458551
-0.48955
-0.481319
-0.441637
-0.380213
-0.307711
-0.228288
-0.14301
-0.0526504
0.0417383
0.138709
0.231572
0.30543
0.357064
0.393776
0.420315
0.439702
0.453506
0.461994
0.465564
0.466383
-0.513808
-0.505413
-0.465034
-0.402247
-0.327919
-0.24635
-0.158568
-0.0653282
0.0323655
0.13313
0.230113
0.307558
0.361724
0.400122
0.427701
0.447688
0.461769
0.470282
0.473743
0.474403
-0.53744
-0.528827
-0.487905
-0.423793
-0.347824
-0.264337
-0.174317
-0.0784694
0.0222686
0.126626
0.22767
0.308874
0.365883
0.406254
0.435099
0.455829
0.470256
0.478783
0.482123
0.482634
-0.560536
-0.551765
-0.510196
-0.444911
-0.367468
-0.282273
-0.190255
-0.0920673
0.0114404
0.119138
0.224147
0.309283
0.369466
0.412144
0.442497
0.464115
0.47893
0.48743
0.490587
0.490963
-0.583123
-0.574192
-0.531946
-0.465601
-0.386846
-0.30013
-0.206343
-0.106088
-0.000114037
0.110656
0.219492
0.308665
0.372325
0.4177
0.449874
0.472534
0.487752
0.496148
0.499037
0.499269
-0.605205
-0.59609
-0.553183
-0.485848
-0.405919
-0.317862
-0.222537
-0.120476
-0.0123213
0.101229
0.213662
0.306877
0.374285
0.422792
0.457203
0.481107
0.496673
0.504819
0.50735
0.50743
-0.626698
-0.617414
-0.573846
-0.505615
-0.424634
-0.335416
-0.238753
-0.135138
-0.0250904
0.0908962
0.20662
0.303795
0.375137
0.427224
0.464441
0.489949
0.505772
0.513347
0.515333
0.51525
-0.647561
-0.638093
-0.593892
-0.524855
-0.44294
-0.35271
-0.254909
-0.149978
-0.0383366
0.0797422
0.198379
0.299306
0.374652
0.43071
0.471455
0.499271
0.515409
0.521834
0.522823
0.522528
-0.667761
-0.658109
-0.613294
-0.543516
-0.460781
-0.369668
-0.270914
-0.164895
-0.0519517
0.0678603
0.188999
0.293336
0.372605
0.432856
0.477895
0.509229
0.526442
0.531094
0.529956
0.52911
-0.687245
-0.677408
-0.632015
-0.561553
-0.478088
-0.386235
-0.286685
-0.179794
-0.0658122
0.0553772
0.178554
0.285843
0.368819
0.433186
0.483043
0.519475
0.539898
0.543733
0.538946
0.535822
-0.706031
-0.696027
-0.650045
-0.578967
-0.494887
-0.402432
-0.302245
-0.194708
-0.0799487
0.0422559
0.166984
0.276627
0.363029
0.43119
0.485752
0.528642
0.555515
0.563324
0.556644
0.538859
-0.724148
-0.713941
-0.667503
-0.595922
-0.511407
-0.418571
-0.317971
-0.210103
-0.0949194
0.0278417
0.153581
0.264918
0.354385
0.426072
0.483934
0.533021
0.567515
0.575327
0.572837
0.525778
-0.741872
-0.730759
-0.684326
-0.612289
-0.52755
-0.434554
-0.333683
-0.225753
-0.110479
0.012381
0.138501
0.250728
0.342325
0.41743
0.475362
0.524351
0.559697
0.571091
0.521146
0.455309
-0.76015
-0.745546
-0.700337
-0.627992
-0.543609
-0.450558
-0.349627
-0.241647
-0.12663
-0.0041212
0.121661
0.23391
0.32586
0.405502
0.459895
0.49026
0.519327
0.500406
0.434769
0.36459
-0.778032
-0.780554
-0.719471
-0.640648
-0.55679
-0.463867
-0.365226
-0.257149
-0.142666
-0.0209122
0.103682
0.214849
0.305005
0.392697
0.423318
0.413303
0.431164
0.379638
0.306636
0.231762
-0.753615
-0.752577
-0.695399
-0.61791
-0.52936
-0.432986
-0.329795
-0.219399
-0.102454
0.021866
0.139501
0.237026
0.31652
0.401661
0.433772
0.33706
0.256241
0.192081
0.117206
-0.0385209
-0.793791
-0.768101
-0.708208
-0.630005
-0.541615
-0.445654
-0.343114
-0.23351
-0.117774
0.00458737
0.119095
0.212934
0.28532
0.340991
0.317488
0.192417
0.068407
-0.015783
-0.10378
-0.281337
-0.817515
-0.787006
-0.72644
-0.648303
-0.560091
-0.464431
-0.361872
-0.253216
-0.139046
-0.0192833
0.0914088
0.180028
0.243655
0.267973
0.193461
0.0218838
-0.126136
-0.235429
-0.357348
-0.611191
-0.840555
-0.807637
-0.745984
-0.667196
-0.578933
-0.483414
-0.381324
-0.273763
-0.161374
-0.0445776
0.0615183
0.143918
0.19591
0.186869
0.0486282
-0.153117
-0.340755
-0.496431
-0.672068
-1.08865
-0.862416
-0.828749
-0.766128
-0.68656
-0.59815
-0.502835
-0.401466
-0.295105
-0.184677
-0.0711705
0.0296887
0.105288
0.141414
0.0972588
-0.092948
-0.319977
-0.556222
-0.766693
-1.03648
-1.7298
-0.883884
-0.850331
-0.787089
-0.706968
-0.618389
-0.523303
-0.422634
-0.317544
-0.209257
-0.0993218
-0.00406666
0.0638305
0.0826577
-0.00362455
-0.223741
-0.460746
-0.706373
-0.939275
-1.14086
-1.94448
-0.906052
-0.872597
-0.809078
-0.72864
-0.639934
-0.545046
-0.445041
-0.34124
-0.235211
-0.129052
-0.0396101
0.0194196
0.0183307
-0.119872
-0.335863
-0.563686
-0.778764
-0.929054
-0.961578
-1.0172
-0.929316
-0.896029
-0.832362
-0.751839
-0.663164
-0.568619
-0.46944
-0.367188
-0.263805
-0.162026
-0.0788963
-0.0302948
-0.0571824
-0.229213
-0.436467
-0.638665
-0.803967
-0.883874
-0.902128
-0.911151
-0.953995
-0.920712
-0.857003
-0.776503
-0.688004
-0.593963
-0.49584
-0.395429
-0.29508
-0.198286
-0.121904
-0.0863978
-0.134655
-0.33084
-0.528707
-0.707626
-0.83796
-0.871976
-0.875871
-0.876069
-0.980129
-0.946727
-0.883012
-0.802565
-0.714364
-0.621013
-0.524163
-0.425877
-0.328978
-0.237709
-0.168832
-0.146819
-0.216894
-0.42592
-0.613711
-0.772553
-0.839955
-0.856393
-0.859524
-0.859408
-1.00756
-0.974007
-0.910305
-0.829953
-0.742161
-0.649658
-0.554292
-0.458424
-0.365363
-0.28009
-0.219496
-0.208013
-0.317711
-0.514717
-0.688399
-0.816745
-0.855427
-0.850113
-0.849612
-0.849166
-1.03578
-1.00211
-0.938609
-0.858446
-0.771183
-0.679695
-0.586025
-0.49286
-0.403979
-0.325146
-0.272956
-0.279196
-0.418309
-0.600986
-0.751122
-0.832627
-0.839807
-0.844474
-0.845153
-0.845182
-1.06444
-1.03082
-0.967515
-0.887694
-0.801093
-0.710783
-0.619006
-0.52879
-0.444379
-0.3724
-0.328293
-0.353371
-0.517225
-0.685025
-0.809497
-0.835802
-0.848313
-0.846325
-0.843113
-0.842349
-1.09262
-1.05953
-0.996406
-0.917163
-0.831369
-0.742399
-0.652705
-0.565614
-0.485919
-0.420963
-0.385509
-0.426817
-0.618476
-0.780669
-0.854434
-0.879128
-0.870847
-0.862105
-0.858072
-0.855538
-1.11959
-1.0871
-1.0247
-0.946113
-0.861297
-0.773836
-0.686373
-0.602486
-0.527625
-0.469657
-0.444069
-0.501399
-0.717485
-0.910931
-0.945103
-0.911948
-0.926053
-0.926648
-0.922234
-0.918005
-1.14394
-1.11244
-1.05113
-0.9736
-0.88996
-0.804167
-0.719004
-0.63833
-0.5681
-0.517175
-0.500271
-0.573922
-0.805574
-1.09317
-1.29855
-1.19041
-1.10858
-1.07903
-1.06488
-1.05494
-1.16428
-1.13434
-1.07431
-0.998403
-0.916258
-0.832227
-0.749342
-0.671753
-0.60554
-0.561575
-0.550748
-0.637621
-0.859889
-1.12982
-1.63429
-1.37548
-1.28491
-1.26679
-1.24441
-1.23336
-1.17895
-1.15103
-1.09306
-1.0191
-0.938814
-0.85672
-0.775969
-0.70095
-0.638134
-0.599428
-0.594941
-0.681235
-0.821114
-0.684765
-0.359643
-0.736666
-1.16162
-1.25998
-1.26323
-1.26326
-1.18637
-1.16084
-1.10587
-1.03436
-0.956191
-0.876134
-0.797294
-0.724016
-0.663593
-0.626725
-0.635993
-0.733716
-0.866141
-0.722066
-0.555174
-0.931204
-1.26032
-1.31707
-1.28589
-1.31087
-1.18489
-1.16266
-1.1115
-1.04285
-0.96713
-0.889067
-0.811705
-0.739071
-0.678394
-0.642575
-0.656086
-0.834432
-1.32153
-2.12896
-2.84135
-3.32913
-3.1332
-2.65799
-2.19961
-2.04841
-1.17185
-1.15451
-1.10906
-1.04369
-0.97074
-0.894534
-0.817842
-0.744509
-0.680284
-0.638353
-0.647863
-0.864257
-1.57968
-2.65094
-3.51833
-3.88278
-3.76323
-3.39257
-2.99548
-2.8238
-1.14827
-1.13547
-1.09751
-1.0369
-0.966815
-0.892197
-0.81528
-0.739084
-0.668542
-0.609885
-0.594225
-0.675266
-1.06125
-1.47776
-1.8027
-1.78486
-1.52407
-1.19851
-0.926934
-0.772381
-1.11654
-1.10786
-1.07841
-1.02354
-0.956211
-0.882807
-0.804803
-0.72417
-0.642819
-0.562391
-0.48152
-0.368491
-0.247047
0.0833942
0.543839
1.02574
1.46199
1.7505
1.89431
1.94647
-1.08021
-1.07489
-1.05367
-1.00619
-0.94145
-0.868518
-0.788819
-0.703558
-0.610689
-0.509536
-0.388557
-0.260048
0.0482782
0.661789
1.36104
1.98229
2.41735
2.66567
2.77297
2.7991
-1.04358
-1.04073
-1.02693
-0.987205
-0.925703
-0.852536
-0.771424
-0.682508
-0.586381
-0.475216
-0.358804
-0.230613
-0.0407228
0.48206
1.07934
1.59347
1.96205
2.17626
2.27807
2.31031
-1.00975
-1.0086
-1.00258
-0.971506
-0.911982
-0.837217
-0.755068
-0.666752
-0.571418
-0.465374
-0.364144
-0.266869
-0.160751
0.161766
0.59036
0.937583
1.18915
1.33827
1.41413
1.44451
-0.984417
-0.985021
-0.983107
-0.956055
-0.895603
-0.819223
-0.738366
-0.653921
-0.564273
-0.467794
-0.379442
-0.308686
-0.254825
-0.0497523
0.251393
0.502088
0.68829
0.799817
0.85154
0.865067
-0.944989
-0.948085
-0.947765
-0.922434
-0.863147
-0.790299
-0.715104
-0.638619
-0.55828
-0.472574
-0.395058
-0.34308
-0.30349
-0.178967
0.0224065
0.190342
0.310948
0.382008
0.415188
0.42406
-0.857705
-0.860602
-0.859796
-0.840713
-0.796439
-0.740368
-0.680459
-0.617487
-0.549362
-0.474584
-0.40581
-0.358808
-0.323274
-0.236166
-0.101413
0.00255192
0.0740388
0.115477
0.133438
0.136241
-0.741443
-0.742315
-0.741312
-0.731832
-0.70954
-0.677312
-0.637907
-0.591827
-0.537957
-0.474859
-0.412282
-0.36247
-0.318402
-0.262383
-0.181649
-0.116951
-0.0724434
-0.0472706
-0.0370977
-0.0367165
-0.645914
-0.645824
-0.645615
-0.643338
-0.63587
-0.621548
-0.599301
-0.568182
-0.527003
-0.474031
-0.417839
-0.365957
-0.317919
-0.274852
-0.236015
-0.197246
-0.168126
-0.148697
-0.139707
-0.14025
-0.590333
-0.590078
-0.590395
-0.591328
-0.58989
-0.58392
-0.571543
-0.550172
-0.518088
-0.474961
-0.427383
-0.384088
-0.340812
-0.317091
-0.289646
-0.25989
-0.235368
-0.219032
-0.211716
-0.212915
-0.567206
-0.566913
-0.567013
-0.567972
-0.567882
-0.564704
-0.55656
-0.540738
-0.514785
-0.477285
-0.438173
-0.411673
-0.397413
-0.382443
-0.359037
-0.324675
-0.295473
-0.277485
-0.270157
-0.272105
-0.566866
-0.566316
-0.565823
-0.565904
-0.56528
-0.562272
-0.555257
-0.541642
-0.517671
-0.481995
-0.445971
-0.431534
-0.44741
-0.456805
-0.418195
-0.378675
-0.349942
-0.335164
-0.329116
-0.329913
-0.585656
-0.584851
-0.583885
-0.583126
-0.58153
-0.577716
-0.57039
-0.557104
-0.532715
-0.493065
-0.45063
-0.428847
-0.442874
-0.448472
-0.420429
-0.388913
-0.370269
-0.361993
-0.359147
-0.35964
-0.622024
-0.621071
-0.619863
-0.618697
-0.616708
-0.612948
-0.606407
-0.594602
-0.57043
-0.525794
-0.467485
-0.41647
-0.403141
-0.407992
-0.393069
-0.37383
-0.358589
-0.349555
-0.347881
-0.349054
-0.673465
-0.6726
-0.671737
-0.671011
-0.670249
-0.669419
-0.66828
-0.664775
-0.651717
-0.61362
-0.536571
-0.443306
-0.396798
-0.392208
-0.378751
-0.354922
-0.331497
-0.314734
-0.310792
-0.312492
-0.736141
-0.735689
-0.735786
-0.736888
-0.740075
-0.747117
-0.760156
-0.780956
-0.806948
-0.810143
-0.718616
-0.571222
-0.482358
-0.455696
-0.416704
-0.362125
-0.310178
-0.281786
-0.280133
-0.282297
-0.801246
-0.801709
-0.803711
-0.808475
-0.819055
-0.840196
-0.879409
-0.948786
-1.05731
-1.15174
-1.04671
-0.818376
-0.667514
-0.597085
-0.510156
-0.408811
-0.325953
-0.287103
-0.292115
-0.29443
-0.854462
-0.856228
-0.860799
-0.870602
-0.891121
-0.931035
-1.00632
-1.1466
-1.38064
-1.61802
-1.50862
-1.15985
-0.933633
-0.804707
-0.65558
-0.504149
-0.40127
-0.366204
-0.37066
-0.377196
-0.877302
-0.880379
-0.887334
-0.901857
-0.931791
-0.989625
-1.10005
-1.31121
-1.67201
-2.05243
-1.97491
-1.50349
-1.19894
-1.03239
-0.851479
-0.705534
-0.616001
-0.601886
-0.601378
-0.605909
-0.8534
-0.857071
-0.865166
-0.882279
-0.917345
-0.98476
-1.11331
-1.3597
-1.7901
-2.2476
-2.22451
-1.72268
-1.41326
-1.23397
-1.07487
-0.98237
-0.932667
-0.913214
-0.904743
-0.904607
-0.776342
-0.779872
-0.787566
-0.80382
-0.837211
-0.901541
-1.02488
-1.26244
-1.66703
-2.07479
-2.06421
-1.68714
-1.44713
-1.3227
-1.27473
-1.23417
-1.19542
-1.16866
-1.15304
-1.14849
-0.655136
-0.65781
-0.663509
-0.675914
-0.70199
-0.752707
-0.850314
-1.03892
-1.35917
-1.6514
-1.62358
-1.42859
-1.33237
-1.29248
-1.34295
-1.35423
-1.30304
-1.26846
-1.24905
-1.24179
-0.510703
-0.51201
-0.514939
-0.52213
-0.538274
-0.57057
-0.633522
-0.756892
-0.977172
-1.19029
-1.19264
-1.12134
-1.06679
-1.09658
-1.21831
-1.24764
-1.20191
-1.17063
-1.15401
-1.14628
-0.36634
-0.366427
-0.366944
-0.369363
-0.376276
-0.39131
-0.421743
-0.48334
-0.604378
-0.75349
-0.780949
-0.748438
-0.702169
-0.770548
-0.90555
-0.9412
-0.927034
-0.914738
-0.907815
-0.904045
-0.240752
-0.240051
-0.239062
-0.238343
-0.238881
-0.241652
-0.248689
-0.264602
-0.300271
-0.359236
-0.378522
-0.356584
-0.36897
-0.466204
-0.580099
-0.611144
-0.615945
-0.617749
-0.619099
-0.618756
-0.143633
-0.142636
-0.141105
-0.139124
-0.136664
-0.133253
-0.128284
-0.120632
-0.107994
-0.0839574
-0.0815078
-0.0945349
-0.182775
-0.273715
-0.333145
-0.356842
-0.36705
-0.373358
-0.377595
-0.378758
-0.0760638
-0.07513
-0.0737356
-0.0718552
-0.0689854
-0.0641894
-0.0562659
-0.0432447
-0.022258
0.00734068
0.0207874
-0.0130612
-0.0841869
-0.142044
-0.175262
-0.19152
-0.200382
-0.205825
-0.209653
-0.21094
-0.0335099
-0.032818
-0.0318621
-0.0307135
-0.0287733
-0.0251483
-0.0189434
-0.00890746
0.00622328
0.0245595
0.0296186
0.0063586
-0.0328794
-0.0645769
-0.0838857
-0.0933021
-0.0978384
-0.100788
-0.103122
-0.103995
-0.00927486
-0.00909579
-0.0085737
-0.00816755
-0.00756523
-0.00639235
-0.00423605
-0.000688691
0.00472472
0.011772
0.0162849
0.0114916
-0.00211861
-0.0163919
-0.0262227
-0.031254
-0.0331785
-0.0340317
-0.0349728
-0.0358561
-1.27425
-0.663308
-0.316515
-0.0761448
0.109681
0.254417
0.373238
0.476322
0.593508
0.586864
-0.410144
-0.238789
-0.0555258
0.0998549
0.228678
0.334486
0.422172
0.488873
0.517165
0.521295
-0.104016
0.00846073
0.129099
0.234454
0.324646
0.400099
0.460286
0.502744
0.529251
0.545836
0.106264
0.182979
0.265805
0.340156
0.404603
0.458718
0.50213
0.535322
0.560824
0.57913
0.261169
0.316738
0.374697
0.429401
0.477235
0.51823
0.552457
0.580351
0.603154
0.621279
0.383553
0.424307
0.468759
0.511036
0.549032
0.582445
0.611258
0.635318
0.655148
0.672818
0.486524
0.518776
0.556457
0.591688
0.624389
0.653798
0.679421
0.700817
0.71798
0.735308
0.579449
0.609206
0.644083
0.676964
0.707639
0.735324
0.759294
0.778942
0.793709
0.810843
0.671987
0.703757
0.739723
0.773116
0.803635
0.830681
0.853627
0.87192
0.884723
0.902002
0.776935
0.813013
0.851505
0.886143
0.916534
0.94255
0.964054
0.980873
0.992606
1.01048
0.907017
0.946186
0.984612
1.01799
1.04617
1.06993
1.0897
1.10534
1.11725
1.13553
1.06837
1.10499
1.137
1.16386
1.18682
1.20743
1.22614
1.24225
1.25602
1.27391
1.25324
1.27855
1.2986
1.31718
1.33491
1.35172
1.36764
1.38369
1.40085
1.42001
1.44021
1.45115
1.46394
1.47854
1.49219
1.5043
1.51526
1.52666
1.54209
1.56153
1.62218
1.6357
1.64078
1.64178
1.64377
1.65119
1.66496
1.68259
1.69635
1.7077
1.89113
1.84058
1.79313
1.76158
1.74858
1.75315
1.77639
1.82146
1.88817
1.9823
0.322266
0.319255
0.313192
0.30226
0.28976
0.278436
0.269353
0.262553
0.258015
0.256006
0.257094
0.260941
0.266988
0.275182
0.285615
0.297884
0.310201
0.318889
0.323395
0.32555
0.250576
0.257226
0.262476
0.266089
0.267194
0.265547
0.262069
0.258234
0.255175
0.253744
0.254676
0.257566
0.261532
0.26566
0.268614
0.269088
0.266726
0.262312
0.255997
0.250166
0.240494
0.243457
0.246822
0.249313
0.251071
0.252243
0.252444
0.251653
0.250509
0.249924
0.250623
0.252205
0.253736
0.254409
0.253904
0.25258
0.250623
0.247709
0.24435
0.242059
0.234476
0.235903
0.238125
0.240407
0.242134
0.243323
0.24419
0.244724
0.244907
0.245078
0.245585
0.246161
0.246345
0.246009
0.245274
0.244042
0.242155
0.239869
0.238084
0.237
0.229155
0.229977
0.231463
0.233266
0.23503
0.236516
0.23764
0.238529
0.239267
0.239874
0.240322
0.240474
0.240282
0.23975
0.238783
0.237373
0.235742
0.234132
0.23307
0.232408
0.22418
0.224739
0.225854
0.227311
0.228865
0.2304
0.231799
0.23297
0.23396
0.234793
0.235292
0.235362
0.235039
0.234305
0.233222
0.231962
0.230646
0.229453
0.228712
0.228252
0.219405
0.219821
0.220738
0.222027
0.223431
0.2249
0.226389
0.227798
0.22903
0.230043
0.230657
0.230736
0.230322
0.229533
0.228537
0.227454
0.226345
0.225379
0.224812
0.224472
0.214831
0.215155
0.215929
0.217095
0.218428
0.219844
0.221317
0.222814
0.224243
0.225475
0.226233
0.22637
0.226018
0.225355
0.224514
0.223575
0.222621
0.221829
0.221387
0.221126
0.210385
0.21064
0.211319
0.212418
0.213722
0.215114
0.216584
0.218132
0.219709
0.221171
0.222123
0.222415
0.222234
0.221749
0.221067
0.22026
0.219423
0.218752
0.218403
0.218203
0.206064
0.206264
0.206868
0.207921
0.209203
0.21062
0.212162
0.213792
0.215473
0.217124
0.218368
0.218967
0.219034
0.218712
0.218152
0.217481
0.216761
0.2162
0.215929
0.215778
0.201822
0.201974
0.202529
0.203584
0.204897
0.20635
0.207957
0.209751
0.211693
0.213661
0.215236
0.216097
0.216373
0.216255
0.215875
0.215322
0.214687
0.214206
0.214003
0.213896
0.197734
0.197842
0.198333
0.199332
0.200611
0.20205
0.203671
0.205523
0.207632
0.209945
0.211954
0.213264
0.213958
0.214203
0.214099
0.213763
0.21331
0.21296
0.21283
0.212763
0.193806
0.193884
0.194306
0.195228
0.19647
0.197945
0.199694
0.201794
0.204245
0.207012
0.209556
0.211339
0.212392
0.212919
0.213096
0.21303
0.21281
0.212624
0.212566
0.212522
0.189773
0.189829
0.190174
0.190978
0.192137
0.193592
0.195418
0.197705
0.200528
0.20387
0.207083
0.209472
0.211096
0.212111
0.212658
0.212963
0.213067
0.213094
0.213104
0.213065
0.18517
0.185233
0.185544
0.186284
0.187444
0.18898
0.191003
0.193633
0.196962
0.201024
0.205062
0.208204
0.210404
0.211898
0.212926
0.213575
0.213965
0.214172
0.214227
0.214183
0.179717
0.179787
0.180121
0.180888
0.182127
0.183843
0.186172
0.189278
0.193314
0.198314
0.203357
0.207356
0.210251
0.212312
0.21375
0.214757
0.215425
0.215772
0.215855
0.215803
0.173106
0.173188
0.173591
0.174473
0.17588
0.177892
0.18068
0.184452
0.189387
0.195565
0.201865
0.206908
0.210606
0.213281
0.215198
0.216573
0.217495
0.217947
0.218053
0.217994
0.165078
0.165171
0.165673
0.166769
0.168504
0.170986
0.174446
0.17914
0.185281
0.19295
0.200768
0.207045
0.211668
0.215034
0.217395
0.219153
0.220322
0.22087
0.221011
0.220948
0.155417
0.155524
0.15615
0.157549
0.159749
0.162889
0.167257
0.173137
0.180802
0.190336
0.200017
0.207778
0.213506
0.217656
0.2207
0.222854
0.224214
0.224867
0.225048
0.224977
0.143798
0.143924
0.144707
0.146489
0.149322
0.153365
0.158928
0.166365
0.175968
0.187805
0.199742
0.209294
0.216341
0.221461
0.225186
0.227747
0.229394
0.230206
0.230439
0.23036
0.129729
0.129903
0.130924
0.133182
0.136836
0.142042
0.149178
0.158628
0.170687
0.185367
0.200021
0.211682
0.220288
0.226558
0.231066
0.234199
0.236188
0.237196
0.23748
0.237385
0.112272
0.112535
0.11391
0.116836
0.121573
0.128394
0.137632
0.149733
0.164932
0.183107
0.200989
0.215119
0.225541
0.233129
0.238579
0.242379
0.244814
0.246041
0.246375
0.246256
0.0899941
0.0904286
0.0923928
0.096365
0.102684
0.111763
0.12395
0.139588
0.158763
0.181166
0.202818
0.219768
0.23224
0.241337
0.24789
0.252495
0.255472
0.256957
0.257339
0.257191
0.060532
0.061312
0.0643217
0.0700701
0.0790482
0.0915773
0.107926
0.128238
0.152365
0.17977
0.205706
0.225793
0.240542
0.251333
0.259164
0.264726
0.268331
0.270096
0.270525
0.27034
0.0197379
0.0213271
0.0266229
0.0359099
0.0494973
0.0674243
0.0896357
0.115991
0.146095
0.179212
0.209848
0.233305
0.250501
0.263154
0.272441
0.279141
0.283488
0.285547
0.286
0.285775
-0.0400632
-0.035201
-0.0241629
-0.00786771
0.0137183
0.0397135
0.0697454
0.103499
0.140456
0.179802
0.215376
0.242314
0.26204
0.276656
0.287538
0.295507
0.30074
0.303134
0.303598
0.303342
-0.111661
-0.103089
-0.0828527
-0.0559536
-0.0243777
0.0107401
0.0492465
0.0909572
0.135422
0.181932
0.223604
0.255203
0.278574
0.296151
0.309474
0.319434
0.326079
0.328909
0.329346
0.329329
-0.183552
-0.168798
-0.139476
-0.102574
-0.0615368
-0.0174528
0.0295115
0.0792098
0.131256
0.185013
0.232913
0.269276
0.296354
0.317018
0.33302
0.345282
0.353008
0.356261
0.357441
0.357605
-0.241916
-0.223505
-0.188543
-0.144324
-0.0956139
-0.0437376
0.0109169
0.0680715
0.127281
0.187874
0.241495
0.282062
0.31226
0.335303
0.353142
0.366726
0.375702
0.380136
0.381776
0.382019
-0.289602
-0.269224
-0.229991
-0.180386
-0.125702
-0.0674849
-0.00626282
0.0575149
0.123223
0.190062
0.248827
0.293003
0.325688
0.35052
0.369718
0.384386
0.394404
0.399427
0.401311
0.401541
-0.329549
-0.308128
-0.265736
-0.211872
-0.152299
-0.0888136
-0.0219959
0.0475608
0.11908
0.191541
0.254879
0.302135
0.336825
0.362989
0.383088
0.39842
0.408981
0.4145
0.416449
0.416672
-0.364262
-0.342146
-0.29724
-0.239936
-0.176327
-0.108331
-0.0366315
0.0380504
0.114791
0.192372
0.259849
0.309808
0.346153
0.373287
0.393925
0.409545
0.420332
0.426056
0.428069
0.428246
-0.39529
-0.372695
-0.325785
-0.265571
-0.198524
-0.126605
-0.0505937
0.0286994
0.110224
0.192566
0.263928
0.316389
0.354207
0.382133
0.403126
0.418845
0.429697
0.435465
0.437443
0.437649
-0.423784
-0.400832
-0.352227
-0.289529
-0.219498
-0.144126
-0.0642553
0.0192404
0.10521
0.192068
0.267203
0.322138
0.361376
0.390061
0.411415
0.427271
0.438149
0.444031
0.445883
0.445966
-0.450613
-0.427221
-0.377163
-0.31234
-0.239645
-0.161213
-0.0778748
0.00946269
0.0995899
0.190802
0.269674
0.327127
0.367898
0.397449
0.419233
0.435262
0.446164
0.452052
0.453841
0.453826
-0.476215
-0.452374
-0.401099
-0.334327
-0.259261
-0.1781
-0.0916365
-0.000775828
0.0932527
0.188669
0.271336
0.331496
0.374001
0.404569
0.426903
0.443194
0.454183
0.459999
0.461776
0.46173
-0.500935
-0.476637
-0.424277
-0.355715
-0.278555
-0.194946
-0.105649
-0.0115641
0.086114
0.185643
0.272224
0.335318
0.379761
0.41155
0.434599
0.451272
0.462404
0.468144
0.469858
0.469778
-0.524979
-0.500239
-0.446831
-0.376664
-0.297627
-0.211821
-0.119981
-0.0229458
0.0781533
0.181681
0.272254
0.338513
0.385192
0.418439
0.442379
0.459545
0.470859
0.476535
0.478119
0.478023
-0.548469
-0.523242
-0.46885
-0.397245
-0.31653
-0.228768
-0.134641
-0.0349254
0.0693469
0.176692
0.271302
0.341002
0.390253
0.425236
0.450252
0.468007
0.479512
0.485083
0.486512
0.486367
-0.571429
-0.545701
-0.490361
-0.417478
-0.335269
-0.245763
-0.149602
-0.0474922
0.0596646
0.170618
0.269286
0.342674
0.394849
0.431897
0.458202
0.476631
0.488316
0.493732
0.494965
0.494741
-0.593826
-0.567638
-0.511381
-0.437349
-0.35381
-0.262771
-0.164826
-0.0606024
0.0491397
0.163461
0.266103
0.343366
0.398846
0.438366
0.46623
0.485401
0.497164
0.502314
0.503317
0.503027
-0.615676
-0.589025
-0.531895
-0.456816
-0.372104
-0.279733
-0.180239
-0.0741789
0.0378546
0.155221
0.26167
0.342911
0.402038
0.44454
0.47437
0.494366
0.506014
0.510693
0.511411
0.51106
-0.636884
-0.609783
-0.55185
-0.475843
-0.390097
-0.296567
-0.195749
-0.088122
0.0258827
0.145926
0.255918
0.341128
0.404187
0.450234
0.482673
0.503751
0.514957
0.518745
0.51905
0.518663
-0.657473
-0.629864
-0.571215
-0.494364
-0.407716
-0.313197
-0.21126
-0.102325
0.0133113
0.135652
0.248817
0.337861
0.40499
0.455125
0.491107
0.514021
0.524554
0.526577
0.526055
0.525681
-0.677316
-0.649268
-0.589938
-0.512329
-0.4249
-0.329544
-0.226692
-0.116702
0.000269575
0.124506
0.240379
0.332984
0.404132
0.458683
0.499309
0.52565
0.536274
0.535462
0.532553
0.531709
-0.696512
-0.667966
-0.607975
-0.529682
-0.441579
-0.345523
-0.241923
-0.131112
-0.0131045
0.112605
0.230666
0.32641
0.40134
0.460171
0.506269
0.538256
0.552006
0.550015
0.54092
0.522675
-0.714974
-0.685959
-0.625465
-0.54662
-0.458041
-0.361467
-0.257372
-0.146026
-0.0273485
0.0993819
0.219066
0.317437
0.396049
0.458581
0.51016
0.54979
0.570691
0.571793
0.555337
0.567127
-0.732838
-0.703239
-0.642358
-0.563085
-0.474237
-0.377312
-0.273027
-0.161409
-0.0424532
0.084768
0.205439
0.30555
0.387671
0.452772
0.506594
0.551483
0.576312
0.576336
0.515464
0.493018
-0.750678
-0.720373
-0.658406
-0.57867
-0.489691
-0.392623
-0.288685
-0.177
-0.0581251
0.0689959
0.189879
0.290512
0.375621
0.442551
0.490515
0.533619
0.549758
0.519131
0.447
0.401757
-0.76913
-0.738101
-0.673166
-0.593076
-0.504016
-0.407269
-0.30399
-0.19263
-0.07427
0.052115
0.172333
0.272339
0.358374
0.42904
0.473525
0.481415
0.468035
0.410858
0.335529
0.28886
-0.371865
-0.26402
-0.149855
-0.0286326
0.0948835
0.2047
0.292766
0.144384
-0.78874
-0.76967
-0.732468
-0.665095
-0.581332
-0.489289
-0.389593
-0.282946
-0.169851
-0.050239
0.0714702
0.179502
0.265397
0.337092
0.388266
0.35823
0.212463
0.122049
0.0512855
-0.805449
-0.792576
-0.748933
-0.67983
-0.595872
-0.503916
-0.404837
-0.298847
-0.18688
-0.0690578
0.0498083
0.153724
0.234076
0.290878
0.291568
0.188435
0.0353682
-0.0774896
-0.171709
-0.827664
-0.815077
-0.76857
-0.698381
-0.614301
-0.522278
-0.423252
-0.317798
-0.207027
-0.0911995
0.0240928
0.122623
0.195353
0.235021
0.192092
0.0265232
-0.153404
-0.29909
-0.426701
-0.849916
-0.837072
-0.789127
-0.717795
-0.633352
-0.541367
-0.442695
-0.338128
-0.22881
-0.11537
-0.00404112
0.0886579
0.153125
0.170768
0.0824077
-0.130062
-0.347758
-0.548039
-0.739628
-0.871199
-0.858918
-0.810225
-0.737899
-0.653072
-0.561118
-0.462924
-0.359362
-0.251657
-0.140905
-0.0339308
0.0522975
0.107561
0.08992
-0.0505622
-0.275058
-0.519084
-0.757471
-0.974061
-0.892724
-0.880886
-0.832039
-0.759074
-0.673947
-0.58198
-0.484194
-0.381568
-0.275515
-0.167558
-0.0650959
0.0142546
0.0584241
0.00882441
-0.173081
-0.396132
-0.634895
-0.865393
-1.00792
-1.05249
-0.915364
-0.903774
-0.85486
-0.781591
-0.696349
-0.604458
-0.507146
-0.405564
-0.30138
-0.196585
-0.0991238
-0.0273773
0.00267607
-0.0678914
-0.285164
-0.497005
-0.702052
-0.863697
-0.91383
-0.942545
-0.939135
-0.927884
-0.878909
-0.805527
-0.720312
-0.628669
-0.531996
-0.431704
-0.32972
-0.228582
-0.136743
-0.0731499
-0.0583506
-0.165673
-0.384562
-0.583056
-0.755835
-0.858079
-0.889978
-0.89071
-0.964378
-0.953276
-0.904272
-0.830851
-0.745769
-0.654518
-0.558695
-0.459944
-0.360501
-0.263493
-0.177963
-0.122581
-0.134023
-0.271969
-0.476832
-0.662398
-0.808246
-0.858388
-0.864193
-0.866329
-0.990991
-0.979902
-0.930988
-0.857511
-0.772652
-0.681933
-0.587156
-0.490187
-0.393627
-0.301197
-0.22261
-0.17557
-0.214449
-0.373524
-0.562567
-0.73564
-0.833465
-0.855772
-0.853619
-0.853484
-1.01873
-1.00758
-0.958884
-0.885362
-0.800807
-0.710776
-0.61722
-0.522285
-0.428938
-0.341538
-0.270216
-0.233402
-0.291376
-0.471352
-0.641254
-0.789543
-0.825589
-0.839143
-0.845418
-0.846385
-1.04705
-1.03595
-0.987451
-0.914123
-0.829978
-0.740772
-0.648625
-0.555954
-0.466114
-0.384117
-0.3204
-0.294159
-0.367648
-0.563676
-0.718297
-0.821796
-0.871495
-0.851521
-0.84483
-0.843704
-1.07527
-1.0644
-1.01622
-0.943317
-0.859729
-0.77149
-0.680941
-0.59073
-0.504658
-0.428287
-0.372611
-0.353859
-0.457056
-0.659731
-0.791672
-0.845413
-0.852046
-0.852798
-0.848739
-0.846279
-1.10252
-1.09216
-1.04467
-0.972252
-0.889437
-0.802327
-0.713545
-0.625954
-0.543783
-0.473188
-0.425771
-0.416529
-0.553066
-0.765111
-0.886116
-0.857509
-0.883757
-0.887171
-0.882647
-0.879175
-1.12805
-1.11796
-1.07189
-1.00011
-0.918271
-0.83246
-0.745594
-0.660722
-0.582402
-0.517699
-0.478279
-0.483308
-0.641648
-0.884686
-1.07814
-1.02998
-1.00895
-0.992647
-0.984929
-0.97887
-1.15032
-1.14074
-1.09612
-1.02583
-0.945184
-0.860895
-0.776
-0.693851
-0.619175
-0.560117
-0.528265
-0.545175
-0.721238
-0.970559
-1.39575
-1.54936
-1.28966
-1.20482
-1.18127
-1.159
-1.16758
-1.15871
-1.11629
-1.04787
-0.968964
-0.886397
-0.803508
-0.723846
-0.652543
-0.59788
-0.573722
-0.592507
-0.771352
-0.912313
-1.00513
-1.16748
-1.19757
-1.27017
-1.26592
-1.26249
-1.1784
-1.17053
-1.13092
-1.06501
-0.988126
-0.907546
-0.826671
-0.749048
-0.680362
-0.628562
-0.61164
-0.624673
-0.788586
-0.725876
-0.257662
-0.321646
-0.861456
-1.22094
-1.2624
-1.27584
-1.18093
-1.17452
-1.13855
-1.07583
-1.00135
-0.922901
-0.84392
-0.767813
-0.700038
-0.650322
-0.634396
-0.669584
-0.921186
-1.20486
-1.47815
-1.90228
-2.17516
-1.95047
-1.61876
-1.50232
-1.17472
-1.16938
-1.13777
-1.07914
-1.00753
-0.931332
-0.853884
-0.778414
-0.709813
-0.65777
-0.641235
-0.694838
-1.14844
-2.03994
-3.14803
-3.74022
-3.87034
-3.55767
-3.03913
-2.65975
-1.15699
-1.15298
-1.12693
-1.07414
-1.00616
-0.932194
-0.85576
-0.779605
-0.708155
-0.6479
-0.617857
-0.646659
-1.07462
-1.79328
-2.65771
-3.21453
-3.22609
-2.88401
-2.4796
-2.19929
-1.12968
-1.12709
-1.10702
-1.06116
-0.997559
-0.925709
-0.849687
-0.77155
-0.693945
-0.62159
-0.558331
-0.533777
-0.564995
-0.646361
-0.553753
-0.368252
-0.0543652
0.266605
0.502122
0.624236
-1.09571
-1.09416
-1.08085
-1.04219
-0.983484
-0.913336
-0.837123
-0.756071
-0.670944
-0.581723
-0.481283
-0.371979
-0.187015
0.224862
0.822191
1.46855
1.99528
2.3306
2.498
2.55732
-1.05926
-1.05834
-1.05096
-1.02108
-0.96661
-0.897792
-0.82107
-0.736988
-0.646255
-0.543661
-0.433386
-0.30055
-0.142309
0.289679
0.957437
1.59903
2.10529
2.42289
2.58226
2.64223
-1.02532
-1.02457
-1.02116
-1.00059
-0.951171
-0.882544
-0.804708
-0.719262
-0.626289
-0.524387
-0.413244
-0.303249
-0.192804
0.0684289
0.571071
1.03869
1.40467
1.64021
1.76229
1.81086
-0.996807
-0.995661
-0.995157
-0.982737
-0.937313
-0.86782
-0.788708
-0.704094
-0.614466
-0.518077
-0.416652
-0.329467
-0.247103
-0.112586
0.234563
0.569332
0.826783
1.00251
1.09945
1.14145
-0.969609
-0.970161
-0.972304
-0.962152
-0.916565
-0.84556
-0.767407
-0.6876
-0.604742
-0.516749
-0.426926
-0.357095
-0.30195
-0.228392
0.00174473
0.232469
0.412282
0.532526
0.594573
0.618256
-0.906742
-0.909334
-0.912295
-0.903385
-0.863895
-0.801718
-0.733571
-0.664279
-0.592041
-0.514633
-0.435804
-0.373395
-0.32912
-0.285812
-0.129092
0.0228463
0.13573
0.210755
0.249019
0.263387
-0.798838
-0.800655
-0.802175
-0.795921
-0.771956
-0.732229
-0.684674
-0.63271
-0.575123
-0.510211
-0.441381
-0.382627
-0.338491
-0.29434
-0.193854
-0.0997324
-0.0330684
0.0111241
0.0323953
0.038467
-0.688214
-0.689057
-0.689093
-0.686659
-0.677251
-0.65951
-0.633576
-0.599733
-0.557275
-0.504548
-0.444021
-0.386162
-0.338351
-0.291739
-0.234656
-0.184848
-0.141399
-0.113278
-0.0983584
-0.0935975
-0.612921
-0.613242
-0.613023
-0.613464
-0.611978
-0.605846
-0.593157
-0.572293
-0.542007
-0.500571
-0.448131
-0.39643
-0.352636
-0.308543
-0.276795
-0.243915
-0.215314
-0.192842
-0.180037
-0.176466
-0.575211
-0.575393
-0.575213
-0.576113
-0.576793
-0.574788
-0.567998
-0.554249
-0.531474
-0.497288
-0.453774
-0.4137
-0.383375
-0.357795
-0.335914
-0.30678
-0.277805
-0.256073
-0.244005
-0.241553
-0.564381
-0.564383
-0.563917
-0.56418
-0.564595
-0.563223
-0.558335
-0.547847
-0.52876
-0.498266
-0.459781
-0.431102
-0.423987
-0.437058
-0.412346
-0.374074
-0.339584
-0.316032
-0.304728
-0.30282
-0.57399
-0.573714
-0.57285
-0.572331
-0.571802
-0.569636
-0.564672
-0.554796
-0.536262
-0.506441
-0.46535
-0.437789
-0.435043
-0.466224
-0.445299
-0.405584
-0.373257
-0.354684
-0.345553
-0.344442
-0.601944
-0.601357
-0.600239
-0.599277
-0.597939
-0.595086
-0.589677
-0.579945
-0.561444
-0.530146
-0.479374
-0.436413
-0.417426
-0.431435
-0.42092
-0.395882
-0.377002
-0.366941
-0.364269
-0.363268
-0.646315
-0.645612
-0.644547
-0.643467
-0.642186
-0.640031
-0.636506
-0.630173
-0.615958
-0.587475
-0.526995
-0.454832
-0.398355
-0.390508
-0.387493
-0.371251
-0.353679
-0.337599
-0.329797
-0.330358
-0.70425
-0.703479
-0.702832
-0.702534
-0.702847
-0.704333
-0.707806
-0.713522
-0.718196
-0.713504
-0.66033
-0.549143
-0.450904
-0.416715
-0.402945
-0.372251
-0.333376
-0.302308
-0.288845
-0.291398
-0.769535
-0.769005
-0.769402
-0.771047
-0.775296
-0.784733
-0.803017
-0.83557
-0.887602
-0.950363
-0.934611
-0.769455
-0.611715
-0.539126
-0.490037
-0.417924
-0.346333
-0.294937
-0.281872
-0.285237
-0.83067
-0.83075
-0.832831
-0.837647
-0.848251
-0.869989
-0.911372
-0.987993
-1.123
-1.30676
-1.36142
-1.12282
-0.87202
-0.743848
-0.640342
-0.509354
-0.392694
-0.320301
-0.309992
-0.316561
-0.87076
-0.8717
-0.875693
-0.884143
-0.902043
-0.937768
-1.00587
-1.13542
-1.37333
-1.71987
-1.87004
-1.53956
-1.18409
-0.990917
-0.833285
-0.665271
-0.529513
-0.470045
-0.466464
-0.472312
-0.871567
-0.873422
-0.878406
-0.889686
-0.912901
-0.959291
-1.04766
-1.21786
-1.53441
-2.00092
-2.25277
-1.8554
-1.45565
-1.21952
-1.0506
-0.894904
-0.799683
-0.763742
-0.75386
-0.752708
-0.820564
-0.822691
-0.828306
-0.840068
-0.864806
-0.913549
-1.00658
-1.18597
-1.52062
-2.00754
-2.2855
-1.96969
-1.56686
-1.37743
-1.22569
-1.14728
-1.09284
-1.06353
-1.04764
-1.0401
-0.719617
-0.721513
-0.726109
-0.736099
-0.757327
-0.799543
-0.880449
-1.03667
-1.32861
-1.73254
-1.92511
-1.70722
-1.478
-1.35436
-1.3308
-1.33083
-1.29813
-1.25637
-1.23198
-1.21967
-0.583641
-0.585167
-0.588079
-0.594569
-0.609241
-0.639125
-0.697011
-0.809352
-1.02256
-1.32024
-1.44214
-1.33652
-1.2358
-1.19416
-1.26041
-1.33728
-1.30449
-1.25668
-1.23212
-1.21918
-0.436673
-0.437463
-0.438451
-0.441152
-0.448628
-0.464965
-0.497598
-0.562094
-0.689331
-0.889888
-0.998623
-0.97021
-0.926329
-0.902202
-1.0016
-1.11227
-1.09306
-1.06582
-1.04917
-1.04035
-0.300096
-0.300271
-0.29979
-0.299679
-0.301442
-0.306799
-0.318762
-0.343747
-0.396245
-0.498155
-0.572266
-0.557075
-0.521143
-0.551592
-0.679979
-0.762192
-0.769614
-0.765255
-0.762486
-0.760747
-0.188284
-0.188079
-0.186814
-0.185317
-0.183857
-0.182623
-0.181858
-0.182154
-0.184952
-0.189507
-0.207171
-0.197141
-0.227324
-0.310695
-0.41181
-0.462285
-0.477876
-0.48396
-0.488107
-0.490308
-0.106324
-0.105974
-0.104586
-0.102872
-0.100481
-0.0968421
-0.0910954
-0.0817971
-0.0663991
-0.0408737
-0.0112097
-0.0152227
-0.0819075
-0.16605
-0.225018
-0.257173
-0.269622
-0.277461
-0.282759
-0.285769
-0.0520593
-0.0517254
-0.0506015
-0.0493291
-0.0474225
-0.0440903
-0.0383646
-0.0288642
-0.0136162
0.008865
0.0294801
0.0198786
-0.0266264
-0.0776564
-0.113134
-0.1311
-0.140185
-0.145214
-0.148861
-0.151085
-0.0194837
-0.0192338
-0.0185018
-0.0178919
-0.0169631
-0.0150578
-0.0115141
-0.00562657
0.00346071
0.0156584
0.024802
0.0175439
-0.00588686
-0.0305343
-0.0478394
-0.0570863
-0.0612089
-0.0633058
-0.0650781
-0.066312
-0.0092586
-0.00884855
-0.00834357
-0.00789743
-0.00708536
-0.00545606
-0.00266692
0.00176291
0.00814168
0.014874
0.0154032
0.0054254
-0.00955604
-0.0220485
-0.0292646
-0.0324805
-0.0336312
-0.0344788
-0.0354375
-0.0101885
-0.924856
-0.543147
-0.285899
-0.0732709
0.0989573
0.23771
0.350383
0.446614
0.515636
0.513654
-0.359736
-0.184532
-0.025832
0.110799
0.227853
0.326159
0.407504
0.470684
0.509565
0.524401
-0.0589545
0.049464
0.153771
0.247752
0.329698
0.399519
0.456771
0.500426
0.53136
0.551743
0.141456
0.214355
0.287802
0.355667
0.414893
0.465834
0.508286
0.54237
0.569407
0.588291
0.291164
0.34054
0.397358
0.447582
0.492607
0.532016
0.565959
0.594416
0.617846
0.63395
0.410106
0.449059
0.493025
0.532486
0.569095
0.602088
0.631172
0.655972
0.67648
0.689751
0.511723
0.54531
0.582054
0.616877
0.649459
0.679379
0.705967
0.72855
0.746852
0.757615
0.605594
0.637613
0.672902
0.707132
0.738915
0.7679
0.79338
0.814656
0.831194
0.840005
0.702095
0.737266
0.774643
0.810659
0.843063
0.871746
0.896284
0.916316
0.931326
0.93945
0.816046
0.856499
0.89598
0.933227
0.965343
0.99268
1.01547
1.03389
1.04771
1.05689
0.960542
1.00359
1.04117
1.07498
1.10317
1.12711
1.14786
1.16537
1.17931
1.1905
1.13854
1.17621
1.20453
1.22892
1.25003
1.26941
1.28773
1.30494
1.32089
1.33544
1.33637
1.35746
1.37252
1.38843
1.40476
1.42011
1.43387
1.44717
1.46271
1.48109
1.52732
1.53444
1.54497
1.55655
1.56649
1.57572
1.58603
1.59717
1.60881
1.61769
1.74028
1.74207
1.73417
1.71767
1.70656
1.70604
1.71821
1.74283
1.77697
1.80152
2.15997
1.96608
1.86502
1.80723
1.77813
1.77151
1.78672
1.82756
1.90342
2.04637
-0.753068
-0.757607
-0.718816
-0.649277
-0.565466
-0.472622
0.375235
0.445854
0.446744
0.371505
0.303566
0.230496
-0.0219172
-0.269849
-0.572394
-0.976477
-1.41341
)
;

boundaryField
{
    wall-4
    {
        type            zeroGradient;
    }
    pressure-outlet-7
    {
        type            fixedValue;
        value           uniform 0;
    }
    velocity-inlet-6
    {
        type            zeroGradient;
    }
    velocity-inlet-5
    {
        type            zeroGradient;
    }
    frontAndBackPlanes
    {
        type            empty;
    }
}


// ************************************************************************* //
