/*--------------------------------*- C++ -*----------------------------------*\
  =========                 |
  \\      /  F ield         | OpenFOAM: The Open Source CFD Toolbox
   \\    /   O peration     | Website:  https://openfoam.org
    \\  /    A nd           | Version:  10
     \\/     M anipulation  |
\*---------------------------------------------------------------------------*/
FoamFile
{
    format      ascii;
    class       volScalarField;
    location    "75";
    object      p;
}
// * * * * * * * * * * * * * * * * * * * * * * * * * * * * * * * * * * * * * //

dimensions      [0 2 -2 0 0 0 0];

internalField   nonuniform List<scalar> 
8800
(
0.859064
0.811279
0.772593
0.743604
0.722748
0.707931
0.697353
0.689901
0.68512
0.683117
0.684442
0.688681
0.695362
0.704704
0.717503
0.735249
0.760035
0.793982
0.836537
0.895239
0.690304
0.697983
0.705465
0.708777
0.707281
0.702214
0.695743
0.68969
0.685002
0.682206
0.681986
0.684548
0.689081
0.695058
0.70185
0.708145
0.711797
0.711066
0.705655
0.69697
0.668693
0.674855
0.678986
0.681937
0.683997
0.684616
0.683531
0.681457
0.679485
0.678636
0.679662
0.682098
0.684938
0.687148
0.687776
0.686593
0.684262
0.680878
0.676323
0.672562
0.66286
0.665512
0.668269
0.67068
0.672327
0.673505
0.67427
0.674421
0.674174
0.67419
0.675014
0.676244
0.677129
0.677228
0.676643
0.67557
0.673767
0.671206
0.668809
0.667305
0.657447
0.658873
0.660658
0.6627
0.664497
0.665857
0.666873
0.66771
0.66838
0.669019
0.669752
0.670316
0.670468
0.67022
0.669552
0.668325
0.666646
0.66481
0.663509
0.662677
0.65233
0.653251
0.654499
0.656077
0.657725
0.659271
0.660588
0.6617
0.662728
0.663708
0.664493
0.664901
0.664921
0.664529
0.663683
0.66251
0.661203
0.659958
0.659142
0.65859
0.647372
0.648043
0.649012
0.650327
0.651754
0.653237
0.654713
0.656087
0.65736
0.658569
0.659502
0.659965
0.659955
0.659503
0.65874
0.657825
0.656839
0.655933
0.655355
0.654949
0.642526
0.643043
0.643834
0.644978
0.646277
0.647679
0.649167
0.650699
0.652213
0.653668
0.654807
0.655392
0.655456
0.655141
0.654591
0.653906
0.653165
0.652503
0.652077
0.651758
0.637717
0.638128
0.638792
0.639815
0.641044
0.642405
0.643898
0.645524
0.647245
0.64898
0.650383
0.651178
0.65145
0.651366
0.651048
0.650582
0.650052
0.649586
0.649271
0.649012
0.632858
0.633192
0.633768
0.634714
0.635898
0.63725
0.638786
0.640519
0.642442
0.644485
0.646228
0.647338
0.647905
0.648089
0.648013
0.647781
0.647452
0.64715
0.64692
0.646702
0.627857
0.628134
0.62865
0.629552
0.630723
0.632104
0.633722
0.635607
0.637774
0.640175
0.642346
0.643861
0.644781
0.645272
0.645463
0.64547
0.645344
0.645186
0.645025
0.644835
0.622624
0.622856
0.623333
0.624222
0.625419
0.626875
0.628618
0.63071
0.633188
0.636033
0.638727
0.640728
0.642063
0.642908
0.643399
0.643648
0.643733
0.643711
0.643607
0.643437
0.617062
0.617259
0.617717
0.618623
0.619888
0.621462
0.623386
0.625754
0.628628
0.632026
0.635354
0.637933
0.639755
0.641005
0.641836
0.642356
0.642664
0.64277
0.642713
0.642556
0.611067
0.611235
0.611692
0.612642
0.614017
0.615762
0.617934
0.620657
0.624031
0.628111
0.632206
0.635477
0.637874
0.639594
0.640813
0.641659
0.642191
0.642422
0.642406
0.642256
0.604513
0.604658
0.605128
0.606154
0.607684
0.609659
0.612158
0.615334
0.619333
0.624247
0.629269
0.633367
0.636446
0.638722
0.640386
0.641585
0.642378
0.64274
0.642762
0.642615
0.59726
0.59738
0.597879
0.599009
0.600747
0.603022
0.605936
0.609685
0.61446
0.620392
0.626531
0.631615
0.6355
0.638431
0.640622
0.642234
0.643317
0.643814
0.64387
0.643722
0.589114
0.589223
0.589759
0.591028
0.593029
0.595684
0.599128
0.603595
0.609327
0.6165
0.623982
0.630238
0.635075
0.638776
0.641601
0.643694
0.645105
0.645743
0.645831
0.645677
0.579839
0.579937
0.580536
0.581968
0.584306
0.587453
0.591566
0.59693
0.603844
0.612525
0.621616
0.62926
0.635221
0.639826
0.643401
0.64606
0.647839
0.648626
0.648741
0.648578
0.569115
0.569194
0.569879
0.571542
0.574319
0.578093
0.583048
0.589534
0.597909
0.608424
0.619435
0.628712
0.635992
0.641665
0.646092
0.649424
0.651614
0.652555
0.652692
0.652516
0.556553
0.556618
0.557405
0.559379
0.562715
0.567294
0.573323
0.58123
0.591419
0.604159
0.617448
0.628634
0.637437
0.644351
0.649777
0.653876
0.656511
0.6576
0.657751
0.657559
0.54158
0.541633
0.542565
0.544956
0.549034
0.554668
0.562096
0.571818
0.584272
0.59971
0.615677
0.629069
0.63961
0.647941
0.65452
0.659474
0.662572
0.663795
0.663948
0.663736
0.523402
0.523443
0.524591
0.527572
0.532665
0.539727
0.549016
0.561096
0.576394
0.595086
0.614171
0.630068
0.64257
0.652492
0.660329
0.666235
0.669784
0.671105
0.671243
0.671011
0.500827
0.500867
0.502367
0.506238
0.512796
0.521866
0.533707
0.548897
0.567769
0.590355
0.613012
0.631694
0.646353
0.658028
0.667228
0.674109
0.678049
0.679409
0.679511
0.67926
0.472059
0.472121
0.47422
0.479528
0.488375
0.500395
0.515836
0.535157
0.55849
0.585664
0.612332
0.634034
0.65099
0.664512
0.675171
0.682967
0.687167
0.688477
0.688521
0.688254
0.433979
0.434148
0.437485
0.445449
0.458156
0.474709
0.495284
0.52003
0.548818
0.581266
0.612306
0.637178
0.656513
0.671907
0.684035
0.692567
0.696815
0.697966
0.697934
0.69766
0.380619
0.381641
0.388291
0.401737
0.421167
0.44474
0.472405
0.504008
0.539216
0.577506
0.613126
0.641212
0.662917
0.680159
0.693588
0.70255
0.706567
0.707459
0.707351
0.707081
0.302833
0.310356
0.325767
0.349501
0.378945
0.411917
0.448245
0.48773
0.530033
0.57461
0.615089
0.646567
0.670802
0.689995
0.704593
0.713712
0.717314
0.717938
0.717782
0.717551
0.219262
0.237035
0.262001
0.296636
0.3365
0.37899
0.424003
0.4715
0.521211
0.572638
0.618723
0.654209
0.681373
0.70279
0.718572
0.727291
0.730061
0.730389
0.730256
0.730097
0.14954
0.170497
0.203338
0.247219
0.296254
0.347701
0.401129
0.456469
0.513414
0.571439
0.622778
0.661907
0.691584
0.714631
0.730724
0.738657
0.740878
0.741142
0.741062
0.740933
0.0924224
0.115062
0.153521
0.20394
0.260212
0.319184
0.380046
0.442572
0.506293
0.570559
0.626815
0.669263
0.701097
0.725323
0.741543
0.749002
0.750951
0.751207
0.751163
0.751063
0.0449012
0.0687381
0.111047
0.166641
0.228725
0.293908
0.361144
0.43005
0.49997
0.570073
0.63098
0.676553
0.710402
0.735776
0.752181
0.759329
0.761116
0.761389
0.761386
0.761308
0.00470708
0.0291923
0.074409
0.134095
0.201067
0.271537
0.344317
0.418906
0.494496
0.570066
0.635415
0.684001
0.719841
0.746339
0.763039
0.770101
0.771931
0.772189
0.772214
0.772151
-0.030221
-0.00532987
0.0421665
0.105234
0.176343
0.251419
0.329127
0.408864
0.489698
0.570436
0.640081
0.691655
0.729493
0.757161
0.77436
0.781654
0.783449
0.78371
0.783753
0.783704
-0.0614089
-0.0361772
0.0131717
0.0791236
0.153812
0.232938
0.315083
0.399539
0.485279
0.570965
0.644804
0.699352
0.739225
0.768193
0.786075
0.793631
0.795503
0.795754
0.795782
0.795753
-0.0898604
-0.0643344
-0.0134095
0.0550406
0.132879
0.21561
0.301762
0.390573
0.480947
0.571406
0.64938
0.706902
0.748851
0.779133
0.797741
0.805627
0.807612
0.807842
0.807857
0.807843
-0.116409
-0.0905506
-0.0382434
0.0324228
0.11308
0.199044
0.28884
0.381684
0.47644
0.57153
0.653616
0.71413
0.758139
0.789758
0.809052
0.817264
0.819377
0.819616
0.8196
0.819582
-0.141458
-0.115272
-0.0616316
0.0108803
0.0940771
0.182952
0.276066
0.372648
0.471556
0.571168
0.657361
0.720878
0.766926
0.79982
0.819745
0.828246
0.830441
0.830647
0.830595
0.830571
-0.16549
-0.138888
-0.0841999
-0.00982782
0.0756223
0.16712
0.263262
0.363304
0.466146
0.570166
0.660495
0.727072
0.77515
0.809214
0.829645
0.838317
0.840536
0.840714
0.840627
0.840591
-0.188649
-0.161593
-0.105974
-0.0299073
0.0575539
0.151412
0.250305
0.353546
0.460093
0.568409
0.66293
0.732672
0.782804
0.817938
0.838681
0.847416
0.849592
0.849727
0.849606
0.849556
-0.211094
-0.183665
-0.127023
-0.0494866
0.0397823
0.135755
0.23713
0.343296
0.453317
0.565803
0.664583
0.737666
0.789947
0.826055
0.84693
0.85552
0.857615
0.857708
0.857556
0.857494
-0.232968
-0.205074
-0.147475
-0.0686241
0.0222517
0.120114
0.223713
0.332534
0.445778
0.562273
0.665377
0.742039
0.796689
0.833769
0.854562
0.862786
0.864683
0.8647
0.864536
0.864464
-0.254354
-0.225889
-0.167419
-0.0873442
0.00496517
0.104486
0.210066
0.321268
0.437462
0.557755
0.665227
0.745777
0.803138
0.841289
0.86179
0.869355
0.870895
0.870824
0.870639
0.870562
-0.275123
-0.246115
-0.186803
-0.105645
-0.0120711
0.0889097
0.196222
0.309541
0.428392
0.552234
0.664043
0.748821
0.809356
0.84889
0.868985
0.875495
0.876376
0.876141
0.875968
0.875899
-0.295258
-0.265732
-0.205632
-0.123496
-0.0288219
0.0734246
0.182248
0.297403
0.418617
0.545703
0.661745
0.751051
0.815345
0.856827
0.876673
0.881759
0.881426
0.880782
0.880658
0.880661
-0.31484
-0.28472
-0.223902
-0.140881
-0.0452396
0.0580968
0.168213
0.284939
0.408205
0.538196
0.658252
0.752301
0.820979
0.865201
0.885458
0.889179
0.886906
0.885149
0.88502
0.885417
-0.333719
-0.303071
-0.241566
-0.15776
-0.0612779
0.0429973
0.154199
0.272246
0.397252
0.52978
0.653513
0.752359
0.826001
0.873814
0.895662
0.899059
0.894946
0.890924
0.88962
0.889922
-0.35199
-0.320786
-0.258651
-0.174168
-0.0769739
0.0280816
0.140151
0.259268
0.385695
0.520386
0.64739
0.750944
0.830138
0.882288
0.907012
0.91216
0.907978
0.900489
0.893269
0.88031
-0.369589
-0.337855
-0.275273
-0.190305
-0.0926039
0.0130328
0.125674
0.245552
0.373038
0.509431
0.639305
0.747378
0.83299
0.890186
0.918294
0.927087
0.923152
0.908819
0.887214
0.877888
-0.386356
-0.354448
-0.291251
-0.205984
-0.107813
-0.00181373
0.11098
0.231405
0.359557
0.497126
0.62923
0.74105
0.833499
0.896202
0.925503
0.934557
0.931504
0.904935
0.838126
0.80852
-0.401643
-0.371855
-0.306293
-0.220733
-0.121795
-0.0159543
0.0963897
0.217053
0.345463
0.483575
0.617042
0.731522
0.829944
0.899399
0.922949
0.926948
0.909388
0.851546
0.781963
0.739531
-0.455899
-0.387166
-0.319852
-0.23569
-0.136249
-0.0309081
0.0818253
0.202196
0.33036
0.468274
0.60205
0.717943
0.818113
0.894897
0.893374
0.88954
0.831635
0.756705
0.678471
0.634952
-0.417427
-0.401488
-0.340048
-0.254778
-0.157629
-0.0523021
0.0594142
0.179215
0.306541
0.443347
0.575717
0.690788
0.784724
0.867779
0.846838
0.724161
0.613392
0.536383
0.460926
0.488711
-0.447304
-0.418348
-0.356069
-0.27165
-0.174557
-0.0693439
0.0426782
0.16188
0.288203
0.423337
0.553119
0.664055
0.748024
0.791785
0.737244
0.579697
0.446546
0.351587
0.251088
0.298501
-0.470262
-0.438396
-0.375057
-0.290525
-0.193318
-0.0882166
0.0237355
0.14212
0.267076
0.399866
0.525993
0.630587
0.705243
0.713819
0.600101
0.421367
0.264237
0.142098
0.00911149
0.0405084
-0.492627
-0.459318
-0.394893
-0.309479
-0.212211
-0.107276
0.00413892
0.121559
0.244928
0.374939
0.496352
0.59262
0.651233
0.627938
0.462304
0.261146
0.0675413
-0.102703
-0.292341
-0.312837
-0.514373
-0.480678
-0.415433
-0.32929
-0.231918
-0.127235
-0.0164972
0.0998146
0.221307
0.348083
0.463955
0.55161
0.590126
0.528914
0.33082
0.116124
-0.103689
-0.294535
-0.53703
-0.831533
-0.536391
-0.502729
-0.437014
-0.350445
-0.252934
-0.148461
-0.0383436
0.076804
0.196278
0.319491
0.429359
0.508418
0.524338
0.411014
0.216105
0.00227845
-0.204605
-0.37853
-0.449544
-0.527298
-0.559616
-0.52594
-0.459983
-0.373254
-0.275746
-0.171589
-0.0621965
0.0515945
0.1687
0.287762
0.391134
0.458742
0.448741
0.30146
0.113801
-0.0809857
-0.24677
-0.341534
-0.366037
-0.381777
-0.584353
-0.550598
-0.484506
-0.39779
-0.300481
-0.196824
-0.0884123
0.0236993
0.137986
0.252192
0.348575
0.401139
0.372965
0.199446
0.0208485
-0.148733
-0.278024
-0.318054
-0.330815
-0.332106
-0.6108
-0.576872
-0.510649
-0.424047
-0.327089
-0.224173
-0.117012
-0.006934
0.10407
0.212806
0.301226
0.338759
0.289332
0.105192
-0.0643021
-0.216212
-0.294199
-0.311312
-0.312713
-0.312529
-0.639014
-0.604821
-0.53844
-0.452025
-0.355589
-0.253625
-0.148
-0.0403209
0.0669642
0.169685
0.249185
0.274461
0.187937
0.0190829
-0.141857
-0.267108
-0.304595
-0.302917
-0.302008
-0.301428
-0.668711
-0.634285
-0.56778
-0.481644
-0.385897
-0.285132
-0.181349
-0.076435
0.0267105
0.122948
0.193406
0.201136
0.0961927
-0.0606258
-0.203218
-0.281539
-0.291865
-0.294459
-0.295118
-0.294845
-0.699345
-0.664789
-0.598414
-0.512683
-0.417833
-0.318539
-0.21691
-0.115144
-0.0165002
0.0729657
0.134386
0.126731
0.0140752
-0.128122
-0.248393
-0.280443
-0.289208
-0.290652
-0.290387
-0.290081
-0.73046
-0.695811
-0.629887
-0.544753
-0.451057
-0.353533
-0.254407
-0.15616
-0.0623732
0.0204601
0.0712852
0.056331
-0.0608328
-0.182735
-0.279085
-0.297437
-0.28817
-0.286868
-0.28673
-0.28648
-0.761158
-0.726664
-0.661368
-0.577252
-0.485036
-0.389647
-0.293393
-0.199002
-0.110427
-0.0339027
0.00695313
-0.00783917
-0.12577
-0.223203
-0.28189
-0.290236
-0.286916
-0.285491
-0.284854
-0.284597
-0.789932
-0.756174
-0.691889
-0.609271
-0.519019
-0.426191
-0.333224
-0.242989
-0.159854
-0.0895148
-0.0522187
-0.0779812
-0.177008
-0.258329
-0.264774
-0.283031
-0.286826
-0.285273
-0.284668
-0.284225
-0.815173
-0.782464
-0.720345
-0.639676
-0.551988
-0.462245
-0.373045
-0.287276
-0.209528
-0.145496
-0.108149
-0.145239
-0.220213
-0.272294
-0.292923
-0.289708
-0.290247
-0.290285
-0.289939
-0.289546
-0.834778
-0.803817
-0.744557
-0.66708
-0.582667
-0.496703
-0.411783
-0.330847
-0.258327
-0.200524
-0.165401
-0.199673
-0.255079
-0.303597
-0.325735
-0.307919
-0.298836
-0.297313
-0.296529
-0.296269
-0.846564
-0.818308
-0.762874
-0.689555
-0.609599
-0.528265
-0.448276
-0.372509
-0.305207
-0.253013
-0.220481
-0.244711
-0.276644
-0.322008
-0.311055
-0.302753
-0.298779
-0.297391
-0.297121
-0.297166
-0.847963
-0.823727
-0.773261
-0.705372
-0.631107
-0.555521
-0.481216
-0.411036
-0.349023
-0.301608
-0.266199
-0.280584
-0.282897
-0.303337
-0.296616
-0.296526
-0.296418
-0.295895
-0.295706
-0.295471
-0.836714
-0.817227
-0.773572
-0.712987
-0.645768
-0.57704
-0.509279
-0.445162
-0.388565
-0.345259
-0.303948
-0.304004
-0.280007
-0.277217
-0.286546
-0.291408
-0.29529
-0.29685
-0.297225
-0.297183
-0.811038
-0.796454
-0.762071
-0.711164
-0.652598
-0.59186
-0.531339
-0.473582
-0.422524
-0.383248
-0.337543
-0.320692
-0.291647
-0.264534
-0.27171
-0.290246
-0.299353
-0.303149
-0.30438
-0.304838
-0.773521
-0.76414
-0.739641
-0.700072
-0.651609
-0.599723
-0.546762
-0.495293
-0.449406
-0.414138
-0.383214
-0.353451
-0.327826
-0.322214
-0.335739
-0.328402
-0.324504
-0.323122
-0.322636
-0.322751
-0.73082
-0.72548
-0.711082
-0.68253
-0.64471
-0.601417
-0.555664
-0.509831
-0.467733
-0.435387
-0.407854
-0.388626
-0.388816
-0.430171
-0.421483
-0.390288
-0.355514
-0.336951
-0.33144
-0.330296
-0.692529
-0.689283
-0.68243
-0.663855
-0.634778
-0.598769
-0.55911
-0.517357
-0.476772
-0.442817
-0.417551
-0.385767
-0.361023
-0.37171
-0.344807
-0.276665
-0.262377
-0.271115
-0.278964
-0.277528
-0.664934
-0.662911
-0.659404
-0.648183
-0.625599
-0.594773
-0.55895
-0.519222
-0.477243
-0.436991
-0.41006
-0.361085
-0.285508
-0.187624
-0.18222
-0.298196
-0.414368
-0.434162
-0.395443
-0.392676
-0.643994
-0.643241
-0.642084
-0.636541
-0.619685
-0.592172
-0.557453
-0.517177
-0.472123
-0.424612
-0.385659
-0.345603
-0.330189
-0.394398
-0.504761
-0.573461
-0.646425
-0.667916
-0.625339
-0.603902
-0.63173
-0.631476
-0.630888
-0.628356
-0.616685
-0.59094
-0.555571
-0.513149
-0.464568
-0.408486
-0.361673
-0.32525
-0.318147
-0.369807
-0.501066
-0.65093
-0.705145
-0.64537
-0.544078
-0.50114
-0.623193
-0.623027
-0.622503
-0.621632
-0.614722
-0.591267
-0.554528
-0.509212
-0.455157
-0.39019
-0.325129
-0.256362
-0.180695
-0.105826
-0.0411094
0.00355867
0.101858
0.240563
0.353877
0.405586
-0.617796
-0.617734
-0.617533
-0.617654
-0.613328
-0.593334
-0.555434
-0.506167
-0.44582
-0.373012
-0.284168
-0.195024
-0.0135524
0.254359
0.557214
0.859536
1.12662
1.31123
1.40575
1.43676
-0.613601
-0.61364
-0.613652
-0.613448
-0.612257
-0.596789
-0.558668
-0.505241
-0.439492
-0.357235
-0.257019
-0.15574
0.0510171
0.391124
0.795361
1.17979
1.49376
1.68433
1.76443
1.7841
-0.610365
-0.610417
-0.610268
-0.609498
-0.608803
-0.601277
-0.56467
-0.50772
-0.437481
-0.351008
-0.248965
-0.141129
0.0234435
0.36267
0.728782
1.06165
1.32701
1.48221
1.54351
1.55723
-0.608964
-0.609702
-0.611481
-0.614199
-0.617425
-0.611291
-0.572901
-0.512794
-0.441845
-0.355456
-0.257459
-0.157205
-0.0324303
0.244323
0.537853
0.789877
0.981111
1.08799
1.1284
1.13636
-0.605824
-0.607845
-0.614029
-0.627831
-0.644329
-0.629955
-0.578144
-0.519668
-0.453327
-0.369015
-0.276694
-0.184805
-0.0886424
0.113723
0.327046
0.498735
0.624318
0.689987
0.713096
0.716388
-0.616196
-0.61748
-0.618187
-0.609726
-0.594668
-0.578196
-0.559896
-0.529
-0.470101
-0.387259
-0.30194
-0.221869
-0.146763
-0.00682741
0.133561
0.240285
0.311665
0.345732
0.359489
0.362742
-0.658647
-0.657758
-0.647915
-0.593689
-0.513673
-0.486395
-0.540237
-0.545863
-0.49257
-0.409265
-0.328738
-0.25797
-0.196869
-0.097953
-0.00577181
0.0567766
0.091464
0.106479
0.115845
0.119232
-0.714521
-0.711759
-0.714271
-0.700634
-0.684379
-0.656843
-0.661456
-0.612233
-0.526409
-0.432681
-0.352784
-0.293469
-0.24706
-0.170931
-0.102799
-0.0565806
-0.0293599
-0.0147199
-0.00665995
-0.00432739
-0.850593
-0.867918
-0.922996
-0.993656
-1.01951
-0.982914
-0.886546
-0.718753
-0.571061
-0.452934
-0.370782
-0.318788
-0.283945
-0.217752
-0.15629
-0.110973
-0.0780285
-0.0610976
-0.0541055
-0.053107
-1.00908
-1.04
-1.10025
-1.1551
-1.17734
-1.13546
-1.00385
-0.781121
-0.594137
-0.458396
-0.374153
-0.329581
-0.300154
-0.242304
-0.185045
-0.140305
-0.105991
-0.0864898
-0.0794284
-0.0798103
-1.01133
-1.03299
-1.07466
-1.11494
-1.13224
-1.09422
-0.950728
-0.738649
-0.563406
-0.435394
-0.359209
-0.320472
-0.293468
-0.243588
-0.193946
-0.153712
-0.123883
-0.106557
-0.100471
-0.100802
-0.799133
-0.820841
-0.859936
-0.903485
-0.926107
-0.891131
-0.763469
-0.610257
-0.478945
-0.382931
-0.322226
-0.289008
-0.265752
-0.228503
-0.19074
-0.159883
-0.136839
-0.123466
-0.119338
-0.120308
-0.446829
-0.462272
-0.492793
-0.531871
-0.562672
-0.558786
-0.506407
-0.43527
-0.36733
-0.311399
-0.27115
-0.24492
-0.224923
-0.200841
-0.176889
-0.157199
-0.141957
-0.13341
-0.131137
-0.132442
-0.109896
-0.118189
-0.137515
-0.171646
-0.212203
-0.244027
-0.259889
-0.261834
-0.252728
-0.233676
-0.213923
-0.196108
-0.183206
-0.172264
-0.161417
-0.152515
-0.145211
-0.141578
-0.141066
-0.142457
0.101
0.0963892
0.0823826
0.0539844
0.0100354
-0.0440553
-0.094138
-0.131485
-0.154084
-0.162028
-0.158718
-0.151049
-0.145977
-0.145512
-0.146324
-0.147423
-0.149443
-0.152333
-0.153786
-0.154666
0.184078
0.181218
0.170884
0.147433
0.107446
0.0544756
-0.000635778
-0.0491643
-0.0844664
-0.10498
-0.110965
-0.110612
-0.112291
-0.118934
-0.128265
-0.138561
-0.148239
-0.155423
-0.157933
-0.158283
0.191212
0.189218
0.181665
0.164018
0.133234
0.0912619
0.0443812
-0.00119117
-0.0382901
-0.062915
-0.072349
-0.0732306
-0.0762708
-0.0893235
-0.105516
-0.120582
-0.133326
-0.141478
-0.143829
-0.143976
0.166335
0.16502
0.159819
0.147507
0.12575
0.0952194
0.0590291
0.0219221
-0.0104535
-0.0341739
-0.0439274
-0.0429685
-0.0441839
-0.0613472
-0.0801691
-0.0954233
-0.106589
-0.112425
-0.114068
-0.114352
0.132201
0.131435
0.128063
0.119879
0.105151
0.0839288
0.0575576
0.0290188
0.00250703
-0.0180438
-0.0281727
-0.0279339
-0.0294433
-0.045445
-0.0605235
-0.070609
-0.0767466
-0.0791671
-0.0800161
-0.0804963
0.0974962
0.0972231
0.0952089
0.090045
0.0804641
0.0662314
0.0478912
0.0273502
0.00686292
-0.0113957
-0.0247453
-0.032952
-0.0387126
-0.0457757
-0.0496787
-0.051568
-0.0518897
-0.0515634
-0.0518652
-0.0525103
0.0651928
0.065081
0.0640562
0.0610673
0.0552408
0.0463087
0.034439
0.0206962
0.0060443
-0.00921796
-0.0262642
-0.0472099
-0.0580713
-0.0521584
-0.0443656
-0.0394235
-0.0361994
-0.0346722
-0.034616
-0.0351822
0.0351781
0.0352228
0.0348988
0.0335391
0.0306291
0.025974
0.0195968
0.0120299
0.00334003
-0.00689344
-0.0222067
-0.0461374
-0.0581202
-0.0457877
-0.0338484
-0.0279307
-0.025273
-0.0242505
-0.023993
-0.0242587
0.0062464
0.00636003
0.00653397
0.00699175
0.00714636
0.00662855
0.00541024
0.00380297
0.00207843
0.000348838
-0.00347348
-0.0107003
-0.018982
-0.0155152
-0.0144025
-0.0135657
-0.0127663
-0.0120175
-0.0106086
-0.00949095
-0.0690307
0.0958101
0.287668
0.455031
0.587925
0.69153
0.776588
0.849087
0.882454
0.859289
0.227529
0.346514
0.474284
0.58434
0.676646
0.752633
0.814076
0.857776
0.879656
0.891929
0.442196
0.523617
0.610882
0.687704
0.753579
0.808638
0.852457
0.884539
0.907866
0.925981
0.600285
0.65864
0.718925
0.775081
0.823761
0.865133
0.899178
0.926408
0.948964
0.967344
0.723818
0.766195
0.8115
0.854598
0.892727
0.926058
0.954636
0.978479
0.998716
1.0166
0.826946
0.859392
0.897058
0.932168
0.964437
0.993402
1.01875
1.04008
1.05784
1.07521
0.918756
0.9472
0.980873
1.01275
1.04248
1.06948
1.09309
1.11272
1.12816
1.14525
1.0069
1.03595
1.06978
1.10167
1.13114
1.15762
1.1804
1.19882
1.21215
1.22919
1.10194
1.13505
1.17159
1.20508
1.23505
1.26117
1.28306
1.3003
1.31214
1.32954
1.21678
1.25455
1.29313
1.32732
1.35662
1.38132
1.40166
1.41753
1.42897
1.44704
1.36163
1.40014
1.43624
1.46689
1.49254
1.51461
1.53364
1.54915
1.56157
1.57956
1.53664
1.56825
1.59441
1.61683
1.63679
1.65549
1.6732
1.68966
1.705
1.72307
1.72522
1.74241
1.75744
1.77365
1.78955
1.80407
1.81727
1.83119
1.84873
1.86888
1.90692
1.91645
1.92799
1.93879
1.94807
1.95765
1.96842
1.97979
1.99114
2.0065
2.11414
2.1178
2.10285
2.08804
2.08176
2.08743
2.10591
2.13622
2.16839
2.19505
2.42046
2.2856
2.20895
2.16656
2.14913
2.1531
2.18049
2.23691
2.33953
2.56389
0.749659
0.747532
0.74305
0.73443
0.722212
0.710094
0.699879
0.692005
0.686417
0.683204
0.682899
0.685684
0.690824
0.698073
0.707479
0.719031
0.731691
0.742731
0.748846
0.751903
0.6741
0.679947
0.686283
0.690781
0.693259
0.692945
0.690223
0.686435
0.682957
0.680739
0.680644
0.682891
0.686593
0.690909
0.694736
0.696633
0.695706
0.692232
0.687072
0.680452
0.665653
0.667949
0.671356
0.674358
0.676442
0.677951
0.678723
0.678431
0.67744
0.676604
0.676835
0.678316
0.680173
0.68151
0.681712
0.680838
0.6793
0.676973
0.673715
0.670797
0.66011
0.661196
0.663033
0.665418
0.667452
0.668894
0.669934
0.670714
0.671154
0.671429
0.671984
0.672852
0.673497
0.673599
0.673212
0.672383
0.670927
0.668854
0.666775
0.665395
0.654865
0.655528
0.656639
0.658353
0.660146
0.661794
0.663113
0.664161
0.665088
0.66594
0.666743
0.667365
0.667613
0.667487
0.666951
0.66592
0.66451
0.66298
0.66167
0.660893
0.649836
0.650296
0.651086
0.652393
0.653894
0.65543
0.656922
0.658257
0.659445
0.660572
0.661574
0.662224
0.662434
0.66221
0.661551
0.66059
0.659487
0.658371
0.657466
0.656951
0.644941
0.645285
0.645899
0.646978
0.648289
0.649685
0.651154
0.652643
0.654076
0.655439
0.656652
0.657442
0.657698
0.657483
0.656931
0.656191
0.655368
0.654522
0.653862
0.653486
0.640124
0.640391
0.640888
0.641809
0.642997
0.644319
0.645749
0.647288
0.648899
0.650515
0.651985
0.652972
0.653369
0.653324
0.652989
0.652475
0.651862
0.651249
0.650772
0.650486
0.635302
0.635513
0.635928
0.636739
0.63785
0.639128
0.640555
0.642148
0.643901
0.645771
0.647546
0.648817
0.649472
0.649682
0.64959
0.649307
0.648909
0.648493
0.648158
0.647934
0.630384
0.630554
0.630909
0.631649
0.632717
0.633979
0.635439
0.637125
0.639049
0.64119
0.643333
0.644985
0.645984
0.646499
0.646675
0.646634
0.646458
0.646223
0.646006
0.645828
0.625279
0.625415
0.62573
0.626427
0.627482
0.628772
0.630307
0.63213
0.634278
0.636751
0.639342
0.641467
0.64288
0.64375
0.644231
0.644452
0.644497
0.644439
0.644323
0.644181
0.619894
0.620003
0.62029
0.620969
0.622046
0.623412
0.625065
0.627079
0.629522
0.632414
0.635555
0.638249
0.640151
0.641434
0.642262
0.642768
0.643052
0.64317
0.643144
0.643028
0.61413
0.614216
0.614487
0.615172
0.616307
0.61779
0.619617
0.621893
0.624709
0.628128
0.631942
0.635321
0.637803
0.639565
0.640788
0.641631
0.642179
0.642467
0.64252
0.642425
0.607873
0.607938
0.608202
0.608916
0.610147
0.611795
0.613861
0.616476
0.619768
0.623841
0.628475
0.632676
0.635849
0.638177
0.639856
0.641078
0.641917
0.642393
0.642522
0.642443
0.600989
0.601033
0.601298
0.602064
0.603431
0.6053
0.607678
0.610727
0.614618
0.619496
0.625126
0.630313
0.634307
0.637304
0.639522
0.641172
0.642351
0.643028
0.643232
0.643166
0.593322
0.593343
0.59361
0.594452
0.595999
0.598152
0.600928
0.604528
0.609165
0.615032
0.621868
0.628235
0.633201
0.636987
0.639845
0.642007
0.64357
0.644467
0.644746
0.644689
0.584636
0.584648
0.584933
0.585874
0.587654
0.590157
0.593444
0.597738
0.603302
0.610381
0.618674
0.626449
0.632566
0.637279
0.640891
0.643671
0.645674
0.64681
0.647162
0.647111
0.574653
0.574636
0.57497
0.576057
0.57813
0.581096
0.585029
0.590192
0.596907
0.605472
0.615523
0.624968
0.632442
0.638249
0.642746
0.646243
0.648757
0.650153
0.650578
0.650529
0.563054
0.563011
0.563394
0.564675
0.567118
0.570679
0.575432
0.581692
0.589847
0.600236
0.612397
0.623815
0.632872
0.639957
0.645493
0.649813
0.652913
0.654583
0.655075
0.655022
0.549335
0.549265
0.54973
0.551264
0.554195
0.558527
0.56434
0.572007
0.581974
0.594605
0.609292
0.623021
0.633904
0.642454
0.649202
0.65447
0.658211
0.660159
0.660706
0.660643
0.532825
0.532726
0.533319
0.535209
0.538793
0.544157
0.551374
0.560874
0.573145
0.588537
0.606227
0.622627
0.635591
0.645803
0.653914
0.660247
0.66468
0.66689
0.667469
0.667389
0.512552
0.512427
0.513226
0.515637
0.520142
0.526941
0.536074
0.548015
0.563244
0.582031
0.603255
0.622694
0.637988
0.650049
0.659642
0.667157
0.672285
0.674708
0.675286
0.675181
0.487054
0.486914
0.488054
0.491273
0.497177
0.506076
0.517931
0.533192
0.552237
0.575165
0.600489
0.623317
0.641144
0.655201
0.666406
0.675151
0.680905
0.683447
0.683979
0.683842
0.453946
0.453832
0.455597
0.460222
0.468457
0.480645
0.496496
0.516313
0.540239
0.568137
0.598111
0.624617
0.645117
0.661267
0.674135
0.684092
0.690303
0.692821
0.693255
0.693083
0.408962
0.409021
0.412171
0.419736
0.4323
0.449859
0.471639
0.497603
0.527604
0.56129
0.596371
0.626729
0.649967
0.668219
0.682746
0.693749
0.700116
0.702418
0.702709
0.702507
0.344098
0.345365
0.353082
0.367218
0.387727
0.413839
0.443975
0.477773
0.51496
0.555082
0.595536
0.629775
0.655696
0.67598
0.691968
0.703651
0.709828
0.711678
0.711793
0.711578
0.267257
0.269123
0.28391
0.308226
0.33986
0.376049
0.415272
0.457372
0.502189
0.549301
0.59584
0.634708
0.663925
0.686656
0.704244
0.716451
0.722144
0.723594
0.723654
0.723519
0.188043
0.194447
0.216292
0.251049
0.293227
0.33921
0.387469
0.437896
0.490391
0.544543
0.59724
0.640753
0.67318
0.698298
0.717538
0.729618
0.734322
0.735232
0.73523
0.735157
0.12318
0.131995
0.158468
0.200378
0.250808
0.305115
0.361504
0.419711
0.479508
0.540399
0.598925
0.646713
0.681982
0.70891
0.728926
0.740648
0.744878
0.745678
0.745711
0.745688
0.0704298
0.0798511
0.109939
0.157165
0.213816
0.274822
0.338075
0.403139
0.469587
0.536767
0.600776
0.652562
0.690433
0.718992
0.739611
0.751119
0.75504
0.755781
0.755859
0.755883
0.0263413
0.0360486
0.0686212
0.119895
0.181649
0.248213
0.317285
0.388343
0.460778
0.533767
0.602957
0.658548
0.698892
0.72903
0.750346
0.761784
0.76545
0.766241
0.766392
0.766462
-0.0114628
-0.00165428
0.0327683
0.0872738
0.153258
0.224568
0.298719
0.375099
0.452975
0.531366
0.60548
0.664768
0.707564
0.739281
0.761325
0.772873
0.776609
0.777452
0.777631
0.777739
-0.0446845
-0.0348613
0.000969586
0.0581981
0.127734
0.203144
0.281802
0.36299
0.445881
0.529351
0.608203
0.671125
0.716372
0.749718
0.772652
0.78461
0.788507
0.789372
0.789526
0.789646
-0.0746378
-0.0648033
-0.0278294
0.0317479
0.104336
0.183345
0.266027
0.351597
0.439148
0.527453
0.610909
0.677426
0.725148
0.760181
0.784111
0.796594
0.800691
0.801582
0.801712
0.801809
-0.102248
-0.0923949
-0.0544489
0.00721369
0.0824865
0.164696
0.250992
0.340573
0.432484
0.525411
0.613377
0.683482
0.733693
0.770436
0.795385
0.808387
0.81271
0.813604
0.813689
0.813769
-0.128111
-0.118211
-0.0793713
-0.0159643
0.0617444
0.146823
0.236392
0.329654
0.425642
0.523004
0.615422
0.689128
0.741817
0.780224
0.806163
0.819634
0.824215
0.82511
0.825142
0.825181
-0.152728
-0.142736
-0.103033
-0.0381103
0.0418085
0.129458
0.221994
0.318634
0.418444
0.52007
0.616894
0.694236
0.749421
0.789444
0.816268
0.830114
0.834833
0.835716
0.835706
0.83571
-0.176423
-0.166254
-0.125804
-0.0594247
0.0224669
0.112412
0.207636
0.307379
0.410757
0.516474
0.617672
0.69873
0.756455
0.798041
0.82562
0.839699
0.844472
0.845281
0.845236
0.845209
-0.199312
-0.188958
-0.147853
-0.0800652
0.00356881
0.0955813
0.193224
0.295796
0.402487
0.512104
0.617655
0.702557
0.762931
0.806061
0.834202
0.848327
0.853012
0.853786
0.853713
0.853658
-0.221604
-0.211006
-0.169199
-0.100143
-0.0149614
0.0788983
0.178707
0.283839
0.393583
0.5069
0.616755
0.705665
0.768888
0.813618
0.842186
0.856156
0.860617
0.861302
0.861177
0.861104
-0.24328
-0.232437
-0.189971
-0.119733
-0.0331533
0.0623447
0.164083
0.271507
0.384032
0.500808
0.614891
0.707993
0.774382
0.820888
0.849765
0.863303
0.867364
0.867884
0.867717
0.867632
-0.264402
-0.253298
-0.210135
-0.138845
-0.0510119
0.0459265
0.149365
0.25883
0.373851
0.493813
0.61199
0.709469
0.779431
0.828041
0.85723
0.870026
0.87339
0.87364
0.873433
0.873342
-0.284863
-0.273553
-0.229694
-0.15745
-0.0685123
0.0296932
0.134599
0.245854
0.363086
0.48594
0.608
0.709996
0.78399
0.835231
0.864973
0.876775
0.878963
0.878667
0.878406
0.878351
-0.304786
-0.293173
-0.248657
-0.175545
-0.0856401
0.0136668
0.119857
0.232638
0.3518
0.477241
0.602894
0.709446
0.78794
0.842497
0.873393
0.884288
0.884765
0.883294
0.882775
0.882861
-0.324031
-0.312136
-0.267009
-0.193104
-0.102329
-0.00208004
0.105208
0.219291
0.340087
0.467757
0.59668
0.70768
0.791076
0.8497
0.882693
0.893473
0.892228
0.888698
0.886914
0.886629
-0.342669
-0.330506
-0.284706
-0.210088
-0.118555
-0.0174874
0.0907251
0.205879
0.328045
0.457608
0.589398
0.704553
0.793123
0.856488
0.89256
0.904781
0.903308
0.897595
0.891596
0.884341
-0.360626
-0.34824
-0.301847
-0.226651
-0.134522
-0.0328158
0.076093
0.192031
0.315261
0.446339
0.58058
0.699601
0.793707
0.862724
0.90267
0.91806
0.918751
0.911851
0.900146
0.896151
-0.377858
-0.365262
-0.31842
-0.242773
-0.150246
-0.0480655
0.0613161
0.17772
0.301676
0.433813
0.569992
0.692372
0.791959
0.867597
0.911154
0.929589
0.931967
0.926754
0.888155
0.836781
-0.394103
-0.380789
-0.334279
-0.258386
-0.165837
-0.0634094
0.0463281
0.16305
0.28733
0.420059
0.557511
0.682515
0.786617
0.870327
0.915547
0.931282
0.932231
0.908368
0.850588
0.789294
-0.409652
-0.395566
-0.349419
-0.272818
-0.180762
-0.0783711
0.0309057
0.14807
0.272368
0.405242
0.54314
0.669692
0.776285
0.870998
0.913373
0.942811
0.899629
0.844806
0.770901
0.70355
-0.395354
-0.377111
-0.326245
-0.245258
-0.146724
-0.0413579
0.0734596
0.193648
0.321572
0.459204
0.592797
0.708902
0.808087
0.906546
0.931333
0.843258
0.78424
0.712399
0.63653
0.587108
-0.419351
-0.40272
-0.366695
-0.295312
-0.203686
-0.102504
0.00713754
0.123784
0.247579
0.379654
0.516543
0.642655
0.749158
0.83623
0.909092
0.886233
0.753741
0.662573
0.594486
0.510276
-0.438381
-0.42275
-0.381007
-0.308238
-0.216126
-0.115363
-0.00680312
0.108968
0.231898
0.362755
0.49835
0.622892
0.726557
0.80249
0.826129
0.735703
0.587123
0.48515
0.406084
0.31707
-0.45792
-0.445474
-0.399227
-0.325394
-0.233206
-0.13197
-0.0234341
0.0920793
0.214186
0.343667
0.476652
0.596784
0.690769
0.752418
0.725477
0.583747
0.424733
0.302285
0.200878
0.064736
-0.480535
-0.467696
-0.419456
-0.344462
-0.252153
-0.1508
-0.0424023
0.0725602
0.193607
0.321259
0.4509
0.565327
0.649385
0.689366
0.625023
0.4348
0.248669
0.0925246
-0.0500497
-0.247153
-0.502094
-0.489664
-0.440319
-0.364077
-0.271389
-0.170114
-0.062141
0.0519674
0.171662
0.297033
0.422751
0.530604
0.606901
0.609541
0.495137
0.292529
0.0765256
-0.125193
-0.301131
-0.688923
-0.523748
-0.511695
-0.461902
-0.384774
-0.291784
-0.190529
-0.0830066
0.0302021
0.148384
0.271153
0.392441
0.492591
0.556765
0.526414
0.36953
0.165288
-0.0542172
-0.266713
-0.445953
-0.717183
-0.54632
-0.534425
-0.484469
-0.406826
-0.313661
-0.212427
-0.105331
0.00697571
0.123546
0.243463
0.359911
0.45165
0.500091
0.452118
0.257149
0.0600394
-0.139603
-0.308048
-0.381343
-0.420578
-0.570294
-0.55853
-0.508401
-0.430517
-0.337383
-0.236365
-0.129866
-0.0187161
0.0958793
0.212393
0.323232
0.406297
0.436887
0.352302
0.156869
-0.0280739
-0.194936
-0.302912
-0.341244
-0.350174
-0.595871
-0.584133
-0.533863
-0.455863
-0.362896
-0.262297
-0.156635
-0.0469301
0.0652837
0.177835
0.282269
0.356454
0.359067
0.244938
0.0648572
-0.10597
-0.247599
-0.303884
-0.315962
-0.320821
-0.623239
-0.611436
-0.560942
-0.482887
-0.390202
-0.290229
-0.185645
-0.0777124
0.0317221
0.139824
0.237114
0.301453
0.278958
0.144667
-0.0207094
-0.181
-0.28192
-0.310782
-0.306974
-0.307051
-0.652116
-0.640514
-0.589614
-0.511555
-0.419272
-0.320119
-0.216887
-0.111051
-0.00478974
0.0983764
0.188073
0.240351
0.208542
0.0527533
-0.0979568
-0.23849
-0.280223
-0.292692
-0.297646
-0.297902
-0.682348
-0.670729
-0.619667
-0.541707
-0.44998
-0.351871
-0.250273
-0.146872
-0.0441877
0.0536756
0.135381
0.176197
0.13773
-0.0253664
-0.165575
-0.263259
-0.309189
-0.295983
-0.29297
-0.292648
-0.713412
-0.701788
-0.650811
-0.573032
-0.482041
-0.385239
-0.285577
-0.184965
-0.0862547
0.00608437
0.0795109
0.111475
0.0522922
-0.0930671
-0.219273
-0.273326
-0.287889
-0.288748
-0.288852
-0.288596
-0.744572
-0.73303
-0.682115
-0.60499
-0.515
-0.419815
-0.322446
-0.224976
-0.130609
-0.0439864
0.0218185
0.0392471
-0.0282068
-0.1502
-0.25175
-0.275505
-0.282409
-0.285887
-0.28584
-0.285756
-0.774628
-0.763519
-0.712886
-0.636753
-0.548175
-0.454995
-0.360315
-0.266351
-0.17661
-0.0960013
-0.0358893
-0.0319007
-0.0972706
-0.198338
-0.26973
-0.323011
-0.2978
-0.286503
-0.284637
-0.284225
-0.802122
-0.791505
-0.741945
-0.667124
-0.580639
-0.489941
-0.398421
-0.308354
-0.223412
-0.148947
-0.0933332
-0.0939061
-0.159878
-0.231991
-0.283607
-0.277972
-0.284289
-0.28702
-0.286911
-0.286582
-0.825369
-0.81544
-0.767408
-0.694917
-0.611163
-0.523565
-0.435771
-0.350054
-0.270026
-0.201424
-0.151164
-0.149054
-0.210913
-0.262752
-0.284842
-0.294045
-0.293945
-0.294583
-0.293928
-0.293443
-0.842045
-0.833018
-0.787363
-0.718213
-0.638228
-0.554639
-0.471194
-0.390324
-0.315395
-0.252215
-0.20771
-0.200256
-0.248596
-0.291132
-0.306566
-0.305615
-0.301981
-0.299367
-0.298481
-0.298139
-0.850145
-0.84189
-0.799754
-0.735088
-0.660071
-0.581648
-0.503441
-0.427866
-0.358365
-0.300214
-0.259593
-0.245756
-0.276454
-0.294204
-0.308346
-0.301965
-0.298666
-0.29669
-0.296307
-0.296291
-0.845209
-0.83855
-0.802934
-0.743721
-0.675069
-0.60307
-0.53108
-0.461496
-0.397661
-0.344273
-0.306098
-0.282888
-0.290644
-0.278195
-0.295099
-0.29494
-0.296185
-0.296553
-0.296585
-0.296369
-0.826279
-0.821689
-0.793875
-0.742815
-0.681968
-0.617668
-0.552886
-0.489901
-0.431942
-0.383567
-0.348268
-0.322452
-0.294008
-0.255495
-0.271952
-0.283742
-0.29249
-0.29749
-0.299289
-0.299773
-0.793807
-0.790508
-0.771748
-0.731417
-0.680259
-0.624881
-0.568081
-0.512012
-0.459915
-0.416476
-0.388849
-0.351899
-0.316378
-0.281216
-0.272344
-0.289659
-0.306618
-0.311508
-0.312922
-0.313321
-0.752477
-0.750383
-0.739754
-0.711678
-0.67107
-0.625207
-0.576619
-0.527322
-0.480482
-0.441336
-0.414454
-0.389572
-0.360368
-0.375109
-0.383983
-0.368961
-0.348147
-0.336894
-0.333043
-0.331801
-0.710814
-0.709577
-0.704298
-0.68796
-0.658017
-0.620471
-0.579455
-0.536025
-0.493131
-0.455453
-0.42965
-0.403401
-0.389197
-0.400739
-0.437739
-0.425672
-0.367757
-0.338422
-0.323778
-0.32028
-0.67741
-0.676757
-0.674052
-0.664696
-0.643967
-0.613972
-0.57848
-0.539295
-0.498023
-0.45855
-0.429536
-0.387452
-0.351613
-0.277883
-0.144144
-0.0539249
-0.104092
-0.17246
-0.232304
-0.244959
-0.653593
-0.652883
-0.651444
-0.647697
-0.633531
-0.608757
-0.576335
-0.53885
-0.497224
-0.452886
-0.412234
-0.371619
-0.324621
-0.294741
-0.336395
-0.467617
-0.574585
-0.625813
-0.572489
-0.529868
-0.63732
-0.637077
-0.636497
-0.634565
-0.626818
-0.605922
-0.574883
-0.536696
-0.49285
-0.442926
-0.393478
-0.360111
-0.332036
-0.369397
-0.475326
-0.573724
-0.665779
-0.71807
-0.697779
-0.647007
-0.627027
-0.626987
-0.626647
-0.625996
-0.622277
-0.605069
-0.574144
-0.534141
-0.486395
-0.430969
-0.369728
-0.325541
-0.275512
-0.261482
-0.300591
-0.406923
-0.449841
-0.3697
-0.244112
-0.146039
-0.620114
-0.620087
-0.619805
-0.61934
-0.617723
-0.605437
-0.575026
-0.532059
-0.48015
-0.417964
-0.342741
-0.268897
-0.16418
-0.00324053
0.195669
0.389246
0.572758
0.762048
0.902155
0.970277
-0.615629
-0.615655
-0.615646
-0.615579
-0.614573
-0.606952
-0.577759
-0.532296
-0.475345
-0.405196
-0.318632
-0.220498
-0.0840179
0.179851
0.539548
0.91056
1.26252
1.51393
1.64886
1.69831
-0.61175
-0.611845
-0.611859
-0.611765
-0.611963
-0.607764
-0.582774
-0.535229
-0.473257
-0.397781
-0.304986
-0.195091
-0.0671657
0.205147
0.593706
0.975792
1.31527
1.55434
1.67341
1.71064
-0.609433
-0.609643
-0.609873
-0.60994
-0.609412
-0.609938
-0.590408
-0.540831
-0.475935
-0.398093
-0.303886
-0.197028
-0.0972413
0.138794
0.479811
0.79184
1.05915
1.23892
1.32497
1.35084
-0.607385
-0.608382
-0.610918
-0.617386
-0.62689
-0.630132
-0.6028
-0.547267
-0.483127
-0.406156
-0.314892
-0.21718
-0.127341
0.0455388
0.311876
0.542894
0.729959
0.850725
0.90524
0.92061
-0.605853
-0.607305
-0.610202
-0.61717
-0.631552
-0.633582
-0.598208
-0.549847
-0.495237
-0.421216
-0.333663
-0.244877
-0.165464
-0.0430005
0.142453
0.29772
0.416737
0.488422
0.518367
0.527215
-0.634758
-0.635559
-0.635514
-0.616873
-0.567541
-0.521621
-0.532491
-0.545227
-0.512396
-0.440925
-0.356394
-0.27712
-0.207542
-0.11931
0.00460984
0.102351
0.167736
0.203396
0.218629
0.224876
-0.683681
-0.682272
-0.678319
-0.651592
-0.58499
-0.533726
-0.551227
-0.580656
-0.543958
-0.46553
-0.37954
-0.307092
-0.249126
-0.181971
-0.0956762
-0.0312547
0.00741175
0.0259519
0.0364302
0.0412448
-0.772405
-0.767051
-0.785906
-0.824364
-0.862021
-0.847615
-0.806727
-0.726107
-0.605482
-0.493948
-0.400038
-0.334085
-0.287337
-0.234714
-0.164051
-0.107779
-0.0715776
-0.0488135
-0.0369139
-0.0325271
-0.944586
-0.948894
-0.996145
-1.07151
-1.11949
-1.11351
-1.04248
-0.860839
-0.668633
-0.516917
-0.412132
-0.348538
-0.30957
-0.264496
-0.201339
-0.148639
-0.109723
-0.0833266
-0.0713859
-0.0683189
-1.03466
-1.04644
-1.08782
-1.13789
-1.17353
-1.16772
-1.08661
-0.884584
-0.672953
-0.51169
-0.40498
-0.345741
-0.314873
-0.273478
-0.217497
-0.168404
-0.130378
-0.104269
-0.0920238
-0.0890162
-0.927113
-0.936216
-0.969461
-1.01102
-1.04328
-1.03819
-0.956827
-0.771942
-0.599475
-0.463741
-0.373365
-0.32263
-0.295891
-0.260771
-0.214868
-0.174551
-0.143342
-0.121971
-0.112318
-0.110545
-0.627607
-0.639319
-0.667459
-0.709927
-0.749362
-0.757213
-0.695273
-0.582995
-0.471928
-0.38392
-0.320541
-0.281395
-0.257426
-0.231586
-0.199449
-0.171262
-0.148868
-0.133495
-0.126807
-0.126324
-0.264342
-0.271562
-0.289987
-0.320576
-0.358138
-0.385895
-0.38295
-0.362022
-0.327228
-0.290703
-0.256836
-0.231176
-0.211842
-0.196258
-0.177176
-0.16161
-0.148544
-0.139629
-0.13597
-0.136358
0.0153237
0.0115728
0.000907826
-0.0226638
-0.0602283
-0.106658
-0.150445
-0.17996
-0.197349
-0.199608
-0.191488
-0.179173
-0.167425
-0.160965
-0.156263
-0.151691
-0.148745
-0.146895
-0.147117
-0.148007
0.15685
0.15443
0.147491
0.129096
0.0944806
0.0440367
-0.0131555
-0.0641205
-0.102626
-0.125638
-0.13383
-0.132231
-0.128895
-0.131191
-0.134858
-0.141091
-0.147031
-0.153191
-0.157067
-0.15798
0.194569
0.193122
0.188203
0.174095
0.146112
0.103432
0.0524608
0.00137441
-0.0420917
-0.0726454
-0.0877112
-0.0910536
-0.091637
-0.0988051
-0.110926
-0.1243
-0.137077
-0.147283
-0.152662
-0.153356
0.181258
0.180405
0.176948
0.166848
0.146525
0.114958
0.0755809
0.0331814
-0.00569874
-0.0363524
-0.0535464
-0.0572391
-0.0563042
-0.0657513
-0.0840363
-0.10085
-0.115275
-0.125314
-0.1297
-0.130308
0.149777
0.149369
0.147097
0.140288
0.126381
0.104381
0.0757325
0.0430635
0.011419
-0.0149572
-0.0311763
-0.0347719
-0.0317295
-0.0414618
-0.0609354
-0.07637
-0.0876576
-0.0941725
-0.0965151
-0.0970944
0.114655
0.114598
0.113226
0.108883
0.099745
0.0849386
0.0649718
0.0413181
0.0168865
-0.00509422
-0.0207587
-0.0279104
-0.0288294
-0.0373195
-0.0496229
-0.0576323
-0.0620521
-0.0638103
-0.0643547
-0.0649706
0.0809668
0.0809815
0.080289
0.0777472
0.0720686
0.0625623
0.0493134
0.0331354
0.01561
-0.00169174
-0.0178581
-0.0326107
-0.0446497
-0.0496265
-0.0479417
-0.0458512
-0.0438968
-0.0422622
-0.0417095
-0.0422018
0.0498897
0.0500424
0.0497291
0.0484513
0.0452962
0.0397753
0.0318478
0.0219176
0.0107215
-0.00139441
-0.0161133
-0.0377663
-0.0591092
-0.0586465
-0.0459419
-0.0366625
-0.0320226
-0.0297505
-0.0290377
-0.0291835
0.00631969
0.00641304
0.00680174
0.00713674
0.00698194
0.00611492
0.00458054
0.00293468
0.00140356
-0.00121228
-0.00651691
-0.0158161
-0.018459
-0.0157683
-0.0137683
-0.0131636
-0.0124536
-0.0113807
-0.00990772
-0.0176624
-1.0945
-0.423784
0.0236895
0.280084
0.463353
0.60276
0.7097
0.795223
0.888186
0.979448
-0.0558975
0.136047
0.311315
0.458719
0.581405
0.680694
0.761022
0.826794
0.86771
0.871185
0.270814
0.384395
0.49566
0.594483
0.679091
0.750169
0.808309
0.852543
0.881072
0.898403
0.477363
0.554647
0.631156
0.701171
0.762
0.8139
0.856657
0.890271
0.915934
0.934835
0.629226
0.681447
0.739714
0.791724
0.837434
0.877198
0.911013
0.939141
0.962252
0.979122
0.749543
0.789868
0.834914
0.8744
0.91108
0.943865
0.972619
0.99724
1.01788
1.03205
0.851086
0.885163
0.921694
0.955512
0.987358
1.01664
1.04271
1.06511
1.08364
1.09531
0.943482
0.974271
1.00791
1.04023
1.07072
1.09884
1.12379
1.14492
1.16178
1.17127
1.03394
1.06632
1.10143
1.13525
1.16639
1.19453
1.21897
1.23919
1.25458
1.26276
1.13556
1.17296
1.21112
1.24726
1.2792
1.30697
1.33033
1.34926
1.36335
1.37182
1.26228
1.30458
1.34369
1.37948
1.40981
1.43542
1.45692
1.4745
1.48797
1.49812
1.42367
1.46508
1.49874
1.52825
1.55273
1.57421
1.59377
1.61116
1.62588
1.63856
1.614
1.64477
1.66598
1.68509
1.70312
1.72032
1.73651
1.75231
1.76881
1.78573
1.8118
1.82318
1.83421
1.84829
1.86256
1.87539
1.88674
1.89758
1.91047
1.92734
1.99757
2.00747
2.0161
2.01855
2.01941
2.02366
2.03444
2.05037
2.06799
2.07258
2.29859
2.24318
2.19235
2.15211
2.12971
2.12565
2.13915
2.17294
2.22938
2.30493
0.891876
0.833183
0.790706
0.756851
0.7322
0.714654
0.702157
0.693246
0.68716
0.683714
0.683368
0.686271
0.691742
0.699703
0.710643
0.725708
0.746727
0.775828
0.814595
0.862423
0.693419
0.70218
0.707718
0.708544
0.705066
0.69903
0.692611
0.68716
0.683351
0.681739
0.682956
0.686587
0.691897
0.698393
0.705175
0.710456
0.712089
0.708857
0.701528
0.693861
0.670438
0.672469
0.677075
0.680591
0.683109
0.684544
0.684268
0.682548
0.680383
0.678849
0.678909
0.680779
0.683535
0.686186
0.687687
0.687365
0.685522
0.682732
0.678688
0.674308
0.663502
0.664369
0.666855
0.669574
0.671591
0.672961
0.673959
0.674429
0.674313
0.674098
0.674498
0.675632
0.676766
0.677276
0.676997
0.676169
0.674774
0.672547
0.669917
0.667954
0.657816
0.658278
0.659677
0.661704
0.663652
0.665238
0.666397
0.667315
0.668066
0.668688
0.669376
0.670076
0.670445
0.670388
0.669945
0.669005
0.667516
0.665705
0.664069
0.663055
0.652588
0.652875
0.653796
0.655273
0.656908
0.658524
0.659966
0.661164
0.662223
0.663228
0.664133
0.664746
0.664957
0.664778
0.664155
0.663121
0.661855
0.660557
0.659482
0.65886
0.647566
0.647767
0.648459
0.64964
0.651035
0.652493
0.653986
0.655419
0.656735
0.657977
0.65908
0.659792
0.660016
0.659775
0.659147
0.658292
0.65734
0.656365
0.655594
0.655157
0.642675
0.642827
0.643378
0.644371
0.645613
0.646969
0.648417
0.649935
0.651465
0.652954
0.654289
0.655169
0.655479
0.655334
0.654886
0.654258
0.653542
0.652816
0.652253
0.651927
0.637834
0.637954
0.638406
0.639266
0.640411
0.641711
0.643137
0.644698
0.646379
0.648122
0.649738
0.650854
0.651366
0.651442
0.651229
0.650828
0.650319
0.649806
0.649404
0.649152
0.632951
0.633047
0.633429
0.634201
0.635286
0.636554
0.637995
0.63963
0.641462
0.643461
0.645411
0.646861
0.647677
0.648035
0.648075
0.647909
0.64762
0.647294
0.647021
0.646822
0.627931
0.62801
0.628343
0.629057
0.630114
0.631388
0.632883
0.634631
0.636658
0.638956
0.64131
0.643188
0.644383
0.64507
0.645397
0.64548
0.645416
0.645266
0.645101
0.644942
0.622681
0.622747
0.623045
0.623729
0.62479
0.626117
0.627708
0.629619
0.631904
0.634573
0.637424
0.639822
0.641467
0.642536
0.64319
0.643545
0.643707
0.643733
0.643664
0.643535
0.617105
0.61716
0.617437
0.618115
0.619215
0.620639
0.622376
0.624511
0.627128
0.630268
0.633729
0.63675
0.638927
0.640441
0.641465
0.642128
0.642538
0.642739
0.642754
0.642649
0.611096
0.611142
0.611408
0.612104
0.61328
0.614845
0.616788
0.619222
0.62226
0.625988
0.630192
0.633964
0.636773
0.638808
0.640256
0.641284
0.641963
0.642341
0.642433
0.642347
0.604531
0.604568
0.604833
0.605568
0.606858
0.608618
0.610835
0.613654
0.617226
0.62168
0.626788
0.63146
0.635022
0.637673
0.639619
0.641043
0.642034
0.642609
0.642777
0.642706
0.597262
0.597291
0.597562
0.598358
0.599804
0.601818
0.604389
0.607696
0.611937
0.617284
0.623487
0.629239
0.633694
0.637072
0.639608
0.641497
0.642847
0.643633
0.643876
0.643816
0.589105
0.589132
0.589418
0.590291
0.59194
0.594272
0.597295
0.601221
0.606293
0.612735
0.620265
0.627306
0.632819
0.637052
0.640285
0.642732
0.644494
0.64551
0.645828
0.645775
0.579812
0.579835
0.58015
0.581129
0.583036
0.585776
0.589375
0.594076
0.600181
0.607964
0.617095
0.62567
0.632435
0.637675
0.641727
0.644835
0.647073
0.648341
0.648733
0.648684
0.56907
0.569085
0.569438
0.570563
0.572804
0.576079
0.580405
0.58608
0.593472
0.6029
0.613958
0.62435
0.632584
0.639008
0.644021
0.647887
0.650679
0.652217
0.65268
0.65263
0.556487
0.556496
0.556892
0.558213
0.560887
0.564849
0.570105
0.577019
0.586024
0.597474
0.610842
0.623374
0.63331
0.641105
0.647244
0.651986
0.655397
0.657214
0.65774
0.657683
0.541488
0.541492
0.541952
0.543542
0.546792
0.551659
0.55813
0.566645
0.577691
0.591629
0.607753
0.622774
0.634665
0.64402
0.651462
0.657193
0.661277
0.663369
0.66394
0.663871
0.523277
0.523277
0.523832
0.525809
0.529858
0.535959
0.544061
0.554684
0.568337
0.585338
0.604724
0.622601
0.636702
0.647818
0.656674
0.663536
0.668321
0.670657
0.671246
0.671155
0.500655
0.500651
0.501376
0.503956
0.509179
0.517035
0.527405
0.540867
0.55788
0.578636
0.601837
0.622932
0.639473
0.652517
0.662932
0.670993
0.676454
0.678964
0.679532
0.679412
0.471822
0.471818
0.472837
0.476416
0.483516
0.494011
0.507661
0.525014
0.546351
0.571656
0.599238
0.623878
0.643033
0.658127
0.670187
0.679481
0.685504
0.688069
0.688565
0.688411
0.433634
0.433648
0.435313
0.440843
0.451269
0.46597
0.484496
0.507166
0.533974
0.564667
0.597145
0.625566
0.647441
0.664643
0.678386
0.688815
0.695183
0.697633
0.698005
0.697815
0.380099
0.380354
0.384164
0.394202
0.410847
0.432474
0.458101
0.487775
0.521243
0.55808
0.595827
0.628134
0.65274
0.672031
0.687373
0.6987
0.705084
0.707231
0.707446
0.707228
0.303409
0.305818
0.316997
0.336723
0.36377
0.395056
0.429738
0.467681
0.508642
0.552172
0.595524
0.63193
0.659438
0.680958
0.697915
0.709902
0.716054
0.717809
0.717886
0.717672
0.221816
0.228373
0.248227
0.278318
0.316269
0.357504
0.401268
0.447543
0.496209
0.546858
0.596509
0.63775
0.668638
0.692733
0.711477
0.723831
0.729183
0.730349
0.730332
0.730184
0.151778
0.15875
0.185375
0.224259
0.271463
0.32182
0.374278
0.428687
0.484894
0.542457
0.598107
0.6438
0.677706
0.703879
0.723674
0.735614
0.740192
0.741107
0.741109
0.740999
0.0945215
0.10175
0.132497
0.17764
0.23174
0.28956
0.349515
0.411259
0.474462
0.538551
0.599855
0.649667
0.686267
0.714103
0.734556
0.746209
0.750353
0.751158
0.751199
0.75112
0.0469916
0.0545324
0.0878162
0.137719
0.197281
0.261168
0.327425
0.395575
0.465087
0.535222
0.601854
0.655561
0.694681
0.72408
0.745205
0.75671
0.76057
0.761323
0.761406
0.76136
0.00676223
0.0144619
0.0495067
0.102977
0.167117
0.236131
0.307809
0.381594
0.456804
0.532536
0.604212
0.661659
0.703231
0.734192
0.756004
0.767528
0.771376
0.77212
0.772216
0.772199
-0.0282086
-0.0204186
0.015878
0.0723054
0.14025
0.213672
0.29013
0.368968
0.449394
0.530356
0.606856
0.667967
0.711989
0.744533
0.767134
0.778985
0.782938
0.78364
0.78375
0.783744
-0.0594381
-0.051565
-0.0142615
0.044685
0.115863
0.193122
0.273837
0.35726
0.442519
0.52843
0.609596
0.674318
0.720799
0.755005
0.778538
0.790855
0.794971
0.795684
0.795781
0.795781
-0.0879144
-0.0799745
-0.0418282
0.0193076
0.0932942
0.173942
0.258471
0.346085
0.43585
0.526488
0.612207
0.680517
0.729483
0.765383
0.789924
0.802718
0.807045
0.807784
0.807862
0.807856
-0.114438
-0.10641
-0.0674592
-0.00447965
0.0720377
0.155716
0.243681
0.335139
0.42912
0.524284
0.614483
0.686386
0.737836
0.775424
0.800939
0.814245
0.818759
0.819566
0.81962
0.81959
-0.139494
-0.13136
-0.0916465
-0.0271292
0.0517245
0.138121
0.229203
0.32419
0.422116
0.521629
0.616255
0.69177
0.745704
0.784934
0.811369
0.825116
0.829789
0.830624
0.830627
0.830579
-0.163496
-0.155213
-0.114728
-0.0488386
0.0321025
0.120928
0.214838
0.313062
0.414686
0.518379
0.617393
0.69658
0.753026
0.79384
0.821078
0.835145
0.839887
0.840712
0.840672
0.840602
-0.186617
-0.178203
-0.137107
-0.0698016
0.0129925
0.103998
0.200458
0.301649
0.406715
0.514405
0.617782
0.700746
0.759776
0.802137
0.830033
0.844204
0.848935
0.849752
0.849663
0.849573
-0.209061
-0.200432
-0.158764
-0.090154
-0.00571652
0.0872417
0.185994
0.289881
0.398133
0.509622
0.617335
0.704217
0.765984
0.809903
0.838283
0.852391
0.857012
0.857747
0.857625
0.857515
-0.230896
-0.222126
-0.179758
-0.109988
-0.0240784
0.070623
0.171423
0.277735
0.388897
0.503973
0.615958
0.706941
0.771704
0.817295
0.846034
0.859837
0.864156
0.864771
0.864611
0.86449
-0.252172
-0.243216
-0.200207
-0.129345
-0.0421109
0.0541349
0.156742
0.265221
0.379025
0.497434
0.613583
0.708853
0.776976
0.824484
0.853511
0.866726
0.870501
0.870915
0.870716
0.87059
-0.272849
-0.263738
-0.220048
-0.14821
-0.0597966
0.0377949
0.141996
0.252381
0.368546
0.489994
0.610142
0.70987
0.781791
0.831639
0.861061
0.873385
0.876238
0.876273
0.876038
0.875928
-0.292927
-0.28364
-0.239293
-0.166566
-0.0771141
0.0216545
0.127232
0.239277
0.35751
0.481699
0.605592
0.709873
0.786068
0.838872
0.869098
0.880403
0.881801
0.881022
0.880687
0.880661
-0.312401
-0.302929
-0.257943
-0.184398
-0.0940342
0.00577007
0.112523
0.225986
0.345995
0.472594
0.599933
0.708733
0.789642
0.846137
0.877957
0.888643
0.888194
0.885807
0.884941
0.885188
-0.331215
-0.321559
-0.275968
-0.201679
-0.110503
-0.0098165
0.0979402
0.212587
0.334099
0.46276
0.59317
0.706303
0.792275
0.853189
0.887621
0.898899
0.897287
0.892626
0.890014
0.889508
-0.349406
-0.339573
-0.293363
-0.218418
-0.126551
-0.0251215
0.0834617
0.199052
0.321798
0.452172
0.585236
0.702364
0.793677
0.859715
0.897671
0.911278
0.910647
0.904416
0.896629
0.881867
-0.367006
-0.356972
-0.310232
-0.234794
-0.142419
-0.0404392
0.0687219
0.184941
0.308572
0.440234
0.575519
0.696301
0.793234
0.865402
0.907295
0.924299
0.926281
0.917077
0.907399
0.863391
-0.384274
-0.373369
-0.326482
-0.250688
-0.158031
-0.0556884
0.0538739
0.170451
0.294614
0.427105
0.564005
0.687807
0.789888
0.86927
0.914077
0.931851
0.932916
0.924344
0.872731
0.813708
-0.402187
-0.387722
-0.341889
-0.265946
-0.1736
-0.071108
0.0386448
0.155574
0.2799
0.412749
0.550528
0.676476
0.782194
0.870876
0.915005
0.91938
0.921559
0.883725
0.816558
0.75234
-0.419858
-0.422754
-0.362619
-0.278255
-0.185827
-0.0837288
0.0236691
0.140976
0.265177
0.397953
0.535719
0.662484
0.769562
0.871434
0.878293
0.891699
0.862567
0.794434
0.717453
0.646601
-0.395732
-0.394317
-0.335159
-0.251113
-0.153587
-0.0482503
0.0641236
0.184176
0.311836
0.449107
0.582271
0.698212
0.795835
0.892932
0.894949
0.789353
0.70023
0.629279
0.554392
0.41242
-0.435454
-0.409481
-0.347428
-0.262508
-0.165446
-0.0601477
0.0516758
0.171206
0.298097
0.434172
0.565366
0.678701
0.767273
0.82981
0.793747
0.655174
0.530783
0.445545
0.359991
0.198982
-0.458993
-0.428292
-0.365428
-0.281107
-0.183927
-0.0787906
0.0332798
0.152091
0.277761
0.411769
0.539868
0.647819
0.727303
0.754702
0.669856
0.501266
0.358395
0.25245
0.136099
-0.0957769
-0.481907
-0.448933
-0.38495
-0.299972
-0.202728
-0.0976964
0.0140341
0.131953
0.25614
0.387589
0.511472
0.61204
0.679554
0.671225
0.530933
0.340215
0.166619
0.0228743
-0.137753
-0.516922
-0.503829
-0.470067
-0.405091
-0.319233
-0.221919
-0.117098
-0.00602299
0.110858
0.233326
0.361771
0.480499
0.572404
0.621105
0.582978
0.395386
0.185538
-0.0288923
-0.208126
-0.45455
-0.993151
-0.525542
-0.491755
-0.426135
-0.339709
-0.242257
-0.137687
-0.027272
0.0884529
0.208948
0.333959
0.446863
0.530149
0.558492
0.469262
0.271059
0.0547547
-0.162866
-0.36317
-0.529739
-1.10706
-0.548175
-0.514342
-0.448375
-0.361648
-0.264101
-0.159762
-0.0499902
0.0645223
0.182864
0.304089
0.410739
0.48436
0.487
0.354927
0.163688
-0.0423549
-0.230529
-0.359671
-0.393622
-0.440174
-0.572147
-0.538285
-0.472123
-0.385328
-0.287877
-0.183947
-0.0750089
0.0379857
0.153731
0.270444
0.370387
0.430545
0.410682
0.249497
0.0663537
-0.114869
-0.260946
-0.323122
-0.345791
-0.351501
-0.597808
-0.563753
-0.497472
-0.410732
-0.313558
-0.210239
-0.102417
0.00871564
0.121422
0.232952
0.325475
0.369977
0.334273
0.151237
-0.0226151
-0.181776
-0.292353
-0.319045
-0.320196
-0.320573
-0.625246
-0.590895
-0.524471
-0.43785
-0.341111
-0.238645
-0.132216
-0.0232936
0.0859036
0.19169
0.275659
0.307306
0.238962
0.0611253
-0.103864
-0.244258
-0.29158
-0.305834
-0.307108
-0.306706
-0.654357
-0.619649
-0.553086
-0.466676
-0.37053
-0.269139
-0.164395
-0.058049
0.0472066
0.146735
0.22155
0.238923
0.139995
-0.0220582
-0.172686
-0.283205
-0.297009
-0.296842
-0.297949
-0.297632
-0.68468
-0.649832
-0.583137
-0.497046
-0.401685
-0.301624
-0.198877
-0.09549
0.00544482
0.0983024
0.164107
0.16354
0.0543036
-0.0955161
-0.227467
-0.267206
-0.289154
-0.292437
-0.292764
-0.292522
-0.715871
-0.680706
-0.614268
-0.528667
-0.434323
-0.335876
-0.235454
-0.1354
-0.0391443
0.0469581
0.10306
0.0908422
-0.0248683
-0.156208
-0.26363
-0.304366
-0.292681
-0.289219
-0.288698
-0.288475
-0.747002
-0.711889
-0.645944
-0.561044
-0.468005
-0.371504
-0.273767
-0.177406
-0.0861937
-0.00654502
0.0384247
0.0243784
-0.0951416
-0.202131
-0.28329
-0.280507
-0.284725
-0.285797
-0.285818
-0.285665
-0.777086
-0.742514
-0.677051
-0.593456
-0.502097
-0.407938
-0.313271
-0.220918
-0.135063
-0.0616303
-0.0238078
-0.0421095
-0.152898
-0.241442
-0.269483
-0.28947
-0.287085
-0.285295
-0.284375
-0.284032
-0.804543
-0.770944
-0.706742
-0.624845
-0.535711
-0.44437
-0.353226
-0.265178
-0.184764
-0.117573
-0.0805764
-0.113065
-0.198883
-0.264513
-0.273683
-0.2819
-0.286293
-0.287033
-0.286764
-0.286311
-0.827687
-0.795558
-0.733266
-0.65399
-0.567718
-0.479774
-0.392659
-0.309254
-0.234135
-0.173274
-0.136908
-0.174119
-0.238378
-0.282752
-0.312454
-0.300553
-0.29527
-0.294228
-0.293658
-0.293265
-0.844242
-0.814252
-0.754729
-0.679163
-0.596734
-0.512959
-0.430419
-0.352038
-0.28211
-0.227221
-0.194262
-0.223309
-0.267051
-0.316566
-0.318242
-0.305618
-0.300323
-0.29882
-0.298264
-0.298166
-0.851896
-0.824563
-0.769283
-0.69849
-0.621149
-0.542558
-0.465328
-0.392289
-0.327616
-0.277895
-0.245136
-0.264264
-0.280888
-0.312644
-0.303978
-0.299554
-0.297437
-0.296374
-0.296305
-0.296238
-0.847689
-0.824654
-0.775097
-0.710254
-0.639382
-0.5671
-0.495985
-0.428794
-0.36945
-0.324096
-0.286161
-0.294068
-0.281105
-0.286797
-0.287667
-0.293798
-0.296304
-0.296626
-0.296486
-0.29621
-0.828411
-0.811264
-0.770318
-0.713192
-0.650178
-0.585348
-0.52116
-0.460208
-0.406382
-0.364965
-0.329293
-0.314165
-0.272064
-0.247403
-0.27144
-0.288453
-0.295483
-0.298663
-0.299626
-0.299815
-0.79566
-0.783836
-0.753639
-0.706715
-0.652916
-0.596669
-0.539926
-0.485352
-0.436946
-0.399857
-0.36622
-0.336665
-0.299391
-0.263565
-0.276502
-0.300729
-0.309616
-0.312483
-0.313166
-0.313451
-0.754072
-0.746737
-0.727911
-0.692361
-0.648578
-0.601257
-0.552
-0.503461
-0.459682
-0.426403
-0.399664
-0.374633
-0.362066
-0.383052
-0.379157
-0.356893
-0.341212
-0.334419
-0.332207
-0.3317
-0.712016
-0.707866
-0.697783
-0.674356
-0.639936
-0.600516
-0.557965
-0.514394
-0.473289
-0.440945
-0.414408
-0.395448
-0.386157
-0.421335
-0.444496
-0.392884
-0.351703
-0.328801
-0.321383
-0.319656
-0.67811
-0.675924
-0.670614
-0.655697
-0.62996
-0.59663
-0.559336
-0.518815
-0.477926
-0.441296
-0.417045
-0.376538
-0.316604
-0.219699
-0.0725876
-0.071878
-0.13636
-0.208992
-0.2407
-0.248613
-0.653297
-0.652261
-0.650271
-0.642097
-0.622228
-0.593348
-0.558277
-0.518618
-0.475241
-0.431376
-0.398326
-0.346829
-0.30301
-0.303346
-0.400633
-0.523438
-0.618662
-0.605707
-0.547025
-0.532876
-0.637253
-0.63681
-0.636044
-0.632021
-0.617903
-0.591507
-0.556461
-0.515419
-0.468645
-0.416851
-0.37392
-0.343708
-0.338643
-0.418576
-0.530779
-0.617866
-0.702793
-0.714218
-0.671592
-0.63561
-0.627034
-0.626851
-0.626286
-0.624895
-0.615645
-0.590985
-0.555068
-0.511316
-0.460153
-0.399349
-0.345212
-0.292658
-0.26449
-0.269863
-0.348765
-0.445456
-0.423117
-0.307391
-0.186892
-0.124671
-0.62013
-0.619975
-0.619532
-0.619298
-0.613681
-0.592073
-0.554897
-0.50763
-0.450112
-0.381605
-0.303827
-0.22207
-0.0879129
0.0900197
0.29665
0.477684
0.669852
0.841173
0.943649
0.984576
-0.615647
-0.61565
-0.615629
-0.615559
-0.613026
-0.594736
-0.556763
-0.505101
-0.442145
-0.364431
-0.268209
-0.173226
0.0319248
0.351082
0.721863
1.09572
1.40327
1.59514
1.68188
1.70641
-0.61181
-0.611859
-0.611807
-0.611426
-0.610452
-0.598609
-0.561296
-0.50561
-0.437837
-0.352676
-0.250781
-0.143887
0.045447
0.392002
0.788087
1.15376
1.45058
1.62765
1.69925
1.71582
-0.609541
-0.609754
-0.609989
-0.609655
-0.609821
-0.604193
-0.568055
-0.509959
-0.438874
-0.352003
-0.251336
-0.146991
-0.00406274
0.309071
0.640085
0.933626
1.16181
1.29251
1.34312
1.35388
-0.607848
-0.6093
-0.613528
-0.622242
-0.631927
-0.621576
-0.576505
-0.516167
-0.446795
-0.361354
-0.266326
-0.169767
-0.0604388
0.178338
0.432554
0.642991
0.799871
0.885019
0.916097
0.921176
-0.606671
-0.608356
-0.612939
-0.623664
-0.636908
-0.618534
-0.574302
-0.524167
-0.46115
-0.377682
-0.288532
-0.202727
-0.118005
0.0505374
0.224735
0.362006
0.459075
0.507257
0.52436
0.528138
-0.635216
-0.635823
-0.630339
-0.595085
-0.540915
-0.521964
-0.542177
-0.535312
-0.480207
-0.397835
-0.31571
-0.240192
-0.17259
-0.055569
0.0577987
0.138891
0.189111
0.212633
0.222532
0.225638
-0.683312
-0.681452
-0.669245
-0.621229
-0.552505
-0.530498
-0.573397
-0.5696
-0.507674
-0.421027
-0.341022
-0.275957
-0.222306
-0.13673
-0.0599455
-0.00898488
0.018308
0.0318702
0.0392616
0.0424071
-0.768767
-0.772341
-0.803542
-0.848438
-0.860421
-0.828697
-0.777172
-0.665861
-0.54865
-0.443645
-0.363145
-0.308147
-0.267907
-0.197979
-0.133676
-0.0874478
-0.0586451
-0.0417542
-0.0339131
-0.0322745
-0.940866
-0.967918
-1.03426
-1.10048
-1.12516
-1.08561
-0.965848
-0.759727
-0.588076
-0.458638
-0.374474
-0.326048
-0.294677
-0.232418
-0.172905
-0.128064
-0.0943739
-0.0757799
-0.0692057
-0.0686612
-1.036
-1.064
-1.11306
-1.1588
-1.17836
-1.13852
-0.998436
-0.774288
-0.586362
-0.450821
-0.369563
-0.328273
-0.299188
-0.245609
-0.191657
-0.148078
-0.115535
-0.0966895
-0.0895644
-0.0897194
-0.92879
-0.951582
-0.98996
-1.0296
-1.04749
-1.00979
-0.868259
-0.68235
-0.52643
-0.412431
-0.343207
-0.307072
-0.282137
-0.237862
-0.193691
-0.157833
-0.131215
-0.115734
-0.110789
-0.111474
-0.632145
-0.651076
-0.687549
-0.731399
-0.759073
-0.737018
-0.641032
-0.52594
-0.424856
-0.348669
-0.297963
-0.267867
-0.246057
-0.215603
-0.184634
-0.159303
-0.140117
-0.129135
-0.126031
-0.127176
-0.267247
-0.279042
-0.304582
-0.339004
-0.374797
-0.387338
-0.374722
-0.345135
-0.309215
-0.272569
-0.242857
-0.220845
-0.20359
-0.1863
-0.169104
-0.154765
-0.143387
-0.137198
-0.135755
-0.137158
0.0135238
0.00758187
-0.00908822
-0.0398785
-0.0827811
-0.130025
-0.166866
-0.190059
-0.200146
-0.196379
-0.185501
-0.172746
-0.163278
-0.15856
-0.153812
-0.150188
-0.147401
-0.146936
-0.147442
-0.148654
0.155579
0.152
0.140032
0.113954
0.070905
0.0154684
-0.0397342
-0.0851136
-0.115732
-0.131518
-0.13379
-0.130332
-0.12949
-0.132471
-0.137959
-0.143939
-0.150205
-0.155589
-0.157762
-0.15835
0.193846
0.191463
0.182582
0.162011
0.126397
0.0784626
0.0266112
-0.0216783
-0.0589463
-0.0821217
-0.0903842
-0.0912322
-0.0943562
-0.104412
-0.117609
-0.130806
-0.142646
-0.150775
-0.153317
-0.153511
0.180885
0.179248
0.172943
0.158105
0.132039
0.0959725
0.0544777
0.0130079
-0.0221952
-0.0468766
-0.056696
-0.0567388
-0.0590459
-0.0745488
-0.0927559
-0.108461
-0.120976
-0.128204
-0.13021
-0.130407
0.149639
0.148621
0.144412
0.134329
0.116349
0.0907774
0.0596691
0.0268744
-0.00257003
-0.0247131
-0.0342274
-0.0332959
-0.0339587
-0.0512917
-0.0691865
-0.0825913
-0.0915833
-0.0956981
-0.0968825
-0.0972481
0.11467
0.114156
0.111534
0.104992
0.0930416
0.075564
0.0534539
0.0290596
0.00551753
-0.013951
-0.0253551
-0.0286876
-0.0313767
-0.0439488
-0.0542815
-0.0601219
-0.0632216
-0.0641026
-0.0646423
-0.0652332
0.0810356
0.0807799
0.0793317
0.0753588
0.0677977
0.0564011
0.0414827
0.0244542
0.00687277
-0.00990621
-0.0254559
-0.0401772
-0.0491749
-0.0490443
-0.0467097
-0.0450027
-0.0430001
-0.0418001
-0.0418891
-0.0425217
0.050001
0.0499469
0.0492727
0.0471536
0.0428332
0.0361265
0.0270653
0.0164574
0.0048027
-0.00837054
-0.0259176
-0.0498951
-0.062566
-0.0523951
-0.0405878
-0.0338132
-0.0306624
-0.0292422
-0.0290362
-0.0294525
0.0207207
0.020881
0.0208594
0.0205559
0.0195184
0.0174019
0.0140814
0.00981054
0.00489767
-0.00055138
-0.00945714
-0.025169
-0.0432694
-0.0378002
-0.0283952
-0.0228781
-0.0199852
-0.0189119
-0.0181346
-0.0177997
-0.714671
-0.154421
0.163814
0.375958
0.537114
0.658789
0.75512
0.837379
0.94442
0.943665
0.0848351
0.230138
0.388238
0.523318
0.633861
0.722809
0.795822
0.85164
0.874518
0.87892
0.343595
0.441408
0.546973
0.638529
0.716272
0.780856
0.832341
0.868626
0.891387
0.908653
0.527316
0.594614
0.667409
0.732712
0.789078
0.836434
0.874582
0.903913
0.927155
0.945965
0.665357
0.715624
0.7665
0.81536
0.858058
0.894836
0.925768
0.951221
0.972672
0.991086
0.777349
0.81407
0.85489
0.893212
0.927973
0.958743
0.985467
1.00797
1.02695
1.04477
0.8739
0.903805
0.938855
0.971715
1.00236
1.0301
1.0544
1.07481
1.0914
1.10878
0.962799
0.991089
1.0243
1.05572
1.08513
1.11175
1.13488
1.15388
1.16825
1.18538
1.05283
1.08369
1.11866
1.15115
1.18088
1.20724
1.22964
1.24751
1.26003
1.27728
1.1562
1.19186
1.22969
1.26373
1.29362
1.31921
1.34037
1.35691
1.36844
1.38628
1.28518
1.32417
1.36227
1.39528
1.42316
1.44666
1.46622
1.48167
1.49346
1.5117
1.44621
1.48221
1.51424
1.54098
1.56375
1.58422
1.60279
1.61879
1.63248
1.65035
1.63084
1.65587
1.67572
1.6942
1.71183
1.72856
1.74441
1.76039
1.7775
1.79663
1.81749
1.82832
1.84103
1.85557
1.86917
1.88123
1.89213
1.90347
1.91886
1.93829
1.99936
2.01279
2.01784
2.01886
2.02083
2.02818
2.04187
2.05946
2.0732
2.08454
2.26822
2.21763
2.17016
2.13858
2.12552
2.13006
2.15331
2.19836
2.26505
2.35917
0.7485
0.745493
0.739436
0.728514
0.71603
0.70473
0.695686
0.688951
0.684516
0.682662
0.683937
0.687964
0.694157
0.702464
0.71298
0.725309
0.73767
0.746387
0.750901
0.753068
0.676791
0.68344
0.688691
0.692314
0.693435
0.691811
0.688372
0.684603
0.681652
0.680385
0.681517
0.684598
0.688721
0.692971
0.696018
0.696561
0.694253
0.689882
0.683589
0.677767
0.666658
0.669622
0.67299
0.675486
0.677255
0.678452
0.678696
0.677975
0.676949
0.676546
0.677464
0.679252
0.68096
0.681778
0.681385
0.68015
0.678264
0.675404
0.672074
0.669787
0.660577
0.662003
0.664221
0.666502
0.668235
0.669445
0.670357
0.670972
0.671285
0.671654
0.672413
0.673232
0.673624
0.673459
0.672866
0.671749
0.669956
0.667746
0.666003
0.664919
0.65517
0.65599
0.65746
0.659245
0.660999
0.662493
0.663656
0.664633
0.665519
0.666355
0.667098
0.667539
0.667598
0.667282
0.666501
0.665252
0.663756
0.662254
0.661244
0.660577
0.650058
0.650614
0.651704
0.65313
0.654658
0.656185
0.657608
0.65886
0.660011
0.661109
0.661959
0.662384
0.662382
0.661933
0.661099
0.660053
0.65892
0.657865
0.657184
0.656715
0.645111
0.645527
0.6464
0.647624
0.648974
0.65041
0.651898
0.653366
0.654763
0.65609
0.657119
0.657636
0.657646
0.657241
0.656579
0.655785
0.65493
0.654153
0.653657
0.653299
0.640257
0.640584
0.641306
0.642384
0.643643
0.645018
0.646504
0.648085
0.649707
0.651299
0.652562
0.653238
0.653394
0.653186
0.652752
0.652175
0.651544
0.650985
0.650619
0.650333
0.635406
0.635672
0.636288
0.637268
0.638471
0.639819
0.641328
0.643004
0.644823
0.646709
0.648271
0.649212
0.649625
0.649668
0.649469
0.649118
0.648695
0.648312
0.648042
0.647805
0.630466
0.630688
0.631231
0.632152
0.633323
0.63468
0.636251
0.638055
0.640093
0.642307
0.644253
0.645556
0.646294
0.646622
0.646676
0.646565
0.64634
0.646111
0.645918
0.645715
0.625343
0.625532
0.626026
0.626919
0.628096
0.629505
0.631177
0.633159
0.635474
0.638084
0.640505
0.642252
0.643374
0.644031
0.644369
0.644497
0.644476
0.644389
0.644258
0.644079
0.619943
0.620108
0.620574
0.621469
0.622693
0.624196
0.62602
0.628242
0.630908
0.634015
0.637011
0.639289
0.64086
0.641895
0.64255
0.642931
0.64313
0.643175
0.643096
0.642933
0.614166
0.614312
0.614768
0.615695
0.617007
0.618653
0.62069
0.623226
0.626337
0.630059
0.633753
0.636662
0.638764
0.640233
0.641248
0.641937
0.642355
0.642523
0.642486
0.642334
0.607896
0.608029
0.608491
0.609479
0.610923
0.612766
0.61509
0.618027
0.621699
0.626175
0.630712
0.634378
0.637107
0.639085
0.640513
0.641539
0.642203
0.642498
0.642501
0.642353
0.600999
0.601121
0.601604
0.602684
0.604308
0.606414
0.609106
0.612554
0.616923
0.622321
0.627876
0.632445
0.635916
0.638496
0.640403
0.641818
0.642756
0.643183
0.643221
0.643074
0.593324
0.593423
0.593941
0.59515
0.597008
0.599447
0.602609
0.6067
0.61193
0.618453
0.625233
0.630877
0.635225
0.638515
0.640999
0.642863
0.644108
0.644673
0.644744
0.644593
0.584617
0.584739
0.5853
0.586671
0.588819
0.591688
0.595447
0.600341
0.606634
0.614525
0.622776
0.629696
0.635078
0.639201
0.642379
0.64477
0.646358
0.647067
0.647167
0.64701
0.574617
0.574742
0.575395
0.576976
0.579503
0.582925
0.587434
0.593331
0.600938
0.610493
0.620502
0.628927
0.635529
0.640634
0.64462
0.647625
0.649603
0.650463
0.650588
0.650419
0.562998
0.563126
0.563898
0.565751
0.56876
0.572887
0.578346
0.585504
0.594738
0.606314
0.618415
0.628607
0.636631
0.642888
0.647799
0.651527
0.653933
0.654944
0.655087
0.654904
0.549256
0.549402
0.550337
0.552553
0.556187
0.561226
0.567909
0.576671
0.587931
0.601958
0.616532
0.628779
0.638433
0.646015
0.652013
0.656552
0.659411
0.660564
0.660715
0.660514
0.532717
0.532904
0.534072
0.536783
0.541253
0.547508
0.555801
0.566628
0.580425
0.597417
0.614886
0.629487
0.640993
0.650075
0.65729
0.662736
0.666056
0.667326
0.667471
0.667249
0.512408
0.512675
0.514198
0.517615
0.523255
0.531186
0.541653
0.555183
0.572169
0.592726
0.61354
0.630789
0.644361
0.655111
0.663646
0.670067
0.673814
0.675154
0.675274
0.675032
0.486867
0.487283
0.489368
0.493868
0.501255
0.511603
0.525095
0.54221
0.563196
0.58799
0.612601
0.632761
0.648564
0.661123
0.671079
0.678458
0.682537
0.683874
0.683947
0.683688
0.453707
0.454432
0.457506
0.463865
0.474075
0.488081
0.505876
0.527738
0.553675
0.583407
0.612224
0.63549
0.653639
0.668059
0.679502
0.687719
0.691958
0.693192
0.693198
0.692928
0.408682
0.410148
0.415352
0.425384
0.440514
0.460201
0.484072
0.512075
0.543967
0.579281
0.612597
0.639071
0.659604
0.675889
0.688751
0.697551
0.701675
0.702699
0.702627
0.702359
0.343841
0.348463
0.359358
0.376671
0.400201
0.428393
0.460379
0.495907
0.534622
0.575971
0.613907
0.643564
0.666415
0.68445
0.698443
0.707444
0.711143
0.711837
0.711694
0.711446
0.266776
0.275155
0.295053
0.323194
0.357489
0.395227
0.435887
0.479373
0.525393
0.573427
0.616753
0.650271
0.675968
0.696032
0.711184
0.720049
0.723213
0.72369
0.723588
0.723457
0.189493
0.203325
0.23258
0.271326
0.315813
0.362978
0.412308
0.463797
0.517175
0.571947
0.620707
0.658055
0.68649
0.708644
0.724651
0.732737
0.735021
0.735265
0.735182
0.735125
0.125258
0.143028
0.178053
0.224758
0.277537
0.332966
0.390264
0.449308
0.509718
0.570919
0.62476
0.665577
0.696318
0.719817
0.735936
0.743502
0.745484
0.74572
0.745699
0.745662
0.0725664
0.0924359
0.131989
0.184581
0.243841
0.306081
0.370261
0.436081
0.502981
0.570219
0.628834
0.672864
0.705695
0.730356
0.746583
0.753778
0.755594
0.755843
0.755881
0.755863
0.02845
0.0495953
0.0925229
0.149787
0.2144
0.28234
0.352445
0.424275
0.497095
0.569978
0.633132
0.680217
0.715044
0.740882
0.757351
0.764284
0.766008
0.766342
0.766441
0.766454
-0.00939826
0.0125415
0.0581521
0.119202
0.188322
0.261186
0.336505
0.413733
0.491996
0.570186
0.6377
0.687784
0.724613
0.751587
0.768439
0.775367
0.777211
0.777563
0.777699
0.777745
-0.042672
-0.0201913
0.0275871
0.0918212
0.164786
0.241962
0.321952
0.404103
0.487432
0.570669
0.642423
0.695485
0.734329
0.762563
0.78
0.787219
0.789141
0.789487
0.789603
0.789664
-0.0726232
-0.049772
-0.000155868
0.0668109
0.143128
0.224119
0.30832
0.395002
0.483094
0.571188
0.647101
0.703136
0.744038
0.773619
0.791747
0.799325
0.801343
0.80167
0.801769
0.801829
-0.100282
-0.0770398
-0.0258656
0.0435332
0.122819
0.207218
0.295238
0.386109
0.478705
0.571499
0.651531
0.710547
0.75353
0.784459
0.8033
0.811293
0.81336
0.813672
0.813732
0.813797
-0.12618
-0.10255
-0.0499497
0.0214942
0.103462
0.190925
0.28242
0.377173
0.474036
0.5714
0.655541
0.717552
0.762578
0.79483
0.814346
0.822714
0.82489
0.825145
0.825157
0.825209
-0.150803
-0.126733
-0.0729485
0.000405545
0.0847616
0.174987
0.269656
0.368003
0.468906
0.57074
0.658994
0.72403
0.771096
0.804573
0.824704
0.833276
0.835518
0.835734
0.835699
0.835732
-0.174459
-0.149926
-0.095143
-0.0199615
0.066521
0.159235
0.256788
0.358466
0.463189
0.569375
0.661791
0.729933
0.779028
0.813636
0.834216
0.842898
0.845075
0.845285
0.84521
0.845223
-0.197347
-0.172352
-0.116562
-0.0397743
0.0486126
0.14356
0.243729
0.348471
0.456788
0.567204
0.663846
0.735232
0.786419
0.822038
0.842851
0.851493
0.853652
0.853777
0.853671
0.853664
-0.219593
-0.194134
-0.137313
-0.0591218
0.0309681
0.127917
0.230438
0.337967
0.449634
0.564145
0.665082
0.739915
0.793346
0.829929
0.850786
0.859188
0.861192
0.861255
0.861126
0.861102
-0.241204
-0.215301
-0.157517
-0.0780471
0.0135625
0.112282
0.216903
0.326953
0.441704
0.56013
0.665411
0.743974
0.799932
0.837518
0.858181
0.866107
0.86783
0.867813
0.867658
0.867624
-0.262236
-0.235881
-0.177185
-0.0965545
-0.00360016
0.0966735
0.203152
0.315448
0.43301
0.555115
0.664759
0.747379
0.806261
0.845043
0.86534
0.872423
0.873674
0.873534
0.873371
0.87333
-0.282643
-0.255845
-0.196289
-0.114634
-0.0204996
0.0811397
0.189237
0.303506
0.423583
0.549084
0.663031
0.750035
0.812372
0.852787
0.872708
0.878531
0.878886
0.878499
0.878364
0.878345
-0.302472
-0.275168
-0.214841
-0.132251
-0.0370869
0.0657281
0.175226
0.291204
0.413476
0.542061
0.660144
0.751799
0.818206
0.860945
0.880875
0.885213
0.883976
0.882904
0.882783
0.882951
-0.321621
-0.293865
-0.232811
-0.149381
-0.0533224
0.0505055
0.161182
0.278606
0.402778
0.534093
0.656032
0.75248
0.823574
0.869487
0.890372
0.893716
0.890385
0.887551
0.88663
0.886894
-0.340181
-0.31192
-0.250161
-0.165986
-0.0691418
0.0355468
0.147216
0.265834
0.391599
0.52525
0.650663
0.751851
0.828156
0.878028
0.90116
0.905117
0.900638
0.894603
0.888569
0.872847
-0.358087
-0.329327
-0.267029
-0.182267
-0.0848318
0.0205388
0.132933
0.252462
0.379469
0.515068
0.643577
0.749446
0.831768
0.886386
0.912881
0.919703
0.916039
0.907415
0.893417
0.909045
-0.375466
-0.34608
-0.28336
-0.198202
-0.100316
0.0055348
0.118332
0.238507
0.366368
0.503422
0.634512
0.744572
0.833574
0.89346
0.922635
0.932355
0.929885
0.918076
0.857188
0.842613
-0.392892
-0.362822
-0.298917
-0.213472
-0.115006
-0.00901564
0.103626
0.224225
0.352568
0.490486
0.623398
0.736678
0.832338
0.898212
0.925639
0.934765
0.923224
0.88362
0.816378
0.776366
-0.411021
-0.380506
-0.313302
-0.227818
-0.128542
-0.0229826
0.0892047
0.209781
0.338137
0.476239
0.610015
0.725384
0.825309
0.898789
0.944502
0.91162
0.876287
0.807389
0.734263
0.690333
0.0174434
0.134605
0.258697
0.391276
0.528535
0.654779
0.761261
0.574084
-0.430512
-0.411591
-0.373401
-0.301501
-0.209707
-0.108942
3.98956e-05
0.116128
0.239484
0.370971
0.507392
0.633169
0.739084
0.821327
0.872201
0.816819
0.666367
0.572753
0.500213
-0.447037
-0.434117
-0.389639
-0.31632
-0.224118
-0.123103
-0.0146174
0.101008
0.223545
0.353752
0.488162
0.610745
0.710525
0.779861
0.773672
0.659307
0.507491
0.396335
0.304017
-0.46911
-0.45654
-0.409172
-0.334848
-0.242645
-0.141317
-0.0327943
0.0825081
0.204124
0.332756
0.46414
0.581548
0.669977
0.721967
0.679052
0.509099
0.337866
0.200466
0.0796437
-0.49128
-0.478607
-0.429746
-0.354157
-0.261675
-0.160363
-0.052158
0.0624034
0.182794
0.309356
0.437117
0.548349
0.629262
0.652287
0.560651
0.362462
0.160897
-0.0204096
-0.188764
-0.512638
-0.500507
-0.450919
-0.374241
-0.281414
-0.18015
-0.0724174
0.0412341
0.160187
0.284279
0.407822
0.512062
0.58307
0.566076
0.430845
0.225829
0.00457567
-0.203921
-0.392004
-0.534581
-0.522743
-0.472923
-0.395569
-0.302486
-0.201217
-0.0938995
0.0188795
0.136301
0.257717
0.376695
0.472714
0.529253
0.490325
0.311997
0.110908
-0.102242
-0.301274
-0.424524
-0.464832
-0.557814
-0.546127
-0.496123
-0.418434
-0.325293
-0.224138
-0.117317
-0.00554979
0.110079
0.22837
0.342126
0.429626
0.469556
0.405469
0.205627
0.0132542
-0.168985
-0.306131
-0.353107
-0.37672
-0.582469
-0.570919
-0.520784
-0.442945
-0.349907
-0.249085
-0.142961
-0.0324968
0.0809568
0.195561
0.303308
0.382171
0.399934
0.297661
0.110242
-0.0675314
-0.222022
-0.306429
-0.326918
-0.332215
-0.608861
-0.597321
-0.547023
-0.469116
-0.376315
-0.276012
-0.170851
-0.0619988
0.0488806
0.159276
0.260224
0.329985
0.317835
0.19419
0.021265
-0.145646
-0.267304
-0.312138
-0.311787
-0.3129
-0.6369
-0.625462
-0.574885
-0.496956
-0.404513
-0.304923
-0.200986
-0.0940564
0.0138435
0.119541
0.213088
0.271969
0.242339
0.097035
-0.0607112
-0.215709
-0.28319
-0.301016
-0.302094
-0.301821
-0.666432
-0.654998
-0.604268
-0.526381
-0.434419
-0.335767
-0.233312
-0.128648
-0.024129
0.0764255
0.162196
0.208608
0.175036
0.0127669
-0.134802
-0.251779
-0.302009
-0.29524
-0.295032
-0.295045
-0.696973
-0.685466
-0.634917
-0.557146
-0.465847
-0.368367
-0.267691
-0.16564
-0.0648879
0.030232
0.107839
0.144562
0.09595
-0.0605301
-0.195304
-0.276307
-0.292332
-0.290623
-0.290536
-0.290245
-0.727997
-0.716446
-0.666201
-0.588852
-0.498424
-0.402395
-0.303832
-0.204748
-0.10816
-0.0186479
0.050857
0.0765439
0.010499
-0.122954
-0.241698
-0.26301
-0.280259
-0.286365
-0.286832
-0.286624
-0.758531
-0.747047
-0.697325
-0.620803
-0.53159
-0.437361
-0.341278
-0.245518
-0.153431
-0.0697753
-0.00698576
0.00298933
-0.0634082
-0.17668
-0.259686
-0.30947
-0.292676
-0.28676
-0.285072
-0.284722
-0.78684
-0.776129
-0.727365
-0.651994
-0.564537
-0.472543
-0.37937
-0.287306
-0.199949
-0.12241
-0.06442
-0.064148
-0.129142
-0.21818
-0.283849
-0.29651
-0.288964
-0.285929
-0.284879
-0.284494
-0.812072
-0.801674
-0.754887
-0.68123
-0.596189
-0.506972
-0.417228
-0.32928
-0.246781
-0.175288
-0.122039
-0.12208
-0.187185
-0.248184
-0.283024
-0.281429
-0.287947
-0.290312
-0.290132
-0.289742
-0.831611
-0.821888
-0.7776
-0.707106
-0.625191
-0.539496
-0.45376
-0.370406
-0.292905
-0.227057
-0.179611
-0.175213
-0.230941
-0.280808
-0.298214
-0.30431
-0.299537
-0.297925
-0.296873
-0.296331
-0.843516
-0.834857
-0.793872
-0.727462
-0.649868
-0.568726
-0.487767
-0.409463
-0.337215
-0.276599
-0.234163
-0.22373
-0.263782
-0.297611
-0.312563
-0.30491
-0.300517
-0.297839
-0.297209
-0.297125
-0.8452
-0.838178
-0.801638
-0.740552
-0.668494
-0.593127
-0.517881
-0.445191
-0.378505
-0.322771
-0.283147
-0.265271
-0.286251
-0.289265
-0.30552
-0.298963
-0.297042
-0.296106
-0.295767
-0.295621
-0.834808
-0.829178
-0.798497
-0.744538
-0.679642
-0.611256
-0.542741
-0.476375
-0.415449
-0.364536
-0.32723
-0.298558
-0.292157
-0.274549
-0.298889
-0.292587
-0.293968
-0.296283
-0.297108
-0.297238
-0.809265
-0.805309
-0.782036
-0.73803
-0.682291
-0.622183
-0.561307
-0.501748
-0.446752
-0.400939
-0.36712
-0.326439
-0.303242
-0.28328
-0.266305
-0.282601
-0.295696
-0.301736
-0.303913
-0.304638
-0.771902
-0.769449
-0.754358
-0.721296
-0.676543
-0.625836
-0.573124
-0.520497
-0.471172
-0.430132
-0.401109
-0.369601
-0.337356
-0.323131
-0.329424
-0.332347
-0.325931
-0.323587
-0.322803
-0.322629
-0.729398
-0.727826
-0.720362
-0.698197
-0.664615
-0.623362
-0.578635
-0.532443
-0.487848
-0.449913
-0.423824
-0.397228
-0.382318
-0.412033
-0.429249
-0.409673
-0.371768
-0.343965
-0.333314
-0.330568
-0.691537
-0.69052
-0.687037
-0.674859
-0.650358
-0.617311
-0.579264
-0.538241
-0.496579
-0.458233
-0.43212
-0.398023
-0.371172
-0.361994
-0.374835
-0.30287
-0.263155
-0.265751
-0.276489
-0.278939
-0.664327
-0.66377
-0.66144
-0.655398
-0.63811
-0.611013
-0.577376
-0.539421
-0.498204
-0.456558
-0.421541
-0.37816
-0.334561
-0.233613
-0.164004
-0.239594
-0.354775
-0.442689
-0.413281
-0.384457
-0.644135
-0.643703
-0.642808
-0.640434
-0.629758
-0.607017
-0.575392
-0.537845
-0.495222
-0.448159
-0.403131
-0.366748
-0.32768
-0.352211
-0.447022
-0.54084
-0.612116
-0.666158
-0.650988
-0.609268
-0.631756
-0.631642
-0.631257
-0.629786
-0.624496
-0.60532
-0.574191
-0.535335
-0.489597
-0.437069
-0.382515
-0.346637
-0.317079
-0.335544
-0.426091
-0.588221
-0.693041
-0.685837
-0.593751
-0.513314
-0.623173
-0.623149
-0.622844
-0.622478
-0.620047
-0.605124
-0.574182
-0.532818
-0.483026
-0.424673
-0.356319
-0.298448
-0.219294
-0.144251
-0.0682804
-0.0212723
0.0439027
0.171478
0.301717
0.387587
-0.617789
-0.617783
-0.61765
-0.617368
-0.615773
-0.606334
-0.57601
-0.531868
-0.477647
-0.41127
-0.32971
-0.242178
-0.117175
0.112886
0.406802
0.710173
1.00143
1.23059
1.36811
1.42643
-0.61356
-0.613626
-0.61366
-0.613612
-0.61366
-0.607728
-0.58001
-0.533774
-0.473923
-0.400583
-0.310258
-0.204611
-0.0674339
0.206635
0.597279
0.991405
1.35051
1.60481
1.735
1.77783
-0.610289
-0.610408
-0.610382
-0.610058
-0.609582
-0.608529
-0.586681
-0.538067
-0.474011
-0.396906
-0.302895
-0.192739
-0.0800251
0.179826
0.549634
0.900524
1.20671
1.41821
1.52152
1.55308
-0.608735
-0.609248
-0.610421
-0.612798
-0.615016
-0.616878
-0.596865
-0.543904
-0.478831
-0.401104
-0.307945
-0.205763
-0.112589
0.0919822
0.397248
0.669036
0.895489
1.04454
1.11406
1.13431
-0.605095
-0.606561
-0.610143
-0.619936
-0.637276
-0.642932
-0.606037
-0.548672
-0.488499
-0.413064
-0.323712
-0.230111
-0.144607
0.000785189
0.226336
0.417576
0.568901
0.663839
0.705249
0.716056
-0.615305
-0.616778
-0.618381
-0.615427
-0.602231
-0.584051
-0.569648
-0.547536
-0.503325
-0.430488
-0.344674
-0.261097
-0.187255
-0.0837941
0.0673042
0.19113
0.280805
0.332508
0.354179
0.362204
-0.658526
-0.658533
-0.656392
-0.627376
-0.553284
-0.489086
-0.514001
-0.553126
-0.52512
-0.452597
-0.368177
-0.29226
-0.227763
-0.150971
-0.0488192
0.0292578
0.0771869
0.101202
0.111573
0.118424
-0.716358
-0.712473
-0.712771
-0.710161
-0.695283
-0.667729
-0.659228
-0.645454
-0.571097
-0.479492
-0.390286
-0.32163
-0.269889
-0.2109
-0.134661
-0.0767539
-0.0409672
-0.0210906
-0.00993823
-0.00487882
-0.854114
-0.853485
-0.891467
-0.961688
-1.01421
-1.00753
-0.946271
-0.802342
-0.640774
-0.507421
-0.407824
-0.3434
-0.30034
-0.252076
-0.185483
-0.131673
-0.0924577
-0.0681158
-0.0566881
-0.0529087
-1.01064
-1.01951
-1.06763
-1.1304
-1.17219
-1.1658
-1.08866
-0.890214
-0.68076
-0.519321
-0.41141
-0.349463
-0.314701
-0.272136
-0.212285
-0.161079
-0.121636
-0.0944055
-0.0814657
-0.0794582
-1.00818
-1.01909
-1.05321
-1.09632
-1.12833
-1.12236
-1.04172
-0.841569
-0.64503
-0.492769
-0.392284
-0.336886
-0.308493
-0.269412
-0.217784
-0.172506
-0.137471
-0.113513
-0.102503
-0.099879
-0.795533
-0.807454
-0.838873
-0.882593
-0.919466
-0.918964
-0.838528
-0.684915
-0.540164
-0.42664
-0.348909
-0.303558
-0.278327
-0.247848
-0.208778
-0.174344
-0.147322
-0.128836
-0.12055
-0.119409
-0.443357
-0.452594
-0.475747
-0.512215
-0.550214
-0.566628
-0.536894
-0.472017
-0.399462
-0.337961
-0.289419
-0.256999
-0.234866
-0.213934
-0.188284
-0.166397
-0.148953
-0.136806
-0.131605
-0.131617
-0.107623
-0.112808
-0.126349
-0.153307
-0.191802
-0.23075
-0.253277
-0.262579
-0.258844
-0.243955
-0.223691
-0.204784
-0.189013
-0.178297
-0.166691
-0.156906
-0.148507
-0.142869
-0.14102
-0.141712
0.102412
0.0994954
0.0909639
0.0702324
0.0337382
-0.0163841
-0.0707383
-0.114546
-0.145105
-0.159795
-0.161404
-0.154999
-0.147675
-0.146077
-0.145741
-0.14677
-0.14831
-0.150982
-0.153232
-0.154164
0.185011
0.183198
0.177392
0.161155
0.129512
0.0819298
0.0264117
-0.0263167
-0.0688465
-0.0968333
-0.109307
-0.110985
-0.110376
-0.115396
-0.123297
-0.13347
-0.143614
-0.152265
-0.15723
-0.158034
0.191746
0.190615
0.186456
0.174401
0.15031
0.11323
0.0680245
0.020814
-0.021195
-0.0525826
-0.0692145
-0.0732466
-0.0733595
-0.08182
-0.0977332
-0.113239
-0.1274
-0.138078
-0.143251
-0.143872
0.166577
0.165962
0.163127
0.15477
0.137861
0.111382
0.0775848
0.0400934
0.00484595
-0.0239084
-0.0407454
-0.0442556
-0.0417828
-0.051542
-0.071267
-0.0881958
-0.101564
-0.110172
-0.113621
-0.114231
0.132258
0.13201
0.130221
0.124724
0.113387
0.0952675
0.0712439
0.0432336
0.0152105
-0.0089106
-0.0246889
-0.0289874
-0.0269577
-0.0367168
-0.053595
-0.0660827
-0.0741592
-0.0783013
-0.079686
-0.0802925
0.0974814
0.0975061
0.0965127
0.0931288
0.0858563
0.073899
0.0574822
0.0377382
0.0168809
-0.0026906
-0.01876
-0.0292441
-0.0356506
-0.0422569
-0.0480998
-0.0508692
-0.0519176
-0.0517252
-0.0516162
-0.052207
0.0650966
0.0651644
0.0647628
0.062878
0.0585496
0.0511529
0.0406859
0.0277407
0.0134148
-0.00146735
-0.0173543
-0.0361161
-0.0544562
-0.0562774
-0.0480128
-0.0416895
-0.0374876
-0.0352284
-0.0345077
-0.0348714
0.0350754
0.0352431
0.0351666
0.0343859
0.0323013
0.0285163
0.0229737
0.0159535
0.00781074
-0.00141354
-0.0133142
-0.03363
-0.055916
-0.0531039
-0.0389731
-0.0303654
-0.0264015
-0.0246244
-0.0240603
-0.024053
0.0208199
0.0209018
0.0207571
0.0201549
0.0186098
0.0159018
0.0120035
0.00742319
0.0023979
-0.00449729
-0.0160624
-0.0356466
-0.0435675
-0.0328314
-0.0251287
-0.0211234
-0.0193108
-0.0185301
-0.0178127
-0.00950891
-0.363822
-0.0257255
0.189017
0.375085
0.52465
0.64268
0.735801
0.814718
0.872612
0.867795
0.125205
0.274132
0.412586
0.531557
0.632695
0.716495
0.785183
0.838643
0.871169
0.883102
0.382012
0.476468
0.568176
0.650702
0.721995
0.782458
0.83201
0.869911
0.896879
0.915517
0.557897
0.620761
0.687273
0.748047
0.800329
0.84536
0.883061
0.913564
0.938155
0.955918
0.692184
0.737629
0.788725
0.833662
0.874273
0.909984
0.940935
0.967129
0.98901
1.00438
0.801799
0.838742
0.878626
0.914928
0.948694
0.979351
1.00655
1.02992
1.04944
1.06219
0.898012
0.929962
0.964238
0.997065
1.02792
1.05636
1.08175
1.10343
1.12108
1.13147
0.988158
1.01915
1.05303
1.08602
1.11674
1.1448
1.16951
1.19019
1.2063
1.21484
1.08238
1.11699
1.15357
1.18879
1.22052
1.24861
1.27266
1.29231
1.30703
1.31496
1.19486
1.23509
1.27419
1.31088
1.34255
1.36953
1.39202
1.41019
1.42382
1.43287
1.3385
1.38112
1.41869
1.4523
1.48024
1.50396
1.52452
1.54188
1.5557
1.56681
1.51622
1.55378
1.58175
1.60604
1.62702
1.64626
1.66448
1.68161
1.69748
1.71198
1.71383
1.73484
1.74972
1.76548
1.78173
1.79701
1.81071
1.82396
1.83944
1.85779
1.9044
1.91156
1.9221
1.93363
1.94353
1.95272
1.96295
1.97404
1.98564
1.9945
2.1174
2.11917
2.11124
2.09472
2.08357
2.08299
2.09514
2.11973
2.15385
2.17838
2.53705
2.34316
2.2421
2.18422
2.15507
2.14844
2.16363
2.20445
2.2803
2.42325
-0.395109
-0.399585
-0.35983
-0.28668
-0.194082
-0.0923869
0.857415
0.920609
0.902235
0.812847
0.732905
0.656018
0.429436
0.210893
-0.0561027
-0.409224
-0.753772
)
;

boundaryField
{
    wall-4
    {
        type            zeroGradient;
    }
    pressure-outlet-7
    {
        type            fixedValue;
        value           uniform 0;
    }
    velocity-inlet-6
    {
        type            zeroGradient;
    }
    velocity-inlet-5
    {
        type            zeroGradient;
    }
    frontAndBackPlanes
    {
        type            empty;
    }
}


// ************************************************************************* //
